# tendency to change, top row gives equation number (where number 0 is the first equation), penultimate column is gas-particle partitioning and final column is gas-wall partitioning (molecules/cc.s (air))
4.800000000000000000e+01,4.900000000000000000e+01,5.000000000000000000e+01,5.100000000000000000e+01,5.200000000000000000e+01,5.300000000000000000e+01,5.400000000000000000e+01,0.000000000000000000e+00,0.000000000000000000e+00
0.000000000000000000e+00,0.000000000000000000e+00,0.000000000000000000e+00,0.000000000000000000e+00,0.000000000000000000e+00,0.000000000000000000e+00,0.000000000000000000e+00,-3.286982199320087051e+10,-9.012513577296863794e+08
-1.087400186471271581e+03,-5.855231773306845753e+02,-3.150109153157799738e+05,-2.100072768771866977e+05,-2.394563738918112963e+07,-1.477763985730933584e+07,-3.139725182147875428e+06,6.552160763917008787e+07,1.439498855706664966e+06
-1.179819219961170575e+03,-6.352872722867840594e+02,-3.189571956454863539e+05,-2.126381304303242941e+05,-3.028503163598817214e+07,-1.868988840472696722e+07,-3.970939462760686874e+06,-7.014999046931606531e+07,1.851286801153198350e+06
-1.751304604015860377e+03,-9.430101713931553604e+02,-3.769752241393829463e+05,-2.513168160929220030e+05,-3.667884476521268487e+07,-2.263572063307705894e+07,-4.809289086347816512e+06,-7.822141669000612199e+07,2.248892775699340738e+06
-3.182835837739560702e+03,-1.713834681859763123e+03,-4.956044512503968435e+05,-3.304029675002646400e+05,-4.320416459499465674e+07,-2.666270996858936176e+07,-5.664881721371676773e+06,-7.078436184380488098e+07,2.657761411844970658e+06
-6.307339415058371742e+03,-3.396259685031430308e+03,-6.823186310748460237e+05,-4.548790873832307407e+05,-4.993492205634986609e+07,-3.081648161869144067e+07,-6.547411108787132427e+06,-6.274422602401093394e+07,3.082912483359985519e+06
-8.027655310487980387e+03,-4.322583628724296432e+03,-7.713393435499625048e+05,-5.142262290333083947e+05,-5.483297011623381078e+07,-3.383922806124220043e+07,-7.189637690065621398e+06,-5.514664861007431149e+07,3.406494059762451332e+06
-1.114488209229650602e+04,-6.001090357390425197e+03,-8.770261626673360588e+05,-5.846841084448908223e+05,-5.921229171530397236e+07,-3.654185135577326268e+07,-7.763849438195451163e+06,-4.839181306047281623e+07,3.683132871267578099e+06
-1.698506318437416485e+04,-9.145803253124549883e+03,-1.044305348395816633e+06,-6.962035655972112436e+05,-6.361306050310974568e+07,-3.925771041538067162e+07,-8.340873317715439014e+06,-4.200122030994749814e+07,3.964729022758300882e+06
-2.745410049317873563e+04,-1.478297718863470072e+04,-1.278793768840973498e+06,-8.525291792273158208e+05,-6.799206422998513281e+07,-4.196013754053279012e+07,-8.915043386798750609e+06,-3.597670860402562469e+07,4.249533598867676221e+06
-4.585872116059369000e+04,-2.469315754801198273e+04,-1.587013320116095245e+06,-1.058008880077396985e+06,-7.225361689584712684e+07,-4.459008175565391034e+07,-9.473813404175758362e+06,-3.035691057204846293e+07,4.532517672056274489e+06
-5.970040997153848730e+04,-3.214637460005917819e+04,-1.763248215950907208e+06,-1.175498810633938294e+06,-7.378930870723396540e+07,-4.553780764624753594e+07,-9.675171596228228882e+06,-2.538834105745523795e+07,4.661486766796020791e+06
-7.847526783926972712e+04,-4.225591345191446453e+04,-1.914938268929991405e+06,-1.276625512619994348e+06,-7.399930967479667068e+07,-4.566740614546018839e+07,-9.702706688128933311e+06,-2.152683571064786986e+07,4.688002174249390140e+06
-1.046356957529732463e+05,-5.634229771313942911e+04,-2.086879283708895557e+06,-1.391252855805930682e+06,-7.358219025735084713e+07,-4.540998804343505949e+07,-9.648014456820478663e+06,-1.817987927245358750e+07,4.677717436896301806e+06
-1.395265545679918141e+05,-7.512968322891864227e+04,-2.264688837818013504e+06,-1.509792558545342647e+06,-7.243008731733456254e+07,-4.469898745283059776e+07,-9.496952008391769603e+06,-1.529591851970615797e+07,4.623548018631347455e+06
-1.836936289907826867e+05,-9.891195407195988810e+04,-2.429318546894690022e+06,-1.619545697929793736e+06,-7.047160900596137345e+07,-4.349034611731532961e+07,-9.240158523508921266e+06,-1.285033470191139169e+07,4.519712988685424440e+06
-2.360643186299493245e+05,-1.271115561853573017e+05,-2.558753490162266884e+06,-1.705835660108178155e+06,-6.768571394027255476e+07,-4.177107870789548010e+07,-8.874875079581191763e+06,-1.079048754883713275e+07,4.363277912056030706e+06
-2.932469966563832713e+05,-1.579022289688217279e+05,-2.630946892200923059e+06,-1.753964594800615683e+06,-6.409830272361213714e+07,-3.955716933817323297e+07,-8.404497734739353880e+06,-9.051278253820793703e+06,4.154103488664001692e+06
-3.493933539620616939e+05,-1.881348829026485619e+05,-2.628029113824719097e+06,-1.752019409216479864e+06,-5.977340636220982671e+07,-3.688813364660851657e+07,-7.837422162877162918e+06,-7.569193470338062383e+06,3.894533521705627441e+06
-3.970637271581222885e+05,-2.138035453928350471e+05,-2.540835712770765647e+06,-1.693890475180510897e+06,-5.481065232390177250e+07,-3.382545501807225496e+07,-7.186711406106001697e+06,-6.291825842603759840e+06,3.589504834099548403e+06
-4.289983982140750159e+05,-2.309991374998865067e+05,-2.371764856644806452e+06,-1.581176571096537868e+06,-4.934725246577566862e+07,-3.045381139933358878e+07,-6.470356529603452422e+06,-5.182382976397777908e+06,3.246941781614105217e+06
-4.270700338905304670e+05,-2.299607874795163516e+05,-2.117269779267089441e+06,-1.411513186178059783e+06,-4.283305598372573406e+07,-2.643368664729927853e+07,-5.616222375488514081e+06,-4.248983887388117611e+06,2.835554740852188319e+06
-4.056115873534745187e+05,-2.184062393441785534e+05,-1.822617816172490828e+06,-1.215078544114994118e+06,-3.649232436861596256e+07,-2.252061276594656706e+07,-4.784832740640205331e+06,-3.481495769000047352e+06,2.423399291250854731e+06
-3.680242102954855072e+05,-1.981668824667998706e+05,-1.520089679506988963e+06,-1.013393119671326247e+06,-3.057987072861435264e+07,-1.887184329930221662e+07,-4.009598434695937671e+06,-2.786664755956897046e+06,2.035486641857040348e+06
-3.202288735215906054e+05,-1.724309318962410616e+05,-1.230660095530196559e+06,-8.204400636867978610e+05,-2.518808128770348057e+07,-1.554439282265616953e+07,-3.302633035975106526e+06,-2.181412230867080390e+06,1.679326266784652835e+06
-2.681026052470433642e+05,-1.443629412868694926e+05,-9.684805008721331833e+05,-6.456536672480888665e+05,-2.037512554841052741e+07,-1.257415964788272232e+07,-2.671563664564317558e+06,-1.669710149430172984e+06,1.359880115344383288e+06
-2.166847480008657440e+05,-1.166764027696969133e+05,-7.420009579278059537e+05,-4.946673052852040273e+05,-1.618176926917362772e+07,-9.986301664367642254e+06,-2.121735481097940821e+06,-1.250757093955197604e+06,1.080675517688148422e+06
-1.694815761983216216e+05,-9.125931026063469471e+04,-5.538522034819845576e+05,-3.692348023213230772e+05,-1.260578172442591563e+07,-7.779442218046064489e+06,-1.652855995335565880e+06,-9.158313395276088268e+05,8.420967623965949751e+05
-1.286454125669914065e+05,-6.927060676684151986e+04,-4.032735297875158722e+05,-2.688490198583439342e+05,-9.630740646252958104e+06,-5.943446587635129690e+06,-1.262771937882817816e+06,-6.560286187426851830e+05,6.434214600942878751e+05
-9.499123550536127004e+04,-5.114912681057913869e+04,-2.867098364351885975e+05,-1.911398909567924566e+05,-7.213948169304502197e+06,-4.451964517070786096e+06,-9.458848124088071054e+05,-4.596159882667015772e+05,4.819480043147373362e+05
-6.828368859969709592e+04,-3.676814001522150647e+04,-1.989238416476141429e+05,-1.326158944317427813e+05,-5.289379848852888681e+06,-3.264250151477395091e+06,-6.935375675943472888e+05,-3.144810810070171719e+05,3.533646040195598616e+05
-4.789612008422402869e+04,-2.579021850688985432e+04,-1.348763992923275800e+05,-8.991759952821840125e+04,-3.797977818608779460e+06,-2.343856940505068749e+06,-4.979866020903119934e+05,-2.104583325588450243e+05,2.537366849768171378e+05
-3.278231590952486295e+04,-1.765201625897492340e+04,-8.930281066493596882e+04,-5.953520710995732225e+04,-2.666557074448665138e+06,-1.645620012727935100e+06,-3.496359800413459307e+05,-1.375500781318303489e+05,1.781667411784124270e+05
-2.192967941806612362e+04,-1.180828891742021915e+04,-5.780853245797089767e+04,-3.853902163864726754e+04,-1.831542547511041630e+06,-1.130305103621324757e+06,-2.401498095512729487e+05,-8.791541866593313171e+04,1.224033407369408669e+05
-1.434536429296139249e+04,-7.724426926979209384e+03,-3.659900342970247584e+04,-2.439933561980165541e+04,-1.230423332609871170e+06,-7.593346790407072986e+05,-1.613317306743712397e+05,-5.496319901529409981e+04,8.226093213412261684e+04
-9.182337133278797410e+03,-4.944335379457813360e+03,-2.267756457402332671e+04,-1.511837638268221963e+04,-8.086428941955642076e+05,-4.990401077815283206e+05,-1.060283515116561466e+05,-3.364075174361396785e+04,5.408567175299418159e+04
-5.745267423401099222e+03,-3.093605535677514126e+03,-1.374134516297552545e+04,-9.160896775317018182e+03,-5.192992996270332951e+05,-3.204766656789209228e+05,-6.808994313291519939e+04,-2.014758993284220560e+04,3.475140569525718456e+04
-3.518859082999778821e+03,-1.894770275461419033e+03,-8.158060620679515523e+03,-5.438707080453011258e+03,-3.263674899074928253e+05,-2.014121047855681391e+05,-4.279294011024818610e+04,-1.183292390385647923e+04,2.185329313013267529e+04
-2.110567312238360955e+03,-1.136459321974501790e+03,-4.749912944851103020e+03,-3.166608629900736105e+03,-2.008752570705071557e+05,-1.239667233319738443e+05,-2.633853895155251303e+04,-6.824023039753229568e+03,1.345881877612620701e+04
-1.240749095801256999e+03,-6.680956669699074837e+02,-2.716375333332211540e+03,-1.810916888888141330e+03,-1.212415901770217461e+05,-7.482217016169350245e+04,-1.589706164908501887e+04,-3.871750634149669168e+03,8.128037208394527624e+03
-7.157176067550881271e+02,-3.853864036373550448e+02,-1.528576594603931653e+03,-1.019051063069288034e+03,-7.187962454660043295e+04,-4.435927878487754788e+04,-9.424775945795512598e+03,-2.165999320736622849e+03,4.821136887659907188e+03
-4.056465016753313648e+02,-2.184250393636399110e+02,-8.481215209739331158e+02,-5.654143473159555242e+02,-4.194021029847388854e+04,-2.588268222965259702e+04,-5.499153448226471482e+03,-1.197713469020217872e+03,2.814019446137242085e+03
-2.262792390137640268e+02,-1.218426671612575234e+02,-4.650885180523696363e+02,-3.100590120349131666e+02,-2.414065764661032881e+04,-1.489799326792560714e+04,-3.165296020097508517e+03,-6.564682053484939388e+02,1.620008032599151193e+03
-1.244879456860198275e+02,-6.703197075401067195e+01,-2.527407413957713800e+02,-1.684938275971809389e+02,-1.374480655156144530e+04,-8.482371875351731433e+03,-1.802203656236203415e+03,-3.577617464151568356e+02,9.223073239675853756e+02
-6.773887248575292119e+01,-3.647477749232848510e+01,-1.365634652417819837e+02,-9.104231016118799857e+01,-7.768102226908418743e+03,-4.793951199473202905e+03,-1.018544872409320647e+03,-1.946076679523601456e+02,5.210715417787172328e+02
-3.653451019703713598e+01,-1.967242856763537517e+01,-7.355276579530797676e+01,-4.903517719687199161e+01,-4.369811256577481799e+03,-2.696754149601138124e+03,-5.729647626631312960e+02,-1.059788435383127165e+02,2.929273339088177295e+02
-1.958708367873305889e+01,-1.054689121162549093e+01,-3.960970713525721720e+01,-2.640647142350481857e+01,-2.455038862770041760e+03,-1.515085172303889522e+03,-3.219019487897782028e+02,-5.798674416777949858e+01,1.644092299883566000e+02
-1.047019906205597550e+01,-5.637799494953216417e+00,-2.139267706817546610e+01,-1.426178471211698096e+01,-1.382343659536853920e+03,-8.530897059729187504e+02,-1.812513539602518335e+02,-3.199199673780548991e+01,9.245022412883606933e+01
-5.597137690993095660e+00,-3.013843372073204741e+00,-1.162010847797341384e+01,-7.746738985315610115e+00,-7.827029852443930622e+02,-4.830317373973265376e+02,-1.026271396736529340e+02,-1.785763712621350763e+01,5.225983022929553812e+01
-3.001054589277007079e+00,-1.615952471149157299e+00,-6.363894205450796981e+00,-4.242596136967198284e+00,-4.470713656846949675e+02,-2.759024337180023281e+02,-5.861949724886734714e+01,-1.011540632869447442e+01,2.979126815284777052e+01
