# chamber environmental conditions throughout the simulation, with rows corresponding to the time points in the time output file, first column is temperature (K), second is pressure (Pa) and third is relative humidity (fraction (0-1))
2.931499999999999773e+02,1.013250000000000000e+05,6.000002033565665638e-01
2.931499999999999773e+02,1.013250000000000000e+05,5.968899544308075011e-01
2.931499999999999773e+02,1.013250000000000000e+05,5.968899592139620403e-01
2.931499999999999773e+02,1.013250000000000000e+05,5.968899590543209621e-01
2.931499999999999773e+02,1.013250000000000000e+05,5.968899589978713394e-01
2.931499999999999773e+02,1.013250000000000000e+05,5.968899589494306435e-01
2.931499999999999773e+02,1.013250000000000000e+05,5.968899589088382251e-01
2.931499999999999773e+02,1.013250000000000000e+05,5.968899588510510057e-01
2.931499999999999773e+02,1.013250000000000000e+05,5.968899588066998163e-01
2.931499999999999773e+02,1.013250000000000000e+05,5.968899587767801940e-01
2.931499999999999773e+02,1.013250000000000000e+05,5.968899587609014512e-01
2.931499999999999773e+02,1.013250000000000000e+05,5.968899587560796416e-01
2.931499999999999773e+02,1.013250000000000000e+05,5.968899592642843421e-01
2.931499999999999773e+02,1.013250000000000000e+05,5.968899597782211242e-01
2.931499999999999773e+02,1.013250000000000000e+05,5.968899603000857867e-01
2.931499999999999773e+02,1.013250000000000000e+05,5.968899608313288363e-01
2.931499999999999773e+02,1.013250000000000000e+05,5.968899613753654299e-01
2.931499999999999773e+02,1.013250000000000000e+05,5.968899619376190069e-01
2.931499999999999773e+02,1.013250000000000000e+05,5.968899625251854468e-01
2.931499999999999773e+02,1.013250000000000000e+05,5.968899631466295652e-01
2.931499999999999773e+02,1.013250000000000000e+05,5.968899638121633044e-01
2.931499999999999773e+02,1.013250000000000000e+05,5.968899638183218226e-01
2.931499999999999773e+02,1.013250000000000000e+05,5.968899638247832096e-01
2.931499999999999773e+02,1.013250000000000000e+05,5.968899638156213161e-01
2.931499999999999773e+02,1.013250000000000000e+05,5.968899637587349316e-01
2.931499999999999773e+02,1.013250000000000000e+05,5.968899636762766692e-01
2.931499999999999773e+02,1.013250000000000000e+05,5.968899634990472158e-01
2.931499999999999773e+02,1.013250000000000000e+05,5.968899632356344798e-01
2.931499999999999773e+02,1.013250000000000000e+05,5.968899629398096707e-01
2.931499999999999773e+02,1.013250000000000000e+05,5.968899625398282893e-01
2.931499999999999773e+02,1.013250000000000000e+05,5.968899623100287766e-01
2.931499999999999773e+02,1.013250000000000000e+05,5.968899620909888792e-01
2.931499999999999773e+02,1.013250000000000000e+05,5.968899618432030874e-01
2.931499999999999773e+02,1.013250000000000000e+05,5.968899616339770064e-01
2.931499999999999773e+02,1.013250000000000000e+05,5.968899615624466692e-01
2.931499999999999773e+02,1.013250000000000000e+05,5.968899617530620816e-01
2.931499999999999773e+02,1.013250000000000000e+05,5.968899622656091974e-01
2.931499999999999773e+02,1.013250000000000000e+05,5.968899628798156609e-01
2.931499999999999773e+02,1.013250000000000000e+05,5.968899635800825054e-01
2.931499999999999773e+02,1.013250000000000000e+05,5.968899642338989509e-01
2.931499999999999773e+02,1.013250000000000000e+05,5.968899648949413939e-01
2.931499999999999773e+02,1.013250000000000000e+05,5.968899653436356978e-01
2.931499999999999773e+02,1.013250000000000000e+05,5.968899655910280266e-01
2.931499999999999773e+02,1.013250000000000000e+05,5.968899656720784153e-01
2.931499999999999773e+02,1.013250000000000000e+05,5.968899656053607838e-01
2.931499999999999773e+02,1.013250000000000000e+05,5.968899654754030726e-01
2.931499999999999773e+02,1.013250000000000000e+05,5.968899652872350359e-01
2.931499999999999773e+02,1.013250000000000000e+05,5.968899650659823530e-01
2.931499999999999773e+02,1.013250000000000000e+05,5.968899648304040184e-01
2.931499999999999773e+02,1.013250000000000000e+05,5.968899645935527021e-01
2.931499999999999773e+02,1.013250000000000000e+05,5.968899643637737285e-01
