# tendency to change, top row gives equation number (where number 0 is the first equation), penultimate column is gas-particle partitioning and final column is gas-wall partitioning (molecules/cc.s (air))
2.400000000000000000e+01,3.100000000000000000e+01,3.500000000000000000e+01,4.500000000000000000e+01,1.530000000000000000e+02,1.600000000000000000e+02,2.060000000000000000e+02,3.650000000000000000e+02,3.770000000000000000e+02,4.100000000000000000e+02,4.270000000000000000e+02,5.510000000000000000e+02,6.030000000000000000e+02,6.060000000000000000e+02,7.600000000000000000e+02,7.690000000000000000e+02,7.720000000000000000e+02,7.870000000000000000e+02,8.350000000000000000e+02,8.370000000000000000e+02,8.750000000000000000e+02,0.000000000000000000e+00,0.000000000000000000e+00
0.000000000000000000e+00,0.000000000000000000e+00,0.000000000000000000e+00,0.000000000000000000e+00,0.000000000000000000e+00,0.000000000000000000e+00,0.000000000000000000e+00,0.000000000000000000e+00,0.000000000000000000e+00,0.000000000000000000e+00,0.000000000000000000e+00,0.000000000000000000e+00,0.000000000000000000e+00,0.000000000000000000e+00,0.000000000000000000e+00,0.000000000000000000e+00,0.000000000000000000e+00,0.000000000000000000e+00,0.000000000000000000e+00,0.000000000000000000e+00,0.000000000000000000e+00,0.000000000000000000e+00,0.000000000000000000e+00
3.435030732264724211e+05,-1.619888523422300608e+01,-6.585968307901911203e+02,-1.049913175558814693e+01,3.583647228892648053e-05,4.695532612566937630e-02,2.114460279037865618e-08,9.051672659765816370e-08,1.216090962395877448e-04,9.778275831394051053e-05,3.083604485591213062e-05,1.063375423047530960e-08,3.709117228728601374e-11,4.149129467368180578e-10,9.320013104895312783e-13,1.920606579966964910e-04,4.782137205270609371e-11,2.000707809755273579e-12,4.300449217045639979e-11,0.000000000000000000e+00,3.040594057949686492e-05,2.711135617538785664e+04,-2.854860028624534724e-02
4.631746551348104258e+05,-4.797000513671920174e+01,-1.512094814304475449e+03,-2.410531290178921182e+01,1.154130036844182636e-04,1.087307240062810182e-01,1.799069270569554987e-07,1.121997580333199810e-06,2.460451512556742384e-04,4.036423595929036941e-04,1.581810997502231864e-04,5.199309197909415217e-08,6.784696260830414514e-10,5.322343831537672870e-09,2.011006799765320400e-11,7.646450990583327119e-04,8.028091533769350513e-10,5.448549474779713021e-11,6.197858629107670473e-10,2.286349767724948247e-12,6.082439311379407289e-05,-6.792916558545119187e+04,-3.843955612182617387e-02
6.989911529993547592e+05,-1.077405932590369559e+02,-2.735625096587376447e+03,-4.361042595437916702e+01,3.657987493371333285e-04,2.579569673169727628e-01,1.008141213923406976e-06,7.414873003150029384e-06,5.178158926379267113e-04,1.456122006054607135e-03,6.020279936349779955e-04,1.793356855209829476e-07,5.924015032920137782e-09,4.020879411590502399e-08,1.742866287614228737e-10,2.719483437881424232e-03,6.719713979446066196e-09,6.243071790301392502e-10,4.960166720077645908e-09,1.477776919992937733e-11,1.259735303819076722e-04,-1.403933756137020537e+05,-5.796899980306625261e-02
1.126362309382029111e+06,-2.226825816218854186e+02,-4.656649453241537230e+03,-7.423475769008904024e+01,1.246842833557969786e-03,6.711444970289396350e-01,5.202651420616449118e-06,4.088181971656375507e-05,1.292074880082981795e-03,5.306794829031156319e-03,2.202838260559755561e-03,6.212467155585061319e-07,4.173770001529902629e-08,2.954027512271603514e-07,1.379221597720117778e-09,9.838406758707760741e-03,4.689824695850264836e-08,5.718400034037980544e-09,3.638514282045103191e-08,8.465047927451903909e-11,3.076824948546373422e-04,-2.228069192601939721e+05,-9.338682365417480535e-02
1.845808639552003704e+06,-4.466120347884014450e+02,-7.789772331970871164e+03,-1.241819611571313260e+02,4.309958516870581076e-03,1.799178747305859583e+00,2.527737203497426450e-05,1.991657977233813107e-04,3.596846873995674342e-03,1.890400410766089959e-02,7.736894181387249207e-03,2.233255111454886949e-06,2.560462208110104021e-07,2.178502696095605050e-06,1.050428888230122711e-08,3.484654386086115385e-02,2.921234091690883459e-07,4.631108782326552190e-08,2.570460276798636659e-07,4.604291136089333815e-10,8.333614674418717960e-04,-3.425364381559407921e+05,-1.530160257816314817e-01
2.299495907435833942e+06,-8.018454188624563130e+02,-1.219908526780414104e+04,-1.944737623025889377e+02,9.069859145617416990e-03,2.977235321494092979e+00,7.108977295901296786e-05,5.450852097471603442e-04,6.301790538598348902e-03,3.989153353301472249e-02,1.598097681784398788e-02,5.051635415052265620e-06,8.616741610482090047e-07,9.174343204123973440e-06,4.499889803339766080e-08,7.339952899718009405e-02,1.026810850639975353e-06,2.002647744293115035e-07,1.035962793129996622e-06,1.471348350152241333e-09,1.414595240210087977e-03,-4.919865615274477750e+05,-1.903949084281921500e-01
3.039270056638309266e+06,-1.332205477344744850e+03,-1.787158765035847318e+04,-2.849029097172056595e+02,1.982604687324647855e-02,5.198161010016793426e+00,1.974719206621712087e-04,1.461582381338905881e-03,1.140631915470523110e-02,8.571571007861651659e-02,3.345431342861573260e-02,1.161250849746150421e-05,2.767338277234111436e-06,3.544162658733793865e-05,1.761515784262367522e-07,1.580026354773002017e-01,3.505465095441358221e-06,7.753918727941732984e-07,3.915073826847292701e-06,4.549842850419530037e-09,2.463315510400429596e-03,-6.638910038855377352e+05,-2.514766774177551456e-01
4.169384402196152136e+06,-2.161211764019951261e+03,-2.552608111752353580e+04,-4.069283001789717673e+02,4.600367087115820458e-02,9.770915754372182960e+00,5.667903613239489097e-04,3.975052358805856306e-03,2.256632067633869768e-02,1.934518111548105823e-01,7.341771306939026687e-02,2.810000765812868711e-05,8.932792917056913711e-06,1.375006210151964421e-04,6.904940743495530200e-07,3.568724057393464766e-01,1.204665976389789563e-05,2.970167561923045175e-06,1.485548793077995509e-05,1.442043640338718672e-08,4.654819524875023797e-03,-8.696810991631197976e+05,-3.448721933364868319e-01
5.827016679728809744e+06,-3.484858759817027021e+03,-3.614246662844368984e+04,-5.761711890546037012e+02,1.105887818332900868e-01,1.925679619758482630e+01,1.672266107256787379e-03,1.081628264257043781e-02,4.810166278603264511e-02,4.496384830894070150e-01,1.660011720466288143e-01,7.186527910937062931e-05,2.888227787791761844e-05,5.448766588655144663e-04,2.759070482200489149e-06,8.276174435525381901e-01,4.140088573474289831e-05,1.146922104269785278e-05,5.706966362690407902e-05,4.682314191635647656e-08,9.415381419768949212e-03,-1.123252204084075289e+06,-4.819061222076416184e-01
8.174376132092003711e+06,-5.621518318582639040e+03,-5.102460598728223704e+04,-8.134173078159105899e+02,2.700850707276510332e-01,3.896303804834033713e+01,5.042251660956074792e-03,2.907943546346468053e-02,1.081167409696138920e-01,1.058430310301897936e+00,3.807782168552251156e-01,1.941972901737374529e-04,9.306258036723419477e-05,2.200398108726868765e-03,1.122268277373067964e-05,1.935516821221162420e+00,1.416473450351430426e-04,4.462268249668540862e-05,2.213347890637096412e-04,1.549328184980197479e-07,1.994706157223048379e-02,-1.438009110752979526e+06,-6.759503479003906579e-01
1.007871682150545903e+07,-8.612048168212520977e+03,-7.050717852964172198e+04,-1.124002003181989039e+03,5.072240504893507085e-01,6.100133169753213735e+01,1.170714618442394300e-02,5.902172897293849613e-02,1.888889909192848493e-01,1.904201670247894107e+00,6.674734316315231730e-01,4.143440926336043216e-04,2.257373015859277235e-04,6.687950874373503087e-03,3.443468945193351496e-05,3.459091475779723979e+00,3.689030351529056125e-04,1.301552059830062490e-04,6.480397163556913392e-04,3.939705581126730498e-07,3.274389597474808289e-02,-1.803173341577467276e+06,-8.326417083740234037e-01
1.251358190959253162e+07,-1.268578516445208879e+04,-9.460801302963431226e+04,-1.508209495543361527e+03,9.453539028513737730e-01,9.538889382674365436e+01,2.654934532731108299e-02,1.168862807567464385e-01,3.240881000963800607e-01,3.374954962641918854e+00,1.148640126253962501e+00,8.626083070610788802e-04,5.272815556685026342e-04,1.896767815012807487e-02,9.882853658113416285e-05,6.100889811281708930e+00,9.370774251000920903e-04,3.558810624665797095e-04,1.803856096277615603e-03,9.457710987900876539e-07,5.253246828120875650e-02,-2.244609538173070177e+06,-1.033033136367797811e+00
1.551235701093903743e+07,-1.833845358376674631e+04,-1.245060585911922681e+05,-1.984834199626358441e+03,1.760540966031514554e+00,1.503313847333380409e+02,5.956650202945752703e-02,2.273462737798098710e-01,5.579019412970225300e-01,5.958373177989923164e+00,1.965566240639079920e+00,1.765753846289162344e-03,1.205559226832991120e-03,5.158018729467016283e-02,2.722466000313292244e-04,1.070117670290519030e+01,2.332585482996263945e-03,9.330946390578339755e-04,4.855286714807515586e-03,2.210532964219299358e-06,8.405156395146171078e-02,-2.754443734117242508e+06,-1.279765155792236264e+00
1.906082201247556135e+07,-2.611198236614678171e+04,-1.613946934936925536e+05,-2.572900555275919032e+03,3.238821051646091576e+00,2.361352918586411533e+02,1.315754194333053351e-01,4.300722565406558395e-01,9.578708293926980755e-01,1.038045920696962021e+01,3.317216671298844677e+00,3.547227749877281382e-03,2.685813371219480938e-03,1.351950378917947115e-01,7.233377967262431428e-04,1.846284805938218554e+01,5.638948603916124104e-03,2.350564858559504606e-03,1.261495042385327690e-02,5.042972590602645020e-06,1.333195520193823924e-01,-3.350678967019804288e+06,-1.571508388519287092e+00
2.309465528266031295e+07,-3.666194294754112343e+04,-2.063894492813709949e+05,-3.290191995562005559e+03,5.825032263461201509e+00,3.657018378528329663e+02,2.843015870889150642e-01,7.845869352904349947e-01,1.623381583928679373e+00,1.767637136723570990e+01,5.470807598498451441e+00,6.958625420212231731e-03,5.795259953412701739e-03,3.407733781937300477e-01,1.849348589831256110e-03,3.101129923653882159e+01,1.314764017517626102e-02,5.670527565024947696e-03,3.149217248351031395e-02,1.118561375139016848e-05,2.074515851595478411e-01,-4.060109619184390642e+06,-1.902758781433105506e+00
2.750261093268493190e+07,-5.075159260300508322e+04,-2.603911222240893985e+05,-4.151068715189585419e+03,1.014883920351225299e+01,5.529117655176679591e+02,5.962060730129379316e-01,1.370404676729854332e+00,2.684969874272923995e+00,2.915896914446892296e+01,8.737569445485526387e+00,1.321380692526323390e-02,1.202976136153063522e-02,8.202763047980583533e-01,4.518375434932058073e-03,5.024545659654978635e+01,2.937423944549896401e-02,1.301511125434015939e-02,7.501826679893791594e-02,2.395812983267003949e-05,3.130151968778347449e-01,-4.911387958032784984e+06,-2.264113952636718885e+00
3.214305995138436928e+07,-6.924854277905260096e+04,-3.240296681889197789e+05,-5.165573261191050733e+03,1.700505931933427917e+01,8.092690273595923145e+02,1.204029074729173532e+00,2.279283054139377374e+00,4.288479216975156660e+00,4.623906586249351136e+01,1.340580294920197346e+01,2.403992854723183137e-02,2.388035743917863926e-02,1.870914388379068871e+00,1.046959655628614677e-02,7.793669482550654948e+01,6.255774891461252096e-02,2.823396768918180408e-02,1.693937396609453139e-01,4.919358976827770016e-05,4.531100906432740660e-01,-5.933033347025581636e+06,-2.643655380249023690e+00
3.686423791363476962e+07,-9.310600025861222821e+04,-3.976116908184164786e+05,-6.338593406919423614e+03,2.726152561172120414e+01,1.139179668688594802e+03,2.325358787028223073e+00,3.597595149855189245e+00,6.559025997454093648e+00,7.006276590113986913e+01,1.963066311422213772e+01,4.149486013119475791e-02,4.512369666236928228e-02,4.015094931305974058e+00,2.285413200874699541e-02,1.150961413128349733e+02,1.265089862893781780e-01,5.757678420938125430e-02,3.605997048255091819e-01,9.620956399380809030e-05,6.239628786931450399e-01,-7.150212918871918693e+06,-3.028640106201172078e+00
4.152366681765539199e+07,-1.233377254196807189e+05,-4.811207110204380006e+05,-7.669866448165516886e+03,4.169985943166845033e+01,1.535562920272496740e+03,4.272601552881670095e+00,5.382511980718610367e+00,9.551784466572346588e+00,1.010384296433648785e+02,2.731231535371018282e+01,6.744080602897542520e-02,8.093354948123845927e-02,8.066918583939846954e+00,4.678719653669716205e-02,1.613236437001222896e+02,2.424369075115484218e-01,1.100235968238210682e-01,7.212379620196236463e-01,1.783810042298706298e-04,8.129183236254032829e-01,-8.582421876253755763e+06,-3.407119689941406460e+00
4.600256257125999779e+07,-1.609931512378008047e+05,-5.742544699332989985e+05,-9.154573874628695194e+03,6.083262794828880970e+01,1.978006932531888424e+03,7.446016398720468388e+00,7.640435883154009566e+00,1.320937518154670975e+01,1.384294894458892031e+02,3.601866320269326138e+01,1.027417862584752706e-01,1.376795012622532288e-01,1.513571071847894700e+01,8.966045999977312331e-02,2.144570533858865531e+02,4.401876885384679583e-01,1.968749148578539110e-01,1.354002746908321342e+00,3.127828158255357635e-04,9.996181570945213979e-01,-1.024436524477730319e+07,-3.769138381958007766e+00
4.965008186859112978e+07,-2.031738104963339574e+05,-6.759040556064615957e+05,-1.077503778060134209e+04,8.214737651145405550e+01,2.359088162271025794e+03,1.187130890516580450e+01,1.000727444324574122e+01,1.677398611948142459e+01,1.745571951993902644e+02,4.350964791284057043e+01,1.414441350245133899e-01,2.144618875867411179e-01,2.558325188981714149e+01,1.552669271253850902e-01,2.627989592721097551e+02,7.350393225420025489e-01,3.191033638601016298e-01,2.307271848519315327e+00,5.011128321271114206e-04,1.126843147805601353e+00,-1.220679623126125522e+07,-4.060821029663086001e+00
5.293405361728750914e+07,-2.519904179698590888e+05,-7.846733506627096795e+05,-1.250900172693225250e+04,1.062398290518712543e+02,2.695270505044900347e+03,1.781929774070892236e+01,1.252154265125176558e+01,2.018575328692197957e+01,2.095005218545151990e+02,4.973406151745766834e+01,1.813563709058547135e-01,3.150776746451575683e-01,4.011800271470053758e+01,2.502464398964265868e-01,3.074523007427075640e+02,1.163838234539244176e+00,4.836275237664495186e-01,3.685210231712268580e+00,7.493022952373460483e-04,1.204434008782641952e+00,-1.455467388256643526e+07,-4.321069793701171946e+00
5.590351321778690070e+07,-3.084077314675973030e+05,-8.998413318750683684e+05,-1.434497140100870820e+04,1.319897273200065797e+02,2.958400924715551355e+03,2.527723968017995659e+01,1.501550914561238415e+01,2.313367759935945500e+01,2.401080276704055336e+02,5.406739778164743626e+01,2.177140323056181714e-01,4.390066771045045280e-01,5.870600332614596084e+01,3.776293886144369005e-01,3.444989559633289105e+02,1.750214495251304792e+00,6.890189960722152840e-01,5.546409577673338198e+00,1.054585736847163824e-03,1.224879860952039712e+00,-1.700845192096504942e+07,-4.553946411132812955e+00
5.857453486788060516e+07,-3.729137791286339634e+05,-1.020720101864004275e+06,-1.627198057146670726e+04,1.583764415432794124e+02,3.135752821700681579e+03,3.410847725363359473e+01,1.735412505829387086e+01,2.543977074379298742e+01,2.642419242987949133e+02,5.626024340028315862e+01,2.465243017566528805e-01,5.844997942533428636e-01,8.083854433074890267e+01,5.381894734827693538e-01,3.718143290550095799e+02,2.512241659968708962e+00,9.298309574047523007e-01,7.923694829464177580e+00,1.409664977265844346e-03,1.193165410437542651e+00,-1.953832946468341351e+07,-4.760805358886718963e+00
6.097401981554862112e+07,-4.459762771949248854e+05,-1.146636152799878735e+06,-1.827929240036350529e+04,1.844564133203727465e+02,3.225288686977451562e+03,4.405049974185146056e+01,1.943003861704401203e+01,2.703367400501707252e+01,2.807078255093186954e+02,5.635216390628010430e+01,2.651408015222366243e-01,7.486066058085146802e-01,1.055411380095172404e+02,7.300554469033029292e-01,3.886178623299509240e+02,3.458263106528595365e+00,1.196879716150880624e+00,1.081487818722780681e+01,1.803127755190663982e-03,1.120782080226430333e+00,-2.210261919739274681e+07,-4.943904113769531428e+00
6.312785738475035876e+07,-5.280527925185104832e+05,-1.277027326848033816e+06,-2.035794515436305664e+04,2.093862793087455429e+02,3.232612763606285625e+03,5.474357551934624411e+01,2.116224405750543269e+01,2.792346098772706853e+01,2.891433773576615067e+02,5.459346321970932792e+01,2.724323807652991869e-01,9.275282877141783899e-01,1.314892124948870276e+02,9.490284588831742196e-01,3.951344293297843819e+02,4.585996495604288903e+00,1.478283671814619282e+00,1.418344877483209743e+01,2.220637575865627451e-03,1.021840370352892213e+00,-2.467622421011849865e+07,-5.105408721923827997e+00
6.506731222302120179e+07,-6.195798897621277720e+05,-1.411343292647858150e+06,-2.249916563384737674e+04,2.325785214061892248e+02,3.170030997324749933e+03,6.579531332513415975e+01,2.251063731013712044e+01,2.818780828641846625e+01,2.900796169619422358e+02,5.139568186336364164e+01,2.689656912870446170e-01,1.117400970072700561e+00,1.572532682233279786e+02,1.189371889194475784e+00,3.925428052094182476e+02,5.882342545677357926e+00,1.761573362543734200e+00,1.796438305976118954e+01,2.647619463675178041e-03,9.102667205095040792e-01,-2.720622309123331681e+07,-5.247933593750000014e+00
6.681669711312880367e+07,-7.209329438070330070e+05,-1.549140393107583048e+06,-2.469588120493332099e+04,2.536112999738137717e+02,3.052306996811265435e+03,7.680342498647208060e+01,2.346031522081527498e+01,2.793340649063153336e+01,2.845335942113751457e+02,4.722083951406450097e+01,2.563918102248420872e-01,1.314418645050022816e+00,1.814149978317545902e+02,1.444430297111368278e+00,3.824325497508084482e+02,7.325135057405163685e+00,2.034368325400785160e+00,2.207132815304385076e+01,3.069817333348399957e-03,7.977751029960474805e-01,-2.967295877349455655e+07,-5.373511199951171768e+00
6.839852260114361346e+07,-8.324126913032669108e+05,-1.690007543842032785e+06,-2.694153849699891362e+04,2.722793715689856526e+02,2.895014491806904971e+03,8.740625939434752922e+01,2.402406315026930983e+01,2.728102944511483940e+01,2.738590002347813765e+02,4.251846421741350213e+01,2.370886770478359828e-01,1.515257469680009628e+00,2.027790037977353848e+02,1.707445350569506415e+00,3.666199263850683678e+02,8.884601567097275776e+00,2.285986060223530458e+00,2.640529681669859130e+01,3.475002169579844563e-03,6.927713352896857080e-01,-3.203667510484956205e+07,-5.484027404785156712e+00
6.983437180834633112e+07,-9.542496130701140501e+05,-1.833548663671451621e+06,-2.922982331553585391e+04,2.885777100566282911e+02,2.712565855885794008e+03,9.731759814266249009e+01,2.423676003424943204e+01,2.634755084697953365e+01,2.595054569568988541e+02,3.766554333813817834e+01,2.136237407757299311e-01,1.717308626212168843e+00,2.205152262222845252e+02,1.972301319858439372e+00,3.468923243742478348e+02,1.052633671402726279e+01,2.508506320750547580e+00,3.086502481246316520e+01,3.853870174531220331e-03,6.000675101839815229e-01,-3.426316385402793437e+07,-5.581295043945312173e+00
7.113356348627634346e+07,-1.086467452566330554e+06,-1.979455169915670762e+06,-3.155581633803130535e+04,3.025036302219602931e+02,2.516555106577687184e+03,1.062767416190834382e+02,2.413351508896267461e+01,2.522706415906461075e+01,2.427361663232196349e+02,3.294812072819777882e+01,1.882817294896468041e-01,1.917924296755060709e+00,2.340075393943509710e+02,2.232987944553869841e+00,3.247386006658682618e+02,1.221095991992212859e+01,2.695235603147104086e+00,3.534195840064840866e+01,4.197929674906428037e-03,5.220047797549547397e-01,-3.634961523277923465e+07,-5.666115478515624915e+00
7.230517084392452240e+07,-1.228957157355508767e+06,-2.127397949487456121e+06,-3.391427095304740942e+04,3.141635707875171875e+02,2.316066194908104990e+03,1.141047871054535960e+02,2.375939609010121600e+01,2.399668970224073306e+01,2.246507811477192433e+02,2.855272642191449606e+01,1.629457659698666239e-01,2.114885182506157868e+00,2.430374943335285423e+02,2.484437610058554124e+00,3.013991124069801231e+02,1.389778535192195363e+01,2.842486825592422495e+00,3.973250704572943448e+01,4.501309735464471655e-03,4.585422078154272052e-01,-3.826602513923917711e+07,-5.739282470703124694e+00
7.334777123858380318e+07,-1.381284322264038958e+06,-2.277088417727516033e+06,-3.630058663987273030e+04,3.235954148748965054e+02,2.117528014507675380e+03,1.206334604661533092e+02,2.315305569756491266e+01,2.271093403821019763e+01,2.060860676143284422e+02,2.459024975552565095e+01,1.390022935654560143e-01,2.305453613973502680e+00,2.475508483517067759e+02,2.721434513425830204e+00,2.777939739176549097e+02,1.554202808405914205e+01,2.947468802354240136e+00,4.392484156564004394e+01,4.758137776913564689e-03,4.085751564804750435e-01,-4.001276234305971861e+07,-5.800738342285156612e+00
7.425641551959991455e+07,-1.542726474759522360e+06,-2.428218202153212391e+06,-3.870984742689358973e+04,3.308309839267312213e+02,1.925201327665704412e+03,1.257374625108047894e+02,2.235253634275352397e+01,2.140730238320327672e+01,1.876584378130854986e+02,2.110299531237555826e+01,1.173449681012063567e-01,2.486594686025834555e+00,2.477365918325969005e+02,2.939063079971177661e+00,2.545825555852993318e+02,1.709795174480794699e+01,3.009270894132051399e+00,4.780731284151083571e+01,4.963558776299999836e-03,3.701574874487596478e-01,-4.157924381503032893e+07,-5.850158020019531335e+00
7.502092196913844347e+07,-1.712192218441190431e+06,-2.580466128396944609e+06,-4.113693325910166459e+04,3.358566821156070432e+02,1.741628832696429981e+03,1.293165689657359962e+02,2.139177860498014994e+01,2.010853692296788964e+01,1.697830179752272670e+02,1.808706229587340886e+01,9.843771266103761020e-02,2.654722226958602604e+00,2.439330421816104604e+02,3.132421121747619885e+00,2.321968678387920022e+02,1.851950214251491289e+01,3.028242822422883229e+00,5.126731393318488017e+01,5.113117725478458046e-03,3.411017238743345725e-01,-4.296730152650588751e+07,-5.886811828613281783e+00
7.562783102318790555e+07,-1.888217170066433260e+06,-2.733484169902839232e+06,-4.357629601282897784e+04,3.386341127313781385e+02,1.568103739001065605e+03,1.313047049974770459e+02,2.030196112637355554e+01,1.882672543495398187e+01,1.527168967399026087e+02,1.550741947642839946e+01,8.239714743266371433e-02,2.805810903954650382e+00,2.366066306339352820e+02,3.296801230915340497e+00,2.108917027666465458e+02,1.976291024067464264e+01,3.006089672446232264e+00,5.419724315774298873e+01,5.203127987069778443e-03,3.192215148167418803e-01,-4.418146882613309473e+07,-5.909730468750000298e+00
7.605648012503887713e+07,-2.068753484694131184e+06,-2.886901361328077503e+06,-4.602202188189104345e+04,3.390522899543510675e+02,1.405243061463764661e+03,1.316381240165715951e+02,1.910941290438370288e+01,1.756721932084438009e+01,1.366135875450759443e+02,1.331976072889416507e+01,6.914144992409056167e-02,2.934942305761407244e+00,2.262461119660100053e+02,3.427011925529159786e+00,1.908099608853539451e+02,2.078370546636378080e+01,2.944907383093746667e+00,5.648525120677864919e+01,5.229809803998150368e-03,3.026209586634128756e-01,-4.522576909238590300e+07,-5.917395141601562436e+00
7.628484529810164869e+07,-2.251297755982638337e+06,-3.040300684511468280e+06,-4.846746290138107724e+04,3.370117239544977110e+02,1.253156027249076260e+03,1.303007959298174967e+02,1.783989130946497070e+01,1.633187463607618994e+01,1.215481327624312513e+02,1.147113728593844506e+01,5.841605345640139141e-02,3.037075950364329646e+00,2.134143789671562388e+02,3.518397718666409713e+00,1.720070510741174417e+02,2.154377439767202418e+01,2.848070358247554168e+00,5.803554296284238490e+01,5.190951852330230772e-03,2.896306156641859642e-01,-4.610506368815724552e+07,-5.908215759277343437e+00
7.628919461317710578e+07,-2.432853921740023885e+06,-3.193223423917307053e+06,-5.090530638070819259e+04,3.324287198758100885e+02,1.111725733190477740e+03,1.273212347536767766e+02,1.651804960934777711e+01,1.512128200901480746e+01,1.075487760279470280e+02,9.909640385316492939e+00,4.988054482420611890e-02,3.107272120948863847e+00,1.986945823594234355e+02,3.566960309101060655e+00,1.544864080365945824e+02,2.201259094095759750e+01,2.719826077964084377e+00,5.877251335002213750e+01,5.086066701001235556e-03,2.788828812909230903e-01,-4.682592864758337289e+07,-5.880504333496094027e+00
7.604560902090992033e+07,-2.609983831880692393e+06,-3.345166988088530954e+06,-5.332754017392781680e+04,3.252618748534741258e+02,9.807448561408650676e+02,1.227811251337956406e+02,1.516791136473460888e+01,1.393644202017881284e+01,9.461650504623030145e+01,8.587771429423774805e+00,4.316016627849830756e-02,3.141163081408076430e+00,1.826699738959056560e+02,3.569779224006104368e+00,1.382215025252428120e+02,2.216975435182542142e+01,2.565193624311071119e+00,5.864911785736899219e+01,4.916911487977331657e-03,2.692932267703305182e-01,-4.739319167126519978e+07,-5.832597534179687848e+00
7.553161667536494136e+07,-2.778907193116643932e+06,-3.495587013044567313e+06,-5.572548621141093463e+04,3.155350906615494182e+02,8.599888217302275280e+02,1.168199905376591374e+02,1.381282793590223434e+01,1.277967255286600157e+01,8.273746407040373185e+01,7.464101270574435176e+00,3.788401090722692821e-02,3.135475716659034795e+00,1.659021110559820613e+02,3.525434762287408041e+00,1.231707843633913484e+02,2.200718568886570381e+01,2.389778356214349309e+00,5.765418913487668107e+01,4.687844625507039432e-03,2.600343335328345051e-01,-4.781170310464464128e+07,-5.762985595703125519e+00
7.472782445504720509e+07,-2.935651447919677012e+06,-3.643903448136049788e+06,-5.808989751851710025e+04,3.033545936186896483e+02,7.492447997735276886e+02,1.096341916710971276e+02,1.247507902867183205e+01,1.165489449514077336e+01,7.189016668362550888e+01,6.503723846260037966e+00,3.371159068560550948e-02,3.088524419581117009e+00,1.489101732371239279e+02,3.434356786312127596e+00,1.092873786819664730e+02,2.153055364405264527e+01,2.199521257462611068e+00,5.581708892229685404e+01,4.405926629936763456e-03,2.505058330794261434e-01,-4.808614065187703073e+07,-5.670432495117188054e+00
7.361949343610805273e+07,-3.076249960818532389e+06,-3.789508978970173746e+06,-6.041109249107054347e+04,2.889177765109726010e+02,6.483070019627659804e+02,1.014697230111611361e+02,1.117524820278604025e+01,1.056742330732409840e+01,6.204848110440308773e+01,5.677859957518522016e+00,3.034835186529803025e-02,3.000586957520962716e+00,1.321536727489297220e+02,3.299032551694105031e+00,9.652416110517322068e+01,2.075965786489488707e+01,2.000416708613835581e+00,5.320862364532933242e+01,4.080708971740932244e-03,2.403033977477677108e-01,-4.822155781424836814e+07,-5.554093505859374780e+00
7.219792859230875969e+07,-3.196980091259627603e+06,-3.931782904398657847e+06,-6.267917611768950883e+04,2.725129983602293464e+02,5.569598388017311663e+02,9.260888944883338070e+01,9.931517709728765908e+00,9.523487319939226481e+00,5.318253391302228295e+01,4.963177422522764282e+00,2.755345418794164988e-02,2.874098622095393019e+00,1.160190883047459209e+02,3.124029387932868218e+00,8.483638588303146832e+01,1.972762982839543611e+01,1.798221382347667152e+00,4.993773408842312023e+01,3.723712158163007546e-03,2.291923609151563790e-01,-4.822398602207648754e+07,-5.413606689453125398e+00
7.046151455200214684e+07,-3.294604998880396131e+06,-4.070097080498902593e+06,-6.488413473675810383e+04,2.545080976931041903e+02,4.749448729945432888e+02,8.335241184411005122e+01,8.758979240062165772e+00,8.529504626242893295e+00,4.525725755805211037e+01,4.340799656584170663e+00,2.513948099507423706e-02,2.713577740751532907e+00,1.008120030176269353e+02,2.915776812961265563e+00,7.418076736813713978e+01,1.847882179221675258e+01,1.598193518764688958e+00,4.614384953426344538e+01,3.347618067341330116e-03,2.170809026766578331e-01,-4.810078842304202169e+07,-5.249160034179687351e+00
6.841642581002943218e+07,-3.366623758410800248e+06,-4.203838430964781903e+06,-6.701619488959368027e+04,2.353331918527366042e+02,4.019514889552733621e+02,7.399898137689370969e+01,7.669205026444230633e+00,7.591559469951982386e+00,3.823267471797664285e+01,3.795744545762358868e+00,2.297087786057849801e-02,2.525343774882790715e+00,8.675429899667375366e+01,2.682177864948909640e+00,6.451641840409205031e+01,1.706577522149174087e+01,1.404876690518894966e+00,4.198625987654400404e+01,2.965344666813256487e-03,2.040013346123218108e-01,-4.785988119541246444e+07,-5.061528320312500107e+00
6.607685927537456155e+07,-3.411476135067521594e+06,-4.332421003004199825e+06,-6.906601551155824563e+04,2.154549347252016105e+02,3.375970429386663341e+02,6.482531140010151205e+01,6.670027653381795041e+00,6.714861482263192016e+00,3.206273119968964380e+01,3.316138229690541728e+00,2.095692816976162803e-02,2.316983652855757470e+00,7.398752587680303350e+01,2.432024901633349945e+00,5.580286662719139201e+01,1.554528472443750964e+01,1.221962338415392813e+00,3.763132120333403918e+01,2.589072830224092153e-03,1.900867177237270389e-01,-4.751040489703940600e+07,-4.852073364257812216e+00
6.346491379715209454e+07,-3.428691297569226474e+06,-4.455302016342517920e+06,-7.102494377993643866e+04,1.953494434773696184e+02,2.814211649883178552e+02,5.606963343371707964e+01,5.765625100101430256e+00,5.903406604566637128e+00,2.669512183602001798e+01,2.892624813800523942e+00,1.904392467149271587e-02,2.096709828337960158e+00,6.258061437297747176e+01,2.174354602991240615e+00,4.799867078829294798e+01,1.397436742135451659e+01,1.052230165898003778e+00,3.323994434517136654e+01,2.229413229774982429e-03,1.755491016134541893e-01,-4.706421665654645115e+07,-4.622720458984375114e+00
6.060993630044887960e+07,-3.418946733154480811e+06,-4.571995664132443257e+06,-7.288523512345328345e+04,1.754739469515087080e+02,2.328890774021138270e+02,4.791977485262700043e+01,4.956837056467702674e+00,5.159782640720583125e+00,2.207178101057501252e+01,2.517872904372532528e+00,1.720677490787635155e-02,1.872662871044477928e+00,5.254062123914116000e+01,1.917781824048703898e+00,4.106006793755424411e+01,1.240633273323396502e+01,8.975523606172965962e-01,2.895629633934036207e+01,1.894789525639449090e-03,1.606554910957438687e-01,-4.653167285183403641e+07,-4.375898193359375021e+00
