# tendency to change, top row gives equation number (where number 0 is the first equation), penultimate column is gas-particle partitioning and final column is gas-wall partitioning (molecules/cc.s (air))
2.300000000000000000e+01,3.000000000000000000e+01,4.400000000000000000e+01,0.000000000000000000e+00,0.000000000000000000e+00
0.000000000000000000e+00,0.000000000000000000e+00,-9.627558715688761324e+06,-4.649526004082528114e+09,-3.004171192432288080e+07
6.929915611629185267e+06,-2.516338874126964074e+05,-1.464400961462898739e+07,1.481782000269358046e+07,-3.246956413269042940e+00
8.747748602939724922e+06,-4.282752780231189099e+05,-1.932362652540521324e+07,-2.133279323154067248e+07,-3.012639396667480707e+00
1.052576390577255934e+07,-6.512067348162130220e+05,-2.366750461712972447e+07,-2.984073144593560696e+07,-2.797573425292968707e+00
1.224587111374945939e+07,-9.254694540591128170e+05,-2.770165766091540456e+07,-3.255477186418217793e+07,-2.597968505859375110e+00
1.387199797809640877e+07,-1.259538324308036128e+06,-3.144576032892233133e+07,-3.395362748290554434e+07,-2.408871932983398523e+00
1.545250099683614448e+07,-1.603742703138520941e+06,-3.492429744605111331e+07,-3.457682683149003983e+07,-2.235955154418945323e+00
1.678559720275853574e+07,-1.986123153551718686e+06,-3.813769710897488147e+07,-3.477043603711611778e+07,-2.061461715698242436e+00
1.798689019241904467e+07,-2.430751826750376727e+06,-4.109451066145856678e+07,-3.435365695676506311e+07,-1.891790878295898537e+00
1.896908075626830757e+07,-2.950181418531799223e+06,-4.379632818355944008e+07,-3.338888659946903959e+07,-1.719119491577148384e+00
1.961562556373518333e+07,-3.558428640021688305e+06,-4.623178491385763139e+07,-3.195351034726027772e+07,-1.534255523681640643e+00
2.087795733725244179e+07,-4.134279658743622247e+06,-4.844880915623350441e+07,-3.037903702558351308e+07,-1.416223083496093826e+00
2.158137279456787929e+07,-4.726848154865043238e+06,-5.045899436227641255e+07,-2.934468760655588284e+07,-1.269750244140624984e+00
2.198779132224773243e+07,-5.375793940224037506e+06,-5.224283768914424628e+07,-2.832305737363983318e+07,-1.113480804443359506e+00
2.207975464276885614e+07,-6.079369067036945373e+06,-5.378538571284024417e+07,-2.735713325657105818e+07,-9.473564758300780930e-01
2.187836486851814389e+07,-6.834600554966005497e+06,-5.507335359538349509e+07,-2.653679209166791290e+07,-7.742584533691406756e-01
2.144730792837918550e+07,-7.638955316652170382e+06,-5.610051373548744619e+07,-2.591176220481002703e+07,-5.997736511230469247e-01
2.087692148705904186e+07,-8.490862387780480087e+06,-5.686987975097811222e+07,-2.549316348170433939e+07,-4.307574462890624845e-01
2.026125389653618634e+07,-9.389287618459757417e+06,-5.739452795771730691e+07,-2.526268424512130395e+07,-2.735340270996093892e-01
1.967830720029756799e+07,-1.033306306117486954e+07,-5.769571607806470245e+07,-2.518553426628261432e+07,-1.325692443847656388e-01
1.918054242676580697e+07,-1.132066209756756201e+07,-5.779964635436061770e+07,-2.522687626727799326e+07,-1.000631713867187501e-02
1.908892671172739565e+07,-1.156484511127175950e+07,-5.506980232387725264e+07,-2.432750472191010043e+07,1.735998779296874961e+00
1.900004472653827444e+07,-1.180073502187925205e+07,-5.259813015399405360e+07,-2.385975547739703208e+07,1.570433776855468810e+00
1.903659274459694326e+07,-1.205991118654123321e+07,-5.036642903281957656e+07,-2.327779046642016619e+07,1.415498291015625076e+00
1.918070955278717354e+07,-1.234303552900018170e+07,-4.835891925269786268e+07,-2.262994214101071283e+07,1.271403320312499918e+00
1.941569057528882101e+07,-1.265104646818153933e+07,-4.655825495043223351e+07,-2.193661804117543995e+07,1.138171752929687530e+00
1.972809506518273801e+07,-1.298505771053205989e+07,-4.494931747429688275e+07,-2.122703680177510902e+07,1.015760040283203214e+00
2.010680951464043930e+07,-1.334590286395196989e+07,-4.351506940896583349e+07,-2.049744133022502437e+07,9.037758789062499964e-01
2.054231166624017432e+07,-1.373358558028778434e+07,-4.224119687626185268e+07,-1.976836098122927919e+07,8.018497161865234535e-01
2.102693397615006566e+07,-1.414735788249673322e+07,-4.111323593673646450e+07,-1.903916032927452400e+07,7.093999481201171964e-01
2.155489228412609920e+07,-1.458587036106747203e+07,-4.011614275249698758e+07,-1.831078895169938356e+07,6.256083374023437838e-01
2.212127062513983995e+07,-1.504627489456824772e+07,-3.923867305534406751e+07,-1.759823294849817827e+07,5.497671966552734046e-01
2.272313518135251850e+07,-1.552527060640095547e+07,-3.846870284025146067e+07,-1.689749605571439117e+07,4.809133300781250342e-01
2.335810694149917364e+07,-1.601792788512433507e+07,-3.779719021394416690e+07,-1.621733555137835443e+07,4.181526947021484419e-01
2.402521952831994742e+07,-1.651854047326074913e+07,-3.721575379814110696e+07,-1.555856311864154413e+07,3.604734039306640714e-01
2.472441609537927434e+07,-1.702046390813919902e+07,-3.671752568156819791e+07,-1.492521606434221007e+07,3.068378295898437358e-01
2.545657192010383308e+07,-1.751649014444875345e+07,-3.629677841558755934e+07,-1.432034143311807886e+07,2.561808471679687393e-01
2.622239175801118091e+07,-1.799791251050191745e+07,-3.595023299449529499e+07,-1.374588087903806567e+07,2.075238189697265756e-01
2.702305200406425446e+07,-1.845574624830581993e+07,-3.567562412536562979e+07,-1.320311139107243344e+07,1.599084625244140689e-01
2.785966947159171477e+07,-1.888064391222177446e+07,-3.547206286223316938e+07,-1.269323884798110276e+07,1.124593048095703096e-01
2.873319320016494393e+07,-1.926321776989209652e+07,-3.533988972812319547e+07,-1.221656190506068245e+07,6.440538024902343894e-02
2.964434338015317917e+07,-1.959441787096495181e+07,-3.528050640631189197e+07,-1.177312301856947131e+07,1.510125732421875068e-02
3.059357123340509087e+07,-1.986593023456818610e+07,-3.529617526109679043e+07,-1.136268382957230881e+07,-3.595434570312500133e-02
3.158112448677053675e+07,-2.007060144217895716e+07,-3.538979741439346969e+07,-1.098485406101554818e+07,-8.910861206054687678e-02
3.260709596987209842e+07,-2.020284503932822868e+07,-3.556464691289584339e+07,-1.063917418496791832e+07,-1.445470123291015541e-01
3.367180381922819465e+07,-2.025904349707088992e+07,-3.582421828232087195e+07,-1.032519103276790306e+07,-2.023035736083984293e-01
3.477571026558580995e+07,-2.023781623029788211e+07,-3.617191074997106194e+07,-1.004220872129324824e+07,-2.622581787109374840e-01
3.591983115288808197e+07,-2.014026665884719789e+07,-3.661085756440491974e+07,-9.789455422904731706e+06,-3.241625671386718643e-01
3.710593245010805875e+07,-1.997010434703038260e+07,-3.714372615228880197e+07,-9.566391818232335150e+06,-3.876610107421875062e-01
3.833679202350217849e+07,-1.973362534571526945e+07,-3.777258649060927331e+07,-9.371888915984397754e+06,-4.523227386474609202e-01
