# tendency to change, top row gives equation number (where number 0 is the first equation), penultimate column is gas-particle partitioning and final column is gas-wall partitioning (molecules/cc.s (air))
6.000000000000000000e+00,7.000000000000000000e+00,1.400000000000000000e+01,3.800000000000000000e+01,0.000000000000000000e+00,0.000000000000000000e+00
0.000000000000000000e+00,0.000000000000000000e+00,0.000000000000000000e+00,0.000000000000000000e+00,0.000000000000000000e+00,0.000000000000000000e+00
-3.098922490279797465e+06,-8.950248019020305946e+06,-1.084433785707488656e+06,1.313925501670470275e+07,1.364061819810565174e-05,4.153852782573519758e-14
-3.201311605869330931e+06,-9.245966282981054857e+06,-1.120263737699476071e+06,1.356754161757750437e+07,-1.535416263349429346e-05,-1.570595094951832075e-13
-3.878401605861651246e+06,-1.120152452948065102e+07,-1.357203925464268774e+06,1.643713006118279509e+07,-2.121631864639527527e-05,-4.297369925188032786e-13
-5.255997175788050517e+06,-1.518026941884755716e+07,-1.839278322222436313e+06,2.227554491705540568e+07,-2.676426159317838306e-05,-7.605333550431137094e-13
-7.506220982566844672e+06,-2.167932230969795585e+07,-2.626719359272862319e+06,3.181226265178725123e+07,-3.507327985994473566e-05,-1.183116611624956987e-12
-8.859310719448836520e+06,-2.558728992588422075e+07,-3.100218209542971570e+06,3.754681885510392487e+07,-3.790834958916427470e-05,-5.545418707564309288e-13
-1.057892635308079235e+07,-3.055385055031634122e+07,-3.701978760273157153e+06,4.483475566405748576e+07,-4.163208595803648255e-05,-9.352933288964139261e-13
-1.331763858584099077e+07,-3.846374626820357889e+07,-4.660360941425467841e+06,5.644174579586028308e+07,-4.799604537462403344e-05,-1.428051329965818174e-12
-1.737570811497940123e+07,-5.018418421982797980e+07,-6.080437676893670112e+06,7.364033001206968725e+07,-5.703693579652637679e-05,-2.073522020751283912e-12
-2.318610432300166041e+07,-6.696565820431570709e+07,-8.113721833337968215e+06,9.826548436096170545e+07,-6.891528165598168651e-05,-2.939537044333029372e-12
-2.796571715941353142e+07,-8.077004358502812684e+07,-9.786294702139927074e+06,1.185220554467216581e+08,-7.531567141468032951e-05,-1.981444591736547587e-12
-3.324676365988061950e+07,-9.602265997908708453e+07,-1.163433876879815012e+07,1.409037623979390562e+08,-8.294157975551524680e-05,-2.563642520492237664e-12
-4.002484671812518686e+07,-1.155989884142429978e+08,-1.400625429448209517e+07,1.696300894148904979e+08,-9.296991624603926903e-05,-3.246181073945919486e-12
-4.846999315332701802e+07,-1.399900970621966422e+08,-1.696154029350535572e+07,2.054216304943221211e+08,-1.054997110402086327e-04,-3.985004576323447681e-12
-5.867202783761699498e+07,-1.694554163818800747e+08,-2.053162999233510718e+07,2.486590741937046051e+08,-1.208340394850134191e-04,-4.739669656750322437e-12
-7.059724783944578469e+07,-2.038976062180358469e+08,-2.470472942318333685e+07,2.991995834583154321e+08,-1.392056745779676698e-04,-5.447497453126004497e-12
-8.404739351332196593e+07,-2.427440568958892822e+08,-2.941145980858131498e+07,3.562029101902735233e+08,-1.606582711558478488e-04,-6.031599220079897227e-12
-9.864464767992620170e+07,-2.849035641431936026e+08,-3.451960818946646154e+07,4.180678199788033962e+08,-1.849400809038486717e-04,-6.418706566257981543e-12
-1.138639725492109209e+08,-3.288597239662949443e+08,-3.984544337509964406e+07,4.825691398493229151e+08,-2.114795341260791803e-04,-6.559203069578245401e-12
-1.291054287585233748e+08,-3.728798030977568030e+08,-4.517902319391033798e+07,5.471642550000141859e+08,-2.394967647806515803e-04,-6.439866973018126925e-12
-1.423680859610967934e+08,-4.111847531978673935e+08,-4.982014404526533931e+07,6.033729832038760185e+08,-2.670399724669819978e-04,-5.209603193279122147e-12
-1.536816601492924094e+08,-4.438603994212082624e+08,-5.377920475750672072e+07,6.513212643275628090e+08,-2.957222339641788671e-04,-4.468760916864767294e-12
-1.632396743018359542e+08,-4.714656710931845307e+08,-5.712392656458959728e+07,6.918292719606012106e+08,-3.197452412307452544e-04,-3.711357887681288307e-12
-1.710321009185805023e+08,-4.939716069817526340e+08,-5.985080044979885221e+07,7.248545083559274673e+08,-3.389199453280661235e-04,-2.967554313393350091e-12
-1.771371079651649594e+08,-5.116039702938998938e+08,-6.198718043380595744e+07,7.507282587015041113e+08,-3.531440330000585291e-04,-2.267239174180702108e-12
-1.816721891424161196e+08,-5.247021040646233559e+08,-6.357418213605669141e+07,7.699484753620227575e+08,-3.627446607692330258e-04,-1.630640622529711094e-12
-1.848083499491056800e+08,-5.337599030690987110e+08,-6.467164704848307371e+07,7.832399000952605009e+08,-3.678097381056729645e-04,-1.067039900881639034e-12
-1.867140320037108064e+08,-5.392638571330068111e+08,-6.533851946670144051e+07,7.913164086358194351e+08,-3.689478283004597454e-04,-5.803895142264537062e-13
-1.875652844966357648e+08,-5.417224281241773367e+08,-6.563640585890683532e+07,7.949241185237088203e+08,-3.665207883966547717e-04,-1.674228533588006903e-13
-1.875359220614225864e+08,-5.416376241065149307e+08,-6.562613077277456224e+07,7.947996769659723043e+08,-3.609868947808222875e-04,1.799115301182041575e-13
-1.867615306525021195e+08,-5.394010418120635748e+08,-6.535514100286684930e+07,7.915177134914010763e+08,-3.530296131798771374e-04,4.701405931228918740e-13
-1.853681374221107364e+08,-5.353766704251881838e+08,-6.486753835924059153e+07,7.856123462334460020e+08,-3.429871703958129120e-04,7.144045355289563926e-13
-1.834471444133129418e+08,-5.298284955594167113e+08,-6.419530798788255453e+07,7.774709479830859900e+08,-3.313794765005725874e-04,9.226898134429007489e-13
-1.810709412664962411e+08,-5.229655915744687915e+08,-6.336378185684077442e+07,7.674003147053650618e+08,-3.185364693032455849e-04,1.104976110610778026e-12
-1.782899359177848697e+08,-5.149335456968251467e+08,-6.239059968073777854e+07,7.556140812753843069e+08,-3.048036518133446474e-04,1.269999660991061254e-12
-1.751377339290570617e+08,-5.058294168605419397e+08,-6.128752136060588807e+07,7.422546720975337029e+08,-2.904650954659994226e-04,1.425184303904813973e-12
-1.716286036929639578e+08,-4.956944147613959312e+08,-6.005953993905244768e+07,7.273825583315616846e+08,-2.757249120683189598e-04,1.575979902135316121e-12
-1.677677347976677418e+08,-4.845435278675768375e+08,-5.870847145276349783e+07,7.110197340490787029e+08,-2.607463896554678990e-04,1.726452647510257134e-12
-1.635526991609449685e+08,-4.723697434389538169e+08,-5.723346620737660676e+07,6.931559087445257902e+08,-2.456638413083272804e-04,1.879077338173829268e-12
-1.589769845711240470e+08,-4.591542530316899419e+08,-5.563224533106025308e+07,6.737634828722002506e+08,-2.305739511322266112e-04,2.034904134085024936e-12
-1.540331654311764538e+08,-4.448756101800206900e+08,-5.390221029758496583e+07,6.528109858681951761e+08,-2.155559008662349409e-04,2.193701775787815264e-12
-1.487157565826312006e+08,-4.295179727553052902e+08,-5.204144163865506649e+07,6.302751709549493790e+08,-2.006768945965755572e-04,2.354070716137357402e-12
-1.430237427910166383e+08,-4.130784085769721866e+08,-5.004958408879652619e+07,6.061517354499119520e+08,-1.859992527068496469e-04,2.513602215259425024e-12
-1.369628652246550918e+08,-3.955734991763649583e+08,-4.792864670975612849e+07,5.804650111160511971e+08,-1.715852816719763024e-04,2.668966381236259651e-12
-1.305472563029098064e+08,-3.770440615338393450e+08,-4.568357499417676777e+07,5.532748928407855034e+08,-1.574993772530830928e-04,2.816254007775853720e-12
-1.238011453863206953e+08,-3.575600744200341105e+08,-4.332284774116668850e+07,5.246840675610879064e+08,-1.438053193042687584e-04,2.950862332262715994e-12
-1.167598774098142684e+08,-3.372236203926125765e+08,-4.085883352406023443e+07,4.948423313415381312e+08,-1.305684538778444483e-04,3.067884168928003606e-12
-1.094705406160087436e+08,-3.161706988034574389e+08,-3.830801035662175715e+07,4.639492497911098003e+08,-1.178582639266205983e-04,3.162283102042806840e-12
-1.019918468790684938e+08,-2.945708801523412466e+08,-3.569092381382279843e+07,4.322536508592957258e+08,-1.057354392329906803e-04,3.229227052425898066e-12
