# tendency to change, top row gives equation number (where number 0 is the first equation), penultimate column is gas-particle partitioning and final column is gas-wall partitioning (molecules/cc.s (air))
0.000000000000000000e+00,1.000000000000000000e+00,2.000000000000000000e+00,3.000000000000000000e+00,4.000000000000000000e+00,5.000000000000000000e+00,6.000000000000000000e+00,7.000000000000000000e+00,3.200000000000000000e+01,3.900000000000000000e+01,4.100000000000000000e+01,4.300000000000000000e+01,0.000000000000000000e+00,0.000000000000000000e+00
0.000000000000000000e+00,0.000000000000000000e+00,0.000000000000000000e+00,0.000000000000000000e+00,0.000000000000000000e+00,0.000000000000000000e+00,0.000000000000000000e+00,0.000000000000000000e+00,0.000000000000000000e+00,0.000000000000000000e+00,1.127157226027804017e+08,0.000000000000000000e+00,0.000000000000000000e+00,0.000000000000000000e+00
-7.497064284170971811e+07,-2.154979100397643819e+07,-5.895299808401505831e-02,-2.183954813340143573e+03,-4.724442231209386591e+02,-9.746926303690243287e+01,3.098922490279797465e+06,8.950248019020305946e+06,0.000000000000000000e+00,1.655711051934405928e+06,8.281828945955574512e+07,1.660407976600430757e+01,1.141602635462001247e+00,4.809366828339989185e-09
-7.824318262378007174e+07,-2.249045985357818380e+07,-6.353186283839688808e-02,-2.230704378681839898e+03,-5.154597118737443679e+02,-1.063437243652926725e+02,3.201311605869330931e+06,9.245966282981054857e+06,0.000000000000000000e+00,1.709680539364170749e+06,8.657951869884976745e+07,1.837234083679082630e+01,-1.298210398791578513e+00,-1.463902685827633813e-08
-9.506809791397903860e+07,-2.732666499228720739e+07,-9.352004692109427975e-02,-2.626972978833919115e+03,-7.613386431577725943e+02,-1.570706399580790560e+02,3.878401605861651246e+06,1.120152452948065102e+07,0.000000000000000000e+00,2.071284701437289827e+06,1.052470706810237914e+08,2.795471967431116411e+01,-1.799088156293599194e+00,-3.541931232575734516e-08
-1.265421920056697726e+08,-3.637367491519100964e+07,-1.686970971876606273e-01,-3.350443475815271540e+03,-1.344915300834327581e+03,-2.774674698177424830e+02,5.255997175788050517e+06,1.518026941884755716e+07,0.000000000000000000e+00,2.806998255238964688e+06,1.396775244826578200e+08,5.237061170361020146e+01,-2.229132496518446693e+00,-5.805388127555488900e-08
-1.740682069526999295e+08,-5.003469809092617035e+07,-3.314041441362288731e-01,-4.354544924466459634e+03,-2.528684500917173409e+03,-5.216891279336099387e+02,7.506220982566844672e+06,2.167932230969795585e+07,0.000000000000000000e+00,4.008744391720794141e+06,1.909159175100019276e+08,1.076548996009364743e+02,-2.813681108997688529e+00,-8.299765249830671152e-08
-1.915641218718050718e+08,-5.506377741636458039e+07,-4.304584526616866968e-01,-4.656284711374236394e+03,-3.023970861085551860e+03,-6.238709181964659365e+02,8.859310719448836520e+06,2.558728992588422075e+07,0.000000000000000000e+00,4.731370451699017547e+06,2.074580908354989588e+08,1.430528942183329946e+02,-2.835629820252744349e+00,-3.703811989907990453e-08
-2.241292317050586045e+08,-6.442439224275530875e+07,-6.013914222607769089e-01,-5.218157458923968989e+03,-4.123385008187119638e+03,-8.506894111445811859e+02,1.057892635308079235e+07,3.055385055031634122e+07,0.000000000000000000e+00,5.649741965536206029e+06,2.417810911743580997e+08,2.085729603038275570e+02,-3.051303983343708559e+00,-5.960734779364428895e-08
-2.725601635873039365e+08,-7.834552751158028841e+07,-9.206758242759609523e-01,-5.986806842825152671e+03,-6.056410643847890242e+03,-1.249489046992948488e+03,1.331763858584099077e+07,3.846374626820357889e+07,0.000000000000000000e+00,7.112368409462193027e+06,2.920248979859412909e+08,3.360627459491720970e+02,-3.398137709785696181e+00,-8.399704711337107794e-08
-3.380335605345514417e+08,-9.716540109213067591e+07,-1.489770827235483486e+00,-6.875886080423789281e+03,-9.217918460827562740e+03,-1.901735009428038438e+03,1.737570811497940123e+07,5.018418421982797980e+07,0.000000000000000000e+00,9.279605891967821866e+06,3.583768850490694046e+08,5.787655897134994802e+02,-3.838609037115753519e+00,-1.099609244192834033e-07
-4.213775896526714563e+08,-1.211220638716791868e+08,-2.478085881697996928e+00,-7.756924896576117135e+03,-1.410737642415529444e+04,-2.910471789374806121e+03,2.318610432300166041e+07,6.696565820431570709e+07,0.000000000000000000e+00,1.238268442718272470e+07,4.399889485331540108e+08,1.039495552639476728e+03,-4.332708060065220579e+00,-1.366563465126091600e-07
-4.761088315279289484e+08,-1.368541795251373649e+08,-3.377142075324144344e+00,-8.414166248308283684e+03,-1.772688958440653369e+04,-3.657208151080193602e+03,2.796571715941353142e+07,8.077004358502812684e+07,0.000000000000000000e+00,1.493526663814883865e+07,4.893203190603696108e+08,1.469072752076250936e+03,-4.435745967053291494e+00,-9.164721541310428049e-08
-5.440306990932253599e+08,-1.563778489929623902e+08,-4.587646188738582431e+00,-9.053218511324323117e+03,-2.290919296659719475e+04,-4.726361432623163637e+03,3.324676365988061950e+07,9.602265997908708453e+07,0.000000000000000000e+00,1.775564264220494777e+07,5.534180646350339651e+08,2.113882710823121215e+03,-4.695120299052005564e+00,-1.088807803171221243e-07
-6.225567796102981567e+08,-1.789496258827142417e+08,-6.320126596674076502e+00,-9.609002534459616072e+03,-2.958548589697265561e+04,-6.103737469615364716e+03,4.002484671812518686e+07,1.155989884142429978e+08,0.000000000000000000e+00,2.137552041023512930e+07,6.245492446586768627e+08,3.113620645255672116e+03,-5.002557889736391594e+00,-1.228710589202819354e-07
-7.091054239376376867e+08,-2.038274330647811592e+08,-8.717679511570567641e+00,-1.000562950810034636e+04,-3.769606470320648805e+04,-7.777018886465215473e+03,4.846999315332701802e+07,1.399900970621966422e+08,0.000000000000000000e+00,2.588570383050043136e+07,6.986379213313257694e+08,4.633133040802971664e+03,-5.339363988052485688e+00,-1.324319655395811464e-07
-8.003338988574087620e+08,-2.300504250735787451e+08,-1.191021069191805104e+01,-1.019173323548157350e+04,-4.695143654930515186e+04,-9.686480847948030714e+03,5.867202783761699498e+07,1.694554163818800747e+08,0.000000000000000000e+00,3.133416443952615559e+07,7.709826777772408724e+08,6.883260552160282714e+03,-5.702034010442992518e+00,-1.365812167932745057e-07
-8.923964636731759310e+08,-2.565131704345677495e+08,-1.597948376581159380e+01,-1.015306310851960370e+04,-5.682015802277754847e+04,-1.172248205626331946e+04,7.059724783944578469e+07,2.038976062180358469e+08,0.000000000000000000e+00,3.770290297557111830e+07,8.367804877517671585e+08,1.010515904335985033e+04,-6.087337804946454156e+00,-1.349069079878972909e-07
-9.814140468172404766e+08,-2.821006569455736279e+08,-2.092154017388294562e+01,-9.912491422094806694e+03,-6.660514813245183905e+04,-1.374120877179602030e+04,8.404739351332196593e+07,2.427440568958892822e+08,0.000000000000000000e+00,4.488603763177033514e+07,8.919129649521479607e+08,1.453447078734035676e+04,-6.489802772149885435e+00,-1.276887596759479607e-07
-1.063908581238560796e+09,-3.058131383698459268e+08,-2.661919828475018335e+01,-9.517920333369173022e+03,-7.557622938206356775e+04,-1.559201916432778671e+04,9.864464767992620170e+07,2.849035641431936026e+08,0.000000000000000000e+00,5.268179277417134494e+07,9.335720838448621035e+08,2.034751962888426351e+04,-6.900208555885577688e+00,-1.158029263024218420e-07
-1.137130373258292198e+09,-3.268602343417104483e+08,-3.284079977651391147e+01,-9.024976365441985763e+03,-8.311095036300574429e+04,-1.714649621211491467e+04,1.138639725492109209e+08,3.288597239662949443e+08,0.000000000000000000e+00,6.080976867829985917e+07,9.605388534953446388e+08,2.760726881453904571e+04,-7.306217418734390456e+00,-1.004848782031331223e-07
-1.199211507798369169e+09,-3.447050256349244714e+08,-3.926968568966707807e+01,-8.482885696073113650e+03,-8.879100436482646910e+04,-1.831833968161491794e+04,1.291054287585233748e+08,3.728798030977568030e+08,0.000000000000000000e+00,6.894956396501910686e+07,9.730611405267236233e+08,3.623114239044389251e+04,-7.695756329710844668e+00,-8.307213283842429339e-08
-1.249760718011941195e+09,-3.592350453096724749e+08,-4.512909763651204287e+01,-8.205700596487078656e+03,-9.314474085014052980e+04,-1.921655256244383054e+04,1.423680859610967934e+08,4.111847531978673935e+08,0.000000000000000000e+00,7.603256923312537372e+07,9.794864148169035912e+08,4.455423894727462175e+04,-8.109433649705493963e+00,-6.499540904769673827e-08
-1.287055934049070358e+09,-3.699552963384010792e+08,-5.016913327431200997e+01,-7.873120174695158312e+03,-9.572637734158152307e+04,-1.974916613656624031e+04,1.536816601492924094e+08,4.438603994212082624e+08,0.000000000000000000e+00,8.207465448657505214e+07,9.774648537575137615e+08,5.306281283381638787e+04,-8.567611024714457457e+00,-4.570489181787706700e-08
-1.311962167253997803e+09,-3.771144202290111780e+08,-5.432055077009054145e+01,-7.534269847881811984e+03,-9.655955757046279905e+04,-1.992105830692554810e+04,1.632396743018359542e+08,4.714656710931845307e+08,0.000000000000000000e+00,8.717917189221146703e+07,9.672548225030803680e+08,6.131777411498988658e+04,-8.889965265934346661e+00,-2.842396133928559938e-08
-1.325918565691839695e+09,-3.811260901054283977e+08,-5.751903824926409214e+01,-7.197301853743550964e+03,-9.592197465082923009e+04,-1.978951952571011498e+04,1.710321009185805023e+08,4.939716069817526340e+08,0.000000000000000000e+00,9.134076620048616827e+07,9.507541000453376770e+08,6.904837814461877861e+04,-9.089431837229996702e+00,-1.338087167823687277e-08
-1.330504376478816986e+09,-3.824442495915593505e+08,-5.977822162879253654e+01,-6.867093837312746473e+03,-9.411723959766732878e+04,-1.941718732859586089e+04,1.771371079651649594e+08,5.116039702938998938e+08,0.000000000000000000e+00,9.460118350327074528e+07,9.296507451558253765e+08,7.608046975800314976e+04,-9.176118593994987194e+00,-6.033187673892825792e-10
-1.327195730415230513e+09,-3.814932022419060469e+08,-6.115620938190745903e+01,-6.546858201566875323e+03,-9.142670023047162977e+04,-1.886210616460159144e+04,1.816721891424161196e+08,5.247021040646233559e+08,0.000000000000000000e+00,9.702317204865904152e+07,9.053260514126093388e+08,8.231250323358175228e+04,-9.167437207075876060e+00,9.952102118404583175e-09
-1.317480933199023962e+09,-3.787007512008061409e+08,-6.175655503491370979e+01,-6.238968781899249734e+03,-8.811233900321504916e+04,-1.817832524306816049e+04,1.848083499491056800e+08,5.337599030690987110e+08,0.000000000000000000e+00,9.869805839486341178e+07,8.789402225863015652e+08,8.774122196710297430e+04,-9.070816123247322338e+00,1.845041333581320896e-08
-1.302655459047873974e+09,-3.744392715418056250e+08,-6.169126202926759106e+01,-5.945176384964106546e+03,-8.439265449692370021e+04,-1.741092268036353926e+04,1.867140320037108064e+08,5.392638571330068111e+08,0.000000000000000000e+00,9.971579984478923678e+07,8.514164399917581081e+08,9.241128888749050384e+04,-8.904672541764137250e+00,2.508643228793516803e-08
-1.283894258524009705e+09,-3.690464946501016021e+08,-6.107997496227005740e+01,-5.666894370811221052e+03,-8.044889834953595710e+04,-1.659729223157987872e+04,1.875652844966357648e+08,5.417224281241773367e+08,0.000000000000000000e+00,1.001704165735122263e+08,8.234889817116136551e+08,9.641550627596529375e+04,-8.679122088812077251e+00,3.010371437994763091e-08
-1.262231720041278839e+09,-3.628197482968112230e+08,-6.004000108776115496e+01,-5.405120181142559886e+03,-7.642455917942205269e+04,-1.576703681956453875e+04,1.875359220614225864e+08,5.416376241065149307e+08,0.000000000000000000e+00,1.001547353752858043e+08,7.957209649136636257e+08,9.987759723574161762e+04,-8.405168949032219672e+00,3.378407564014196761e-08
-1.238463158148241282e+09,-3.559876401295984983e+08,-5.866615830627162609e+01,-5.160741072427389554e+03,-7.242371199481346412e+04,-1.494162800404127120e+04,1.867615306525021195e+08,5.394010418120635748e+08,0.000000000000000000e+00,9.974116678330825269e+07,7.685367450497711897e+08,1.028976076895145961e+05,-8.098548643405276692e+00,3.636860856204293552e-08
-1.213254845662163496e+09,-3.487416856459898353e+08,-5.704324907735933436e+01,-4.934262379488789520e+03,-6.852160981435478607e+04,-1.413659112304920927e+04,1.853681374221107364e+08,5.353766704251881838e+08,0.000000000000000000e+00,9.899701638647852838e+07,7.422367799258018732e+08,1.055754817699659179e+05,-7.765961143849055226e+00,3.811138594755903241e-08
-1.187092675723732710e+09,-3.412215514572772980e+08,-5.523479095202529265e+01,-4.726166736841809325e+03,-6.476830509647878353e+04,-1.336225242463601171e+04,1.834471444133129418e+08,5.298284955594167113e+08,0.000000000000000000e+00,9.797109801864239573e+07,7.170424295245211124e+08,1.079704165290191449e+05,-7.418219284552460380e+00,3.922427640645764996e-08
-1.160336434413164139e+09,-3.335306555753771067e+08,-5.329050329240852335e+01,-4.536699685364444122e+03,-6.119428454700500151e+04,-1.262490157560937223e+04,1.810709412664962411e+08,5.229655915744687915e+08,0.000000000000000000e+00,9.670207182220262289e+07,6.930967787600921392e+08,1.101145131804151024e+05,-7.061463533463571807e+00,3.989960532635450522e-08
-1.133225522761170626e+09,-3.257378121651737690e+08,-5.124603979927329078e+01,-4.365942328356421058e+03,-5.781473795142829476e+04,-1.192767235795966735e+04,1.782899359177848697e+08,5.149335456968251467e+08,0.000000000000000000e+00,9.521685847290024161e+07,6.704851482683614492e+08,1.120049284866038943e+05,-6.702087215282700683e+00,4.029702904517762665e-08
-1.105903017877608538e+09,-3.178841477489695549e+08,-4.912628266829839419e+01,-4.213776948670382808e+03,-5.463330609859618562e+04,-1.127131589740391428e+04,1.751377339290570617e+08,5.058294168605419397e+08,0.000000000000000000e+00,9.353340523335511982e+07,6.492431664956079721e+08,1.136093848989063408e+05,-6.345000452088645382e+00,4.054704550071619811e-08
-1.078433562335089207e+09,-3.099882433856555223e+08,-4.694617333556230676e+01,-4.080175642528777644e+03,-5.164722521294117178e+04,-1.065526200352685737e+04,1.716286036929639578e+08,4.956944147613959312e+08,0.000000000000000000e+00,9.165933222871065140e+07,6.293910262255467176e+08,1.148571667116858443e+05,-5.993494649089252668e+00,4.074520620633848133e-08
-1.050826662444720507e+09,-3.020528315983877778e+08,-4.471535239910232207e+01,-3.964962087457043708e+03,-4.884803807684509957e+04,-1.007776588037536203e+04,1.677677347976677418e+08,4.845435278675768375e+08,0.000000000000000000e+00,8.959741098805248737e+07,6.109180966625876427e+08,1.156579474785446509e+05,-5.649907469736407784e+00,4.096272095921449141e-08
-1.023052031762465477e+09,-2.940692067590095401e+08,-4.243972602217433376e+01,-3.867914940415453657e+03,-4.622407179066969547e+04,-9.536419309434806564e+03,1.635526991609449685e+08,4.723697434389538169e+08,0.000000000000000000e+00,8.734634477851697803e+07,5.937962148605384827e+08,1.159058583904911357e+05,-5.315959169048718458e+00,4.124679617234505909e-08
-9.950544994996842146e+08,-2.860215104072002769e+08,-4.012344889097926171e+01,-3.788791494924813378e+03,-4.376179917159984325e+04,-9.028431517793958847e+03,1.589769845711240470e+08,4.591542530316899419e+08,0.000000000000000000e+00,8.490265571092471480e+07,5.779832450284457207e+08,1.154894288051437761e+05,-4.992559451073246279e+00,4.162470577284693549e-08
-9.667662637237862349e+08,-2.778902533479683399e+08,-3.777051103577726821e+01,-3.727342969178039766e+03,-4.144675317732102849e+04,-8.550817831530031981e+03,1.540331654311764538e+08,4.448756101800206900e+08,0.000000000000000000e+00,8.226237809921471775e+07,5.634248218164552450e+08,1.143029329998433823e+05,-4.680233844083232064e+00,4.210704173601698194e-08
-9.381169264170216322e+08,-2.696552001596592069e+08,-3.538596882290877943e+01,-3.683320229510024546e+03,-3.926411879106031120e+04,-8.100521786628714835e+03,1.487157565826312006e+08,4.295179727553052902e+08,0.000000000000000000e+00,7.942258255762797594e+07,5.500546381296976805e+08,1.122585838251531386e+05,-4.379229934745673347e+00,4.269148121238686038e-08
-9.090411841786613464e+08,-2.612975798329256773e+08,-3.297682442471383268e+01,-3.656473479861259875e+03,-3.719905238794571051e+04,-7.674481016981452740e+03,1.430237427910166383e+08,4.130784085769721866e+08,0.000000000000000000e+00,7.638272689415714145e+07,5.377931490326830149e+08,1.092983653379899188e+05,-4.089658168845471842e+00,4.336578967922833029e-08
-8.794846587268216610e+08,-2.528017617080142796e+08,-3.055260425102794386e+01,-3.646531317989757099e+03,-3.523682562877813325e+04,-7.269656940894921718e+03,1.369628652246550918e+08,3.955734991763649583e+08,0.000000000000000000e+00,7.314587721634092927e+07,5.265449563807067871e+08,1.054046451909342286e+05,-3.811587161878127183e+00,4.411103145685047292e-08
-8.494072206853032112e+08,-2.441562108742262125e+08,-2.812553750335862190e+01,-3.653202160073023606e+03,-3.336287827796414786e+04,-6.883045657879955797e+03,1.305472563029098064e+08,3.770440615338393450e+08,0.000000000000000000e+00,6.971958103177599609e+07,5.161958521824799180e+08,1.006063777018802502e+05,-3.545091339094031735e+00,4.490307401283643912e-08
-8.187859171453192234e+08,-2.353543296772191226e+08,-2.571059697781505804e+01,-3.676103793457554275e+03,-3.156286021898786566e+04,-6.511686616800894626e+03,1.238011453863206953e+08,3.575600744200341105e+08,0.000000000000000000e+00,6.611677818341532350e+07,5.066090406967732906e+08,9.498308973006343876e+04,-3.290190476832357991e+00,4.571621138893533609e-08
-7.876153685644664764e+08,-2.263945718048621416e+08,-2.332517688198554495e+01,-3.714725636839553772e+03,-2.982263837517879801e+04,-6.152664043688872880e+03,1.167598774098142684e+08,3.372236203926125765e+08,0.000000000000000000e+00,6.235634485558943450e+07,4.976211477563025951e+08,8.866187600432460022e+04,-3.046906819116820486e+00,4.652423012885265116e-08
-7.559074921684519053e+08,-2.172803627809816599e+08,-2.098857948360649672e+01,-3.768345579762803027e+03,-2.812841635666584261e+04,-5.803131625926451306e+03,1.094705406160087436e+08,3.161706988034574389e+08,0.000000000000000000e+00,5.846342881991427392e+07,4.890390961055870652e+08,8.181003037718121777e+04,-2.815346102681653306e+00,4.730273212771862952e-08
-7.236897210842415094e+08,-2.080195880675437450e+08,-1.872125651340754260e+01,-3.835938254599995162e+03,-2.646694898746713443e+04,-5.460356771011558521e+03,1.019918468790684938e+08,2.945708801523412466e+08,0.000000000000000000e+00,5.446938552123671025e+07,4.806383545705925226e+08,7.462251515065648709e+04,-2.595421470609698744e+00,4.803061528946273135e-08
