# particle number concentration assuming water not removed from particles (#/cc (air)), with time changing with rows (corresponding times given in the time output file) and size bin changing with columns with size bin numbers given in the second row of the header
# 12
1.200000000000000000e+05,8.123716880680734098e-134
1.153158349361081782e+05,0.000000000000000000e+00
1.109868396816916647e+05,0.000000000000000000e+00
1.069744813723704137e+05,0.000000000000000000e+00
1.032450121930843306e+05,0.000000000000000000e+00
9.976934480385872303e+04,0.000000000000000000e+00
9.652228469436065643e+04,0.000000000000000000e+00
9.348186142517224653e+04,0.000000000000000000e+00
9.062887069569068262e+04,0.000000000000000000e+00
8.794645912261477497e+04,0.000000000000000000e+00
8.541977400322827452e+04,0.000000000000000000e+00
8.303564654199253710e+04,0.000000000000000000e+00
8.078228635397445760e+04,0.000000000000000000e+00
7.864915320720919408e+04,0.000000000000000000e+00
7.662679970636121288e+04,0.000000000000000000e+00
7.470672612821974326e+04,0.000000000000000000e+00
7.288125870737916557e+04,0.000000000000000000e+00
7.114344883678022597e+04,0.000000000000000000e+00
6.948698895255714888e+04,0.000000000000000000e+00
6.790614119653882517e+04,0.000000000000000000e+00
6.639567570735263871e+04,0.000000000000000000e+00
6.495080121933800547e+04,0.000000000000000000e+00
6.356710797940383054e+04,0.000000000000000000e+00
6.224057387012409890e+04,0.000000000000000000e+00
6.096753099466628919e+04,0.000000000000000000e+00
5.974463075126037438e+04,0.000000000000000000e+00
5.856881060936282302e+04,0.000000000000000000e+00
5.743726670829408977e+04,0.000000000000000000e+00
5.634742718721894926e+04,0.000000000000000000e+00
5.529692951870562683e+04,0.000000000000000000e+00
5.428359995244845777e+04,0.000000000000000000e+00
5.330543362966134737e+04,0.000000000000000000e+00
5.236057808097051020e+04,0.000000000000000000e+00
5.144731760478694196e+04,0.000000000000000000e+00
5.056405983849943004e+04,0.000000000000000000e+00
4.970932364695444267e+04,0.000000000000000000e+00
4.888172844025826635e+04,0.000000000000000000e+00
4.807998490070256230e+04,0.000000000000000000e+00
4.730288684952406038e+04,0.000000000000000000e+00
4.654930408246373554e+04,0.000000000000000000e+00
4.581817609215688572e+04,0.000000000000000000e+00
4.510850650874667917e+04,0.000000000000000000e+00
4.441935814172475511e+04,0.000000000000000000e+00
4.374984852023988060e+04,0.000000000000000000e+00
4.309914584818721778e+04,0.000000000000000000e+00
4.246646531265017984e+04,0.000000000000000000e+00
4.185106571271284338e+04,0.000000000000000000e+00
4.125224636605029082e+04,0.000000000000000000e+00
4.066934424621376820e+04,0.000000000000000000e+00
4.010173137954216509e+04,0.000000000000000000e+00
4.010173137954216509e+04,0.000000000000000000e+00
