# the total concentration (ug/m3) of injected (through initial gas-phase concentration, instantaneous and/or continuous gas-phase influx) components, with component index (relative to all components) in the first row and its cumulative injected concentrations in following rows
1.000000000000000000e+00,2.000000000000000000e+01,7.000000000000000000e+00,1.000000000000000000e+01,2.900000000000000000e+01,2.000000000000000000e+00,3.000000000000000000e+00,1.200000000000000000e+01,5.600000000000000000e+01
0.000000000000000000e+00,2.038828357094070896e+02,0.000000000000000000e+00,1.864825860108366271e+02,1.333808527245032337e+03,4.145368697840541472e+01,3.825007399125279761e+00,2.345285966134472044e+00,0.000000000000000000e+00
0.000000000000000000e+00,2.038828357094070896e+02,0.000000000000000000e+00,1.864825860108366271e+02,1.333808527245032337e+03,4.145368697840541472e+01,3.825007399125279761e+00,2.345285966134472044e+00,0.000000000000000000e+00
0.000000000000000000e+00,2.038828357094070896e+02,0.000000000000000000e+00,1.864825860108366271e+02,1.333808527245032337e+03,4.145368697840541472e+01,3.825007399125279761e+00,2.345285966134472044e+00,0.000000000000000000e+00
0.000000000000000000e+00,2.038828357094070896e+02,0.000000000000000000e+00,1.864825860108366271e+02,1.333808527245032337e+03,4.145368697840541472e+01,3.825007399125279761e+00,2.345285966134472044e+00,0.000000000000000000e+00
0.000000000000000000e+00,2.038828357094070896e+02,0.000000000000000000e+00,1.864825860108366271e+02,1.333808527245032337e+03,4.145368697840541472e+01,3.825007399125279761e+00,2.345285966134472044e+00,0.000000000000000000e+00
0.000000000000000000e+00,2.038828357094070896e+02,0.000000000000000000e+00,1.864825860108366271e+02,1.333808527245032337e+03,4.392525493339480391e+01,-3.060005919300214927e-01,3.752457545815155449e+00,0.000000000000000000e+00
0.000000000000000000e+00,2.038828357094070896e+02,0.000000000000000000e+00,1.864825860108366271e+02,1.333808527245032337e+03,4.392525493339480391e+01,-3.060005919300214927e-01,3.752457545815155449e+00,0.000000000000000000e+00
0.000000000000000000e+00,2.038828357094070896e+02,0.000000000000000000e+00,1.864825860108366271e+02,1.333808527245032337e+03,4.392525493339480391e+01,-3.060005919300214927e-01,3.752457545815155449e+00,0.000000000000000000e+00
0.000000000000000000e+00,2.038828357094070896e+02,0.000000000000000000e+00,1.864825860108366271e+02,1.333808527245032337e+03,4.392525493339480391e+01,-3.060005919300214927e-01,3.752457545815155449e+00,0.000000000000000000e+00
0.000000000000000000e+00,2.038828357094070896e+02,0.000000000000000000e+00,1.864825860108366271e+02,1.333808527245032337e+03,4.392525493339480391e+01,-3.060005919300214927e-01,3.752457545815155449e+00,0.000000000000000000e+00
0.000000000000000000e+00,2.038828357094070896e+02,0.000000000000000000e+00,1.864825860108366271e+02,1.333808527245032337e+03,4.886839084337358941e+01,-6.502512578512973818e+00,5.159629125495838409e+00,0.000000000000000000e+00
0.000000000000000000e+00,2.038828357094070896e+02,0.000000000000000000e+00,1.864825860108366271e+02,1.333808527245032337e+03,4.886839084337358941e+01,-6.502512578512973818e+00,5.159629125495838409e+00,0.000000000000000000e+00
0.000000000000000000e+00,2.038828357094070896e+02,0.000000000000000000e+00,1.864825860108366271e+02,1.333808527245032337e+03,4.886839084337358941e+01,-6.502512578512973818e+00,5.159629125495838409e+00,0.000000000000000000e+00
0.000000000000000000e+00,2.038828357094070896e+02,0.000000000000000000e+00,1.864825860108366271e+02,1.333808527245032337e+03,4.886839084337358941e+01,-6.502512578512973818e+00,5.159629125495838409e+00,0.000000000000000000e+00
0.000000000000000000e+00,2.038828357094070896e+02,0.000000000000000000e+00,1.864825860108366271e+02,1.333808527245032337e+03,4.886839084337358941e+01,-6.502512578512973818e+00,5.159629125495838409e+00,0.000000000000000000e+00
0.000000000000000000e+00,2.038828357094070896e+02,0.000000000000000000e+00,1.864825860108366271e+02,1.333808527245032337e+03,4.886839084337358941e+01,-6.502512578512973818e+00,5.159629125495838409e+00,0.000000000000000000e+00
0.000000000000000000e+00,2.038828357094070896e+02,0.000000000000000000e+00,1.864825860108366271e+02,1.333808527245032337e+03,4.886839084337358941e+01,-6.502512578512973818e+00,5.159629125495838409e+00,0.000000000000000000e+00
0.000000000000000000e+00,2.038828357094070896e+02,0.000000000000000000e+00,1.864825860108366271e+02,1.333808527245032337e+03,4.886839084337358941e+01,-6.502512578512973818e+00,5.159629125495838409e+00,0.000000000000000000e+00
0.000000000000000000e+00,2.038828357094070896e+02,0.000000000000000000e+00,1.864825860108366271e+02,1.333808527245032337e+03,4.886839084337358941e+01,-6.502512578512973818e+00,5.159629125495838409e+00,0.000000000000000000e+00
0.000000000000000000e+00,2.038828357094070896e+02,0.000000000000000000e+00,1.864825860108366271e+02,1.333808527245032337e+03,4.886839084337358941e+01,-6.502512578512973818e+00,5.159629125495838409e+00,0.000000000000000000e+00
0.000000000000000000e+00,2.038828357094070896e+02,0.000000000000000000e+00,1.864825860108366271e+02,1.333808527245032337e+03,5.430584034435025131e+01,-1.269902456509592525e+01,5.863214915336180333e+00,0.000000000000000000e+00
0.000000000000000000e+00,2.038828357094070896e+02,0.000000000000000000e+00,1.864825860108366271e+02,1.333808527245032337e+03,5.974328984532691322e+01,-1.889553655167887669e+01,6.566800705176522257e+00,0.000000000000000000e+00
0.000000000000000000e+00,2.038828357094070896e+02,0.000000000000000000e+00,1.864825860108366271e+02,1.333808527245032337e+03,6.518073934630358224e+01,-2.509204853826182813e+01,7.270386495016864181e+00,0.000000000000000000e+00
0.000000000000000000e+00,2.038828357094070896e+02,0.000000000000000000e+00,1.864825860108366271e+02,1.333808527245032337e+03,7.061818884728025125e+01,-3.128856052484477956e+01,7.973972284857206105e+00,0.000000000000000000e+00
0.000000000000000000e+00,2.038828357094070896e+02,0.000000000000000000e+00,1.864825860108366271e+02,1.333808527245032337e+03,7.605563834825692027e+01,-3.748507251142773100e+01,8.677558074697547141e+00,0.000000000000000000e+00
0.000000000000000000e+00,2.038828357094070896e+02,0.000000000000000000e+00,1.864825860108366271e+02,1.333808527245032337e+03,8.149308784923358928e+01,-4.368158449801068599e+01,9.381143864537888177e+00,0.000000000000000000e+00
0.000000000000000000e+00,2.038828357094070896e+02,0.000000000000000000e+00,1.864825860108366271e+02,1.333808527245032337e+03,8.693053735021025830e+01,-4.987809648459364098e+01,1.008472965437822921e+01,0.000000000000000000e+00
0.000000000000000000e+00,2.038828357094070896e+02,0.000000000000000000e+00,1.864825860108366271e+02,1.333808527245032337e+03,9.236798685118692731e+01,-5.607460847117659597e+01,1.078831544421857025e+01,0.000000000000000000e+00
0.000000000000000000e+00,2.038828357094070896e+02,0.000000000000000000e+00,1.864825860108366271e+02,1.333808527245032337e+03,9.780543635216359633e+01,-6.227112045775955096e+01,1.149190123405891129e+01,0.000000000000000000e+00
0.000000000000000000e+00,2.038828357094070896e+02,0.000000000000000000e+00,1.864825860108366271e+02,1.333808527245032337e+03,1.032428858531402653e+02,-6.846763244434249884e+01,1.219548702389925232e+01,0.000000000000000000e+00
0.000000000000000000e+00,2.038828357094070896e+02,0.000000000000000000e+00,1.864825860108366271e+02,1.333808527245032337e+03,1.086803353541169344e+02,-7.466414443092544673e+01,1.289907281373959336e+01,0.000000000000000000e+00
0.000000000000000000e+00,2.038828357094070896e+02,0.000000000000000000e+00,1.864825860108366271e+02,1.333808527245032337e+03,1.141177848550936034e+02,-8.086065641750839461e+01,1.360265860357993439e+01,0.000000000000000000e+00
0.000000000000000000e+00,2.038828357094070896e+02,0.000000000000000000e+00,1.864825860108366271e+02,1.333808527245032337e+03,1.195552343560702724e+02,-8.705716840409134250e+01,1.430624439342027543e+01,0.000000000000000000e+00
0.000000000000000000e+00,2.038828357094070896e+02,0.000000000000000000e+00,1.864825860108366271e+02,1.333808527245032337e+03,1.249926838570469414e+02,-9.325368039067429038e+01,1.500983018326061647e+01,0.000000000000000000e+00
0.000000000000000000e+00,2.038828357094070896e+02,0.000000000000000000e+00,1.864825860108366271e+02,1.333808527245032337e+03,1.304301333580235962e+02,-9.945019237725723826e+01,1.571341597310095750e+01,0.000000000000000000e+00
0.000000000000000000e+00,2.038828357094070896e+02,0.000000000000000000e+00,1.864825860108366271e+02,1.333808527245032337e+03,1.358675828590002652e+02,-1.056467043638401861e+02,1.641700176294130031e+01,0.000000000000000000e+00
0.000000000000000000e+00,2.038828357094070896e+02,0.000000000000000000e+00,1.864825860108366271e+02,1.333808527245032337e+03,1.413050323599769342e+02,-1.118432163504231340e+02,1.712058755278164313e+01,0.000000000000000000e+00
0.000000000000000000e+00,2.038828357094070896e+02,0.000000000000000000e+00,1.864825860108366271e+02,1.333808527245032337e+03,1.467424818609536032e+02,-1.180397283370060819e+02,1.782417334262198594e+01,0.000000000000000000e+00
0.000000000000000000e+00,2.038828357094070896e+02,0.000000000000000000e+00,1.864825860108366271e+02,1.333808527245032337e+03,1.521799313619302723e+02,-1.242362403235890298e+02,1.852775913246232875e+01,0.000000000000000000e+00
0.000000000000000000e+00,2.038828357094070896e+02,0.000000000000000000e+00,1.864825860108366271e+02,1.333808527245032337e+03,1.576173808629069413e+02,-1.304327523101719919e+02,1.923134492230267156e+01,0.000000000000000000e+00
0.000000000000000000e+00,2.038828357094070896e+02,0.000000000000000000e+00,1.864825860108366271e+02,1.333808527245032337e+03,1.630548303638836103e+02,-1.366292642967549398e+02,1.993493071214301438e+01,0.000000000000000000e+00
0.000000000000000000e+00,2.038828357094070896e+02,0.000000000000000000e+00,1.864825860108366271e+02,1.333808527245032337e+03,1.684922798648602793e+02,-1.428257762833378877e+02,2.063851650198335719e+01,0.000000000000000000e+00
0.000000000000000000e+00,2.038828357094070896e+02,0.000000000000000000e+00,1.864825860108366271e+02,1.333808527245032337e+03,1.739297293658369483e+02,-1.490222882699208355e+02,2.134210229182370000e+01,0.000000000000000000e+00
0.000000000000000000e+00,2.038828357094070896e+02,0.000000000000000000e+00,1.864825860108366271e+02,1.333808527245032337e+03,1.793671788668136173e+02,-1.552188002565037834e+02,2.204568808166404281e+01,0.000000000000000000e+00
0.000000000000000000e+00,2.038828357094070896e+02,0.000000000000000000e+00,1.864825860108366271e+02,1.333808527245032337e+03,1.848046283677902863e+02,-1.614153122430867313e+02,2.274927387150438562e+01,0.000000000000000000e+00
0.000000000000000000e+00,2.038828357094070896e+02,0.000000000000000000e+00,1.864825860108366271e+02,1.333808527245032337e+03,1.902420778687669554e+02,-1.676118242296696792e+02,2.345285966134472844e+01,0.000000000000000000e+00
0.000000000000000000e+00,2.038828357094070896e+02,0.000000000000000000e+00,1.864825860108366271e+02,1.333808527245032337e+03,1.956795273697436244e+02,-1.738083362162526271e+02,2.415644545118507125e+01,0.000000000000000000e+00
0.000000000000000000e+00,2.038828357094070896e+02,0.000000000000000000e+00,1.864825860108366271e+02,1.333808527245032337e+03,2.011169768707202934e+02,-1.800048482028355750e+02,2.486003124102541406e+01,0.000000000000000000e+00
0.000000000000000000e+00,2.038828357094070896e+02,0.000000000000000000e+00,1.864825860108366271e+02,1.333808527245032337e+03,2.065544263716969624e+02,-1.862013601894185229e+02,2.556361703086575687e+01,0.000000000000000000e+00
0.000000000000000000e+00,2.038828357094070896e+02,0.000000000000000000e+00,1.864825860108366271e+02,1.333808527245032337e+03,2.119918758726736314e+02,-1.923978721760014707e+02,2.626720282070609969e+01,0.000000000000000000e+00
0.000000000000000000e+00,2.038828357094070896e+02,0.000000000000000000e+00,1.864825860108366271e+02,1.333808527245032337e+03,2.174293253736503004e+02,-1.985943841625844186e+02,2.697078861054644250e+01,0.000000000000000000e+00
