# particle_number_conc
3.240000000000000000e+04
3.189110483198820657e+04
3.143313587261620705e+04
3.100387876850376779e+04
3.059573680455505746e+04
3.020461901197345651e+04
2.982736335171981409e+04
2.946245980191947092e+04
2.910863583616966571e+04
2.876491955445889835e+04
2.843051613392264335e+04
2.810476221102374257e+04
2.778709353468557310e+04
2.747702275993254443e+04
2.717412355146718619e+04
2.687801888824231719e+04
2.658837224881124348e+04
2.630488084229908054e+04
2.602727030718597598e+04
2.575529050884804747e+04
2.548871215167137780e+04
2.522732402331772028e+04
2.497093072357876008e+04
2.471935077627582723e+04
2.447241504411421192e+04
2.422996538841006259e+04
2.399185352706959384e+04
2.375794005316241964e+04
2.352809358754545246e+04
2.330219004292397221e+04
2.308011198041687385e+04
2.286174804453568868e+04
2.264699246455107277e+04
2.243574461965092269e+04
2.222790863050755070e+04
2.202339300865516634e+04
2.182211035551026725e+04
2.162397707088541574e+04
2.142891309663792345e+04
2.123684168442636656e+04
2.104768918476048566e+04
2.086138485477458016e+04
2.067786068267735391e+04
2.049705122938872955e+04
2.031889347604609065e+04
2.014332669074412479e+04
1.997029230348115016e+04
1.979973379056782505e+04
1.963159656748261477e+04
1.946582789001642232e+04
1.930237676092085894e+04
1.914119384554139469e+04
1.898223139240393357e+04
1.882544315786876541e+04
1.867078433631901135e+04
1.851821149509699899e+04
1.836768251315730231e+04
1.821915652371275428e+04
1.807259386031425311e+04
1.792795600614000068e+04
1.778520554617649395e+04
1.764430612283638402e+04
1.750522239163902123e+04
1.736791998221592803e+04
1.723236546046933654e+04
1.709852629233544576e+04
1.696637080964577035e+04
1.683586817777977558e+04
1.670698836496029253e+04
1.657970211308325815e+04
1.645398090998293628e+04
1.632979696304151003e+04
1.620712317405905378e+04
1.608593311529614039e+04
1.596620100668276427e+04
1.584790169402960055e+04
1.573101062811346310e+04
1.561550384482676418e+04
1.550135794626505958e+04
1.538855008245583122e+04
1.527705793396167610e+04
1.516685969521603147e+04
1.505793405854192679e+04
1.495026019880346576e+04
1.484381775875829953e+04
1.473858683492429918e+04
1.463454796402892680e+04
1.453168210998944414e+04
1.442997065145414126e+04
1.432939536960316400e+04
1.422993843685624415e+04
1.413158240543028660e+04
1.403431019662077779e+04
1.393810509071059823e+04
1.384295071686064148e+04
1.374883104351037764e+04
1.365573036914298973e+04
1.356363331333427959e+04
1.347252480812618160e+04
1.338239008970346549e+04
1.329321469035305381e+04
1.320498443074047827e+04
1.311768541231136987e+04
1.303130401008066656e+04
1.294582686561596529e+04
1.286124088025276069e+04
1.277753320852041543e+04
1.269469125178823197e+04
1.261270265210979233e+04
1.253155528618798598e+04
1.245123725976198511e+04
1.237173690193710354e+04
1.229304275975645214e+04
1.221514359295143913e+04
1.213802836884815042e+04
1.206168625742774930e+04
1.198610662652420615e+04
1.191127903719415917e+04
1.183719323919679664e+04
1.176383916661334661e+04
1.169120693359598226e+04
1.161928683025507416e+04
1.154806931861953126e+04
1.147754502874523314e+04
1.140770475493732010e+04
1.133853945207112338e+04
1.127004023201608288e+04
1.120219836015934561e+04
1.113500525198997093e+04
1.106845246988326653e+04
1.100253171985961490e+04
1.093723484848029511e+04
1.087255383982066087e+04
1.080848081252055999e+04
1.074500801691597735e+04
1.068212783224673876e+04
1.061983276393697270e+04
1.055811544094260171e+04
1.049696861318281663e+04
1.043638514902200586e+04
1.037635803283408677e+04
1.031688036259236651e+04
1.025794534755721725e+04
1.019954630601107601e+04
1.014167666305334387e+04
1.008432994843405868e+04
1.002749979444262317e+04
9.971179933908024395e+03
9.915364198168617804e+03
9.860046515139467374e+03
9.805220907384442398e+03
9.750881490274568932e+03
9.697022470177296782e+03
9.643638142689207598e+03
9.590722890892495343e+03
9.538271183708275203e+03
9.486277574233370615e+03
9.434736698134109247e+03
9.383643272078077644e+03
9.332992092202792264e+03
9.282778032626247295e+03
9.232996043961984469e+03
9.183641151916875970e+03
9.134708455892285201e+03
9.086193127606846247e+03
9.038090409757942325e+03
8.990395614744571503e+03
8.943104123379976954e+03
8.896211383646272225e+03
8.849712909482219402e+03
8.803604279580848015e+03
8.757881136231126220e+03
8.712539184178942378e+03
8.667574189512048179e+03
8.622981978572590378e+03
8.578758436888665528e+03
8.534899508130618415e+03
8.491401193091109235e+03
8.448259548683850880e+03
8.405470686969325470e+03
8.363030774178434513e+03
