# tendency to change, top row gives equation number (%/hour)
3.600000000000000000e+01,4.600000000000000000e+01,1.300000000000000000e+01,0.000000000000000000e+00,0.000000000000000000e+00
0.000000000000000000e+00,0.000000000000000000e+00,0.000000000000000000e+00,6.195341997699282873e-51,1.324842258622187091e-56
-3.254481087537597865e+07,-3.694842281882659435e+09,3.692861351433435440e+09,-8.881149210203510284e+09,-8.136202718843881786e+07
-1.251461216408402286e+07,-1.420795417809798956e+09,1.420411219178622007e+09,-8.957041580220834732e+09,-3.128653041020839661e+07
-9.513016418150244281e+06,-1.080021494812862158e+09,1.080191857974883318e+09,-8.966990252799064636e+09,-2.378254104537356645e+07
-8.255727016112355515e+06,-9.372802737622452974e+08,9.374062447786124945e+08,-8.971274691593381882e+09,-2.063931754027851671e+07
-7.495484096319626085e+06,-8.509691965429449081e+08,8.510656149151997566e+08,-8.973903405824901581e+09,-1.873871024079639465e+07
-6.412225077614581212e+06,-7.279858048167245388e+08,6.512059442379834130e+06,-8.256007604783401489e+09,-1.603056269403352402e+07
-6.114311665857964195e+06,-6.941634214477338791e+08,1.333416572585492209e+07,-8.297679230339314461e+09,-1.528577916464174166e+07
-5.871503182764436118e+06,-6.665971512620142698e+08,1.890945597428374365e+07,-8.331677085023307800e+09,-1.467875795690768398e+07
-5.674177804135363549e+06,-6.441946197174587250e+08,2.439726053719475120e+07,-8.360261423489432335e+09,-1.418544451033477858e+07
-5.508979524386322126e+06,-6.254395072281475067e+08,2.980168598020998761e+07,-8.385001455862195969e+09,-1.377244881096195616e+07
-5.368552683639600873e+06,-6.094967189695509672e+08,3.515959031661523134e+07,-8.406795834158391953e+09,-1.342138170909493789e+07
-5.247644615248245187e+06,-5.957699148709243536e+08,4.048579158323323727e+07,-8.426273802284835815e+09,-1.311911153811634332e+07
-5.142455401832762174e+06,-5.838276868206894398e+08,4.579044592368577421e+07,-8.443890275004142761e+09,-1.285613850457743183e+07
-5.050150777802264318e+06,-5.733482580420998335e+08,5.108215950478167087e+07,-8.459985721476342201e+09,-1.262537694450098462e+07
-4.968567246153657325e+06,-5.640860047325053215e+08,5.636898179017633200e+07,-8.474822373518835068e+09,-1.242141811537927017e+07
-4.896018053704709746e+06,-5.558494282532843351e+08,6.165837792112773657e+07,-8.488602842262310028e+09,-1.224004513425670564e+07
-4.831169140436388552e+06,-5.484870715446999073e+08,6.695732101083570719e+07,-8.501492073905104637e+09,-1.207792285108571313e+07
-4.772946484714763239e+06,-5.418769999438068867e+08,7.227185426476202905e+07,-8.513621219704449654e+09,-1.193236621178145893e+07
-4.720475858464982361e+06,-5.359199615339988470e+08,7.760741716575255990e+07,-8.525098161422149658e+09,-1.180118964615681954e+07
-4.673036616235281341e+06,-5.305341407749852538e+08,8.296855196447259188e+07,-8.536011737917216301e+09,-1.168259154058238119e+07
-4.630029024303271435e+06,-5.256514493462089300e+08,8.835918352579164505e+07,-8.546436072895375252e+09,-1.157507256075217202e+07
-4.590949127303957939e+06,-5.212146727320318222e+08,9.378256233060204983e+07,-8.556433480018156052e+09,-1.147737281825370342e+07
-4.555369849830236286e+06,-5.171753246690751314e+08,9.924134457610039413e+07,-8.566056460335601807e+09,-1.138842462456922047e+07
-4.522926673506177962e+06,-5.134920210511885881e+08,1.047376258234971315e+08,-8.575349888836012840e+09,-1.130731668375889398e+07
-4.493307112783166580e+06,-5.101292851069162488e+08,1.102730808828895986e+08,-8.584353795530296326e+09,-1.123326778195118904e+07
-4.466237330338080414e+06,-5.070560278333536386e+08,1.158488130079066604e+08,-8.593095973394767761e+09,-1.116559332583829761e+07
-4.441483967534216121e+06,-5.042457558100584745e+08,1.214656601647530794e+08,-8.601609909702541351e+09,-1.110370991882845759e+07
-4.418839629080823623e+06,-5.016749232591107488e+08,1.271239720969197452e+08,-8.609918469008565903e+09,-1.104709907269480079e+07
-4.398122684639988467e+06,-4.993229095213590860e+08,1.328237647676060647e+08,-8.618042920752107620e+09,-1.099530671159253642e+07
-4.379172578515470028e+06,-4.971714865610859394e+08,1.385647013572776616e+08,-8.626001658674255371e+09,-1.094793144628106989e+07
-4.361846925346321426e+06,-4.952044892374345064e+08,1.443461075578533411e+08,-8.633810890875808716e+09,-1.090461731335802376e+07
-4.346018614511279389e+06,-4.934074865647797585e+08,1.501669906616969407e+08,-8.641484293339021683e+09,-1.086504653627024591e+07
-4.331573262125195935e+06,-4.917674924355412126e+08,1.560244917337279916e+08,-8.649032421965808868e+09,-1.082893315530486591e+07
-4.318409053332854062e+06,-4.902729477156553268e+08,1.619184010572275519e+08,-8.656467053690227509e+09,-1.079602263332383893e+07
-4.306435082762316801e+06,-4.889135318347194791e+08,1.678485424914927483e+08,-8.663798389306442261e+09,-1.076608770689732395e+07
-4.295568102931052446e+06,-4.876797936295514107e+08,1.738112036937266588e+08,-8.671033120060731888e+09,-1.073892025731899217e+07
-4.285731983245263807e+06,-4.865630899238860607e+08,1.798038951997630298e+08,-8.678177357287445068e+09,-1.071432995810435154e+07
-4.276857850902380422e+06,-4.855556015251651406e+08,1.858238837777026892e+08,-8.685236169573047638e+09,-1.069214462724697404e+07
-4.268882945871798322e+06,-4.846502032294482589e+08,1.918681873946760297e+08,-8.692213913737674713e+09,-1.067220736467034742e+07
-4.261749747611225583e+06,-4.838403646767172813e+08,1.979335790333453119e+08,-8.699113937393514633e+09,-1.065437436901874654e+07
-4.255405843350753188e+06,-4.831201353970460892e+08,2.040166110200009048e+08,-8.705939602773237228e+09,-1.063851460836739838e+07
-4.249802548704510555e+06,-4.824839882073739171e+08,2.101136083250681758e+08,-8.712692583465730667e+09,-1.062450637175162137e+07
-4.244894654915862717e+06,-4.819267905160206556e+08,2.162197193658363223e+08,-8.719373320148603439e+09,-1.061223663727983274e+07
-4.240641051063152961e+06,-4.814438749622768164e+08,2.223318028923708200e+08,-8.725983492034181595e+09,-1.060160262764788792e+07
-4.237003552729272284e+06,-4.810309064341828823e+08,2.284456466738812923e+08,-8.732523352567840576e+09,-1.059250888181301951e+07
-4.233946562099215575e+06,-4.806838434790929556e+08,2.345568909100013077e+08,-8.738992709676132202e+09,-1.058486640523771197e+07
-4.231436953541062772e+06,-4.803989253135780692e+08,2.406610470153839588e+08,-8.745390952948093414e+09,-1.057859238384215906e+07
-4.229443891929212958e+06,-4.801726511974968314e+08,2.467536160182692111e+08,-8.751717190074113846e+09,-1.057360972981236875e+07
-4.227938511587741785e+06,-4.800017439841385484e+08,2.528298157071585655e+08,-8.757970023612911224e+09,-1.056984627895852365e+07
-4.226894113688465208e+06,-4.798831725310078859e+08,2.588855237011557221e+08,-8.764148448728078842e+09,-1.056723528421016224e+07
-4.226285519597635604e+06,-4.798140782846804857e+08,2.649159324473181963e+08,-8.770250651412240982e+09,-1.056571379898292013e+07
-4.226088744244610891e+06,-4.797917381980481744e+08,2.709156799339758158e+08,-8.776274044374832153e+09,-1.056522186060019024e+07
-4.226281429214554839e+06,-4.798136138997309208e+08,2.768800087686948180e+08,-8.782216338917409897e+09,-1.056570357302488200e+07
-4.226842764042708091e+06,-4.798773427585433722e+08,2.828041530853640437e+08,-8.788075457665185928e+09,-1.056710691009509750e+07
-4.227753045063962229e+06,-4.799806877992812991e+08,2.886834980093351603e+08,-8.793848957482610703e+09,-1.056938261264806427e+07
-4.228993733293782920e+06,-4.801215442739964724e+08,2.945134287951215506e+08,-8.799534412442398071e+09,-1.057248433322244883e+07
-4.230547395751955919e+06,-4.802979330004270077e+08,3.002895234974421859e+08,-8.805129429669612885e+09,-1.057636848936771229e+07
-4.232397556847129017e+06,-4.805079834895485640e+08,3.060073772787480950e+08,-8.810631554478750229e+09,-1.058099389210547879e+07
-4.234528694261692464e+06,-4.807499334783803225e+08,3.116628204145279527e+08,-8.816038419021577835e+09,-1.058632173564171791e+07
-4.236926161217899993e+06,-4.810221201047870517e+08,3.172518470624224544e+08,-8.821347730111457825e+09,-1.059231540303206816e+07
-4.239575830474981107e+06,-4.813229394901433587e+08,3.227699707842300534e+08,-8.826556652025964737e+09,-1.059893957617460191e+07
-4.242465080767760985e+06,-4.816509587306172252e+08,3.282146345715457797e+08,-8.831664102834640503e+09,-1.060616270190638490e+07
-4.245581680356365629e+06,-4.820047891455416679e+08,3.335824423500744700e+08,-8.836668121597179413e+09,-1.061395420087772608e+07
-4.248913845306018367e+06,-4.823830928939742446e+08,3.388699086843645573e+08,-8.841566592186872482e+09,-1.062228461325168982e+07
-4.252450611043355428e+06,-4.827846251578263044e+08,3.440741763278653026e+08,-8.846357941249938965e+09,-1.063112652759486251e+07
-4.256181644244117662e+06,-4.832082127853001952e+08,3.491926273297317624e+08,-8.851040757870767593e+09,-1.064045411059659906e+07
-4.260097205869173631e+06,-4.836527500943346024e+08,3.542229114618477821e+08,-8.855613829228475571e+09,-1.065024301465907134e+07
-4.264188118659759872e+06,-4.841171951823098063e+08,3.591629509315444231e+08,-8.860076149159343719e+09,-1.066047029663536698e+07
-4.268445738691227511e+06,-4.846005666965183020e+08,3.640109428013136387e+08,-8.864426923933219910e+09,-1.067111434671386704e+07
-4.272861928507011384e+06,-4.851019407840390801e+08,3.687653593730602860e+08,-8.868665575813470840e+09,-1.068215482125315629e+07
-4.277429031560529955e+06,-4.856204481901036501e+08,3.734249466031320095e+08,-8.872791744508411407e+09,-1.069357257888678275e+07
-4.282139847832480446e+06,-4.861552714899052382e+08,3.779887206486458182e+08,-8.876805286653202057e+09,-1.070534961956649087e+07
-4.286987575000857003e+06,-4.867056384095759392e+08,3.824559286396222115e+08,-8.880706199937871933e+09,-1.071746893748725951e+07
-4.291965929752410389e+06,-4.872708355987895727e+08,3.868261653650975823e+08,-8.884494914890197754e+09,-1.072991482436597347e+07
-4.297068850655698217e+06,-4.878501748976648450e+08,3.910991006360883713e+08,-8.888171729005462646e+09,-1.074267212662401982e+07
-4.302290789422874339e+06,-4.884430264039849043e+08,3.952748608379506469e+08,-8.891737438237119675e+09,-1.075572697354179248e+07
-4.307626523616652936e+06,-4.890487972096458077e+08,3.993537647888526917e+08,-8.895192960785194397e+09,-1.076906630902606621e+07
-4.313071093205153942e+06,-4.896669241976709962e+08,4.033361729255722761e+08,-8.898539263230028152e+09,-1.078267773299714737e+07
-4.318619884417686611e+06,-4.902968835624346733e+08,4.072228311919065714e+08,-8.901777575690198898e+09,-1.079654971102830768e+07
-4.324268599317253567e+06,-4.909381873552002907e+08,4.110146100535969734e+08,-8.904909319239671707e+09,-1.081067149827705137e+07
-4.330013186307164840e+06,-4.915903755944731236e+08,4.147125649302641749e+08,-8.907936005723300934e+09,-1.082503296575165913e+07
-4.335849858078903519e+06,-4.922530183036371469e+08,4.183179159408349991e+08,-8.910859297044212341e+09,-1.083962464518083446e+07
-4.341775092609977350e+06,-4.929257156242427826e+08,4.218320850043292046e+08,-8.913681025628475189e+09,-1.085443773150834441e+07
-4.347785549710745923e+06,-4.936080883414911628e+08,4.252565271988713145e+08,-8.916403037149753571e+09,-1.086946387426009402e+07
-4.353878122262008488e+06,-4.942997837012842894e+08,4.285928775283570886e+08,-8.919027330133771896e+09,-1.088469530563807860e+07
-4.360049901964343153e+06,-4.950004715217165947e+08,4.318428784571626186e+08,-8.921555986800907135e+09,-1.090012475489374064e+07
-4.366298162150369026e+06,-4.957098422417351007e+08,4.350083666284871697e+08,-8.923991158146766663e+09,-1.091574540535863116e+07
-4.372620300485177897e+06,-4.964276004158666134e+08,4.380911598633814454e+08,-8.926334961443185806e+09,-1.093155075119548105e+07
-4.379014022892542183e+06,-4.971534855955290198e+08,4.410934636097190976e+08,-8.928589881693016052e+09,-1.094753505721371807e+07
-4.385476930402548984e+06,-4.978872254234638214e+08,4.440169774195561409e+08,-8.930757893522558212e+09,-1.096369232598855905e+07
-4.392007016069879755e+06,-4.986285920493251085e+08,4.468640543254053593e+08,-8.932841584782320023e+09,-1.098001754015671462e+07
-4.398602419631133787e+06,-4.993773742756996155e+08,4.496370610858874321e+08,-8.934843539203062057e+09,-1.099650604905967414e+07
-4.405261174343056977e+06,-5.001333488164185286e+08,4.523379098238811493e+08,-8.936765899418785095e+09,-1.101315293583930470e+07
-4.411981518989693373e+06,-5.008963157190163732e+08,4.549687949107242227e+08,-8.938611064943470001e+09,-1.102995379745572060e+07
-4.418761820453658700e+06,-5.016660895741756558e+08,4.575319455143705606e+08,-8.940381456606639862e+09,-1.104690455111545697e+07
-4.425600505758584477e+06,-5.024424918004441261e+08,4.600295208150920868e+08,-8.942079420900938034e+09,-1.106400126437759586e+07
-4.432496095510810614e+06,-5.032253544409002662e+08,4.624637111203042865e+08,-8.943707311562736511e+09,-1.108124023875798658e+07
-4.439447198641933501e+06,-5.040145195662699938e+08,4.648366924311338067e+08,-8.945267477107704163e+09,-1.109861799658561684e+07
-4.446452490744058043e+06,-5.048098368153080344e+08,4.671506224941843748e+08,-8.946762227396869659e+09,-1.111613122684075125e+07
-4.453510713974586688e+06,-5.056111633839886785e+08,4.694076331900166273e+08,-8.948193841771247864e+09,-1.113377678491689637e+07
-4.460620620925372466e+06,-5.064183576529186964e+08,4.716097204658938050e+08,-8.949564462586776733e+09,-1.115155155229368433e+07
-4.467781115499854088e+06,-5.072312951812483668e+08,4.737590617984784842e+08,-8.950876395219596863e+09,-1.116945278872971050e+07
-4.474991111405123025e+06,-5.080498526411457062e+08,4.758576874687614441e+08,-8.952131797227699280e+09,-1.118747777849270403e+07
-4.482249567486724816e+06,-5.088739118293889761e+08,4.779075875223125815e+08,-8.953332787802408218e+09,-1.120562391869653203e+07
-4.489555459744470194e+06,-5.097033564902956486e+08,4.799106917685397267e+08,-8.954481386824645996e+09,-1.122388864934071712e+07
-4.496907852137669921e+06,-5.105380803543061018e+08,4.818689174662156701e+08,-8.955579662050083160e+09,-1.124226963032353669e+07
-4.504305820664005354e+06,-5.113779785185884237e+08,4.837841176749009490e+08,-8.956629580048923492e+09,-1.126076455163919739e+07
-4.511748448666644283e+06,-5.122229469142499566e+08,4.856580867195852995e+08,-8.957633004133497238e+09,-1.127937112164561450e+07
-4.519234948562616482e+06,-5.130728961262724400e+08,4.874927684043522477e+08,-8.958591939474943161e+09,-1.129808737138536386e+07
-4.526764474324213341e+06,-5.139277301043529510e+08,4.892896747155120969e+08,-8.959508145912345886e+09,-1.131691118578917906e+07
-4.534336125410829671e+06,-5.147873466092888117e+08,4.910504366686989665e+08,-8.960383210450767517e+09,-1.133584031350553781e+07
-4.541949142082399689e+06,-5.156516593870926499e+08,4.927766609428616762e+08,-8.961218878603235245e+09,-1.135487285518428311e+07
-4.549602758754558861e+06,-5.165205815202678442e+08,4.944698916363459826e+08,-8.962016784486095428e+09,-1.137400689686449990e+07
-4.557296236858789809e+06,-5.173940291584521532e+08,4.961316215073544979e+08,-8.962778522712276459e+09,-1.139324059212489799e+07
-4.565028865857630037e+06,-5.182719216336744428e+08,4.977632926901152134e+08,-8.963505652737667084e+09,-1.141257216462181509e+07
-4.572799790182909928e+06,-5.191541618124945164e+08,4.993663047417142391e+08,-8.964199362826875687e+09,-1.143199947543483414e+07
-4.580608592552931048e+06,-5.200407023205374479e+08,5.009419956647770405e+08,-8.964861614588075638e+09,-1.145152148135970347e+07
-4.588454417042590678e+06,-5.209314459838401079e+08,5.024916326366472244e+08,-8.965493433614116669e+09,-1.147113604258367047e+07
-4.596336565083025023e+06,-5.218263134932374954e+08,5.040164493393148184e+08,-8.966096075130136490e+09,-1.149084141268457286e+07
-4.604254429375213571e+06,-5.227252359015137553e+08,5.055176420146225095e+08,-8.966670897669042587e+09,-1.151063607341486402e+07
-4.612207346733367071e+06,-5.236281379165768623e+08,5.069963027210848927e+08,-8.967219078883659363e+09,-1.153051836681006290e+07
-4.620194716360883787e+06,-5.245349513294364810e+08,5.084535665897410512e+08,-8.967741853034183502e+09,-1.155048679087867029e+07
-4.628215900429079309e+06,-5.254456037268163562e+08,5.098904941224242449e+08,-8.968240307545967102e+09,-1.157053975104897656e+07
-4.636270296606075950e+06,-5.263600267254245281e+08,5.113080931112644672e+08,-8.968715535512605667e+09,-1.159067574149128236e+07
-4.644357303357423283e+06,-5.272781520325025916e+08,5.127073274740586281e+08,-8.969168571563314438e+09,-1.161089325836946629e+07
-4.652476327640892938e+06,-5.281999123194211125e+08,5.140891195071666241e+08,-8.969600406876823425e+09,-1.163119081907795556e+07
-4.660626738096860237e+06,-5.291252359073418379e+08,5.154543458219652772e+08,-8.970011901219112396e+09,-1.165156684521768801e+07
-4.668808144124446437e+06,-5.300540784509882331e+08,5.168039541596159339e+08,-8.970404322016254425e+09,-1.167202036028646864e+07
-4.677019775810830295e+06,-5.309863525414502621e+08,5.181386396675363779e+08,-8.970778142943260193e+09,-1.169254943950224295e+07
-4.685261187672420405e+06,-5.319220076025664210e+08,5.194591977586734891e+08,-8.971134430362539291e+09,-1.171315296915603243e+07
-4.693531762894576415e+06,-5.328609736068037748e+08,5.207663510391919017e+08,-8.971473859531141281e+09,-1.173382940721123479e+07
-4.701830957804003730e+06,-5.338031888304336667e+08,5.220607893802068830e+08,-8.971797200014652252e+09,-1.175457739448461495e+07
-4.710158257345686667e+06,-5.347485947987871170e+08,5.233431841402934790e+08,-8.972105229622463226e+09,-1.177539564333863743e+07
-4.718513123336140998e+06,-5.356971304113983512e+08,5.246141715566837788e+08,-8.972398636116989136e+09,-1.179628280831458420e+07
-4.726894963436771184e+06,-5.366487284195226431e+08,5.258743500277227163e+08,-8.972677961133277893e+09,-1.181723740856597200e+07
-4.735303351804669015e+06,-5.376033404768232107e+08,5.271243083140338659e+08,-8.972944020824968338e+09,-1.183825837948552892e+07
-4.743737743879695423e+06,-5.385609047588870525e+08,5.283646042489197254e+08,-8.973197364909137726e+09,-1.185934435967290774e+07
-4.752197631695413031e+06,-5.395213635958179235e+08,5.295957487418393493e+08,-8.973438572115568161e+09,-1.188049407921201363e+07
-4.760682510901583359e+06,-5.404846597282696962e+08,5.308182389603524208e+08,-8.973668193412202835e+09,-1.190170627722724713e+07
-4.769191752923217602e+06,-5.414507217935464382e+08,5.320325024217305183e+08,-8.973886507883171082e+09,-1.192297938228114508e+07
-4.777725098600441590e+06,-5.424195203689894676e+08,5.332390483337041140e+08,-8.974094458761190414e+09,-1.194431274647401460e+07
-4.786282133873066865e+06,-5.433910084459651709e+08,5.344383147489018440e+08,-8.974292654067306519e+09,-1.196570533465538733e+07
-4.794862081060535274e+06,-5.443650977336852551e+08,5.356306677797250748e+08,-8.974480991095756531e+09,-1.198715520262386836e+07
-4.803464603590834886e+06,-5.453417500208199024e+08,5.368165002399014235e+08,-8.974660163684019089e+09,-1.200866150894942693e+07
-4.812089241513821296e+06,-5.463209130888065100e+08,5.379961974880949259e+08,-8.974830604171960831e+09,-1.203022310375669971e+07
-4.820735561963626184e+06,-5.473025377939854860e+08,5.391701539041481018e+08,-8.974992761446966171e+09,-1.205183890488102101e+07
-4.829403083931174129e+06,-5.482865695269544125e+08,5.403386331307182312e+08,-8.975146962066635132e+09,-1.207350770979969762e+07
-4.838091305447339080e+06,-5.492729512986972332e+08,5.415019465236773491e+08,-8.975293481578344345e+09,-1.209522826358992048e+07
-4.846799907511299476e+06,-5.502616468927575350e+08,5.426603767046235800e+08,-8.975432897835233688e+09,-1.211699976874962822e+07
-4.855528329125873744e+06,-5.512525926186100245e+08,5.438142167849489450e+08,-8.975565318841117859e+09,-1.213882082278586924e+07
-4.864276184427526779e+06,-5.522457446688127518e+08,5.449637378560081720e+08,-8.975691143532527924e+09,-1.216069046103980951e+07
-4.873043045946981758e+06,-5.532410545123859644e+08,5.461091908854497671e+08,-8.975810673494638443e+09,-1.218260761483825557e+07
-4.881828492429235950e+06,-5.542384743238623142e+08,5.472508133699676991e+08,-8.975924198006309509e+09,-1.220457123104369640e+07
-4.890631697331752628e+06,-5.552379102651079893e+08,5.483888183043756485e+08,-8.976031239509912491e+09,-1.222657924329979345e+07
-4.899453502220192924e+06,-5.562394578798458576e+08,5.495235354463347197e+08,-8.976134353478839874e+09,-1.224863375552069955e+07
-4.908292236129174009e+06,-5.572429274618407488e+08,5.506550051883695126e+08,-8.976231474954120636e+09,-1.227073059029295668e+07
-4.917147913737107068e+06,-5.582483206775459051e+08,5.517834685867688656e+08,-8.976323605644746780e+09,-1.229286978431259282e+07
-4.926020137258790433e+06,-5.592555923660421371e+08,5.529091044264861345e+08,-8.976410969795497894e+09,-1.231505034311660565e+07
-4.934908514650270343e+06,-5.602646980182189941e+08,5.540320808176128864e+08,-8.976493782459732056e+09,-1.233727128659510985e+07
-4.943812653220497072e+06,-5.612755930515009165e+08,5.551525410495419502e+08,-8.976572238623163223e+09,-1.235953163302048109e+07
-4.952732175521292724e+06,-5.622882346138494015e+08,5.562706700848342180e+08,-8.976646544876798630e+09,-1.238183043877227232e+07
-4.961666710726534948e+06,-5.633025806050338745e+08,5.573865898398616314e+08,-8.976716893812906265e+09,-1.240416677678518184e+07
-4.970615874243930914e+06,-5.643185873619382381e+08,5.585004179191515446e+08,-8.976783444672546387e+09,-1.242653968557847291e+07
-4.979579299307806417e+06,-5.653362132453184128e+08,5.596122938830434084e+08,-8.976846371113910675e+09,-1.244894824823796563e+07
-4.988556620202844031e+06,-5.663554167351782322e+08,5.607223611506004333e+08,-8.976905827665176392e+09,-1.247139155047535896e+07
-4.997547499164517038e+06,-5.673761594848009348e+08,5.618307056145495176e+08,-8.976962001204713821e+09,-1.249386874787934497e+07
-5.006551563715312630e+06,-5.683983992064719200e+08,5.629374288828839064e+08,-8.977015009856323242e+09,-1.251637890925613232e+07
-5.015568463979860768e+06,-5.694220961785191298e+08,5.640426285814521313e+08,-8.977064992754526138e+09,-1.253892115991730615e+07
-5.024597853602990508e+06,-5.704472110789216757e+08,5.651463851217460632e+08,-8.977112080819324493e+09,-1.256149463397492841e+07
-5.033639379153401591e+06,-5.714737037822993994e+08,5.662487953183954954e+08,-8.977156380288217545e+09,-1.258409844785075635e+07
-5.042692717557906173e+06,-5.725015376098564863e+08,5.673499412043819427e+08,-8.977198033734098434e+09,-1.260673179386181943e+07
-5.051757535487667657e+06,-5.735306747184635401e+08,5.684498978276239634e+08,-8.977237154283233643e+09,-1.262939383868602104e+07
-5.060833499845342711e+06,-5.745610772912733555e+08,5.695487363296533823e+08,-8.977273842586154938e+09,-1.265208374958000518e+07
-5.069920298774213530e+06,-5.755927099229062796e+08,5.706465212702958584e+08,-8.977308224110076904e+09,-1.267480074690198340e+07
-5.079017606067551300e+06,-5.766255355788124800e+08,5.717433134001851082e+08,-8.977340387548946381e+09,-1.269754401513512433e+07
-5.088125090744959190e+06,-5.776595166824834347e+08,5.728391687824037075e+08,-8.977370400662542343e+09,-1.272031272682844102e+07
-5.097242458555954508e+06,-5.786946198273915052e+08,5.739341423526240587e+08,-8.977398384472963333e+09,-1.274310614635572769e+07
-5.106369391205823049e+06,-5.797308088772454262e+08,5.750282849210346937e+08,-8.977424406734100342e+09,-1.276592347798019648e+07
-5.115505593548211269e+06,-5.807680503238083124e+08,5.761216392987467051e+08,-8.977448564311143875e+09,-1.278876398383596539e+07
-5.124650762578016147e+06,-5.818063097666325569e+08,5.772142793690969944e+08,-8.977470931008689880e+09,-1.281162690641027316e+07
