# particle_size
4.999999999999999584e-02
1.056714967429890628e-01
1.347116077525513378e-01
1.540924417138095359e-01
1.696844111834567015e-01
1.830245007717900552e-01
1.939695836700054687e-01
2.041237096732536616e-01
2.134696499000571790e-01
2.222154156100029365e-01
2.304587141143548679e-01
2.382767160618175228e-01
2.457289752168582420e-01
2.528628341248979616e-01
2.597166509519504562e-01
2.663220081596244238e-01
2.727052501533432372e-01
2.788886207605216216e-01
2.848910705670268384e-01
2.907289060803758263e-01
2.964162536396191538e-01
3.019654491014064912e-01
3.073873286733264654e-01
3.126914687602260767e-01
3.178863746669428059e-01
3.229796398314414563e-01
3.279780759445120042e-01
3.328878144115320903e-01
3.377143967629984700e-01
3.424628509044767566e-01
3.471377523349803984e-01
3.517432780120071101e-01
3.562832519761437444e-01
3.607612192914617655e-01
3.651803747889658114e-01
3.695436635205798237e-01
3.738538769697026809e-01
3.781135675828954934e-01
3.823251047844425377e-01
3.864906920514273314e-01
3.906123823775349280e-01
3.946920914859496365e-01
3.987316099984966611e-01
4.027326287513448011e-01
4.066967041208651712e-01
4.106253104229573014e-01
4.145198337390396670e-01
4.183815783690328916e-01
4.222117719886854248e-01
4.260115746950068338e-01
4.297820734061051917e-01
4.335243041965247679e-01
4.372392510990109060e-01
4.409278409359970174e-01
4.445909513726497564e-01
4.482294163451164826e-01
4.518440262285803866e-01
4.554355323155372948e-01
4.590046491498311898e-01
4.625520570146192667e-01
4.660784036294197130e-01
4.695843122708041051e-01
4.730703624695821174e-01
4.765371169637919735e-01
4.799851149527590288e-01
4.834148698316590442e-01
4.868268723623025429e-01
4.902215922431044093e-01
4.935994793187983842e-01
4.969609647014734954e-01
5.003064618187492707e-01
5.036363673933671459e-01
5.069510623599895460e-01
5.102509126178021992e-01
5.135362704158852321e-01
5.168074746904018912e-01
5.200648505769226437e-01
5.233087115195744765e-01
5.265393606623818279e-01
5.297570894279101106e-01
5.329621791174304901e-01
5.361549014108215605e-01
5.393355187175058463e-01
5.425042843263427894e-01
5.456614437715576749e-01
5.488072343310177459e-01
5.519418856690959663e-01
5.550656201828020331e-01
5.581786540680807596e-01
5.612811947782363475e-01
5.643734471943153697e-01
5.674556062571695092e-01
5.705278612003018557e-01
5.735903990643245187e-01
5.766433996231494774e-01
5.796870376250417012e-01
5.827214833357314827e-01
5.857469021379496654e-01
5.887634548920654964e-01
5.917712981864154953e-01
5.947705844698749633e-01
5.977614628947358622e-01
6.007440773898260478e-01
6.037185688801082195e-01
6.066850747436585145e-01
6.096437289769184309e-01
6.125946621632732958e-01
6.155380017274310056e-01
6.184738719718001487e-01
6.214023929209870900e-01
6.243236843710315842e-01
6.272378620473919586e-01
6.301450388204853370e-01
6.330453250078040828e-01
6.359388283892614124e-01
6.388256542899853896e-01
6.417059054581423228e-01
6.445796826746221786e-01
6.474470843304828138e-01
6.503082066215717383e-01
6.531631436469577112e-01
6.560119877695790302e-01
6.588548287996695008e-01
6.616917546846733389e-01
6.645228516376552319e-01
6.673482040379615787e-01
6.701678944829074780e-01
6.729820038421395756e-01
6.757906105629150062e-01
6.785937929451230088e-01
6.813916268105832952e-01
6.841841865791813415e-01
6.869715451778621862e-01
6.897537739970116544e-01
6.925309429866262079e-01
6.953031206975441858e-01
6.980703743014592400e-01
7.008327695308763650e-01
7.035903710583588655e-01
7.063432421625417401e-01
7.090914451739953606e-01
7.118350406359079674e-01
7.145740881987719950e-01
7.173086463862680118e-01
7.200387726966618329e-01
7.227645232252516427e-01
7.254859527109959183e-01
7.282031160559485627e-01
7.309160663478212472e-01
7.336248560960577647e-01
7.363295361638571013e-01
7.390301568121722120e-01
7.417267673741143597e-01
7.444194162766126777e-01
7.471081505628323072e-01
7.497930174138595083e-01
7.524740626682077105e-01
7.551513313253197524e-01
7.578248675741167117e-01
7.604947148234135756e-01
7.631609159024935751e-01
7.658235122225077740e-01
7.684825451919166106e-01
7.711380554116737951e-01
7.737900823860404120e-01
7.764386647529188945e-01
7.790838412372166344e-01
7.817256495035115327e-01
7.843641265659115902e-01
7.869993089726878832e-01
7.896312322930858496e-01
7.922599316757475973e-01
7.948854416726400807e-01
7.975077962235262996e-01
8.001270287756379052e-01
8.027431721509272755e-01
8.053562586126777889e-01
8.079663199224053072e-01
8.105733872480787028e-01
8.131774913641020008e-01
8.157786618928420941e-01
