# tendency to change, top row gives equation number (where number 0 is the first equation), 3rd column from end is gas-particle partitioning, 2nd column from end is gas-wall partitioning, final column is dilution (molecules/cm3/s (air))
9.120000000000000000e+02,9.130000000000000000e+02,9.140000000000000000e+02,0.000000000000000000e+00,0.000000000000000000e+00,0.000000000000000000e+00
-2.630048170531745768e+02,-8.816638753487102065e+01,-3.960015711312003077e+02,0.000000000000000000e+00,0.000000000000000000e+00,-7.461487253642481565e+07
-1.118826653764853836e+04,-3.750612077961726300e+03,-1.684596950270944944e+04,-3.636199571593471617e+07,0.000000000000000000e+00,-3.728952558238139749e+07
-1.156111025361207976e+04,-3.875599460017686397e+03,-1.740735350685909725e+04,-2.755268778109366074e+07,0.000000000000000000e+00,-3.728086226432406157e+07
-1.164277605423060595e+04,-3.902976063634123875e+03,-1.753031621801767324e+04,-2.493231260129275173e+07,0.000000000000000000e+00,-3.727705012321663648e+07
-1.164027974890843871e+04,-3.902139234009079246e+03,-1.752655757648145664e+04,-2.399287417762688547e+07,0.000000000000000000e+00,-3.727546412477920204e+07
-1.160783681768964016e+04,-3.891263478657322594e+03,-1.747770884481678513e+04,-2.363069128170377761e+07,0.000000000000000000e+00,-3.727486300923708081e+07
-1.155946523689945207e+04,-3.875048005551520873e+03,-1.740487663510428683e+04,-2.348671734067586064e+07,0.000000000000000000e+00,-3.727469667672616988e+07
-1.149866515545867696e+04,-3.854666160068534282e+03,-1.731333105793494178e+04,-2.342881564644289389e+07,0.000000000000000000e+00,-3.727472988352991641e+07
-1.142629662187959912e+04,-3.830406253925547844e+03,-1.720436707271644264e+04,-2.340543976382493973e+07,0.000000000000000000e+00,-3.727486411431422085e+07
-1.134262381078450926e+04,-3.802356845660716317e+03,-1.707838244237440449e+04,-2.339603940839080140e+07,0.000000000000000000e+00,-3.727505854860137403e+07
-1.124781619757090994e+04,-3.770574748049339178e+03,-1.693563234293347341e+04,-2.339232687280767784e+07,0.000000000000000000e+00,-3.727529624843207002e+07
-1.114205709615917840e+04,-3.735121412916997997e+03,-1.677639278683058365e+04,-2.339094120188735425e+07,0.000000000000000000e+00,-3.727557001833828539e+07
-1.102556014920896814e+04,-3.696068459109824744e+03,-1.660098545193395694e+04,-2.339051559097037464e+07,0.000000000000000000e+00,-3.727587658043610305e+07
-1.089856793462640235e+04,-3.653497205357714392e+03,-1.640977558338634481e+04,-2.339049318415359780e+07,0.000000000000000000e+00,-3.727621419966096431e+07
-1.076134891730938580e+04,-3.607497648416214815e+03,-1.620316740390333689e+04,-2.339064662850470096e+07,0.000000000000000000e+00,-3.727658172285621613e+07
-1.061419531009159255e+04,-3.558167745996613576e+03,-1.598160089303563655e+04,-2.339088271707913280e+07,0.000000000000000000e+00,-3.727697819234378636e+07
-1.045742172665947146e+04,-3.505612965186981910e+03,-1.574554975889068010e+04,-2.339116286866252869e+07,0.000000000000000000e+00,-3.727740269157842547e+07
-1.029136425135340323e+04,-3.449945970624152324e+03,-1.549552003754915859e+04,-2.339147074363542721e+07,0.000000000000000000e+00,-3.727785428422091901e+07
-1.011637968406918480e+04,-3.391286371364101797e+03,-1.523204895612689688e+04,-2.339179905522990227e+07,0.000000000000000000e+00,-3.727833199075420201e+07
-9.932844839275931008e+03,-3.329760485893636087e+03,-1.495570387731887240e+04,-2.339214420099983364e+07,0.000000000000000000e+00,-3.727883478020200133e+07
-9.741155845149396555e+03,-3.265501107180763938e+03,-1.466708124411698918e+04,-2.339250408068145439e+07,0.000000000000000000e+00,-3.727936156795684248e+07
-9.541727420469986100e+03,-3.198647260271189225e+03,-1.436680549104856073e+04,-2.339287721200323477e+07,0.000000000000000000e+00,-3.727991121611666679e+07
-9.334992120708295261e+03,-3.129343949555621748e+03,-1.405552790902101333e+04,-2.339326237455097958e+07,0.000000000000000000e+00,-3.728048253488841653e+07
-9.121399550396141422e+03,-3.057741894735070218e+03,-1.373392545940327909e+04,-2.339365846762484685e+07,0.000000000000000000e+00,-3.728107428448042274e+07
-8.901415541071921325e+03,-2.983997255245700671e+03,-1.340269953627306131e+04,-2.339406445272208750e+07,0.000000000000000000e+00,-3.728168517725060135e+07
-8.675520855399126958e+03,-2.908271195844025442e+03,-1.306257401523163935e+04,-2.339431126046023145e+07,0.000000000000000000e+00,-3.728231388173213601e+07
-8.444211877688878303e+03,-2.830730118088885320e+03,-1.271429629311109420e+04,-2.339479455896626785e+07,0.000000000000000000e+00,-3.728295901955603063e+07
-8.207997680690246852e+03,-2.751544677049571874e+03,-1.235863287149383905e+04,-2.339525810966495052e+07,0.000000000000000000e+00,-3.728361917377294600e+07
-7.967400020258278346e+03,-2.670889779518400246e+03,-1.199636934868433855e+04,-2.339555093821636960e+07,0.000000000000000000e+00,-3.728429288985957205e+07
-7.722952237254139618e+03,-2.588944215897694903e+03,-1.162830876632015315e+04,-2.339600637794462591e+07,0.000000000000000000e+00,-3.728497867838728428e+07
-7.475198528559476472e+03,-2.505890415823915646e+03,-1.125527051175148335e+04,-2.339648577272006869e+07,0.000000000000000000e+00,-3.728567501667076349e+07
-7.224692529416827711e+03,-2.421913972929504780e+03,-1.087808818349692774e+04,-2.339697479070335627e+07,0.000000000000000000e+00,-3.728638035259237885e+07
-6.971996306674603147e+03,-2.337203307351145213e+03,-1.049760807539073721e+04,-2.339746616948863491e+07,0.000000000000000000e+00,-3.728709310767117888e+07
-6.717679257619031887e+03,-2.251949296588198195e+03,-1.011468751857411007e+04,-2.339795647774250805e+07,0.000000000000000000e+00,-3.728781168013202399e+07
-6.462316963776326702e+03,-2.166344891265927799e+03,-9.730193155685947204e+03,-2.339844385127637535e+07,0.000000000000000000e+00,-3.728853444807260484e+07
-6.206489803100806967e+03,-2.080584649903111767e+03,-9.344998851259737421e+03,-2.339874454101370648e+07,0.000000000000000000e+00,-3.728925977348928899e+07
-5.950782486436025465e+03,-1.994864583521167560e+03,-8.959984993781514277e+03,-2.339930622123849392e+07,0.000000000000000000e+00,-3.728998600298538059e+07
-5.695781751123344293e+03,-1.909381382478848536e+03,-8.576035022998217755e+03,-2.339981284841754287e+07,0.000000000000000000e+00,-3.729071147482769191e+07
-5.442075761948268337e+03,-1.824332215653112826e+03,-8.194034527933472418e+03,-2.340032100317181274e+07,0.000000000000000000e+00,-3.729143452010291070e+07
-5.190252503123100723e+03,-1.739914191387857727e+03,-7.814868825725122406e+03,-2.340082048511026800e+07,0.000000000000000000e+00,-3.729215346735724062e+07
-4.940897904842076969e+03,-1.656323729464105554e+03,-7.439420140813354919e+03,-2.340083002262871712e+07,0.000000000000000000e+00,-3.729286664858935028e+07
-4.694595875913383679e+03,-1.573756572039145567e+03,-7.068567654074127859e+03,-2.340135988140656427e+07,0.000000000000000000e+00,-3.729357239799291641e+07
-4.451925554290706714e+03,-1.492406861949725453e+03,-6.703183362994529489e+03,-2.340190703425337374e+07,0.000000000000000000e+00,-3.729426905893126875e+07
-4.213459829557020385e+03,-1.412466647408319204e+03,-6.344129857003467805e+03,-2.340244184311118349e+07,0.000000000000000000e+00,-3.729495498912551999e+07
-3.979763774820988147e+03,-1.334125356332035835e+03,-5.992257956406601807e+03,-2.340295252489248291e+07,0.000000000000000000e+00,-3.729562856504589319e+07
-3.751392889189257858e+03,-1.257569207171399057e+03,-5.648404066108825646e+03,-2.340343346201116592e+07,0.000000000000000000e+00,-3.729628818667255342e+07
-3.528890869023080541e+03,-1.182980461774782725e+03,-5.313386819835888673e+03,-2.340342661816173792e+07,0.000000000000000000e+00,-3.729693228437007964e+07
-3.312788492008780395e+03,-1.110537051298397955e+03,-4.988005399899583608e+03,-2.340387477680788562e+07,0.000000000000000000e+00,-3.729755932023574412e+07
-3.103600798715357541e+03,-1.040411631387534726e+03,-4.673035293520282721e+03,-2.340431167130658403e+07,0.000000000000000000e+00,-3.729816779496497661e+07
-2.901824620759326535e+03,-9.727707535500015865e+02,-4.369224571029667459e+03,-2.340471697705389932e+07,0.000000000000000000e+00,-3.729875625538244098e+07
-2.707935342006216160e+03,-9.077737794225383823e+02,-4.077289009270723000e+03,-2.340506014906199649e+07,0.000000000000000000e+00,-3.729932330649493635e+07
-2.522385241947220493e+03,-8.455723254254886569e+02,-3.797909597250075876e+03,-2.340550279584113136e+07,0.000000000000000000e+00,-3.729986761089754850e+07
-2.345599168980003014e+03,-7.863088123285237998e+02,-3.531726021475572452e+03,-2.340592502269780263e+07,0.000000000000000000e+00,-3.730038790224269778e+07
-2.177970943550855282e+03,-7.301152594857981057e+02,-3.279331250232822185e+03,-2.340631130346011370e+07,0.000000000000000000e+00,-3.730088299508342147e+07
-2.019858865117939786e+03,-6.771117786474911782e+02,-3.041264768501443541e+03,-2.340648235528803617e+07,0.000000000000000000e+00,-3.730135179813424498e+07
-1.871581301466249670e+03,-6.274050953778905750e+02,-2.818005936866796219e+03,-2.340685604968546331e+07,0.000000000000000000e+00,-3.730179332034632564e+07
-1.733409988534154309e+03,-5.810863029745175936e+02,-2.609963903190629935e+03,-2.340699636532788351e+07,0.000000000000000000e+00,-3.730220669464690983e+07
-1.605563724153312251e+03,-5.382287484377580995e+02,-2.417468107389930083e+03,-2.340728919157360122e+07,0.000000000000000000e+00,-3.730259119175008684e+07
-1.488200263058316978e+03,-4.988853154570494439e+02,-2.240756077900306991e+03,-2.340757510463732481e+07,0.000000000000000000e+00,-3.730294624096598476e+07
-1.381406772511022837e+03,-4.630852248758542373e+02,-2.079959060883074017e+03,-2.340783428592014313e+07,0.000000000000000000e+00,-3.730327145617201179e+07
-1.285188918093221218e+03,-4.308303759517048661e+02,-1.935085586901725264e+03,-2.340806077674945816e+07,0.000000000000000000e+00,-3.730356666479694098e+07
-1.199458157840368358e+03,-4.020910870033053470e+02,-1.806002339930100106e+03,-2.340807076524337009e+07,0.000000000000000000e+00,-3.730383194198393822e+07
-1.124017421459999468e+03,-3.768012946939771268e+02,-1.692412594811931058e+03,-2.340821971433274820e+07,0.000000000000000000e+00,-3.730406765012276918e+07
-1.058545833267462285e+03,-3.548534327430697317e+02,-1.593833214862940395e+03,-2.340845980419217795e+07,0.000000000000000000e+00,-3.730427448093045503e+07
-1.002583745764894275e+03,-3.360934147734589033e+02,-1.509572117202823847e+03,-2.340858408200217411e+07,0.000000000000000000e+00,-3.730445350445434451e+07
-9.555223198902484683e+02,-3.203171413268447054e+02,-1.438712583925658237e+03,-2.340868659864458814e+07,0.000000000000000000e+00,-3.730460620536088943e+07
-9.166067550683673062e+02,-3.072715826649640576e+02,-1.380118125529075769e+03,-2.340876219357609749e+07,0.000000000000000000e+00,-3.730473449631407857e+07
-8.849729887376308852e+02,-2.966670814518194561e+02,-1.332487738724273640e+03,-2.340880796779486910e+07,0.000000000000000000e+00,-3.730484065578401089e+07
-8.597616966296071723e+02,-2.882155687565160633e+02,-1.294527554584351719e+03,-2.340876231613982841e+07,0.000000000000000000e+00,-3.730492708392423391e+07
-8.403816000042360201e+02,-2.817188318196018599e+02,-1.265347295460923533e+03,-2.340899899542205036e+07,0.000000000000000000e+00,-3.730499567537504435e+07
-8.269262188518642915e+02,-2.772082210923863386e+02,-1.245087772703091105e+03,-2.340894505783938989e+07,0.000000000000000000e+00,-3.730504674537148327e+07
-8.200459272250880076e+02,-2.749017596947738298e+02,-1.234728242696865436e+03,-2.340890005457011983e+07,0.000000000000000000e+00,-3.730507889452427626e+07
-8.185243217680592807e+02,-2.743916760472471879e+02,-1.232437189025771204e+03,-2.340915798433642462e+07,0.000000000000000000e+00,-3.730509388666580617e+07
-8.183378396183777568e+02,-2.743291621447971238e+02,-1.232156406243580022e+03,-2.340884555914463848e+07,0.000000000000000000e+00,-3.730510015392186493e+07
-8.182404719556778900e+02,-2.742965218487784114e+02,-1.232009801524174009e+03,-2.340910177620261163e+07,0.000000000000000000e+00,-3.730510293287654221e+07
-8.182015372150873418e+02,-2.742834698618758580e+02,-1.231951178193171245e+03,-2.340910204290923476e+07,0.000000000000000000e+00,-3.730510416347641498e+07
-8.181862082520731292e+02,-2.742783311754108695e+02,-1.231928097652269116e+03,-2.340910495260743052e+07,0.000000000000000000e+00,-3.730510470364259183e+07
-8.181801764949908602e+02,-2.742763091659344354e+02,-1.231919015745298793e+03,-2.340910951918139309e+07,0.000000000000000000e+00,-3.730510493893818557e+07
-8.181778030629884597e+02,-2.742755135267972832e+02,-1.231915442111886023e+03,-2.340911471875773743e+07,0.000000000000000000e+00,-3.730510504077301174e+07
-8.181768691277052312e+02,-2.742752004462194009e+02,-1.231914035902510705e+03,-2.340912016582807153e+07,0.000000000000000000e+00,-3.730510508460482955e+07
-8.181765016313382830e+02,-2.742750772514145865e+02,-1.231913482569912730e+03,-2.340912571378773078e+07,0.000000000000000000e+00,-3.730510510338187963e+07
-8.181763570351995440e+02,-2.742750287788452965e+02,-1.231913264854135605e+03,-2.340913130482584611e+07,0.000000000000000000e+00,-3.730510511139302701e+07
-8.181763001560007069e+02,-2.742750097113866445e+02,-1.231913179212160230e+03,-2.340913691505864263e+07,0.000000000000000000e+00,-3.730510511479903758e+07
-8.181762777969337321e+02,-2.742750022160175831e+02,-1.231913145546519445e+03,-2.340914253411945328e+07,0.000000000000000000e+00,-3.730510511624301970e+07
-8.181762690234430693e+02,-2.742749992749041894e+02,-1.231913132336434046e+03,-2.340914815732360631e+07,0.000000000000000000e+00,-3.730510511685395986e+07
-8.181762655968408353e+02,-2.742749981262136885e+02,-1.231913127177061597e+03,-2.340915378249393031e+07,0.000000000000000000e+00,-3.730510511711234599e+07
-8.181762642747006566e+02,-2.742749976829962861e+02,-1.231913125186339130e+03,-2.340915940860120580e+07,0.000000000000000000e+00,-3.730510511722190678e+07
-8.181762637808818681e+02,-2.742749975174547217e+02,-1.231913124442805156e+03,-2.340916503515411913e+07,0.000000000000000000e+00,-3.730510511726878583e+07
-8.181762636131109048e+02,-2.742749974612133315e+02,-1.231913124190195276e+03,-2.340917066191800311e+07,0.000000000000000000e+00,-3.730510511728936434e+07
-8.181762635736823768e+02,-2.742749974479958155e+02,-1.231913124130828464e+03,-2.340917628878046200e+07,0.000000000000000000e+00,-3.730510511729890853e+07
-8.181762635847770753e+02,-2.742749974517150804e+02,-1.231913124147533608e+03,-2.340918191568821669e+07,0.000000000000000000e+00,-3.730510511730381101e+07
-8.181762636157619681e+02,-2.742749974621020215e+02,-1.231913124194187048e+03,-2.340918754261585325e+07,0.000000000000000000e+00,-3.730510511730681360e+07
-8.181762636545769283e+02,-2.742749974751138780e+02,-1.231913124252630041e+03,-2.340919316955170780e+07,0.000000000000000000e+00,-3.730510511730898917e+07
-8.181762636964766671e+02,-2.742749974891597731e+02,-1.231913124315717596e+03,-2.340919879648977146e+07,0.000000000000000000e+00,-3.730510511731083691e+07
-8.181762637395878528e+02,-2.742749975036118713e+02,-1.231913124380629370e+03,-2.340920442342806235e+07,0.000000000000000000e+00,-3.730510511731255054e+07
-8.181762637831781149e+02,-2.742749975182244953e+02,-1.231913124446262373e+03,-2.340921005036492273e+07,0.000000000000000000e+00,-3.730510511731418967e+07
-8.181762638269564150e+02,-2.742749975329001586e+02,-1.231913124512178683e+03,-2.340921567729996145e+07,0.000000000000000000e+00,-3.730510511731582880e+07
-8.181762638708086115e+02,-2.742749975476006625e+02,-1.231913124578206180e+03,-2.340922130423286185e+07,0.000000000000000000e+00,-3.730510511731743068e+07
-8.181762639146902529e+02,-2.742749975623109435e+02,-1.231913124644278014e+03,-2.340922693116379529e+07,0.000000000000000000e+00,-3.730510511731904745e+07
-8.181762639585839452e+02,-2.742749975770253172e+02,-1.231913124710367811e+03,-2.340923255809244141e+07,0.000000000000000000e+00,-3.730510511732067168e+07
-8.181762640024820712e+02,-2.742749975917411689e+02,-1.231913124776464429e+03,-2.340923818501883373e+07,0.000000000000000000e+00,-3.730510511732228100e+07
-8.181762640463805383e+02,-2.742749976064571342e+02,-1.231913124842561501e+03,-2.340924381194286048e+07,0.000000000000000000e+00,-3.730510511732389778e+07
-8.181762640902803696e+02,-2.742749976211735543e+02,-1.231913124908660848e+03,-2.340924943886472657e+07,0.000000000000000000e+00,-3.730510511732550710e+07
-8.181762641341802009e+02,-2.742749976358899744e+02,-1.231913124974759967e+03,-2.340925506578425691e+07,0.000000000000000000e+00,-3.730510511732711643e+07
-8.181762641780806007e+02,-2.742749976506065650e+02,-1.231913125040859995e+03,-2.340926069270157814e+07,0.000000000000000000e+00,-3.730510511732871830e+07
-8.181762642219806594e+02,-2.742749976653230988e+02,-1.231913125106959569e+03,-2.340926631961659342e+07,0.000000000000000000e+00,-3.730510511733032018e+07
-8.181762642658808318e+02,-2.742749976800395757e+02,-1.231913125173059143e+03,-2.340927194652932510e+07,0.000000000000000000e+00,-3.730510511733192950e+07
-8.181762643097815726e+02,-2.742749976947563368e+02,-1.231913125239159626e+03,-2.340927757343990356e+07,0.000000000000000000e+00,-3.730510511733355373e+07
-8.181762643536821997e+02,-2.742749977094730411e+02,-1.231913125305260110e+03,-2.340928320034808293e+07,0.000000000000000000e+00,-3.730510511733515561e+07
-8.181762643975829405e+02,-2.742749977241897454e+02,-1.231913125371360820e+03,-2.340928882725398988e+07,0.000000000000000000e+00,-3.730510511733675748e+07
-8.181762644414820898e+02,-2.742749977389059381e+02,-1.231913125437458802e+03,-2.340929445415761322e+07,0.000000000000000000e+00,-3.730510511733837426e+07
-8.181762644853814663e+02,-2.742749977536221877e+02,-1.231913125503557239e+03,-2.340930008105906472e+07,0.000000000000000000e+00,-3.730510511733999103e+07
-8.181762645292817524e+02,-2.742749977683387783e+02,-1.231913125569657268e+03,-2.340930570795821771e+07,0.000000000000000000e+00,-3.730510511734158546e+07
-8.181762645731828343e+02,-2.742749977830555963e+02,-1.231913125635758206e+03,-2.340931133485494927e+07,0.000000000000000000e+00,-3.730510511734319478e+07
-8.181762646170825519e+02,-2.742749977977720164e+02,-1.231913125701857325e+03,-2.340931696174957231e+07,0.000000000000000000e+00,-3.730510511734480411e+07
-8.181762646609822696e+02,-2.742749978124883796e+02,-1.231913125767956217e+03,-2.340932258864188194e+07,0.000000000000000000e+00,-3.730510511734642833e+07
-8.181762647048825556e+02,-2.742749978272049702e+02,-1.231913125834056245e+03,-2.340932821553188562e+07,0.000000000000000000e+00,-3.730510511734803766e+07
-8.181762647487826143e+02,-2.742749978419214472e+02,-1.231913125900155592e+03,-2.340933384241962433e+07,0.000000000000000000e+00,-3.730510511734966189e+07
-8.181762647926808540e+02,-2.742749978566373557e+02,-1.231913125966252437e+03,-2.340933946930510923e+07,0.000000000000000000e+00,-3.730510511735124886e+07
-8.181762648365813675e+02,-2.742749978713540031e+02,-1.231913126032352693e+03,-2.340934509618838504e+07,0.000000000000000000e+00,-3.730510511735285074e+07
-8.181762648804816536e+02,-2.742749978860705937e+02,-1.231913126098452494e+03,-2.340935072306933254e+07,0.000000000000000000e+00,-3.730510511735444516e+07
-8.181762649243814849e+02,-2.742749979007869570e+02,-1.231913126164551613e+03,-2.340935634994797781e+07,0.000000000000000000e+00,-3.730510511735607684e+07
-8.181762649682812025e+02,-2.742749979155033770e+02,-1.231913126230650732e+03,-2.340936197682432085e+07,0.000000000000000000e+00,-3.730510511735767871e+07
-8.181762650121804654e+02,-2.742749979302196266e+02,-1.231913126296748942e+03,-2.340936760369861871e+07,0.000000000000000000e+00,-3.730510511735930294e+07
-8.181762650560801831e+02,-2.742749979449359898e+02,-1.231913126362847834e+03,-2.340937323057040572e+07,0.000000000000000000e+00,-3.730510511736090481e+07
-8.181762650999800144e+02,-2.742749979596524099e+02,-1.231913126428947180e+03,-2.340937885744004324e+07,0.000000000000000000e+00,-3.730510511736252159e+07
-8.181762651438798457e+02,-2.742749979743688300e+02,-1.231913126495046299e+03,-2.340938448430741578e+07,0.000000000000000000e+00,-3.730510511736413091e+07
-8.181762651877796770e+02,-2.742749979890852501e+02,-1.231913126561145646e+03,-2.340939011117249355e+07,0.000000000000000000e+00,-3.730510511736574024e+07
-8.181762652316797357e+02,-2.742749980038017839e+02,-1.231913126627245219e+03,-2.340939573803524300e+07,0.000000000000000000e+00,-3.730510511736735702e+07
-8.181762652755775207e+02,-2.742749980185174650e+02,-1.231913126693341155e+03,-2.340940136489574984e+07,0.000000000000000000e+00,-3.730510511736895144e+07
-8.181762653194782615e+02,-2.742749980332342261e+02,-1.231913126759441639e+03,-2.340940699175404012e+07,0.000000000000000000e+00,-3.730510511737058312e+07
-8.181762653633772970e+02,-2.742749980479503620e+02,-1.231913126825539621e+03,-2.340941261860997602e+07,0.000000000000000000e+00,-3.730510511737217009e+07
-8.181762654072773557e+02,-2.742749980626668389e+02,-1.231913126891639195e+03,-2.340941824546370655e+07,0.000000000000000000e+00,-3.730510511737379432e+07
-8.181762654511768460e+02,-2.742749980773831453e+02,-1.231913126957737859e+03,-2.340942387231510878e+07,0.000000000000000000e+00,-3.730510511737540364e+07
-8.181762654950765636e+02,-2.742749980920995085e+02,-1.231913127023836751e+03,-2.340942949916424602e+07,0.000000000000000000e+00,-3.730510511737699807e+07
-8.181762655389755992e+02,-2.742749981068157012e+02,-1.231913127089934960e+03,-2.340943512601121515e+07,0.000000000000000000e+00,-3.730510511737861484e+07
-8.181762655828745210e+02,-2.742749981215318371e+02,-1.231913127156032715e+03,-2.340944075285585597e+07,0.000000000000000000e+00,-3.730510511738023162e+07
-8.181762656267720786e+02,-2.742749981362474614e+02,-1.231913127222128423e+03,-2.340944637969810143e+07,0.000000000000000000e+00,-3.730510511738182604e+07
-8.181762656706724783e+02,-2.742749981509641088e+02,-1.231913127288228452e+03,-2.340945200653830543e+07,0.000000000000000000e+00,-3.730510511738345027e+07
-8.181762657145716275e+02,-2.742749981656803016e+02,-1.231913127354326662e+03,-2.340945763337604329e+07,0.000000000000000000e+00,-3.730510511738507450e+07
-8.181762657584711178e+02,-2.742749981803966079e+02,-1.231913127420425326e+03,-2.340946326021164656e+07,0.000000000000000000e+00,-3.730510511738665402e+07
-8.181762658023693575e+02,-2.742749981951124596e+02,-1.231913127486521944e+03,-2.340946888704488799e+07,0.000000000000000000e+00,-3.730510511738826334e+07
-8.181762658462683930e+02,-2.742749982098286523e+02,-1.231913127552620153e+03,-2.340947451387581602e+07,0.000000000000000000e+00,-3.730510511738987267e+07
-8.181762658901677696e+02,-2.742749982245449019e+02,-1.231913127618718590e+03,-2.340948014070462808e+07,0.000000000000000000e+00,-3.730510511739147455e+07
-8.181762659340658956e+02,-2.742749982392607535e+02,-1.231913127684814981e+03,-2.340948576753107086e+07,0.000000000000000000e+00,-3.730510511739308387e+07
-8.181762659779662954e+02,-2.742749982539773441e+02,-1.231913127750915237e+03,-2.340949139435522631e+07,0.000000000000000000e+00,-3.730510511739469320e+07
-8.181762660218641940e+02,-2.742749982686930821e+02,-1.231913127817011400e+03,-2.340949702117720246e+07,0.000000000000000000e+00,-3.730510511739631742e+07
-8.181762660657632296e+02,-2.742749982834092748e+02,-1.231913127883109382e+03,-2.340950264799674228e+07,0.000000000000000000e+00,-3.730510511739792675e+07
-8.181762661096629472e+02,-2.742749982981256380e+02,-1.231913127949208501e+03,-2.340950827481424063e+07,0.000000000000000000e+00,-3.730510511739954352e+07
-8.181762661535623238e+02,-2.742749983128419444e+02,-1.231913128015306938e+03,-2.340951390162930638e+07,0.000000000000000000e+00,-3.730510511740115285e+07
-8.181762661974593129e+02,-2.742749983275573982e+02,-1.231913128081401737e+03,-2.340951952844218910e+07,0.000000000000000000e+00,-3.730510511740275472e+07
-8.181762662413586895e+02,-2.742749983422736477e+02,-1.231913128147500174e+03,-2.340952515525278077e+07,0.000000000000000000e+00,-3.730510511740435660e+07
-8.181762662852574977e+02,-2.742749983569897267e+02,-1.231913128213597929e+03,-2.340953078206099197e+07,0.000000000000000000e+00,-3.730510511740595847e+07
-8.181762663291568742e+02,-2.742749983717060331e+02,-1.231913128279696593e+03,-2.340953640886705741e+07,0.000000000000000000e+00,-3.730510511740757525e+07
-8.181762663730535223e+02,-2.742749983864213732e+02,-1.231913128345790710e+03,-2.340954203567080200e+07,0.000000000000000000e+00,-3.730510511740916967e+07
-8.181762664169532400e+02,-2.742749984011377933e+02,-1.231913128411889829e+03,-2.340954766247225180e+07,0.000000000000000000e+00,-3.730510511741078645e+07
-8.181762664608505702e+02,-2.742749984158533607e+02,-1.231913128477985310e+03,-2.340955328927146643e+07,0.000000000000000000e+00,-3.730510511741238087e+07
-8.181762665047488099e+02,-2.742749984305692124e+02,-1.231913128544081928e+03,-2.340955891606846824e+07,0.000000000000000000e+00,-3.730510511741398275e+07
-8.181762665486485275e+02,-2.742749984452856324e+02,-1.231913128610181047e+03,-2.340956454286306724e+07,0.000000000000000000e+00,-3.730510511741560698e+07
-8.181762665925457441e+02,-2.742749984600011430e+02,-1.231913128676276301e+03,-2.340957016965544969e+07,0.000000000000000000e+00,-3.730510511741723120e+07
-8.181762666364451206e+02,-2.742749984747174494e+02,-1.231913128742374738e+03,-2.340957579644558579e+07,0.000000000000000000e+00,-3.730510511741884053e+07
-8.181762666803424509e+02,-2.742749984894330169e+02,-1.231913128808470219e+03,-2.340958142323344201e+07,0.000000000000000000e+00,-3.730510511742044240e+07
-8.181762667242422822e+02,-2.742749985041493801e+02,-1.231913128874569338e+03,-2.340958705001904443e+07,0.000000000000000000e+00,-3.730510511742204428e+07
-8.181762667681400671e+02,-2.742749985188651181e+02,-1.231913128940665274e+03,-2.340959267680237070e+07,0.000000000000000000e+00,-3.730510511742365360e+07
-8.181762668120380795e+02,-2.742749985335809697e+02,-1.231913129006761892e+03,-2.340959830358340964e+07,0.000000000000000000e+00,-3.730510511742526293e+07
-8.181762668559354097e+02,-2.742749985482965371e+02,-1.231913129072857373e+03,-2.340960393036211655e+07,0.000000000000000000e+00,-3.730510511742687225e+07
-8.181762668998343315e+02,-2.742749985630126730e+02,-1.231913129138955128e+03,-2.340960955713868886e+07,0.000000000000000000e+00,-3.730510511742848158e+07
-8.181762669437324575e+02,-2.742749985777284678e+02,-1.231913129205051746e+03,-2.340961518391289562e+07,0.000000000000000000e+00,-3.730510511743009835e+07
-8.181762669876316068e+02,-2.742749985924446605e+02,-1.231913129271149728e+03,-2.340962081068490073e+07,0.000000000000000000e+00,-3.730510511743171513e+07
-8.181762670315288233e+02,-2.742749986071602279e+02,-1.231913129337244982e+03,-2.340962643745465577e+07,0.000000000000000000e+00,-3.730510511743332446e+07
-8.181762670754271767e+02,-2.742749986218761933e+02,-1.231913129403342055e+03,-2.340963206422199309e+07,0.000000000000000000e+00,-3.730510511743491888e+07
-8.181762671193258711e+02,-2.742749986365922155e+02,-1.231913129469439582e+03,-2.340963769098715857e+07,0.000000000000000000e+00,-3.730510511743655056e+07
-8.181762671632228603e+02,-2.742749986513076692e+02,-1.231913129535534381e+03,-2.340964331775008515e+07,0.000000000000000000e+00,-3.730510511743815243e+07
-8.181762672071214411e+02,-2.742749986660236914e+02,-1.231913129601631681e+03,-2.340964894451061636e+07,0.000000000000000000e+00,-3.730510511743976176e+07
-8.181762672510200218e+02,-2.742749986807396567e+02,-1.231913129667728981e+03,-2.340965457126903161e+07,0.000000000000000000e+00,-3.730510511744138598e+07
-8.181762672949183752e+02,-2.742749986954556221e+02,-1.231913129733826054e+03,-2.340966019802506641e+07,0.000000000000000000e+00,-3.730510511744296551e+07
-8.181762673388167286e+02,-2.742749987101715305e+02,-1.231913129799922899e+03,-2.340966582477886602e+07,0.000000000000000000e+00,-3.730510511744458973e+07
-8.181762673827150820e+02,-2.742749987248874390e+02,-1.231913129866019744e+03,-2.340967145153032988e+07,0.000000000000000000e+00,-3.730510511744620651e+07
-8.181762674266113891e+02,-2.742749987396026654e+02,-1.231913129932113634e+03,-2.340967707827954739e+07,0.000000000000000000e+00,-3.730510511744780838e+07
-8.181762674705098561e+02,-2.742749987543186307e+02,-1.231913129998210934e+03,-2.340968270502651855e+07,0.000000000000000000e+00,-3.730510511744941026e+07
-8.181762675144069590e+02,-2.742749987690341413e+02,-1.231913130064305960e+03,-2.340968833177128807e+07,0.000000000000000000e+00,-3.730510511745102704e+07
-8.181762675583046303e+02,-2.742749987837498793e+02,-1.231913130130401896e+03,-2.340969395851367339e+07,0.000000000000000000e+00,-3.730510511745262891e+07
-8.181762676022030973e+02,-2.742749987984658446e+02,-1.231913130196498969e+03,-2.340969958525390550e+07,0.000000000000000000e+00,-3.730510511745425314e+07
-8.181762676460999728e+02,-2.742749988131812415e+02,-1.231913130262593768e+03,-2.340970521199176088e+07,0.000000000000000000e+00,-3.730510511745586246e+07
-8.181762676899986673e+02,-2.742749988278973206e+02,-1.231913130328691295e+03,-2.340971083872741833e+07,0.000000000000000000e+00,-3.730510511745747924e+07
-8.181762677338964522e+02,-2.742749988426130585e+02,-1.231913130394787231e+03,-2.340971646546083689e+07,0.000000000000000000e+00,-3.730510511745908856e+07
-8.181762677777925319e+02,-2.742749988573281712e+02,-1.231913130460880893e+03,-2.340972209219188988e+07,0.000000000000000000e+00,-3.730510511746070534e+07
-8.181762678216908853e+02,-2.742749988720441365e+02,-1.231913130526977739e+03,-2.340972771892073750e+07,0.000000000000000000e+00,-3.730510511746230721e+07
-8.181762678655886702e+02,-2.742749988867598745e+02,-1.231913130593073902e+03,-2.340973334564736113e+07,0.000000000000000000e+00,-3.730510511746390909e+07
-8.181762679094852047e+02,-2.742749989014751577e+02,-1.231913130659168019e+03,-2.340973897237159312e+07,0.000000000000000000e+00,-3.730510511746551096e+07
-8.181762679533824212e+02,-2.742749989161907251e+02,-1.231913130725263272e+03,-2.340974459909355268e+07,0.000000000000000000e+00,-3.730510511746712774e+07
-8.181762679972797514e+02,-2.742749989309062926e+02,-1.231913130791358753e+03,-2.340975022581328452e+07,0.000000000000000000e+00,-3.730510511746873707e+07
-8.181762680411778774e+02,-2.742749989456221442e+02,-1.231913130857455371e+03,-2.340975585253071040e+07,0.000000000000000000e+00,-3.730510511747033894e+07
-8.181762680850747529e+02,-2.742749989603375980e+02,-1.231913130923550170e+03,-2.340976147924598306e+07,0.000000000000000000e+00,-3.730510511747195572e+07
-8.181762681289720831e+02,-2.742749989750531654e+02,-1.231913130989645424e+03,-2.340976710595889390e+07,0.000000000000000000e+00,-3.730510511747357249e+07
-8.181762681728683901e+02,-2.742749989897683918e+02,-1.231913131055739314e+03,-2.340977273266958445e+07,0.000000000000000000e+00,-3.730510511747517437e+07
-8.181762682167653793e+02,-2.742749990044839024e+02,-1.231913131121834340e+03,-2.340977835937788710e+07,0.000000000000000000e+00,-3.730510511747677624e+07
-8.181762682606625958e+02,-2.742749990191994129e+02,-1.231913131187929594e+03,-2.340978398608399555e+07,0.000000000000000000e+00,-3.730510511747838557e+07
-8.181762683045603808e+02,-2.742749990339151509e+02,-1.231913131254025529e+03,-2.340978961278788373e+07,0.000000000000000000e+00,-3.730510511747999489e+07
-8.181762683484571426e+02,-2.742749990486305478e+02,-1.231913131320120101e+03,-2.340979523948944360e+07,0.000000000000000000e+00,-3.730510511748161167e+07
-8.181762683923544728e+02,-2.742749990633461152e+02,-1.231913131386215582e+03,-2.340980086618878320e+07,0.000000000000000000e+00,-3.730510511748320609e+07
-8.181762684362510072e+02,-2.742749990780614553e+02,-1.231913131452309699e+03,-2.340980649288572744e+07,0.000000000000000000e+00,-3.730510511748479307e+07
-8.181762684801479963e+02,-2.742749990927769090e+02,-1.231913131518404725e+03,-2.340981211958056316e+07,0.000000000000000000e+00,-3.730510511748640984e+07
-8.181762685240463497e+02,-2.742749991074928175e+02,-1.231913131584501571e+03,-2.340981774627303332e+07,0.000000000000000000e+00,-3.730510511748801917e+07
-8.181762685679423157e+02,-2.742749991222079871e+02,-1.231913131650595005e+03,-2.340982337296326458e+07,0.000000000000000000e+00,-3.730510511748963594e+07
-8.181762686118387364e+02,-2.742749991369232134e+02,-1.231913131716688895e+03,-2.340982899965123460e+07,0.000000000000000000e+00,-3.730510511749125272e+07
-8.181762686557361803e+02,-2.742749991516388377e+02,-1.231913131782784603e+03,-2.340983462633692846e+07,0.000000000000000000e+00,-3.730510511749286950e+07
-8.181762686996328284e+02,-2.742749991663542346e+02,-1.231913131848878947e+03,-2.340984025302031264e+07,0.000000000000000000e+00,-3.730510511749448627e+07
-8.181762687435297039e+02,-2.742749991810696315e+02,-1.231913131914973746e+03,-2.340984587970148399e+07,0.000000000000000000e+00,-3.730510511749609560e+07
-8.181762687874266931e+02,-2.742749991957850852e+02,-1.231913131981068545e+03,-2.340985150638034567e+07,0.000000000000000000e+00,-3.730510511749769747e+07
-8.181762688313233411e+02,-2.742749992105004821e+02,-1.231913132047163117e+03,-2.340985713305697590e+07,0.000000000000000000e+00,-3.730510511749930680e+07
-8.181762688752197619e+02,-2.742749992252157085e+02,-1.231913132113257006e+03,-2.340986275973132253e+07,0.000000000000000000e+00,-3.730510511750092357e+07
-8.181762689191170921e+02,-2.742749992399312760e+02,-1.231913132179352488e+03,-2.340986838640337437e+07,0.000000000000000000e+00,-3.730510511750251055e+07
-8.181762689630132854e+02,-2.742749992546465023e+02,-1.231913132245446150e+03,-2.340987401307310537e+07,0.000000000000000000e+00,-3.730510511750412732e+07
-8.181762690069101609e+02,-2.742749992693619561e+02,-1.231913132311540721e+03,-2.340987963974064589e+07,0.000000000000000000e+00,-3.730510511750572920e+07
-8.181762690508066953e+02,-2.742749992840772393e+02,-1.231913132377635065e+03,-2.340988526640588418e+07,0.000000000000000000e+00,-3.730510511750733107e+07
-8.181762690947032297e+02,-2.742749992987925793e+02,-1.231913132443729182e+03,-2.340989089306887984e+07,0.000000000000000000e+00,-3.730510511750894785e+07
-8.181762691385998778e+02,-2.742749993135079194e+02,-1.231913132509823754e+03,-2.340989651972959936e+07,0.000000000000000000e+00,-3.730510511751055717e+07
-8.181757200687924296e+02,-2.742748152503338588e+02,-1.231912305785397848e+03,-2.340988808707171306e+07,0.000000000000000000e+00,-3.730510511849251390e+07
-8.183837384352526669e+02,-2.743445486799994910e+02,-1.232225515257624693e+03,-2.340984769455417618e+07,0.000000000000000000e+00,-3.730510473811785132e+07
-8.217781083759625744e+02,-2.754824340578510942e+02,-1.237336356361534627e+03,-2.340987066405029967e+07,0.000000000000000000e+00,-3.730509840401326120e+07
-8.314167453326830355e+02,-2.787135680376608207e+02,-1.251849076779323923e+03,-2.340989436758393049e+07,0.000000000000000000e+00,-3.730507899234530330e+07
-8.471449812070451344e+02,-2.839861016546344672e+02,-1.275530795567425912e+03,-2.340991964702367038e+07,0.000000000000000000e+00,-3.730504482806367427e+07
-8.685879235547997723e+02,-2.911743607371204234e+02,-1.307817043988761043e+03,-2.340976352764175832e+07,0.000000000000000000e+00,-3.730499567955470830e+07
-8.960870487386583818e+02,-3.003928174748911601e+02,-1.349221976794002785e+03,-2.340977725238071382e+07,0.000000000000000000e+00,-3.730493032764749974e+07
-9.303935964241716192e+02,-3.118933078921938886e+02,-1.400876721888667362e+03,-2.340978658895838633e+07,0.000000000000000000e+00,-3.730484677413546294e+07
-9.723548189030674394e+02,-3.259598540640964757e+02,-1.464056971643823090e+03,-2.340976254453771189e+07,0.000000000000000000e+00,-3.730474276625829935e+07
-1.022756821174709330e+03,-3.428559798256127920e+02,-1.539946350064192984e+03,-2.340969942122411728e+07,0.000000000000000000e+00,-3.730461612043423206e+07
-1.082263465218448346e+03,-3.628042298175480482e+02,-1.629544422061868318e+03,-2.340960219637631997e+07,0.000000000000000000e+00,-3.730446488884376734e+07
-1.151400664716317806e+03,-3.859809046492201787e+02,-1.733643046305819325e+03,-2.340947699988176301e+07,0.000000000000000000e+00,-3.730428743589152396e+07
-1.230559543878381419e+03,-4.125171198228665617e+02,-1.852831131407790281e+03,-2.340932779434967786e+07,0.000000000000000000e+00,-3.730408246347060055e+07
-1.320006831684580902e+03,-4.425022901669902353e+02,-1.987510286343261214e+03,-2.340915623214951530e+07,0.000000000000000000e+00,-3.730384900753055513e+07
-1.419897569268354346e+03,-4.759883896979142719e+02,-2.137913953727919761e+03,-2.340896233681157231e+07,0.000000000000000000e+00,-3.730358641927524656e+07
-1.530287983741828157e+03,-5.129942672770901027e+02,-2.304126793702184386e+03,-2.340874499686920270e+07,0.000000000000000000e+00,-3.730329433897628635e+07
-1.651147572814354362e+03,-5.535096977048119697e+02,-2.486102879521612977e+03,-2.340850206740934402e+07,0.000000000000000000e+00,-3.730297266718622297e+07
-1.782370001575386596e+03,-5.974990346190216997e+02,-2.683682104644758056e+03,-2.340820957793283090e+07,0.000000000000000000e+00,-3.730262153580281138e+07
-1.923782866142147213e+03,-6.449044835362880121e+02,-2.896604883679937757e+03,-2.340814115832489356e+07,0.000000000000000000e+00,-3.730224128189748526e+07
-2.075155860111982747e+03,-6.956488394693578812e+02,-3.124524448464064790e+03,-2.340785192549503967e+07,0.000000000000000000e+00,-3.730183242231892049e+07
-2.236208059561046866e+03,-7.496379290573964909e+02,-3.367017816952713019e+03,-2.340755204461292922e+07,0.000000000000000000e+00,-3.730139563289725780e+07
-2.406614279802202418e+03,-8.067627415246020064e+02,-3.623595364474907001e+03,-2.340723453918445855e+07,0.000000000000000000e+00,-3.730093172876608372e+07
-2.586010468532931100e+03,-8.669012366104713010e+02,-3.893708944097879339e+03,-2.340689276940040663e+07,0.000000000000000000e+00,-3.730044164755939692e+07
-2.773998707585104512e+03,-9.299200212927339635e+02,-4.176759417670754374e+03,-2.340669204431676120e+07,0.000000000000000000e+00,-3.729992643325351179e+07
-2.970150749882488526e+03,-9.956755354719705338e+02,-4.472101981357155637e+03,-2.340631220281489938e+07,0.000000000000000000e+00,-3.729938722600643337e+07
-3.174011829168249278e+03,-1.064015329096174582e+03,-4.779051901872648159e+03,-2.340609080226964131e+07,0.000000000000000000e+00,-3.729882525096745789e+07
-3.385104600616650714e+03,-1.134779383161263695e+03,-5.096890449792116669e+03,-2.340562190999328718e+07,0.000000000000000000e+00,-3.729824180254781246e+07
-3.602930921490926721e+03,-1.207800706636163113e+03,-5.424867580653952245e+03,-2.340517122846260667e+07,0.000000000000000000e+00,-3.729763824282664806e+07
-3.826975029699116931e+03,-1.282906402001408424e+03,-5.762206720853783736e+03,-2.340470888559653983e+07,0.000000000000000000e+00,-3.729701599016586691e+07
-4.056706235987528089e+03,-1.359918567745819018e+03,-6.108108821231220645e+03,-2.340439269733658060e+07,0.000000000000000000e+00,-3.729637651006357372e+07
-4.291580146629215051e+03,-1.438654708245020856e+03,-6.461754198049669867e+03,-2.340392328899494186e+07,0.000000000000000000e+00,-3.729572131329413503e+07
-4.531041438830323386e+03,-1.518928664153347199e+03,-6.822306711875203291e+03,-2.340351881219146773e+07,0.000000000000000000e+00,-3.729505194621173292e+07
-4.774525477675613729e+03,-1.600551154448075067e+03,-7.188916202182031157e+03,-2.340353029913971573e+07,0.000000000000000000e+00,-3.729436998609995097e+07
-5.021461124477011253e+03,-1.683330717864452708e+03,-7.560722715831863752e+03,-2.340289514709047601e+07,0.000000000000000000e+00,-3.729367703154450655e+07
-5.271270135613167440e+03,-1.767073511370323104e+03,-7.936855601917553031e+03,-2.340236852947814018e+07,0.000000000000000000e+00,-3.729297470616064221e+07
-5.523370256587793847e+03,-1.851584347378862958e+03,-8.316438170430485116e+03,-2.340186984568299353e+07,0.000000000000000000e+00,-3.729226464941076934e+07
-5.777176567859349234e+03,-1.936667144907395368e+03,-8.698589718651861403e+03,-2.340137193691797554e+07,0.000000000000000000e+00,-3.729154851184298843e+07
-6.032102882912864516e+03,-2.022125398249199179e+03,-9.082427636204029113e+03,-2.340086060510754958e+07,0.000000000000000000e+00,-3.729082795089852810e+07
-6.287563126129425655e+03,-2.107762638872932257e+03,-9.467069479683508689e+03,-2.340081802722973004e+07,0.000000000000000000e+00,-3.729010462692486495e+07
-6.542973257714059400e+03,-2.193383080710963441e+03,-9.851635870989919567e+03,-2.340024597722788155e+07,0.000000000000000000e+00,-3.728938019723728299e+07
-6.797751329335186711e+03,-2.278791638811227131e+03,-1.023525058110127429e+04,-2.339970661201645061e+07,0.000000000000000000e+00,-3.728865631603438407e+07
-7.051319217130569086e+03,-2.363794510288088532e+03,-1.061704313942955014e+04,-2.339920372959242389e+07,0.000000000000000000e+00,-3.728793463009411842e+07
-7.303104171376907289e+03,-2.448199693813849535e+03,-1.099615116713000134e+04,-2.339871285100790486e+07,0.000000000000000000e+00,-3.728721677407861501e+07
-7.552539916846097185e+03,-2.531817358488180616e+03,-1.137172203388759044e+04,-2.339821360357299075e+07,0.000000000000000000e+00,-3.728650436674275249e+07
-7.799067907102959907e+03,-2.614460264312924210e+03,-1.174291474649025258e+04,-2.339791857902555540e+07,0.000000000000000000e+00,-3.728579900794740766e+07
-8.042137923409743053e+03,-2.695943962961220677e+03,-1.210890085058853401e+04,-2.339746705242272466e+07,0.000000000000000000e+00,-3.728510227591361851e+07
-8.281209576172641391e+03,-2.776087301103329082e+03,-1.246886669139630794e+04,-2.339702556432406604e+07,0.000000000000000000e+00,-3.728441572379993647e+07
-8.515753274895823779e+03,-2.854712745561668271e+03,-1.282201487413291579e+04,-2.339659077083130181e+07,0.000000000000000000e+00,-3.728374087653660774e+07
-8.745251235091673152e+03,-2.931646720854595060e+03,-1.316756578010962039e+04,-2.339616105843425542e+07,0.000000000000000000e+00,-3.728307922787722945e+07
-8.969198459737106532e+03,-3.006719938207325413e+03,-1.350475904449052905e+04,-2.339573564345493168e+07,0.000000000000000000e+00,-3.728243223753859103e+07
-9.187103770316276496e+03,-3.079767741185569776e+03,-1.383285510871484803e+04,-2.339547654439593479e+07,0.000000000000000000e+00,-3.728180132818645239e+07
-9.398490647192660617e+03,-3.150630387411176343e+03,-1.415113648582985843e+04,-2.339506312027542666e+07,0.000000000000000000e+00,-3.728118788289025426e+07
-9.602897925627590666e+03,-3.219153281886522109e+03,-1.445890880847336120e+04,-2.339467756892145425e+07,0.000000000000000000e+00,-3.728059324321156740e+07
-9.799880909799918300e+03,-3.285187350444291042e+03,-1.475550250623283137e+04,-2.339430626632943749e+07,0.000000000000000000e+00,-3.728001870607252419e+07
-9.989011768130138080e+03,-3.348589172270898871e+03,-1.504027340087776611e+04,-2.339411286220473051e+07,0.000000000000000000e+00,-3.727946552263615280e+07
-1.016988164300180688e+04,-3.409221687142651717e+03,-1.531260588292885768e+04,-2.339370797220081091e+07,0.000000000000000000e+00,-3.727893489170581847e+07
-1.034209957060031229e+04,-3.466953833326241238e+03,-1.557191128527887849e+04,-2.339335471418196708e+07,0.000000000000000000e+00,-3.727842796260099858e+07
-1.050529415931816402e+04,-3.521661110225975790e+03,-1.581763041033700756e+04,-2.339303375331089273e+07,0.000000000000000000e+00,-3.727794583117237687e+07
-1.065911416968729282e+04,-3.573225772792899534e+03,-1.604923440322234273e+04,-2.339273481154609099e+07,0.000000000000000000e+00,-3.727748953766249120e+07
-1.080322911502375064e+04,-3.621537032877280126e+03,-1.626622565614371524e+04,-2.339245406025193259e+07,0.000000000000000000e+00,-3.727706006482800841e+07
-1.093732984451516859e+04,-3.666491254695425596e+03,-1.646813868634386017e+04,-2.339219034778076410e+07,0.000000000000000000e+00,-3.727665833619740605e+07
-1.106112909321218649e+04,-3.707992139201812734e+03,-1.665454096421153008e+04,-2.339194364040649682e+07,0.000000000000000000e+00,-3.727628521443095803e+07
-1.117436199375053729e+04,-3.745950895632282482e+03,-1.682503368377211518e+04,-2.339171438083338737e+07,0.000000000000000000e+00,-3.727594149978426099e+07
-1.127678654782692502e+04,-3.780286399555617209e+03,-1.697925247258031231e+04,-2.339150321880740672e+07,0.000000000000000000e+00,-3.727562792868120968e+07
-1.136818405644575250e+04,-3.810925337103974016e+03,-1.711686803953479830e+04,-2.339131089234647900e+07,0.000000000000000000e+00,-3.727534517240000516e+07
-1.144835950828452951e+04,-3.837802335163563839e+03,-1.723758675963295536e+04,-2.339113816991597787e+07,0.000000000000000000e+00,-3.727509383587610722e+07
-1.151714192565861413e+04,-3.860860077351467680e+03,-1.734115119488371056e+04,-2.339098581739967316e+07,0.000000000000000000e+00,-3.727487445662365109e+07
-1.157438466764204350e+04,-3.880049405630003548e+03,-1.742734055071103285e+04,-2.339085457543696091e+07,0.000000000000000000e+00,-3.727468750377753377e+07
-1.161996568995701091e+04,-3.895329407428770992e+03,-1.749597106726481798e+04,-2.339074514147596806e+07,0.000000000000000000e+00,-3.727453337725704908e+07
-1.165378776130115875e+04,-3.906667488163456710e+03,-1.754689634514094723e+04,-2.339065815442619100e+07,0.000000000000000000e+00,-3.727441240705250949e+07
-1.167577863583413091e+04,-3.914039429058032965e+03,-1.758000760509116299e+04,-2.006751406542963266e+09,0.000000000000000000e+00,-3.727432485263566673e+07
