# chamber environmental conditions throughout the simulation, with rows corresponding to the time points in the time output file, first column is temperature (K), second is pressure (Pa), third is relative humidity (fraction (0-1), fourth is transmission factor of light (0-1))
295.0,101300.0,0.500000169473021,1.0
295.0,101300.0,0.5000000909149522,1.0
295.0,101300.0,0.4999999169850281,1.0
295.0,101300.0,0.49999976351119996,1.0
295.0,101300.0,0.49999961979443996,1.0
295.0,101300.0,0.49999948014144097,1.0
295.0,101300.0,0.49999934215115277,1.0
295.0,101300.0,0.4999992048387986,1.0
295.0,101300.0,0.4999990678017639,1.0
295.0,101300.0,0.4999989308766923,1.0
295.0,101300.0,0.49999879399729136,1.0
295.0,101300.0,0.4999986571366313,1.0
295.0,101300.0,0.4999985202837613,1.0
295.0,101300.0,0.4999983834342222,1.0
295.0,101300.0,0.4999982465861881,1.0
295.0,101300.0,0.49999810973889963,1.0
295.0,101300.0,0.49999797289202824,1.0
295.0,101300.0,0.4999978360454128,1.0
295.0,101300.0,0.49999769919895803,1.0
295.0,101300.0,0.49999756235258974,1.0
295.0,101300.0,0.49999742550623966,1.0
295.0,101300.0,0.49999728865984056,1.0
295.0,101300.0,0.4999971518133234,1.0
295.0,101300.0,0.4999970149666223,1.0
295.0,101300.0,0.4999968781196715,1.0
295.0,101300.0,0.49999674127241267,1.0
295.0,101300.0,0.4999966044277711,1.0
295.0,101300.0,0.4999964675827023,1.0
295.0,101300.0,0.4999963307372429,1.0
295.0,101300.0,0.49999619389161326,1.0
295.0,101300.0,0.4999960570465332,1.0
295.0,101300.0,0.4999959202016713,1.0
295.0,101300.0,0.49999578335677386,1.0
295.0,101300.0,0.49999564651163797,1.0
295.0,101300.0,0.4999955096661003,1.0
295.0,101300.0,0.49999537282003775,1.0
295.0,101300.0,0.49999523597442336,1.0
295.0,101300.0,0.49999509912788664,1.0
295.0,101300.0,0.4999949622809995,1.0
295.0,101300.0,0.4999948254334043,1.0
295.0,101300.0,0.49999468858486745,1.0
295.0,101300.0,0.49999455173809493,1.0
295.0,101300.0,0.499994414892548,1.0
295.0,101300.0,0.4999942780473686,1.0
295.0,101300.0,0.4999941412019338,1.0
295.0,101300.0,0.49999400435578994,1.0
295.0,101300.0,0.4999938675087074,1.0
295.0,101300.0,0.49999373066309183,1.0
295.0,101300.0,0.4999935938193607,1.0
295.0,101300.0,0.49999345697640263,1.0
295.0,101300.0,0.49999332013195386,1.0
295.0,101300.0,0.4999931832888952,1.0
295.0,101300.0,0.4999930464461421,1.0
295.0,101300.0,0.49999290960301884,1.0
295.0,101300.0,0.4999927727591367,1.0
295.0,101300.0,0.4999926359174234,1.0
295.0,101300.0,0.49999249907487164,1.0
295.0,101300.0,0.4999923622322993,1.0
295.0,101300.0,0.4999922253901522,1.0
295.0,101300.0,0.49999208854783733,1.0
295.0,101300.0,0.49999195170505556,1.0
295.0,101300.0,0.4999918148616979,1.0
295.0,101300.0,0.4999916780180403,1.0
295.0,101300.0,0.4999915411752632,1.0
295.0,101300.0,0.49999140433125544,1.0
295.0,101300.0,0.49999126748731115,1.0
295.0,101300.0,0.4999911306434621,1.0
295.0,101300.0,0.4999909937998356,1.0
295.0,101300.0,0.4999908569565699,1.0
295.0,101300.0,0.4999907201149342,1.0
295.0,101300.0,0.49999058327263557,1.0
295.0,101300.0,0.49999044643196017,1.0
295.0,101300.0,0.4999903095916913,1.0
295.0,101300.0,0.4999901727491186,1.0
295.0,101300.0,0.4999900359085937,1.0
295.0,101300.0,0.4999898990672785,1.0
295.0,101300.0,0.4999897622260653,1.0
295.0,101300.0,0.4999896253849348,1.0
295.0,101300.0,0.4999894885438782,1.0
295.0,101300.0,0.4999893517028919,1.0
295.0,101300.0,0.4999892148619747,1.0
295.0,101300.0,0.4999890780211262,1.0
295.0,101300.0,0.4999889411803462,1.0
295.0,101300.0,0.499988804339635,1.0
295.0,101300.0,0.4999886674989923,1.0
295.0,101300.0,0.49998853065841814,1.0
295.0,101300.0,0.4999883938179124,1.0
295.0,101300.0,0.4999882569774755,1.0
295.0,101300.0,0.49998812013710764,1.0
295.0,101300.0,0.499987983296808,1.0
295.0,101300.0,0.4999878464565763,1.0
295.0,101300.0,0.4999877096164134,1.0
295.0,101300.0,0.49998757277631867,1.0
295.0,101300.0,0.4999874359362932,1.0
295.0,101300.0,0.49998729909633555,1.0
295.0,101300.0,0.49998716225644707,1.0
295.0,101300.0,0.4999870254166271,1.0
295.0,101300.0,0.4999868885768756,1.0
295.0,101300.0,0.49998675173719215,1.0
295.0,101300.0,0.4999866148975772,1.0
295.0,101300.0,0.4999864780580306,1.0
295.0,101300.0,0.49998634121855334,1.0
295.0,101300.0,0.4999862043791436,1.0
295.0,101300.0,0.49998606753980346,1.0
295.0,101300.0,0.49998593070053177,1.0
295.0,101300.0,0.49998579386132797,1.0
295.0,101300.0,0.4999856570221928,1.0
295.0,101300.0,0.49998552018312603,1.0
295.0,101300.0,0.4999853833441279,1.0
295.0,101300.0,0.4999852465051987,1.0
295.0,101300.0,0.4999851096663381,1.0
295.0,101300.0,0.4999849728275458,1.0
295.0,101300.0,0.499984835988822,1.0
295.0,101300.0,0.4999846991501673,1.0
295.0,101300.0,0.4999845623115809,1.0
295.0,101300.0,0.4999844254730634,1.0
295.0,101300.0,0.4999842886346138,1.0
295.0,101300.0,0.4999841517962334,1.0
295.0,101300.0,0.4999840149579208,1.0
295.0,101300.0,0.4999838781196769,1.0
295.0,101300.0,0.4999837412815016,1.0
295.0,101300.0,0.4999836044433949,1.0
295.0,101300.0,0.4999834676053567,1.0
295.0,101300.0,0.499983330767387,1.0
295.0,101300.0,0.4999831939294858,1.0
295.0,101300.0,0.4999830570916528,1.0
295.0,101300.0,0.4999829202538884,1.0
295.0,101300.0,0.49998278341619307,1.0
295.0,101300.0,0.4999826465785664,1.0
295.0,101300.0,0.49998250974100766,1.0
295.0,101300.0,0.49998237290351755,1.0
295.0,101300.0,0.49998223606609615,1.0
295.0,101300.0,0.4999820992287433,1.0
295.0,101300.0,0.49998196239145903,1.0
295.0,101300.0,0.49998182555424286,1.0
295.0,101300.0,0.4999816887170952,1.0
295.0,101300.0,0.4999815518800167,1.0
295.0,101300.0,0.4999814150430062,1.0
295.0,101300.0,0.49998127820606403,1.0
295.0,101300.0,0.4999811413691913,1.0
295.0,101300.0,0.49998100453238686,1.0
295.0,101300.0,0.49998086769565087,1.0
295.0,101300.0,0.49998073085898315,1.0
295.0,101300.0,0.49998059402238365,1.0
295.0,101300.0,0.4999804571858531,1.0
295.0,101300.0,0.499980320349391,1.0
295.0,101300.0,0.4999801835129979,1.0
295.0,101300.0,0.49998004667667323,1.0
295.0,101300.0,0.4999799098404166,1.0
295.0,101300.0,0.4999797730042285,1.0
295.0,101300.0,0.49997963616810903,1.0
295.0,101300.0,0.49997949933205804,1.0
295.0,101300.0,0.4999793624960757,1.0
295.0,101300.0,0.49997922566016223,1.0
295.0,101300.0,0.49997908882431713,1.0
295.0,101300.0,0.49997895198854103,1.0
295.0,101300.0,0.4999788151528328,1.0
295.0,101300.0,0.49997867831719334,1.0
295.0,101300.0,0.4999785414816224,1.0
295.0,101300.0,0.49997840464612014,1.0
295.0,101300.0,0.4999782678106865,1.0
295.0,101300.0,0.49997813097532096,1.0
295.0,101300.0,0.4999779941400242,1.0
295.0,101300.0,0.49997785730479616,1.0
295.0,101300.0,0.49997772046963634,1.0
295.0,101300.0,0.499977583634545,1.0
295.0,101300.0,0.4999774467995222,1.0
295.0,101300.0,0.4999773099645684,1.0
295.0,101300.0,0.4999771731296822,1.0
295.0,101300.0,0.49997703629486495,1.0
295.0,101300.0,0.49997689946011625,1.0
295.0,101300.0,0.4999767626254369,1.0
295.0,101300.0,0.4999766257908254,1.0
295.0,101300.0,0.4999764889562825,1.0
295.0,101300.0,0.4999763521218081,1.0
295.0,101300.0,0.49997621528740244,1.0
295.0,101300.0,0.4999760784530653,1.0
295.0,101300.0,0.499975941618797,1.0
295.0,101300.0,0.49997580478459697,1.0
295.0,101300.0,0.49997566795046555,1.0
295.0,101300.0,0.499975531116402,1.0
295.0,101300.0,0.49997539428240706,1.0
295.0,101300.0,0.49997525744848126,1.0
295.0,101300.0,0.49997512061462385,1.0
295.0,101300.0,0.49997498378083455,1.0
295.0,101300.0,0.499974846947114,1.0
295.0,101300.0,0.49997471011346156,1.0
295.0,101300.0,0.49997457327987815,1.0
295.0,101300.0,0.49997443644636314,1.0
295.0,101300.0,0.49997429961291723,1.0
295.0,101300.0,0.49997416277953954,1.0
295.0,101300.0,0.4999740259462302,1.0
295.0,101300.0,0.4999738891129893,1.0
295.0,101300.0,0.49997375227981744,1.0
295.0,101300.0,0.4999736154467135,1.0
295.0,101300.0,0.49997347861367825,1.0
295.0,101300.0,0.4999733417807114,1.0
295.0,101300.0,0.49997320494781367,1.0
295.0,101300.0,0.49997306811498415,1.0
295.0,101300.0,0.49997293128222314,1.0
295.0,101300.0,0.4999727944495306,1.0
295.0,101300.0,0.49997265761690657,1.0
295.0,101300.0,0.4999725207843509,1.0
295.0,101300.0,0.49997238395186394,1.0
295.0,101300.0,0.4999722471194456,1.0
295.0,101300.0,0.49997211028709543,1.0
295.0,101300.0,0.4999719734548141,1.0
295.0,101300.0,0.49997183662260114,1.0
295.0,101300.0,0.49997169979045686,1.0
295.0,101300.0,0.4999715629583807,1.0
295.0,101300.0,0.4999714261263734,1.0
295.0,101300.0,0.4999712892944348,1.0
295.0,101300.0,0.49997115246256485,1.0
295.0,101300.0,0.49997101563076307,1.0
295.0,101300.0,0.49997087879902957,1.0
295.0,101300.0,0.49997074196736485,1.0
295.0,101300.0,0.4999706051357688,1.0
295.0,101300.0,0.4999704683042411,1.0
295.0,101300.0,0.4999703314727823,1.0
295.0,101300.0,0.4999701946416089,1.0
295.0,101300.0,0.4999700578111344,1.0
295.0,101300.0,0.4999699209805684,1.0
295.0,101300.0,0.49996978414967164,1.0
295.0,101300.0,0.4999696473180611,1.0
295.0,101300.0,0.4999695104852875,1.0
295.0,101300.0,0.49996937365252103,1.0
295.0,101300.0,0.4999692368192049,1.0
295.0,101300.0,0.4999690999852575,1.0
295.0,101300.0,0.49996896315086636,1.0
295.0,101300.0,0.49996882631630374,1.0
295.0,101300.0,0.49996868948183054,1.0
295.0,101300.0,0.4999685526476593,1.0
295.0,101300.0,0.4999684158139372,1.0
295.0,101300.0,0.4999682789807307,1.0
295.0,101300.0,0.49996814214800195,1.0
295.0,101300.0,0.4999680053155812,1.0
295.0,101300.0,0.4999678684838277,1.0
295.0,101300.0,0.49996773165245323,1.0
295.0,101300.0,0.4999675948218819,1.0
295.0,101300.0,0.4999674579918104,1.0
295.0,101300.0,0.4999673211617773,1.0
295.0,101300.0,0.49996718433112536,1.0
295.0,101300.0,0.4999670475013484,1.0
295.0,101300.0,0.49996691067223364,1.0
295.0,101300.0,0.4999667738412428,1.0
295.0,101300.0,0.49996663701114835,1.0
295.0,101300.0,0.49996650018115174,1.0
295.0,101300.0,0.49996636335037314,1.0
295.0,101300.0,0.49996622652058886,1.0
295.0,101300.0,0.49996608969025397,1.0
295.0,101300.0,0.4999659528585363,1.0
295.0,101300.0,0.49996581602414925,1.0
295.0,101300.0,0.4999656791913676,1.0
295.0,101300.0,0.4999655423597092,1.0
295.0,101300.0,0.49996540552851626,1.0
295.0,101300.0,0.49996526869713587,1.0
295.0,101300.0,0.4999651318648814,1.0
295.0,101300.0,0.49996499503102765,1.0
295.0,101300.0,0.49996485819772696,1.0
295.0,101300.0,0.49996472136563125,1.0
295.0,101300.0,0.49996458453424697,1.0
295.0,101300.0,0.4999644477031348,1.0
295.0,101300.0,0.499964310872334,1.0
295.0,101300.0,0.49996417404224947,1.0
295.0,101300.0,0.49996403721272237,1.0
295.0,101300.0,0.4999639003835576,1.0
295.0,101300.0,0.49996376355454913,1.0
295.0,101300.0,0.49996362672548134,1.0
295.0,101300.0,0.49996348989613115,1.0
295.0,101300.0,0.4999633530667387,1.0
295.0,101300.0,0.49996321623787343,1.0
295.0,101300.0,0.4999630794093472,1.0
295.0,101300.0,0.49996294258109913,1.0
295.0,101300.0,0.4999628057505067,1.0
295.0,101300.0,0.4999626689206321,1.0
295.0,101300.0,0.4999625320912179,1.0
295.0,101300.0,0.49996239526210934,1.0
295.0,101300.0,0.49996225843320313,1.0
295.0,101300.0,0.49996212160442094,1.0
295.0,101300.0,0.499961984775699,1.0
295.0,101300.0,0.4999618479469835,1.0
295.0,101300.0,0.4999617111182303,1.0
295.0,101300.0,0.4999615742894053,1.0
295.0,101300.0,0.4999614374604837,1.0
295.0,101300.0,0.4999613006314502,1.0
295.0,101300.0,0.499961163802299,1.0
295.0,101300.0,0.49996102697303413,1.0
295.0,101300.0,0.4999608901436671,1.0
295.0,101300.0,0.4999607533142165,1.0
