# tendency to change, top row gives equation number (where number 0 is the first equation), 3rd column from end is gas-particle partitioning, 2nd column from end is gas-wall partitioning, final column is dilution (molecules/cm3/s (air))
2.520000000000000000e+03,2.521000000000000000e+03,2.522000000000000000e+03,2.523000000000000000e+03,2.524000000000000000e+03,0.000000000000000000e+00,0.000000000000000000e+00,0.000000000000000000e+00
-1.515564338765107095e+02,-1.407309743139027887e+03,-2.165091912521581321e+02,-3.897165442538845923e+02,0.000000000000000000e+00,0.000000000000000000e+00,0.000000000000000000e+00,-3.730743626821240783e+07
-6.432409874966383541e+03,-5.972952026754497638e+04,-9.189156964237690772e+03,-1.654048253562783793e+04,-9.245308456894050231e-01,-1.512804878079682402e+07,0.000000000000000000e+00,-1.860189092430648208e+07
-6.639382315440694583e+03,-6.165140721480644424e+04,-9.484831879200992262e+03,-1.707269738256178243e+04,-8.563538493975443311e-01,-1.143731930230629444e+07,0.000000000000000000e+00,-1.857690723435930163e+07
-6.683022287925713499e+03,-6.205663553073876392e+04,-9.547174697036734869e+03,-1.718491445466611913e+04,-8.300519043922041096e-01,-1.034009722393063456e+07,0.000000000000000000e+00,-1.856595239632887021e+07
-6.680239428548097749e+03,-6.203079469366090052e+04,-9.543199183640139381e+03,-1.717775853055224798e+04,-8.198212668020190552e-01,-9.946811258113695309e+06,0.000000000000000000e+00,-1.856141153202040866e+07
-6.661113314261614505e+03,-6.185319506100069702e+04,-9.515876163230877864e+03,-1.712857709381557652e+04,-8.160567781007487254e-01,-9.795262065013576299e+06,0.000000000000000000e+00,-1.855969833033564687e+07
-6.633217445450824016e+03,-6.159416199347193469e+04,-9.476024922072605477e+03,-1.705684485973068877e+04,-8.149738024805345260e-01,-9.735119953845843673e+06,0.000000000000000000e+00,-1.855922934201056883e+07
-6.598358139717398444e+03,-6.127046844023297308e+04,-9.426225913881997258e+03,-1.696720664498759288e+04,-8.150606060140469511e-01,-9.711058904666535556e+06,0.000000000000000000e+00,-1.855932987881737947e+07
-6.556944061530357430e+03,-6.088590914278188575e+04,-9.367062945043368018e+03,-1.686071330107805989e+04,-8.157106349076916896e-01,-9.701495339862179011e+06,0.000000000000000000e+00,-1.855971841965889931e+07
-6.509091237920330059e+03,-6.044156149497448496e+04,-9.298701768457614889e+03,-1.673766318322370353e+04,-8.166808227002196885e-01,-9.697823794593662024e+06,0.000000000000000000e+00,-1.856027874301045015e+07
-6.454881563270351762e+03,-5.993818594465326169e+04,-9.221259376100502777e+03,-1.659826687698090245e+04,-8.178746631062900896e-01,-9.696573429217541590e+06,0.000000000000000000e+00,-1.856096280190998316e+07
-6.394412984285661878e+03,-5.937669199693828705e+04,-9.134875691836659826e+03,-1.644277624530598769e+04,-8.192549557931138038e-01,-9.696336342769771814e+06,0.000000000000000000e+00,-1.856175025603138283e+07
-6.327804020115677304e+03,-5.875818018678842782e+04,-9.039720028736681343e+03,-1.627149605172602423e+04,-8.208086544944158680e-01,-9.696539560221431777e+06,0.000000000000000000e+00,-1.856263186278847232e+07
-6.255190972506584330e+03,-5.808391617327541462e+04,-8.935987103580833718e+03,-1.608477678644549997e+04,-8.225327033043441372e-01,-9.696949154908342287e+06,0.000000000000000000e+00,-1.856360273152326047e+07
-6.176725388397921051e+03,-5.735530717798069236e+04,-8.823893411997030853e+03,-1.588300814159465153e+04,-8.244283372927103670e-01,-9.697469073849197477e+06,0.000000000000000000e+00,-1.856465960439444706e+07
-6.092572529302420662e+03,-5.657388777209389809e+04,-8.703675041860600686e+03,-1.566661507534907832e+04,-8.264987995039079216e-01,-9.698059343434877694e+06,0.000000000000000000e+00,-1.856579976713983342e+07
-6.002910489837412570e+03,-5.574131169134740048e+04,-8.575586414053446788e+03,-1.543605554529620167e+04,-8.287484386654274671e-01,-9.698702778807055205e+06,0.000000000000000000e+00,-1.856702061569956318e+07
-5.907929633483530779e+03,-5.485934659663277853e+04,-8.439899476405043970e+03,-1.519181905752907551e+04,-8.311823666265304444e-01,-9.699391428801963106e+06,0.000000000000000000e+00,-1.856831948577423766e+07
-5.807832160158174702e+03,-5.392987005861161742e+04,-8.296903085940250094e+03,-1.493442555469244689e+04,-8.338063445673419283e-01,-9.700121057212978601e+06,0.000000000000000000e+00,-1.856969358761535957e+07
-5.702831717533164010e+03,-5.295486594852223789e+04,-8.146902453618806248e+03,-1.466442441651384979e+04,-8.366267647676751684e-01,-9.700888897818714380e+06,0.000000000000000000e+00,-1.857113998297227919e+07
-5.593153017618157719e+03,-5.193642087788288336e+04,-7.990218596597367650e+03,-1.438239347387525959e+04,-8.396506745782795766e-01,-9.701692743274534121e+06,0.000000000000000000e+00,-1.857265557902325317e+07
-5.479031442715918274e+03,-5.087672053950494592e+04,-7.827187775308454547e+03,-1.408893799555521582e+04,-8.428858215330002901e-01,-9.702530577356658876e+06,0.000000000000000000e+00,-1.857423712925639376e+07
-5.360712634506821814e+03,-4.977804589184905490e+04,-7.658160906438316488e+03,-1.378468963158896804e+04,-8.463407116574394040e-01,-9.703400428254822269e+06,0.000000000000000000e+00,-1.857588123730108887e+07
-5.238452063966017704e+03,-4.864276916539873491e+04,-7.483502948522883344e+03,-1.347030530734118656e+04,-8.500246784212280859e-01,-9.704300311132756993e+06,0.000000000000000000e+00,-1.857758436211462319e+07
-5.112514581345706574e+03,-4.747334968392441806e+04,-7.303592259065295366e+03,-1.314646606631753093e+04,-8.539479620714840458e-01,-9.705228201288310811e+06,0.000000000000000000e+00,-1.857934282388579100e+07
-4.983173694697694373e+03,-4.627232716505001008e+04,-7.118819563853849104e+03,-1.281387521493692475e+04,-8.581219230634927753e-01,-9.706112596751812845e+06,0.000000000000000000e+00,-1.858115281541682407e+07
-4.850711983973857969e+03,-4.504232556547153217e+04,-6.929588548534082292e+03,-1.247325938736134594e+04,-8.625586790015631333e-01,-9.707115569620762020e+06,0.000000000000000000e+00,-1.858301039273612201e+07
-4.715419440492252761e+03,-4.378603766171377356e+04,-6.736313486417504464e+03,-1.212536427555150658e+04,-8.672718810989603622e-01,-9.708129096900679171e+06,0.000000000000000000e+00,-1.858491149900764972e+07
-4.577593482017393399e+03,-4.250622519016150181e+04,-6.539419260024847063e+03,-1.177095466804472380e+04,-8.722764536748761621e-01,-9.709088794673994184e+06,0.000000000000000000e+00,-1.858685196714854240e+07
-4.437538340135615726e+03,-4.120571315840214811e+04,-6.339340485908022856e+03,-1.141081287463443914e+04,-8.775888525224845305e-01,-9.710131205439236015e+06,0.000000000000000000e+00,-1.858882752725517005e+07
-4.295564657775187698e+03,-3.988738610791244719e+04,-6.136520939678839568e+03,-1.104573769142190940e+04,-8.832270980271010874e-01,-9.711196867865653709e+06,0.000000000000000000e+00,-1.859083381101289764e+07
-4.151988690871875406e+03,-3.855418070095312578e+04,-5.931412415531250190e+03,-1.067654234795624870e+04,-8.892111659154675607e-01,-9.712277883869787678e+06,0.000000000000000000e+00,-1.859286636257642135e+07
-4.007131743941669811e+03,-3.720908047945836006e+04,-5.724473919916671548e+03,-1.030405305585000679e+04,-8.955631501348123580e-01,-9.713369271865047514e+06,0.000000000000000000e+00,-1.859492064721692353e+07
-3.861319549633635233e+03,-3.585511010374089528e+04,-5.516170785190907736e+03,-9.929107413343632288e+03,-9.023075332745947863e-01,-9.714467617006486282e+06,0.000000000000000000e+00,-1.859699205998813361e+07
-3.714881620569299230e+03,-3.449532933385777142e+04,-5.306973743670427211e+03,-9.552552738606767889e+03,-9.094715005895169790e-01,-9.715570124458607286e+06,0.000000000000000000e+00,-1.859907593470182642e+07
-3.568150460690092586e+03,-3.313282570640799531e+04,-5.097357800985846552e+03,-9.175244041774521975e+03,-9.170854710781300989e-01,-9.716598586059484631e+06,0.000000000000000000e+00,-1.860116755542677268e+07
-3.421461304328984170e+03,-3.177071211162627878e+04,-4.887801863327120373e+03,-8.798043353988814488e+03,-9.251828895658940066e-01,-9.717736652447137982e+06,0.000000000000000000e+00,-1.860326215838085115e+07
-3.275150796691379583e+03,-3.041211454070566469e+04,-4.678786852416256806e+03,-8.421816334349259705e+03,-9.338016524725860634e-01,-9.718851116938743740e+06,0.000000000000000000e+00,-1.860535495225135982e+07
-3.129556650836977497e+03,-2.906016890062907260e+04,-4.470795215481396554e+03,-8.047431387866512523e+03,-9.429840213001567939e-01,-9.719963362715143710e+06,0.000000000000000000e+00,-1.860744112148905545e+07
-2.985016723951513541e+03,-2.771801243669262112e+04,-4.264309605645019474e+03,-7.675757290161033779e+03,-9.527776239092132782e-01,-9.721067000195359811e+06,0.000000000000000000e+00,-1.860951583966808021e+07
-2.841867938972291540e+03,-2.638877371902842060e+04,-4.059811341388988239e+03,-7.307660414500177467e+03,-9.632369442039642182e-01,-9.721960422254867852e+06,0.000000000000000000e+00,-1.861157428685180470e+07
-2.700446297413698176e+03,-2.507557276169862234e+04,-3.857780424876711550e+03,-6.944004764778079334e+03,-9.744221864432960345e-01,-9.723060959088765085e+06,0.000000000000000000e+00,-1.861361164596841484e+07
-2.561085293139663918e+03,-2.378150629343973560e+04,-3.658693275913805792e+03,-6.585647896644849425e+03,-9.864024057083158326e-01,-9.724157505997011438e+06,0.000000000000000000e+00,-1.861562312290883064e+07
-2.424115054424524260e+03,-2.250963979108486456e+04,-3.463021506320748813e+03,-6.233438711377346408e+03,-9.992565782145900188e-01,-9.725235646234543994e+06,0.000000000000000000e+00,-1.861760396178555116e+07
-2.289861431316225207e+03,-2.126299900507922939e+04,-3.271230616166035816e+03,-5.888215109098863650e+03,-1.013075226341957347e+00,-9.726288439134199172e+06,0.000000000000000000e+00,-1.861954945771708712e+07
-2.158644971958854512e+03,-2.004456045390364670e+04,-3.083778531369791835e+03,-5.550801356465624849e+03,-1.027962581254646901e+00,-9.727311573791915551e+06,0.000000000000000000e+00,-1.862145497074232996e+07
-2.030779626180119976e+03,-1.885723938595825530e+04,-2.901113751685885745e+03,-5.222004753034592795e+03,-1.044040156434357769e+00,-9.728112882764736190e+06,0.000000000000000000e+00,-1.862331594589573517e+07
-1.906572085872063553e+03,-1.770388365452630387e+04,-2.723674408388662414e+03,-4.902613935099590890e+03,-1.061447612112310646e+00,-9.729082321105295792e+06,0.000000000000000000e+00,-1.862512791734720394e+07
-1.786320145433983498e+03,-1.658725849331555946e+04,-2.551885922048547855e+03,-4.593394659687385683e+03,-1.080348429499705887e+00,-9.730024029009103775e+06,0.000000000000000000e+00,-1.862688652832255885e+07
-1.670311259824131184e+03,-1.551003312693835869e+04,-2.386158942605901757e+03,-4.295086096690622071e+03,-1.100934973858181509e+00,-9.730927547180250287e+06,0.000000000000000000e+00,-1.862858755329873785e+07
-1.558820660223467712e+03,-1.447476327350362772e+04,-2.226886657462096991e+03,-4.008395983431773857e+03,-1.123437723730832172e+00,-9.731778718609936535e+06,0.000000000000000000e+00,-1.863022693323360011e+07
-1.452110376119364446e+03,-1.348388206396552596e+04,-2.074443394456235183e+03,-3.733998110021222601e+03,-1.148127678451348999e+00,-9.732642956093979999e+06,0.000000000000000000e+00,-1.863180077402810007e+07
-1.350426722314963399e+03,-1.253967670721037211e+04,-1.929181031878518979e+03,-3.472525857381333935e+03,-1.175332259322720896e+00,-9.733468738629549742e+06,0.000000000000000000e+00,-1.863330538580822200e+07
-1.253998203876507887e+03,-1.164426903599614343e+04,-1.791426005537868377e+03,-3.224566809968162943e+03,-1.205448073966750799e+00,-9.734248104077551514e+06,0.000000000000000000e+00,-1.863473731181176379e+07
-1.163032904778697684e+03,-1.079959125865933493e+04,-1.661475578255282471e+03,-2.990656040859507812e+03,-1.238961662570255529e+00,-9.734905395969878882e+06,0.000000000000000000e+00,-1.863609336712063849e+07
-1.077715922244351759e+03,-1.000736213512612267e+04,-1.539594174634788260e+03,-2.771269514342618550e+03,-1.276467721358973462e+00,-9.735612815680989996e+06,0.000000000000000000e+00,-1.863737065651280805e+07
-9.982054852275518897e+02,-9.269050934255838001e+03,-1.426007836039359972e+03,-2.566814104870847586e+03,-1.318713273794619889e+00,-9.736188030879300088e+06,0.000000000000000000e+00,-1.863856664352069050e+07
-9.246292979506138181e+02,-8.585843480969984739e+03,-1.320898997072305519e+03,-2.377618194730149298e+03,-1.366636971495985842e+00,-9.736790660714453086e+06,0.000000000000000000e+00,-1.863967919085715339e+07
-8.570798490962582719e+02,-7.958598598750969359e+03,-1.224399784423226265e+03,-2.203919611961806822e+03,-1.421434599673208732e+00,-9.737353612451875582e+06,0.000000000000000000e+00,-1.864070662082686648e+07
-7.956088934507606609e+02,-7.387796867757062500e+03,-1.136584133501086626e+03,-2.045851440301955563e+03,-1.484651532635395288e+00,-9.737868127376157790e+06,0.000000000000000000e+00,-1.864164779085902497e+07
-7.402211462267225670e+02,-6.873482072105280167e+03,-1.057458780323889414e+03,-1.903425804583000627e+03,-1.558309601553305335e+00,-9.738331504358308390e+06,0.000000000000000000e+00,-1.864250217765533552e+07
-6.908669479531761226e+02,-6.415193088136635197e+03,-9.869527827902516037e+02,-1.776515009022452659e+03,-1.645090727402425124e+00,-9.738667412891499698e+06,0.000000000000000000e+00,-1.864326997625172511e+07
-6.474340023532408850e+02,-6.011887164708664386e+03,-9.249057176474869948e+02,-1.664830291765476204e+03,-1.748600885077844280e+00,-9.739024248290009797e+06,0.000000000000000000e+00,-1.864395221459621191e+07
-6.097385670665133830e+02,-5.661858122760480001e+03,-8.710550958093047029e+02,-1.567899172456748374e+03,-1.873726178263019904e+00,-9.739382769143834710e+06,0.000000000000000000e+00,-1.864455087522316352e+07
-5.775168281950906248e+02,-5.362656261811554941e+03,-8.250240402787009089e+02,-1.485043272501661477e+03,-2.027174487829180638e+00,-9.739658350352386013e+06,0.000000000000000000e+00,-1.864506903699204698e+07
-5.504188980600074501e+02,-5.111032624842925543e+03,-7.863127115142963248e+02,-1.415362880725733021e+03,-2.218069055399582989e+00,-9.739891967027686536e+06,0.000000000000000000e+00,-1.864551097976820543e+07
-5.280106803820275445e+02,-4.902956317833111825e+03,-7.543009719743249661e+02,-1.357741749553784757e+03,-2.458474957197896327e+00,-9.740083851987501606e+06,0.000000000000000000e+00,-1.864588222260278463e+07
-5.097950175079280370e+02,-4.733810876859331074e+03,-7.282785964398972283e+02,-1.310901473591814693e+03,-2.762852844815971931e+00,-9.740235640324693173e+06,0.000000000000000000e+00,-1.864618934354718029e+07
-4.952773635323724193e+02,-4.599004089943457984e+03,-7.075390907605320763e+02,-1.273570363368957487e+03,-3.143445837747088412e+00,-9.740324792041921988e+06,0.000000000000000000e+00,-1.864643927466711774e+07
-4.841174527276803019e+02,-4.495376346757030660e+03,-6.915963610395432397e+02,-1.244873449871177627e+03,-3.593915494035128333e+00,-9.740508912721030414e+06,0.000000000000000000e+00,-1.864663749419526011e+07
-4.763693447513220462e+02,-4.423429629833703984e+03,-6.805276353590314784e+02,-1.224949743646256366e+03,-4.052969241910653331e+00,-9.740550326468957588e+06,0.000000000000000000e+00,-1.864678493850677460e+07
-4.724077401653672155e+02,-4.386643301535552382e+03,-6.748682002362388630e+02,-1.214762760425229771e+03,-4.382513672884656764e+00,-9.740571751768004149e+06,0.000000000000000000e+00,-1.864687763518719748e+07
-4.715320833681033150e+02,-4.378512202703816001e+03,-6.736172619544333884e+02,-1.212511071517979872e+03,-4.497462113194954370e+00,-9.740697490945344791e+06,0.000000000000000000e+00,-1.864692078560191393e+07
-4.714250319629296087e+02,-4.377518153941488890e+03,-6.734643313756137104e+02,-1.212235796476104497e+03,-4.507254015076761711e+00,-9.740575421494571492e+06,0.000000000000000000e+00,-1.864693880874786898e+07
-4.713691077260415341e+02,-4.376998857456099358e+03,-6.733844396086308279e+02,-1.212091991295535308e+03,-4.507324684810226856e+00,-9.740685463280443102e+06,0.000000000000000000e+00,-1.864694680282099545e+07
-4.713467522981841284e+02,-4.376791271340281128e+03,-6.733525032831201997e+02,-1.212034505909616200e+03,-4.507338567243611926e+00,-9.740687088792385533e+06,0.000000000000000000e+00,-1.864695034391742945e+07
-4.713379541149417378e+02,-4.376709573924458709e+03,-6.733399344499167682e+02,-1.212011882009850069e+03,-4.507343907756643731e+00,-9.740688964550409466e+06,0.000000000000000000e+00,-1.864695189862828702e+07
-4.713344935088713328e+02,-4.376677439725232944e+03,-6.733349907269590631e+02,-1.212002983308525927e+03,-4.507346039873311838e+00,-9.740691154190165922e+06,0.000000000000000000e+00,-1.864695257597342134e+07
-4.713331323542955147e+02,-4.376664800432743505e+03,-6.733330462204221476e+02,-1.211999483196759684e+03,-4.507346892459791476e+00,-9.740693442689590156e+06,0.000000000000000000e+00,-1.864695286916113645e+07
-4.713325969722274067e+02,-4.376659829027825253e+03,-6.733322813888962628e+02,-1.211998106500013137e+03,-4.507347233483200100e+00,-9.740695762637944892e+06,0.000000000000000000e+00,-1.864695299536616355e+07
-4.713323863955784532e+02,-4.376657873673228096e+03,-6.733319805651120760e+02,-1.211997565017201623e+03,-4.507347369920203128e+00,-9.740698093667652458e+06,0.000000000000000000e+00,-1.864695304943462834e+07
-4.713323035790223798e+02,-4.376657104662350321e+03,-6.733318622557462731e+02,-1.211997352060343019e+03,-4.507347424520509627e+00,-9.740700429349882528e+06,0.000000000000000000e+00,-1.864695307250421494e+07
-4.713322710171574386e+02,-4.376656802302175493e+03,-6.733318157387963083e+02,-1.211997268329833105e+03,-4.507347446378262568e+00,-9.740702767345305532e+06,0.000000000000000000e+00,-1.864695308231356367e+07
-4.713322582235195455e+02,-4.376656683504109424e+03,-6.733317974621706981e+02,-1.211997235431907256e+03,-4.507347455133042580e+00,-9.740705106598798186e+06,0.000000000000000000e+00,-1.864695308647324145e+07
-4.713322532061102947e+02,-4.376656636913880902e+03,-6.733317902944432944e+02,-1.211997222529997771e+03,-4.507347458643135241e+00,-9.740707446552090347e+06,0.000000000000000000e+00,-1.864695308823427930e+07
-4.713322512477114969e+02,-4.376656618728748981e+03,-6.733317874967307262e+02,-1.211997217494115148e+03,-4.507347460053478194e+00,-9.740709786890434101e+06,0.000000000000000000e+00,-1.864695308898007870e+07
-4.713322504926938450e+02,-4.376656611717870874e+03,-6.733317864181340155e+02,-1.211997215552641137e+03,-4.507347460622995960e+00,-9.740712127436181530e+06,0.000000000000000000e+00,-1.864695308929739147e+07
-4.713322502110848973e+02,-4.376656609102930815e+03,-6.733317860158356325e+02,-1.211997214828503957e+03,-4.507347460855736010e+00,-9.740714468090681359e+06,0.000000000000000000e+00,-1.864695308943431452e+07
-4.713322501157212514e+02,-4.376656608217411303e+03,-6.733317858796017390e+02,-1.211997214583283039e+03,-4.507347460953573304e+00,-9.740716808800758794e+06,0.000000000000000000e+00,-1.864695308949544653e+07
-4.713322500936294546e+02,-4.376656608012272955e+03,-6.733317858480420455e+02,-1.211997214526475545e+03,-4.507347460997342736e+00,-9.740719149538410828e+06,0.000000000000000000e+00,-1.864695308952482790e+07
-4.713322501003652292e+02,-4.376656608074819815e+03,-6.733317858576646131e+02,-1.211997214543796190e+03,-4.507347461019444168e+00,-9.740721490289289504e+06,0.000000000000000000e+00,-1.864695308954090253e+07
-4.713322501184429143e+02,-4.376656608242684342e+03,-6.733317858834899425e+02,-1.211997214590281601e+03,-4.507347461032857439e+00,-9.740723831046087667e+06,0.000000000000000000e+00,-1.864695308955142647e+07
-4.713322501409834331e+02,-4.376656608451988177e+03,-6.733317859156906025e+02,-1.211997214648242789e+03,-4.507347461042789050e+00,-9.740726171805325896e+06,0.000000000000000000e+00,-1.864695308955963328e+07
-4.713322501652806977e+02,-4.376656608677605618e+03,-6.733317859504010130e+02,-1.211997214710721664e+03,-4.507347461051328885e+00,-9.740728512565126643e+06,0.000000000000000000e+00,-1.864695308956688270e+07
-4.713322501902671888e+02,-4.376656608909623174e+03,-6.733317859860959516e+02,-1.211997214774972690e+03,-4.507347461059301175e+00,-9.740730853324810043e+06,0.000000000000000000e+00,-1.864695308957371861e+07
-4.713322502155266989e+02,-4.376656609144176400e+03,-6.733317860221809497e+02,-1.211997214839925618e+03,-4.507347461067050531e+00,-9.740733194083850831e+06,0.000000000000000000e+00,-1.864695308958039805e+07
-4.713322502408925061e+02,-4.376656609379715519e+03,-6.733317860584179471e+02,-1.211997214905152077e+03,-4.507347461074711958e+00,-9.740735534842079505e+06,0.000000000000000000e+00,-1.864695308958700299e+07
-4.713322502663007754e+02,-4.376656609615650268e+03,-6.733317860947154259e+02,-1.211997214970487676e+03,-4.507347461082333417e+00,-9.740737875599434599e+06,0.000000000000000000e+00,-1.864695308959358186e+07
-4.713322502917255292e+02,-4.376656609851736903e+03,-6.733317861310365515e+02,-1.211997215035865565e+03,-4.507347461089943330e+00,-9.740740216355916113e+06,0.000000000000000000e+00,-1.864695308960014582e+07
-4.713322503171569338e+02,-4.376656610087885383e+03,-6.733317861673669995e+02,-1.211997215101260508e+03,-4.507347461097544361e+00,-9.740742557111481205e+06,0.000000000000000000e+00,-1.864695308960670233e+07
-4.713322503425911236e+02,-4.376656610324060239e+03,-6.733317862037015402e+02,-1.211997215166662727e+03,-4.507347461105149833e+00,-9.740744897866096348e+06,0.000000000000000000e+00,-1.864695308961327001e+07
-4.713322503680254272e+02,-4.376656610560235094e+03,-6.733317862400363083e+02,-1.211997215232065173e+03,-4.507347461112750864e+00,-9.740747238619728014e+06,0.000000000000000000e+00,-1.864695308961982653e+07
-4.713322503934604697e+02,-4.376656610796418136e+03,-6.733317862763720996e+02,-1.211997215297469666e+03,-4.507347461120345677e+00,-9.740749579372439533e+06,0.000000000000000000e+00,-1.864695308962638676e+07
-4.713322504188956259e+02,-4.376656611032602086e+03,-6.733317863127080045e+02,-1.211997215362874158e+03,-4.507347461127946708e+00,-9.740751920124216005e+06,0.000000000000000000e+00,-1.864695308963294327e+07
-4.713322504443310095e+02,-4.376656611268787856e+03,-6.733317863490443642e+02,-1.211997215428279560e+03,-4.507347461135543298e+00,-9.740754260875053704e+06,0.000000000000000000e+00,-1.864695308963949978e+07
-4.713322504697665067e+02,-4.376656611504974535e+03,-6.733317863853807239e+02,-1.211997215493685189e+03,-4.507347461143146994e+00,-9.740756601624932140e+06,0.000000000000000000e+00,-1.864695308964606375e+07
-4.713322504952017766e+02,-4.376656611741159395e+03,-6.733317864217168562e+02,-1.211997215559090137e+03,-4.507347461150753354e+00,-9.740758942373868078e+06,0.000000000000000000e+00,-1.864695308965262026e+07
-4.713322505206372171e+02,-4.376656611977345165e+03,-6.733317864580531023e+02,-1.211997215624495539e+03,-4.507347461158351720e+00,-9.740761283121883869e+06,0.000000000000000000e+00,-1.864695308965917677e+07
-4.713322505460730554e+02,-4.376656612213534572e+03,-6.733317864943900304e+02,-1.211997215689901850e+03,-4.507347461165954527e+00,-9.740763623868932948e+06,0.000000000000000000e+00,-1.864695308966574073e+07
-4.713322505715087800e+02,-4.376656612449723980e+03,-6.733317865307268448e+02,-1.211997215755307934e+03,-4.507347461173557335e+00,-9.740765964614985511e+06,0.000000000000000000e+00,-1.864695308967230096e+07
-4.713322505969431973e+02,-4.376656612685900654e+03,-6.733317865670617266e+02,-1.211997215820710835e+03,-4.507347461181158366e+00,-9.740768305360138416e+06,0.000000000000000000e+00,-1.864695308967885002e+07
-4.713322506223782398e+02,-4.376656612922082786e+03,-6.733317866033975179e+02,-1.211997215886115328e+03,-4.507347461188754068e+00,-9.740770646104369313e+06,0.000000000000000000e+00,-1.864695308968541771e+07
-4.713322506478135097e+02,-4.376656613158267646e+03,-6.733317866397336502e+02,-1.211997215951520275e+03,-4.507347461196353322e+00,-9.740772986847655848e+06,0.000000000000000000e+00,-1.864695308969196677e+07
-4.713322506732491206e+02,-4.376656613394455235e+03,-6.733317866760701236e+02,-1.211997216016926131e+03,-4.507347461203954353e+00,-9.740775327589923516e+06,0.000000000000000000e+00,-1.864695308969851956e+07
-4.713322506986843905e+02,-4.376656613630640095e+03,-6.733317867124062559e+02,-1.211997216082331079e+03,-4.507347461211555384e+00,-9.740777668331280351e+06,0.000000000000000000e+00,-1.864695308970508724e+07
-4.713322507241190920e+02,-4.376656613866819498e+03,-6.733317867487414787e+02,-1.211997216147734662e+03,-4.507347461219153750e+00,-9.740780009071700275e+06,0.000000000000000000e+00,-1.864695308971163630e+07
-4.713322507495548734e+02,-4.376656614103008906e+03,-6.733317867850784069e+02,-1.211997216213140746e+03,-4.507347461226755669e+00,-9.740782349811172113e+06,0.000000000000000000e+00,-1.864695308971821144e+07
-4.713322507749898591e+02,-4.376656614339191037e+03,-6.733317868214140844e+02,-1.211997216278545011e+03,-4.507347461234364694e+00,-9.740784690549710765e+06,0.000000000000000000e+00,-1.864695308972476795e+07
-4.713322508004243332e+02,-4.376656614575368621e+03,-6.733317868577490799e+02,-1.211997216343948139e+03,-4.507347461241955955e+00,-9.740787031287269667e+06,0.000000000000000000e+00,-1.864695308973132819e+07
-4.713322508258600010e+02,-4.376656614811556210e+03,-6.733317868940856670e+02,-1.211997216409353996e+03,-4.507347461249557874e+00,-9.740789372023936361e+06,0.000000000000000000e+00,-1.864695308973788470e+07
-4.713322508512951003e+02,-4.376656615047739251e+03,-6.733317869304215719e+02,-1.211997216474758488e+03,-4.507347461257151799e+00,-9.740791712759602815e+06,0.000000000000000000e+00,-1.864695308974442631e+07
-4.713322508767301997e+02,-4.376656615283922292e+03,-6.733317869667573632e+02,-1.211997216540163208e+03,-4.507347461264761712e+00,-9.740794053494354710e+06,0.000000000000000000e+00,-1.864695308975099772e+07
-4.713322509021651285e+02,-4.376656615520104424e+03,-6.733317870030930408e+02,-1.211997216605567246e+03,-4.507347461272355638e+00,-9.740796394228126854e+06,0.000000000000000000e+00,-1.864695308975754678e+07
-4.713322509275999437e+02,-4.376656615756284737e+03,-6.733317870394284910e+02,-1.211997216670971056e+03,-4.507347461279951339e+00,-9.740798734961003065e+06,0.000000000000000000e+00,-1.864695308976411074e+07
-4.713322509530348157e+02,-4.376656615992465959e+03,-6.733317870757640549e+02,-1.211997216736375094e+03,-4.507347461287560364e+00,-9.740801075692895800e+06,0.000000000000000000e+00,-1.864695308977066353e+07
-4.713322509784698582e+02,-4.376656616228648090e+03,-6.733317871120998461e+02,-1.211997216801779359e+03,-4.507347461295154289e+00,-9.740803416423877701e+06,0.000000000000000000e+00,-1.864695308977722004e+07
-4.713322510039049575e+02,-4.376656616464831131e+03,-6.733317871484356374e+02,-1.211997216867184079e+03,-4.507347461302760649e+00,-9.740805757153932005e+06,0.000000000000000000e+00,-1.864695308978378028e+07
-4.713322510293400001e+02,-4.376656616701014173e+03,-6.733317871847714287e+02,-1.211997216932588344e+03,-4.507347461310362569e+00,-9.740808097882976755e+06,0.000000000000000000e+00,-1.864695308979033679e+07
-4.713322510547751563e+02,-4.376656616937197214e+03,-6.733317872211074473e+02,-1.211997216997993064e+03,-4.507347461317953830e+00,-9.740810438611084595e+06,0.000000000000000000e+00,-1.864695308979689330e+07
-4.713322510802091756e+02,-4.376656617173370250e+03,-6.733317872574416469e+02,-1.211997217063394828e+03,-4.507347461325548643e+00,-9.740812779338253662e+06,0.000000000000000000e+00,-1.864695308980344981e+07
-4.713322511056446729e+02,-4.376656617409556929e+03,-6.733317872937781203e+02,-1.211997217128800230e+03,-4.507347461333155891e+00,-9.740815120064513758e+06,0.000000000000000000e+00,-1.864695308981001005e+07
-4.713322511310793743e+02,-4.376656617645736333e+03,-6.733317873301134568e+02,-1.211997217194204040e+03,-4.507347461340750705e+00,-9.740817460789786652e+06,0.000000000000000000e+00,-1.864695308981656283e+07
-4.713322511565145305e+02,-4.376656617881920283e+03,-6.733317873664493618e+02,-1.211997217259608760e+03,-4.507347461348352624e+00,-9.740819801514148712e+06,0.000000000000000000e+00,-1.864695308982312307e+07
-4.713322511819492888e+02,-4.376656618118099686e+03,-6.733317874027846983e+02,-1.211997217325012343e+03,-4.507347461355954543e+00,-9.740822142237523571e+06,0.000000000000000000e+00,-1.864695308982967585e+07
-4.713322512073847292e+02,-4.376656618354286366e+03,-6.733317874391210580e+02,-1.211997217390417745e+03,-4.507347461363554686e+00,-9.740824482959972695e+06,0.000000000000000000e+00,-1.864695308983624354e+07
-4.713322512328191465e+02,-4.376656618590463040e+03,-6.733317874754559398e+02,-1.211997217455820419e+03,-4.507347461371153940e+00,-9.740826823681516573e+06,0.000000000000000000e+00,-1.864695308984279633e+07
-4.713322512582536774e+02,-4.376656618826640624e+03,-6.733317875117909352e+02,-1.211997217521223547e+03,-4.507347461378759412e+00,-9.740829164402065799e+06,0.000000000000000000e+00,-1.864695308984935284e+07
-4.713322512836876967e+02,-4.376656619062813661e+03,-6.733317875481252486e+02,-1.211997217586625311e+03,-4.507347461386351561e+00,-9.740831505121633410e+06,0.000000000000000000e+00,-1.864695308985591307e+07
-4.713322513091228529e+02,-4.376656619298997612e+03,-6.733317875844611535e+02,-1.211997217652030031e+03,-4.507347461393954369e+00,-9.740833845840388909e+06,0.000000000000000000e+00,-1.864695308986246958e+07
-4.713322513345573839e+02,-4.376656619535175196e+03,-6.733317876207962627e+02,-1.211997217717433159e+03,-4.507347461401549182e+00,-9.740836186558067799e+06,0.000000000000000000e+00,-1.864695308986902609e+07
-4.713322513599924264e+02,-4.376656619771358237e+03,-6.733317876571320539e+02,-1.211997217782837424e+03,-4.507347461409156431e+00,-9.740838527274820954e+06,0.000000000000000000e+00,-1.864695308987557888e+07
-4.713322513854267868e+02,-4.376656620007534002e+03,-6.733317876934668220e+02,-1.211997217848240098e+03,-4.507347461416759238e+00,-9.740840867990668863e+06,0.000000000000000000e+00,-1.864695308988214284e+07
-4.713322514108614314e+02,-4.376656620243712496e+03,-6.733317877298020449e+02,-1.211997217913643453e+03,-4.507347461424349611e+00,-9.740843208705538884e+06,0.000000000000000000e+00,-1.864695308988869935e+07
-4.713322514362963602e+02,-4.376656620479893718e+03,-6.733317877661376087e+02,-1.211997217979047491e+03,-4.507347461431955082e+00,-9.740845549419520423e+06,0.000000000000000000e+00,-1.864695308989525586e+07
-4.713322514617305501e+02,-4.376656620716068574e+03,-6.733317878024721495e+02,-1.211997218044449710e+03,-4.507347461439550784e+00,-9.740847890132525936e+06,0.000000000000000000e+00,-1.864695308990181983e+07
-4.713322514871657631e+02,-4.376656620952252524e+03,-6.733317878388081681e+02,-1.211997218109854657e+03,-4.507347461447149151e+00,-9.740850230844542384e+06,0.000000000000000000e+00,-1.864695308990836889e+07
-4.713322515125996688e+02,-4.376656621188425561e+03,-6.733317878751423677e+02,-1.211997218175256194e+03,-4.507347461454747517e+00,-9.740852571555668488e+06,0.000000000000000000e+00,-1.864695308991493285e+07
-4.713322515380341997e+02,-4.376656621424602235e+03,-6.733317879114773632e+02,-1.211997218240659095e+03,-4.507347461462350324e+00,-9.740854912265786901e+06,0.000000000000000000e+00,-1.864695308992148563e+07
-4.713322515634692422e+02,-4.376656621660785277e+03,-6.733317879478131545e+02,-1.211997218306063587e+03,-4.507347461469954020e+00,-9.740857252975042909e+06,0.000000000000000000e+00,-1.864695308992804587e+07
-4.713322515889039437e+02,-4.376656621896964680e+03,-6.733317879841484910e+02,-1.211997218371467170e+03,-4.507347461477559492e+00,-9.740859593683287501e+06,0.000000000000000000e+00,-1.864695308993460238e+07
-4.713322516143378493e+02,-4.376656622133136807e+03,-6.733317880204825769e+02,-1.211997218436868479e+03,-4.507347461485152529e+00,-9.740861934390638024e+06,0.000000000000000000e+00,-1.864695308994117007e+07
-4.713322516397724371e+02,-4.376656622369315301e+03,-6.733317880568177998e+02,-1.211997218502271835e+03,-4.507347461492749119e+00,-9.740864275097008795e+06,0.000000000000000000e+00,-1.864695308994771540e+07
-4.713322516652072522e+02,-4.376656622605495613e+03,-6.733317880931532500e+02,-1.211997218567675645e+03,-4.507347461500346597e+00,-9.740866615802425891e+06,0.000000000000000000e+00,-1.864695308995428309e+07
-4.713322516906420674e+02,-4.376656622841675926e+03,-6.733317881294887002e+02,-1.211997218633079456e+03,-4.507347461507952957e+00,-9.740868956506922841e+06,0.000000000000000000e+00,-1.864695308996084332e+07
-4.713322517160756320e+02,-4.376656623077844415e+03,-6.733317881658223314e+02,-1.211997218698480083e+03,-4.507347461515547771e+00,-9.740871297210440040e+06,0.000000000000000000e+00,-1.864695308996740356e+07
-4.713322517415105040e+02,-4.376656623314025637e+03,-6.733317882021577816e+02,-1.211997218763883893e+03,-4.507347461523150578e+00,-9.740873637913029641e+06,0.000000000000000000e+00,-1.864695308997396007e+07
-4.713322517669444096e+02,-4.376656623550197764e+03,-6.733317882384919812e+02,-1.211997218829285430e+03,-4.507347461530753385e+00,-9.740875978614687920e+06,0.000000000000000000e+00,-1.864695308998051658e+07
-4.713322517923783153e+02,-4.376656623786369892e+03,-6.733317882748261809e+02,-1.211997218894686966e+03,-4.507347461538349087e+00,-9.740878319315386936e+06,0.000000000000000000e+00,-1.864695308998706192e+07
-4.713322518178130736e+02,-4.376656624022549295e+03,-6.733317883111615174e+02,-1.211997218960090549e+03,-4.507347461545950118e+00,-9.740880660015124828e+06,0.000000000000000000e+00,-1.864695308999362215e+07
-4.713322518432468087e+02,-4.376656624258719603e+03,-6.733317883474953760e+02,-1.211997219025491631e+03,-4.507347461553546708e+00,-9.740883000713953748e+06,0.000000000000000000e+00,-1.864695309000018612e+07
-4.713322518686815670e+02,-4.376656624494899916e+03,-6.733317883838308262e+02,-1.211997219090895214e+03,-4.507347461561147739e+00,-9.740885341411791742e+06,0.000000000000000000e+00,-1.864695309000674263e+07
-4.713322518941151884e+02,-4.376656624731069314e+03,-6.733317884201645711e+02,-1.211997219156295841e+03,-4.507347461568749658e+00,-9.740887682108720765e+06,0.000000000000000000e+00,-1.864695309001329914e+07
-4.713322519195505151e+02,-4.376656624967254174e+03,-6.733317884565007034e+02,-1.211997219221701016e+03,-4.507347461576355130e+00,-9.740890022804725915e+06,0.000000000000000000e+00,-1.864695309001985937e+07
-4.713322519449840797e+02,-4.376656625203423573e+03,-6.733317884928344483e+02,-1.211997219287101643e+03,-4.507347461583945503e+00,-9.740892363499721512e+06,0.000000000000000000e+00,-1.864695309002640843e+07
-4.713322519704182696e+02,-4.376656625439597519e+03,-6.733317885291689890e+02,-1.211997219352503862e+03,-4.507347461591544757e+00,-9.740894704193795100e+06,0.000000000000000000e+00,-1.864695309003296867e+07
-4.713322519958518910e+02,-4.376656625675766918e+03,-6.733317885655027339e+02,-1.211997219417904716e+03,-4.507347461599144012e+00,-9.740897044886929914e+06,0.000000000000000000e+00,-1.864695309003952518e+07
-4.713322520212865356e+02,-4.376656625911945412e+03,-6.733317886018378431e+02,-1.211997219483308072e+03,-4.507347461606744154e+00,-9.740899385579138994e+06,0.000000000000000000e+00,-1.864695309004608542e+07
-4.713322520467205550e+02,-4.376656626148119358e+03,-6.733317886381722701e+02,-1.211997219548709836e+03,-4.507347461614347850e+00,-9.740901726270359010e+06,0.000000000000000000e+00,-1.864695309005264565e+07
-4.713322520721550859e+02,-4.376656626384296942e+03,-6.733317886745072656e+02,-1.211997219614112737e+03,-4.507347461621945328e+00,-9.740904066960677505e+06,0.000000000000000000e+00,-1.864695309005919844e+07
-4.713322520975887073e+02,-4.376656626620466341e+03,-6.733317887108410105e+02,-1.211997219679513591e+03,-4.507347461629545471e+00,-9.740906407650027424e+06,0.000000000000000000e+00,-1.864695309006575868e+07
-4.713322521230232951e+02,-4.376656626856644834e+03,-6.733317887471761196e+02,-1.211997219744916947e+03,-4.507347461637149166e+00,-9.740908748338432983e+06,0.000000000000000000e+00,-1.864695309007232264e+07
-4.713322521484574281e+02,-4.376656627092818781e+03,-6.733317887835106603e+02,-1.211997219810318938e+03,-4.507347461644748421e+00,-9.740911089025888592e+06,0.000000000000000000e+00,-1.864695309007888287e+07
-4.713322521738910496e+02,-4.376656627328988179e+03,-6.733317888198444052e+02,-1.211997219875719793e+03,-4.507347461652350340e+00,-9.740913429712418467e+06,0.000000000000000000e+00,-1.864695309008544311e+07
-4.713322521993252963e+02,-4.376656627565163035e+03,-6.733317888561790596e+02,-1.211997219941122012e+03,-4.507347461659948706e+00,-9.740915770397968590e+06,0.000000000000000000e+00,-1.864695309009199217e+07
-4.713322522247595430e+02,-4.376656627801338800e+03,-6.733317888925137140e+02,-1.211997220006524458e+03,-4.507347461667547073e+00,-9.740918111082619056e+06,0.000000000000000000e+00,-1.864695309009855241e+07
-4.713322522501942444e+02,-4.376656628037517294e+03,-6.733317889288489368e+02,-1.211997220071927813e+03,-4.507347461675140110e+00,-9.740920451766312122e+06,0.000000000000000000e+00,-1.864695309010511264e+07
-4.713322522756286617e+02,-4.376656628273693968e+03,-6.733317889651838186e+02,-1.211997220137330714e+03,-4.507347461682742029e+00,-9.740922792448999360e+06,0.000000000000000000e+00,-1.864695309011168405e+07
-4.713322523010623968e+02,-4.376656628509864277e+03,-6.733317890015176772e+02,-1.211997220202731569e+03,-4.507347461690338619e+00,-9.740925133130788803e+06,0.000000000000000000e+00,-1.864695309011822566e+07
-4.713322523264955635e+02,-4.376656628746030037e+03,-6.733317890378508537e+02,-1.211997220268131287e+03,-4.507347461697943203e+00,-9.740927473811604083e+06,0.000000000000000000e+00,-1.864695309012478590e+07
-4.713322523519299239e+02,-4.376656628982205802e+03,-6.733317890741856218e+02,-1.211997220333533960e+03,-4.507347461705543346e+00,-9.740929814491495490e+06,0.000000000000000000e+00,-1.864695309013134241e+07
-4.713322523773632042e+02,-4.376656629218372473e+03,-6.733317891105189119e+02,-1.211997220398933678e+03,-4.507347461713143488e+00,-9.740932155170453712e+06,0.000000000000000000e+00,-1.864695309013789147e+07
-4.713322524027971667e+02,-4.376656629454544600e+03,-6.733317891468531116e+02,-1.211997220464335442e+03,-4.507347461720740078e+00,-9.740934495848463848e+06,0.000000000000000000e+00,-1.864695309014444798e+07
-4.713322524282311861e+02,-4.376656629690717637e+03,-6.733317891831874249e+02,-1.211997220529737206e+03,-4.507347461728337557e+00,-9.740936836525518447e+06,0.000000000000000000e+00,-1.864695309015100449e+07
-4.713322524536645233e+02,-4.376656629926884307e+03,-6.733317892195207151e+02,-1.211997220595137151e+03,-4.507347461735933258e+00,-9.740939177201624960e+06,0.000000000000000000e+00,-1.864695309015756100e+07
-4.713322524790989405e+02,-4.376656630163060981e+03,-6.733317892558557105e+02,-1.211997220660540052e+03,-4.507347461743542283e+00,-9.740941517876794562e+06,0.000000000000000000e+00,-1.864695309016412124e+07
-4.713322525045330735e+02,-4.376656630399234928e+03,-6.733317892921901375e+02,-1.211997220725942043e+03,-4.507347461751142426e+00,-9.740943858551040292e+06,0.000000000000000000e+00,-1.864695309017068520e+07
-4.713322525299656149e+02,-4.376656630635394322e+03,-6.733317893285222908e+02,-1.211997220791339942e+03,-4.507347461758738127e+00,-9.740946199224298820e+06,0.000000000000000000e+00,-1.864695309017723426e+07
-4.713322525553999185e+02,-4.376656630871570087e+03,-6.733317893648570589e+02,-1.211997220856742388e+03,-4.507347461766332053e+00,-9.740948539896631613e+06,0.000000000000000000e+00,-1.864695309018379077e+07
-4.713322525808339378e+02,-4.376656631107743124e+03,-6.733317894011913722e+02,-1.211997220922144152e+03,-4.507347461773935748e+00,-9.740950880568010733e+06,0.000000000000000000e+00,-1.864695309019034728e+07
-4.713322526062671614e+02,-4.376656631343908884e+03,-6.733317894375244350e+02,-1.211997220987543869e+03,-4.507347461781535891e+00,-9.740953221238458529e+06,0.000000000000000000e+00,-1.864695309019690380e+07
-4.713322526317007828e+02,-4.376656631580078283e+03,-6.733317894738582936e+02,-1.211997221052944724e+03,-4.507347461789137810e+00,-9.740955561907937750e+06,0.000000000000000000e+00,-1.864695309020346776e+07
-4.713322526571343474e+02,-4.376656631816246772e+03,-6.733317895101919248e+02,-1.211997221118345351e+03,-4.507347461796734400e+00,-9.740957902576461434e+06,0.000000000000000000e+00,-1.864695309021002054e+07
-4.713322526825685941e+02,-4.376656632052422538e+03,-6.733317895465265792e+02,-1.211997221183747570e+03,-4.507347461804332767e+00,-9.740960243244081736e+06,0.000000000000000000e+00,-1.864695309021658078e+07
-4.713322527080019881e+02,-4.376656632288589208e+03,-6.733317895828599831e+02,-1.211997221249147742e+03,-4.507347461811932909e+00,-9.740962583910761401e+06,0.000000000000000000e+00,-1.864695309022314101e+07
-4.713322527334355527e+02,-4.376656632524758606e+03,-6.733317896191936143e+02,-1.211997221314548369e+03,-4.507347461819533940e+00,-9.740964924576463178e+06,0.000000000000000000e+00,-1.864695309022969753e+07
-4.713322527588685489e+02,-4.376656632760921639e+03,-6.733317896555265634e+02,-1.211997221379947632e+03,-4.507347461827126089e+00,-9.740967265241201967e+06,0.000000000000000000e+00,-1.864695309023625404e+07
-4.713322527843021703e+02,-4.376656632997091037e+03,-6.733317896918601946e+02,-1.211997221445348259e+03,-4.507347461834727120e+00,-9.740969605904996395e+06,0.000000000000000000e+00,-1.864695309024281055e+07
-4.713322528097357349e+02,-4.376656633233259527e+03,-6.733317897281938258e+02,-1.211997221510748886e+03,-4.507347461842326375e+00,-9.740971946567893028e+06,0.000000000000000000e+00,-1.864695309024936706e+07
-4.713322528351697542e+02,-4.376656633469433473e+03,-6.733317897645282528e+02,-1.211997221576150650e+03,-4.507347461849930070e+00,-9.740974287229852751e+06,0.000000000000000000e+00,-1.864695309025593102e+07
-4.713322528606030346e+02,-4.376656633705599234e+03,-6.733317898008615430e+02,-1.211997221641550595e+03,-4.507347461857530213e+00,-9.740976627890836447e+06,0.000000000000000000e+00,-1.864695309026248753e+07
-4.713322528860364855e+02,-4.376656633941766813e+03,-6.733317898371949468e+02,-1.211997221706950768e+03,-4.507347461865133909e+00,-9.740978968550855294e+06,0.000000000000000000e+00,-1.864695309026902914e+07
-4.713322529114702775e+02,-4.376656634177937121e+03,-6.733317898735289191e+02,-1.211997221772351850e+03,-4.507347461872732275e+00,-9.740981309209942818e+06,0.000000000000000000e+00,-1.864695309027560428e+07
-4.713322529369036147e+02,-4.376656634414104701e+03,-6.733317899098623229e+02,-1.211997221837752022e+03,-4.507347461880334194e+00,-9.740983649868104607e+06,0.000000000000000000e+00,-1.864695309028216079e+07
-4.713322529623375203e+02,-4.376656634650276828e+03,-6.733317899461964089e+02,-1.211997221903153331e+03,-4.507347461887932560e+00,-9.740985990525281057e+06,0.000000000000000000e+00,-1.864695309028870612e+07
-4.713322529877702891e+02,-4.376656634886438042e+03,-6.733317899825290169e+02,-1.211997221968551912e+03,-4.507347461895530927e+00,-9.740988331181516871e+06,0.000000000000000000e+00,-1.864695309029526263e+07
-4.713322530132035695e+02,-4.376656635122603802e+03,-6.733317900188621934e+02,-1.211997222033951857e+03,-4.507347461903130181e+00,-9.740990671836875379e+06,0.000000000000000000e+00,-1.864695309030183032e+07
-4.713322530386369635e+02,-4.376656635358771382e+03,-6.733317900551955972e+02,-1.211997222099352030e+03,-4.507347461910727660e+00,-9.740993012491209432e+06,0.000000000000000000e+00,-1.864695309030837938e+07
-4.713322530640702439e+02,-4.376656635594937143e+03,-6.733317900915288874e+02,-1.211997222164751747e+03,-4.507347461918324250e+00,-9.740995353144638240e+06,0.000000000000000000e+00,-1.864695309031493589e+07
-4.713322530895037517e+02,-4.376656635831105632e+03,-6.733317901278625186e+02,-1.211997222230152147e+03,-4.507347461925923504e+00,-9.740997693797098473e+06,0.000000000000000000e+00,-1.864695309032149985e+07
-4.713322531149372594e+02,-4.376656636067274121e+03,-6.733317901641960361e+02,-1.211997222295552774e+03,-4.507347461933520094e+00,-9.741000034448614344e+06,0.000000000000000000e+00,-1.864695309032806009e+07
-4.713322531403705398e+02,-4.376656636303440791e+03,-6.733317902005293263e+02,-1.211997222360952719e+03,-4.507347461941119349e+00,-9.741002375099228695e+06,0.000000000000000000e+00,-1.864695309033461660e+07
-4.713322531658037065e+02,-4.376656636539605643e+03,-6.733317902368623891e+02,-1.211997222426352209e+03,-4.507347461948718603e+00,-9.741004715748861432e+06,0.000000000000000000e+00,-1.864695309034118056e+07
-4.713322531912373847e+02,-4.376656636775775041e+03,-6.733317902731962477e+02,-1.211997222491753064e+03,-4.507347461956328516e+00,-9.741007056397523731e+06,0.000000000000000000e+00,-1.864695309034772962e+07
-4.713322532166703809e+02,-4.376656637011938983e+03,-6.733317903095290831e+02,-1.211997222557152099e+03,-4.507347461963921553e+00,-9.741009397045273334e+06,0.000000000000000000e+00,-1.864695309035428986e+07
-4.713322532421037749e+02,-4.376656637248105653e+03,-6.733317903458624869e+02,-1.211997222622552272e+03,-4.507347461971519920e+00,-9.741011737692091614e+06,0.000000000000000000e+00,-1.864695309036084265e+07
-4.713322532675368279e+02,-4.376656637484270505e+03,-6.733317903821954360e+02,-1.211997222687951762e+03,-4.507347461979112957e+00,-9.741014078337948769e+06,0.000000000000000000e+00,-1.864695309036739171e+07
-4.713322532929701651e+02,-4.376656637720437175e+03,-6.733317904185288398e+02,-1.211997222753351707e+03,-4.507347461986722870e+00,-9.741016418982839212e+06,0.000000000000000000e+00,-1.864695309037395939e+07
-4.713322533184036160e+02,-4.376656637956604754e+03,-6.733317904548623574e+02,-1.211997222818751879e+03,-4.507347461994319460e+00,-9.741018759626796469e+06,0.000000000000000000e+00,-1.864695309038052335e+07
-4.713319370757369597e+02,-4.376653701417557386e+03,-6.733313386796241957e+02,-1.211996409623323416e+03,-4.507068350201081763e+00,-9.741015270988091826e+06,0.000000000000000000e+00,-1.864695309338888526e+07
-4.714517490644468580e+02,-4.377766241312720013e+03,-6.735024986634955440e+02,-1.212304497594291661e+03,-4.470365803860586240e+00,-9.740998064187491313e+06,0.000000000000000000e+00,-1.864695201185876131e+07
-4.734067837837710044e+02,-4.395920135135015698e+03,-6.762954054053871005e+02,-1.217331729729696690e+03,-4.265483548049522788e+00,-9.740999777021532878e+06,0.000000000000000000e+00,-1.864693377994981036e+07
-4.789581847562046164e+02,-4.447468858450471089e+03,-6.842259782231494682e+02,-1.231606760801668770e+03,-3.860041769273377721e+00,-9.740985451983293518e+06,0.000000000000000000e+00,-1.864687782281551883e+07
-4.880166913671627640e+02,-4.531583562695082037e+03,-6.971667019530897278e+02,-1.254900063515561214e+03,-3.390608523660882945e+00,-9.740953310045028105e+06,0.000000000000000000e+00,-1.864677925424098969e+07
-5.003662254149374462e+02,-4.646257807424418388e+03,-7.148088934499106699e+02,-1.286656008209839001e+03,-2.966150779982249297e+00,-9.740826888245742768e+06,0.000000000000000000e+00,-1.864663732249588147e+07
-5.162032831081459108e+02,-4.793316200289925291e+03,-7.374332615830655868e+02,-1.327379870849517829e+03,-2.619017620368063071e+00,-9.740750884569102898e+06,0.000000000000000000e+00,-1.864644843740802631e+07
-5.359602968487240560e+02,-4.976774185023865357e+03,-7.656575669267485864e+02,-1.378183620468147183e+03,-2.344151254689350594e+00,-9.740650238724734634e+06,0.000000000000000000e+00,-1.864620678874870762e+07
-5.601248992692378579e+02,-5.201159778928637024e+03,-8.001784275274827678e+02,-1.440321169549468777e+03,-2.127070883856574390e+00,-9.740510057284764946e+06,0.000000000000000000e+00,-1.864590585318486392e+07
-5.891493864398190681e+02,-5.470672874084033538e+03,-8.416419806283129219e+02,-1.514955565130962896e+03,-1.953993442022560867e+00,-9.740325264973685145e+06,0.000000000000000000e+00,-1.864553931915999576e+07
-6.234155160794459789e+02,-5.788858363594855291e+03,-8.905935943992085413e+02,-1.603068469918575147e+03,-1.814085095078102450e+00,-9.740095526250664145e+06,0.000000000000000000e+00,-1.864510156212740764e+07
-6.632254535528164752e+02,-6.158522068704724006e+03,-9.474649336468806951e+02,-1.705436880564384865e+03,-1.699317625956169309e+00,-9.739821366815635934e+06,0.000000000000000000e+00,-1.864458786298464984e+07
-7.088035871834783848e+02,-6.581747595275155618e+03,-1.012576553119254754e+03,-1.822637795614658444e+03,-1.603832760950568259e+00,-9.739502821395846084e+06,0.000000000000000000e+00,-1.864399448039385304e+07
-7.603025152589142408e+02,-7.059951927404203161e+03,-1.086146450369877584e+03,-1.955063610665779152e+03,-1.523346507782002091e+00,-9.739139373591765761e+06,0.000000000000000000e+00,-1.864331864086315036e+07
-8.178103696402505420e+02,-7.593953432373754367e+03,-1.168300528057500742e+03,-2.102940950503500972e+03,-1.454695821242943055e+00,-9.738730220227982849e+06,0.000000000000000000e+00,-1.864255848455432057e+07
-8.813582392965345207e+02,-8.184040793467819640e+03,-1.259083198995049315e+03,-2.266349758191088313e+03,-1.395515507801732946e+00,-9.738274444564988837e+06,0.000000000000000000e+00,-1.864171298968772590e+07
-9.509271429179839288e+02,-8.830037755666991870e+03,-1.358467347025691197e+03,-2.445241224646244063e+03,-1.344012676341292511e+00,-9.737771021708743647e+06,0.000000000000000000e+00,-1.864078188931596652e+07
-1.026454320453953187e+03,-9.531361547072421672e+03,-1.466363314934218806e+03,-2.639453966881593715e+03,-1.298809239793010661e+00,-9.737210191753327847e+06,0.000000000000000000e+00,-1.863976558755905181e+07
-1.107838874699746839e+03,-1.028707526506907743e+04,-1.582626963856781231e+03,-2.848728534942205897e+03,-1.258832458588830194e+00,-9.736706153489325196e+06,0.000000000000000000e+00,-1.863866508375554159e+07
-1.194946494810933700e+03,-1.109593173753009796e+04,-1.707066421158476714e+03,-3.072719558085257631e+03,-1.223236370649241955e+00,-9.736074589587233961e+06,0.000000000000000000e+00,-1.863748189870656654e+07
-1.287613673945624214e+03,-1.195641268663793744e+04,-1.839448105636605987e+03,-3.311006590145890186e+03,-1.191347499228450069e+00,-9.735403721725368872e+06,0.000000000000000000e+00,-1.863621801432806253e+07
-1.385651393144420581e+03,-1.286676293634104695e+04,-1.979501990206315213e+03,-3.563103582371366883e+03,-1.162622554836673094e+00,-9.734691646232213825e+06,0.000000000000000000e+00,-1.863487581635110080e+07
-1.488848250947902898e+03,-1.382501947308766830e+04,-2.126926072782718165e+03,-3.828466931008892516e+03,-1.136619313799692277e+00,-9.733936751656183973e+06,0.000000000000000000e+00,-1.863345804539960995e+07
-1.596973367488195208e+03,-1.482903841239038411e+04,-2.281390524983135947e+03,-4.106502944969643977e+03,-1.112973264374991889e+00,-9.733209241573072970e+06,0.000000000000000000e+00,-1.863196774991975725e+07
-1.709778445838468997e+03,-1.587651413992863854e+04,-2.442540636912098762e+03,-4.396573146441776771e+03,-1.091384197998244154e+00,-9.732377411954948679e+06,0.000000000000000000e+00,-1.863040825638941303e+07
-1.826999989597536796e+03,-1.696499990340569639e+04,-2.609999985139338150e+03,-4.697999973250807670e+03,-1.071601370164265488e+00,-9.731582913531925529e+06,0.000000000000000000e+00,-1.862878313662482426e+07
-1.948361593505230530e+03,-1.809192908254856957e+04,-2.783373705007472381e+03,-5.010072669013449740e+03,-1.053411882165343538e+00,-9.730658916385192424e+06,0.000000000000000000e+00,-1.862709616187981516e+07
-2.073574992655150709e+03,-1.925462493179782905e+04,-2.962249989507358350e+03,-5.332049981113244030e+03,-1.036637637475063656e+00,-9.729717518109727651e+06,0.000000000000000000e+00,-1.862535129801516607e+07
-2.202341912830722322e+03,-2.045031776199956221e+04,-3.146202732615317473e+03,-5.663164918707569996e+03,-1.021126068575188395e+00,-9.728747997133111581e+06,0.000000000000000000e+00,-1.862355267209736630e+07
-2.334355639502032318e+03,-2.167615950966172386e+04,-3.334793770717188636e+03,-6.002628787290938817e+03,-1.006745652927981904e+00,-9.727817947447100654e+06,0.000000000000000000e+00,-1.862170454571637884e+07
-2.469301741470047546e+03,-2.292923045650758286e+04,-3.527573916385782468e+03,-6.349633049494407715e+03,-9.933844211208862074e-01,-9.726804704745346680e+06,0.000000000000000000e+00,-1.861981130928714201e+07
-2.606859684035428018e+03,-2.420655420890039750e+04,-3.724085262907753986e+03,-6.703353473233955810e+03,-9.809445982617586157e-01,-9.725800807377809659e+06,0.000000000000000000e+00,-1.861787745373844728e+07
-2.746703774851792787e+03,-2.550510648076664438e+04,-3.923862535502561059e+03,-7.062952563904608724e+03,-9.693413084274581371e-01,-9.724954004996139556e+06,0.000000000000000000e+00,-1.861590755684743449e+07
-2.888504791276227024e+03,-2.682183020470781776e+04,-4.126435416108895879e+03,-7.427583748996011309e+03,-9.584989452495940032e-01,-9.723825229808460921e+06,0.000000000000000000e+00,-1.861390625506484136e+07
-3.031929648871438530e+03,-2.815363245380621083e+04,-4.331328069816340758e+03,-7.796390525669412455e+03,-9.483533241216091092e-01,-9.722730202810484916e+06,0.000000000000000000e+00,-1.861187825436435640e+07
-3.176643189165675722e+03,-2.949740104225270261e+04,-4.538061698808108304e+03,-8.168511057854593673e+03,-9.388470239969916031e-01,-9.721637343869721517e+06,0.000000000000000000e+00,-1.860982830324228480e+07
-3.322308960720743926e+03,-3.085001177812118840e+04,-4.746155658172490803e+03,-8.543080184710483081e+03,-9.299292302417212497e-01,-9.720537369905628264e+06,0.000000000000000000e+00,-1.860776117894174159e+07
-3.468590028154536867e+03,-3.220833597572069266e+04,-4.955128611649338382e+03,-8.919231500968806358e+03,-9.215548491302830714e-01,-9.719426418778588995e+06,0.000000000000000000e+00,-1.860568167522625253e+07
-3.615149767327838617e+03,-3.356924783947278775e+04,-5.164499667611198674e+03,-9.296099401700155795e+03,-9.136837378405068266e-01,-9.718506754610758275e+06,0.000000000000000000e+00,-1.860359459081004187e+07
-3.761652971750042525e+03,-3.492963473767896357e+04,-5.373789959642917893e+03,-9.672821927357250388e+03,-9.062795434246675441e-01,-9.717366147402882576e+06,0.000000000000000000e+00,-1.860150471202008426e+07
-3.907765884693735188e+03,-3.628639750072753668e+04,-5.582522692419621308e+03,-1.004854084635531763e+04,-8.993104401453881902e-01,-9.716240165940748528e+06,0.000000000000000000e+00,-1.859941681277758256e+07
-4.053157191744257034e+03,-3.763645963762523752e+04,-5.790224559634652906e+03,-1.042240420734237341e+04,-8.927478386104704677e-01,-9.715132311173686758e+06,0.000000000000000000e+00,-1.859733564198986813e+07
-4.197498905371632645e+03,-3.897677554987943586e+04,-5.996427007673760272e+03,-1.079356861381276758e+04,-8.865658463861229022e-01,-9.714034398181794211e+06,0.000000000000000000e+00,-1.859526591007095948e+07
-4.340466989409031157e+03,-4.030433633022670983e+04,-6.200667127727187108e+03,-1.116120082990893570e+04,-8.807411289661968290e-01,-9.712939991283558309e+06,0.000000000000000000e+00,-1.859321227808522061e+07
-4.481742070392298046e+03,-4.161617636792847770e+04,-6.402488671988997339e+03,-1.152447960958019394e+04,-8.752524438238158400e-01,-9.711939342671567574e+06,0.000000000000000000e+00,-1.859117934924497828e+07
-4.621009770490475603e+03,-4.290937644026870112e+04,-6.601442529272108004e+03,-1.188259655268979259e+04,-8.700808204667921375e-01,-9.710884693075634539e+06,0.000000000000000000e+00,-1.858917166106882319e+07
-4.757961556966043645e+03,-4.418107160039896553e+04,-6.797087938522919103e+03,-1.223475828934125275e+04,-8.652089743784461273e-01,-9.709847058648483828e+06,0.000000000000000000e+00,-1.858719367570749670e+07
-4.892295284552374142e+03,-4.542845621370061417e+04,-6.988993263646249034e+03,-1.258018787456324571e+04,-8.606212147397249712e-01,-9.708826931119667366e+06,0.000000000000000000e+00,-1.858524977095232531e+07
-5.023715757634312467e+03,-4.664878917803289369e+04,-7.176736796620446512e+03,-1.291812623391680063e+04,-8.563032823201349730e-01,-9.707825483771728352e+06,0.000000000000000000e+00,-1.858334423194042593e+07
-5.151935276421074377e+03,-4.783939899533853895e+04,-7.359907537744391448e+03,-1.324783356793990242e+04,-8.522422053189601110e-01,-9.706844193323232234e+06,0.000000000000000000e+00,-1.858148124312535673e+07
-5.276674210202938411e+03,-4.899768909474156681e+04,-7.538106014575626432e+03,-1.356859082623612630e+04,-8.484261471507767993e-01,-9.705952042818298563e+06,0.000000000000000000e+00,-1.857966487982960045e+07
-5.397661460237637584e+03,-5.012114213077806198e+04,-7.710944943196625900e+03,-1.387970089775392444e+04,-8.448443291192653248e-01,-9.705017832269554958e+06,0.000000000000000000e+00,-1.857789910112996027e+07
-5.514634839280242886e+03,-5.120732350760225381e+04,-7.878049770400347370e+03,-1.418048958672062327e+04,-8.414869855259059506e-01,-9.704118724114954472e+06,0.000000000000000000e+00,-1.857618774468175322e+07
-5.627341689528401730e+03,-5.225388711704944581e+04,-8.039059556469145718e+03,-1.447030720164446029e+04,-8.383451784591124945e-01,-9.703250661170843989e+06,0.000000000000000000e+00,-1.857453451790786535e+07
-5.735539088665588679e+03,-5.325857725189474877e+04,-8.193627269522270581e+03,-1.474852908514008413e+04,-8.354108307919785315e-01,-9.702482826430315152e+06,0.000000000000000000e+00,-1.857294299511737004e+07
-5.838995035805293810e+03,-5.421923961819201213e+04,-8.341421479721848300e+03,-1.501455866349932512e+04,-8.326763808623596219e-01,-9.701655558457948267e+06,0.000000000000000000e+00,-1.857141659864633158e+07
-5.937487812520132138e+03,-5.513381540197264985e+04,-8.482125446457332146e+03,-1.526782580362319459e+04,-8.301351608264645465e-01,-9.700879339662108570e+06,0.000000000000000000e+00,-1.856995860770208389e+07
-6.030806922751569800e+03,-5.600034999697886087e+04,-8.615438461073670624e+03,-1.550778922993260676e+04,-8.277810365260341863e-01,-9.700147449759086594e+06,0.000000000000000000e+00,-1.856857214697191119e+07
-6.118753403406099096e+03,-5.681699588877091446e+04,-8.741076290580142086e+03,-1.573393732304425248e+04,-8.256084427339709375e-01,-9.699456883968262002e+06,0.000000000000000000e+00,-1.856726018083757907e+07
-6.201140147294033341e+03,-5.758201565344459232e+04,-8.858771638991476721e+03,-1.594578895018465482e+04,-8.236123425164578737e-01,-9.698807253103984520e+06,0.000000000000000000e+00,-1.856602550826994330e+07
-6.277792216534870022e+03,-5.829378486782378604e+04,-8.968274595049813797e+03,-1.614289427108966265e+04,-8.217881912948641343e-01,-9.698199209914239123e+06,0.000000000000000000e+00,-1.856487075810857862e+07
-6.348547137648271018e+03,-5.895079484959107504e+04,-9.069353053783243013e+03,-1.632483549680983560e+04,-8.201319051488009659e-01,-9.697633797680018470e+06,0.000000000000000000e+00,-1.856379838462997973e+07
-6.413255175521413548e+03,-5.955165520127026684e+04,-9.161793107887733640e+03,-1.649122759419792055e+04,-8.186398329260833329e-01,-9.697112181188939139e+06,0.000000000000000000e+00,-1.856281066340494528e+07
-6.471779585275639874e+03,-6.009509614898807922e+04,-9.245399407536628132e+03,-1.664171893356592773e+04,-8.173087317874399016e-01,-9.696635532847672701e+06,0.000000000000000000e+00,-1.856190968745870143e+07
-6.523996841617104110e+03,-6.057997067215881543e+04,-9.319995488024434962e+03,-1.677599187844397966e+04,-8.161357458672997556e-01,-9.696204981674179435e+06,0.000000000000000000e+00,-1.856109736374415085e+07
-6.569796845435786054e+03,-6.100525642190371582e+04,-9.385424064908265791e+03,-1.689376331683487660e+04,-8.151183877785842524e-01,-9.695821587818246335e+06,0.000000000000000000e+00,-1.856037540993518755e+07
-6.609083107482411833e+03,-6.137005742662238481e+04,-9.441547296403445216e+03,-1.699478513352619848e+04,-8.142545227304589517e-01,-9.695486327555136755e+06,0.000000000000000000e+00,-1.855974535154419765e+07
-6.641772908984890819e+03,-6.167360558343111916e+04,-9.488247012835558053e+03,-1.707884462310400340e+04,-8.135423550642588708e-01,-9.695200082741331309e+06,0.000000000000000000e+00,-1.855920851936690882e+07
-6.667797439085676160e+03,-6.191526193436698668e+04,-9.525424912979537112e+03,-1.714576484336316571e+04,-8.129804170452576972e-01,-9.694963632381334901e+06,0.000000000000000000e+00,-1.855876604725674540e+07
-6.687101909000891283e+03,-6.209451772643683944e+04,-9.553002727144130404e+03,-1.719540490885943291e+04,-8.125675597771949699e-01,-9.694777645421812311e+06,0.000000000000000000e+00,-1.855841887023044378e+07
-6.699645642818673878e+03,-6.221099525474482652e+04,-9.570922346883820865e+03,-1.722766022439087465e+04,-8.123029461330870671e-01,-8.229466464059699774e+08,0.000000000000000000e+00,-1.855816772290637344e+07
