# tendency to change, top row gives equation number (where number 0 is the first equation), 3rd column from end is gas-particle partitioning, 2nd column from end is gas-wall partitioning, final column is dilution (molecules/cm3/s (air))
1.364000000000000000e+03,1.365000000000000000e+03,1.366000000000000000e+03,1.367000000000000000e+03,1.368000000000000000e+03,0.000000000000000000e+00,0.000000000000000000e+00,0.000000000000000000e+00
-3.572401655660609322e+03,-2.071992960283153025e+03,-1.214616562924607251e+03,-2.857921324528487617e+02,0.000000000000000000e+00,0.000000000000000000e+00,0.000000000000000000e+00,-3.730743626821240783e+07
-1.506553459592731087e+05,-8.738010065637840307e+04,-5.122281762615287153e+04,-1.205242767674185052e+04,-1.990391187632472914e+00,-1.503169238192927837e+07,0.000000000000000000e+00,-1.848340698753060028e+07
-1.550270714955850272e+05,-8.991570146743931400e+04,-5.270920430849892000e+04,-1.240216571964680406e+04,-1.837973806413962796e+00,-1.132969585347075574e+07,0.000000000000000000e+00,-1.840209947627917677e+07
-1.558385726980314357e+05,-9.038637216485822864e+04,-5.298511471733069629e+04,-1.246708581584251624e+04,-1.779153832361102028e+00,-1.022918019185917452e+07,0.000000000000000000e+00,-1.836679508978752792e+07
-1.556889073580196418e+05,-9.029956626765138935e+04,-5.293422850172669132e+04,-1.245511258864157389e+04,-1.756268937050062151e+00,-9.834758027678806335e+06,0.000000000000000000e+00,-1.835231005448446795e+07
-1.552118410930537793e+05,-9.002286783397119143e+04,-5.277202597163829341e+04,-1.241694728744430358e+04,-1.747851787032557613e+00,-9.682962512584287673e+06,0.000000000000000000e+00,-1.834691451944578066e+07
-1.545536767217653396e+05,-8.964113249862389057e+04,-5.254825008540022100e+04,-1.236429413774122804e+04,-1.745440114921006813e+00,-9.623002017078269273e+06,0.000000000000000000e+00,-1.834548261002139375e+07
-1.537437199322087108e+05,-8.917135756068103365e+04,-5.227286477695096255e+04,-1.229949759457669643e+04,-1.745651723768132602e+00,-9.599359404865633696e+06,0.000000000000000000e+00,-1.834585208806344867e+07
-1.527862010629387805e+05,-8.861599661650448979e+04,-5.194730836139919120e+04,-1.222289608503510317e+04,-1.747129014740490760e+00,-9.590372946053303778e+06,0.000000000000000000e+00,-1.834712976848465577e+07
-1.516816351566149970e+05,-8.797534839083670522e+04,-5.157175595324910682e+04,-1.213453081252920128e+04,-1.749327800442237457e+00,-9.587405457218026742e+06,0.000000000000000000e+00,-1.834895065676012635e+07
-1.504309961527749547e+05,-8.724997776860947488e+04,-5.114653869194349681e+04,-1.203447969222199936e+04,-1.752031884625352198e+00,-9.586973051627798006e+06,0.000000000000000000e+00,-1.835116539821507037e+07
-1.490361279059214867e+05,-8.644095418543445703e+04,-5.067228348801331595e+04,-1.192289023247372097e+04,-1.755157732543640492e+00,-9.587661912504661828e+06,0.000000000000000000e+00,-1.835371136874260381e+07
-1.474995440953746147e+05,-8.554973557531727420e+04,-5.014984499242737365e+04,-1.179996352762997049e+04,-1.758675779639686576e+00,-9.588895687124636024e+06,0.000000000000000000e+00,-1.835656030823504180e+07
-1.458242420450758946e+05,-8.457806038614400313e+04,-4.958024229532580648e+04,-1.166593936360607222e+04,-1.762578735633898441e+00,-9.590437854942644015e+06,0.000000000000000000e+00,-1.835969727304661274e+07
-1.440135963576461363e+05,-8.352788588743474975e+04,-4.896462276159969042e+04,-1.152108770861169251e+04,-1.766868837605292120e+00,-9.592189907477675006e+06,0.000000000000000000e+00,-1.836311224228335172e+07
-1.420713054027234903e+05,-8.240135713357961504e+04,-4.830424383692599076e+04,-1.136570443221788082e+04,-1.771552747185695331e+00,-9.594109325634794310e+06,0.000000000000000000e+00,-1.836679679161782563e+07
-1.400013645528010675e+05,-8.120079144062461273e+04,-4.760046394795236847e+04,-1.120010916422408627e+04,-1.776639534589526059e+00,-9.596176212504819036e+06,0.000000000000000000e+00,-1.837074278405657038e+07
-1.378080513973394700e+05,-7.992866981045689317e+04,-4.685473747509543318e+04,-1.102464411178716000e+04,-1.782139912719815422e+00,-9.598379715324712917e+06,0.000000000000000000e+00,-1.837494186025283486e+07
-1.354959158446864458e+05,-7.858763118991813099e+04,-4.606861138719339942e+04,-1.083967326757491719e+04,-1.788065981509700197e+00,-9.600712502170253545e+06,0.000000000000000000e+00,-1.837938524514520913e+07
-1.330697719703529438e+05,-7.718046774280469981e+04,-4.524372246992000873e+04,-1.064558175762823703e+04,-1.794431184983061867e+00,-9.603168518634228036e+06,0.000000000000000000e+00,-1.838406367984649539e+07
-1.305346902842610434e+05,-7.571012036487139994e+04,-4.438179469664876524e+04,-1.044277522274088551e+04,-1.801250361963556035e+00,-9.605742080517217517e+06,0.000000000000000000e+00,-1.838896740342053398e+07
-1.278959898726144020e+05,-7.417967412611635518e+04,-4.348463655668890715e+04,-1.023167918980915420e+04,-1.808539843452597662e+00,-9.608427510726040229e+06,0.000000000000000000e+00,-1.839408615487252921e+07
-1.251592301946702792e+05,-7.259235351290876861e+04,-4.255413826618790335e+04,-1.001273841557362357e+04,-1.816317578940163324e+00,-9.611218997685072944e+06,0.000000000000000000e+00,-1.839940918367911875e+07
-1.223302024452614132e+05,-7.095151741825162026e+04,-4.159226883138888661e+04,-9.786416195620913641e+03,-1.824603285913200423e+00,-9.614110543329613283e+06,0.000000000000000000e+00,-1.840492526427020133e+07
-1.194149204444609641e+05,-6.926065385778735799e+04,-4.060107295111673739e+04,-9.553193635556879599e+03,-1.833418621912752844e+00,-9.617095941298667341e+06,0.000000000000000000e+00,-1.841062271266188100e+07
-1.164196052370037942e+05,-6.752337103746220237e+04,-3.958266578058129380e+04,-9.313568418960305280e+03,-1.842787645966782684e+00,-9.620099972585363314e+06,0.000000000000000000e+00,-1.841648942118603736e+07
-1.133506958684714482e+05,-6.574340360371343559e+04,-3.853923659528029384e+04,-9.068055669477716947e+03,-1.852736037406843561e+00,-9.623278739502290264e+06,0.000000000000000000e+00,-1.842251282392012328e+07
-1.102148121609499940e+05,-6.392459105335099594e+04,-3.747303613472300640e+04,-8.817184972876000757e+03,-1.863292769591414544e+00,-9.626520527890531346e+06,0.000000000000000000e+00,-1.842867997432829440e+07
-1.070187562195345381e+05,-6.207087860733002890e+04,-3.638637711464174936e+04,-8.561500497562765304e+03,-1.874489552227032618e+00,-9.629756658368408680e+06,0.000000000000000000e+00,-1.843497754962018505e+07
-1.037694992909591238e+05,-6.018630958875628858e+04,-3.528162975892610848e+04,-8.301559943276730337e+03,-1.886361389342282147e+00,-9.633117638306116685e+06,0.000000000000000000e+00,-1.844139187279635668e+07
-1.004741734173036239e+05,-5.827502058203610068e+04,-3.416121896188324172e+04,-8.037933873384291473e+03,-1.898946652893321652e+00,-9.636539431705938652e+06,0.000000000000000000e+00,-1.844790892509280145e+07
-9.714005382675974397e+04,-5.634123121952064685e+04,-3.302761830109831499e+04,-7.771204306140780318e+03,-1.912287926811724104e+00,-9.640009030994836241e+06,0.000000000000000000e+00,-1.845451437936901301e+07
-9.377454665787253180e+04,-5.438923706156606931e+04,-3.188334586367666634e+04,-7.501963732629804326e+03,-1.926432361356921419e+00,-9.643516212186446413e+06,0.000000000000000000e+00,-1.846119362631225958e+07
-9.038517526526187430e+04,-5.242340165385188448e+04,-3.073095959018904250e+04,-7.230814021220950963e+03,-1.941432259096500079e+00,-9.647052207347288728e+06,0.000000000000000000e+00,-1.846793180099708959e+07
-8.697956576327334915e+04,-5.044814814269854105e+04,-2.957305235951294162e+04,-6.958365261061868296e+03,-1.957345755307632551e+00,-9.650608774831660092e+06,0.000000000000000000e+00,-1.847471381067192927e+07
-8.356542918185974122e+04,-4.846794892547864583e+04,-2.841224592183231653e+04,-6.685234334548779771e+03,-1.974237966851966508e+00,-9.654102668556088582e+06,0.000000000000000000e+00,-1.848152437116145715e+07
-8.015055574596476799e+04,-4.648732233265956893e+04,-2.725118895362802505e+04,-6.412044459677182203e+03,-1.992180548587911160e+00,-9.657710743915604427e+06,0.000000000000000000e+00,-1.848834801131000742e+07
-7.674278443177317968e+04,-4.451081497042844421e+04,-2.609254670680288837e+04,-6.139422754541855284e+03,-2.011254771795707885e+00,-9.661295016122743487e+06,0.000000000000000000e+00,-1.849516913983648270e+07
-7.334999505632914952e+04,-4.254299713267089828e+04,-2.493899831915191317e+04,-5.867999604506332616e+03,-2.031551344135763770e+00,-9.664871017052529380e+06,0.000000000000000000e+00,-1.850197205438311771e+07
-6.998008673483437451e+04,-4.058845030620392936e+04,-2.379322948984368850e+04,-5.598406938786750288e+03,-2.053172575127834687e+00,-9.668426653826078400e+06,0.000000000000000000e+00,-1.850874098551423848e+07
-6.664095258206571452e+04,-3.865175249759811413e+04,-2.265792387790234716e+04,-5.331276206565257780e+03,-2.076235597563184765e+00,-9.671755598838785663e+06,0.000000000000000000e+00,-1.851546015366621688e+07
-6.334047966501652263e+04,-3.673747820570957992e+04,-2.153576308610562046e+04,-5.067238373201322247e+03,-2.100869926561424350e+00,-9.675267322884541005e+06,0.000000000000000000e+00,-1.852211375619756430e+07
-6.008651154446769942e+04,-3.485017669579126232e+04,-2.042941392511902086e+04,-4.806920923557416245e+03,-2.127224219827891449e+00,-9.678746064610648900e+06,0.000000000000000000e+00,-1.852868603589243069e+07
-5.688682766579282907e+04,-3.299436004615983984e+04,-1.934152140636956392e+04,-4.550946213263427126e+03,-2.155468600532417067e+00,-9.682171770532280207e+06,0.000000000000000000e+00,-1.853516133047224954e+07
-5.374912130271826027e+04,-3.117449035557658863e+04,-1.827470124292420951e+04,-4.299929704217461222e+03,-2.185798177505649864e+00,-9.685531865711251274e+06,0.000000000000000000e+00,-1.854152411576353014e+07
-5.068097475830815529e+04,-2.939496535981872876e+04,-1.723153141782477542e+04,-4.054477980664652932e+03,-2.218437727966413142e+00,-9.688816455231590196e+06,0.000000000000000000e+00,-1.854775905272988230e+07
-4.768982805683054175e+04,-2.766010027296171393e+04,-1.621454153932238660e+04,-3.815186244546443959e+03,-2.253649430521566188e+00,-9.691828532824104652e+06,0.000000000000000000e+00,-1.855385105517395958e+07
-4.478296234873125650e+04,-2.597411816226412702e+04,-1.522620719856862888e+04,-3.582636987898500593e+03,-2.291734750664888853e+00,-9.694951227492697537e+06,0.000000000000000000e+00,-1.855978530424325913e+07
-4.196746029420808190e+04,-2.434112697064068561e+04,-1.426893650003074981e+04,-3.357396823536646934e+03,-2.333046714860217197e+00,-9.697984090046677738e+06,0.000000000000000000e+00,-1.856554731774458289e+07
-3.925017095418708050e+04,-2.276509915342850582e+04,-1.334505812442360912e+04,-3.140013676334966931e+03,-2.378000874351129390e+00,-9.700911555910466239e+06,0.000000000000000000e+00,-1.857112302440155670e+07
-3.663766422412091924e+04,-2.124984524999013229e+04,-1.245680583620111429e+04,-2.931013137929674031e+03,-2.427095279261506366e+00,-9.703714549307642505e+06,0.000000000000000000e+00,-1.857649888212732598e+07
-3.413620628274961928e+04,-1.979899964399477903e+04,-1.160631013613487266e+04,-2.730896502619969851e+03,-2.480915715077365302e+00,-9.706453533117920160e+06,0.000000000000000000e+00,-1.858166187559023499e+07
-3.175169908610992934e+04,-1.841598546994375647e+04,-1.079557768927737743e+04,-2.540135926888794529e+03,-2.540170107450352432e+00,-9.709072593943273649e+06,0.000000000000000000e+00,-1.858659964916514978e+07
-2.948962953253127489e+04,-1.710398512886813842e+04,-1.002647404106063550e+04,-2.359170362602502337e+03,-2.605716166035616954e+00,-9.711559530098794028e+06,0.000000000000000000e+00,-1.859130060439034924e+07
-2.735500646225309174e+04,-1.586590374810679168e+04,-9.300702197166052429e+03,-2.188400516980247630e+03,-2.678606297260240687e+00,-9.713834909506084397e+06,0.000000000000000000e+00,-1.859575403063096106e+07
-2.535229861466696457e+04,-1.470433319650683916e+04,-8.619781528986770354e+03,-2.028183889173357557e+03,-2.760127074633489830e+00,-9.716066962921319529e+06,0.000000000000000000e+00,-1.859995016714054346e+07
-2.348534179133952057e+04,-1.362149823897692295e+04,-7.985016209055438594e+03,-1.878827343307161982e+03,-2.851894846568714836e+00,-9.718070569900095463e+06,0.000000000000000000e+00,-1.860388043442323804e+07
-2.175725119071210793e+04,-1.261920569061302194e+04,-7.397465404842118005e+03,-1.740580095256968889e+03,-2.955940844392733080e+00,-9.720002378440516070e+06,0.000000000000000000e+00,-1.860753756933459267e+07
-2.017030950403524184e+04,-1.169877951234043940e+04,-6.857905231371983064e+03,-1.613624760322819611e+03,-3.074852999290617284e+00,-9.721793291180334985e+06,0.000000000000000000e+00,-1.861091582842488214e+07
-1.872583562371442167e+04,-1.086098466175436442e+04,-6.366784112062904569e+03,-1.498066849897154043e+03,-3.211976109688022163e+00,-9.723433085154006258e+06,0.000000000000000000e+00,-1.861401123944488540e+07
-1.742403492565867418e+04,-1.010594025688203146e+04,-5.924171874723950168e+03,-1.393922794052694144e+03,-3.371686519996240694e+00,-9.724918330703577027e+06,0.000000000000000000e+00,-1.861682188149347156e+07
-1.626382548201802274e+04,-9.433018779570453262e+03,-5.529700663886128496e+03,-1.301106038561441892e+03,-3.559789696904299028e+00,-9.726172929988777265e+06,0.000000000000000000e+00,-1.861934821426787972e+07
-1.524264265597249505e+04,-8.840732740464047311e+03,-5.182498503030648862e+03,-1.219411412477799786e+03,-3.784091730745770210e+00,-9.727346232152489945e+06,0.000000000000000000e+00,-1.862159345770065114e+07
-1.435623105551215122e+04,-8.326614012197047487e+03,-4.881118558874131850e+03,-1.148498484440972106e+03,-4.055170284739376463e+00,-9.728421325564518571e+06,0.000000000000000000e+00,-1.862356399579042196e+07
-1.359844113459414621e+04,-7.887095858064604727e+03,-4.623469985762010765e+03,-1.087875290767531851e+03,-4.387547302622749612e+00,-9.729317316958647221e+06,0.000000000000000000e+00,-1.862526984498028457e+07
-1.296108783750706425e+04,-7.517430945754096683e+03,-4.406769864752402100e+03,-1.036887027000565240e+03,-4.800974265089229753e+00,-9.730080205055139959e+06,0.000000000000000000e+00,-1.862672500009167939e+07
-1.243399480529657012e+04,-7.211716987072010852e+03,-4.227558233800834387e+03,-9.947195844237257916e+02,-5.321572224124167860e+00,-9.730716796984879300e+06,0.000000000000000000e+00,-1.862794756116513908e+07
-1.200549278017361939e+04,-6.963185812500698376e+03,-4.081867545259030976e+03,-9.604394224138895879e+02,-5.980649570906451551e+00,-9.731236581462221220e+06,0.000000000000000000e+00,-1.862895913867283240e+07
-1.166396633286145152e+04,-6.765100473059641445e+03,-3.965748553172893935e+03,-9.331173066289161397e+02,-6.804715270307378105e+00,-9.731625329186225310e+06,0.000000000000000000e+00,-1.862978252604340389e+07
-1.140142482649621343e+04,-6.612826399367802878e+03,-3.876484441008713020e+03,-9.121139861196971879e+02,-7.780051063159041824e+00,-9.732047045384295285e+06,0.000000000000000000e+00,-1.863043572930622473e+07
-1.121915350865060827e+04,-6.507109035017352653e+03,-3.814512192941207559e+03,-8.975322806920488574e+02,-8.773962824292725671e+00,-9.732265363141048700e+06,0.000000000000000000e+00,-1.863092176219837368e+07
-1.112597948367468052e+04,-6.453068100531314485e+03,-3.782833024449392269e+03,-8.900783586939745646e+02,-9.487476812895776490e+00,-9.732398049503920600e+06,0.000000000000000000e+00,-1.863122740842259675e+07
-1.110541543674941749e+04,-6.441140953314661601e+03,-3.775841248494802585e+03,-8.884332349399535360e+02,-9.736374560605680628e+00,-9.732575474864419550e+06,0.000000000000000000e+00,-1.863136969262084365e+07
-1.110291885393566918e+04,-6.439692935282687358e+03,-3.774992410338128138e+03,-8.882335083148535659e+02,-9.757594332964384165e+00,-9.732475143086034805e+06,0.000000000000000000e+00,-1.863142909412096441e+07
-1.110161266541021359e+04,-6.438935345937923557e+03,-3.774548306239472822e+03,-8.881290132328171012e+02,-9.757756929575277738e+00,-9.732594673791104928e+06,0.000000000000000000e+00,-1.863145542364013195e+07
-1.110109099055026854e+04,-6.438632774519155646e+03,-3.774370936787091978e+03,-8.880872792440216017e+02,-9.757791234653609536e+00,-9.732600538435133174e+06,0.000000000000000000e+00,-1.863146707950872183e+07
-1.110088589871352451e+04,-6.438513821253844071e+03,-3.774301205562599080e+03,-8.880708718970821565e+02,-9.757804661165227600e+00,-9.732604272823767737e+06,0.000000000000000000e+00,-1.863147219395958260e+07
-1.110080531860862175e+04,-6.438467084793000140e+03,-3.774273808326931430e+03,-8.880644254886897215e+02,-9.757810088784356850e+00,-9.732607270414358005e+06,0.000000000000000000e+00,-1.863147442091574520e+07
-1.110077366034384613e+04,-6.438448722999431084e+03,-3.774263044516908394e+03,-8.880618928275077906e+02,-9.757812285656312312e+00,-9.732609907240185887e+06,0.000000000000000000e+00,-1.863147538431321830e+07
-1.110076122291236425e+04,-6.438441509289170426e+03,-3.774258815790204153e+03,-8.880608978329892125e+02,-9.757813174955332514e+00,-9.732612375899929553e+06,0.000000000000000000e+00,-1.863147579878542200e+07
-1.110075633698740239e+04,-6.438438675452692223e+03,-3.774257154575716868e+03,-8.880605069589922778e+02,-9.757813534973497127e+00,-9.732614769477080554e+06,0.000000000000000000e+00,-1.863147597625114024e+07
-1.110075441785562725e+04,-6.438437562356262788e+03,-3.774256502070913484e+03,-8.880603534284501848e+02,-9.757813680735527129e+00,-9.732617130708383396e+06,0.000000000000000000e+00,-1.863147605192353576e+07
-1.110075366427947483e+04,-6.438437125282094712e+03,-3.774256245855021916e+03,-8.880602931423580912e+02,-9.757813739760164751e+00,-9.732619478437878191e+06,0.000000000000000000e+00,-1.863147608407507464e+07
-1.110075336860318384e+04,-6.438436953789846484e+03,-3.774256145325083253e+03,-8.880602694882549031e+02,-9.757813763668806928e+00,-9.732621820692121983e+06,0.000000000000000000e+00,-1.863147609769365564e+07
-1.110075325281383994e+04,-6.438436886632026471e+03,-3.774256105956706051e+03,-8.880602602251072994e+02,-9.757813773359766074e+00,-9.732624160789348185e+06,0.000000000000000000e+00,-1.863147610344780982e+07
-1.110075320769209065e+04,-6.438436860461411925e+03,-3.774256090615311223e+03,-8.880602566153672797e+02,-9.757813777293922186e+00,-9.732626500063367188e+06,0.000000000000000000e+00,-1.863147610587506741e+07
-1.110075319033110645e+04,-6.438436850392041379e+03,-3.774256084712576467e+03,-8.880602552264886071e+02,-9.757813778897002521e+00,-9.732628839035082608e+06,0.000000000000000000e+00,-1.863147610689887404e+07
-1.110075318387529842e+04,-6.438436846647672610e+03,-3.774256082517601953e+03,-8.880602547100239690e+02,-9.757813779556094858e+00,-9.732631177901145071e+06,0.000000000000000000e+00,-1.863147610733209923e+07
-1.110075318170328865e+04,-6.438436845387906942e+03,-3.774256081779118631e+03,-8.880602545362631872e+02,-9.757813779832929413e+00,-9.732633516732729971e+06,0.000000000000000000e+00,-1.863147610751735419e+07
-1.110075318121397504e+04,-6.438436845104105487e+03,-3.774256081612752041e+03,-8.880602544971180805e+02,-9.757813779954927824e+00,-9.732635855554213747e+06,0.000000000000000000e+00,-1.863147610759872571e+07
-1.110075318138563489e+04,-6.438436845203667872e+03,-3.774256081671116590e+03,-8.880602545108509958e+02,-9.757813780014220839e+00,-9.732638194373143837e+06,0.000000000000000000e+00,-1.863147610763663799e+07
-1.110075318181691000e+04,-6.438436845453807109e+03,-3.774256081817749873e+03,-8.880602545453529046e+02,-9.757813780048101293e+00,-9.732640533191397786e+06,0.000000000000000000e+00,-1.863147610765640065e+07
-1.110075318235016312e+04,-6.438436845763094425e+03,-3.774256081999055823e+03,-8.880602545880130947e+02,-9.757813780071694865e+00,-9.732642872009335086e+06,0.000000000000000000e+00,-1.863147610766860098e+07
-1.110075318292348857e+04,-6.438436846095622968e+03,-3.774256082193986913e+03,-8.880602546338792536e+02,-9.757813780091135314e+00,-9.732645210826698691e+06,0.000000000000000000e+00,-1.863147610767765716e+07
-1.110075318351250826e+04,-6.438436846437254644e+03,-3.774256082394253554e+03,-8.880602546810008562e+02,-9.757813780108866908e+00,-9.732647549643475562e+06,0.000000000000000000e+00,-1.863147610768539831e+07
-1.110075318410773434e+04,-6.438436846782485190e+03,-3.774256082596630222e+03,-8.880602547286188155e+02,-9.757813780125923486e+00,-9.732649888459421694e+06,0.000000000000000000e+00,-1.863147610769260302e+07
-1.110075318470537422e+04,-6.438436847129116359e+03,-3.774256082799827709e+03,-8.880602547764300425e+02,-9.757813780142706506e+00,-9.732652227274462581e+06,0.000000000000000000e+00,-1.863147610769958049e+07
-1.110075318530397271e+04,-6.438436847476304138e+03,-3.774256083003351250e+03,-8.880602548243178944e+02,-9.757813780159370509e+00,-9.732654566088628024e+06,0.000000000000000000e+00,-1.863147610770646855e+07
-1.110075318590294228e+04,-6.438436847823705648e+03,-3.774256083207000756e+03,-8.880602548722354186e+02,-9.757813780175991880e+00,-9.732656904901882634e+06,0.000000000000000000e+00,-1.863147610771331191e+07
-1.110075318650205918e+04,-6.438436848171193560e+03,-3.774256083410700739e+03,-8.880602549201647662e+02,-9.757813780192593711e+00,-9.732659243714185432e+06,0.000000000000000000e+00,-1.863147610772013664e+07
-1.110075318710124520e+04,-6.438436848518722400e+03,-3.774256083614423915e+03,-8.880602549680996844e+02,-9.757813780209199095e+00,-9.732661582525581121e+06,0.000000000000000000e+00,-1.863147610772696882e+07
-1.110075318770043123e+04,-6.438436848866249420e+03,-3.774256083818147090e+03,-8.880602550160344890e+02,-9.757813780225797373e+00,-9.732663921335985884e+06,0.000000000000000000e+00,-1.863147610773378983e+07
-1.110075318829962998e+04,-6.438436849213785536e+03,-3.774256084021874813e+03,-8.880602550639705441e+02,-9.757813780242376112e+00,-9.732666260145481676e+06,0.000000000000000000e+00,-1.863147610774060711e+07
-1.110075318889883420e+04,-6.438436849561323470e+03,-3.774256084225603900e+03,-8.880602551119068266e+02,-9.757813780258969061e+00,-9.732668598954040557e+06,0.000000000000000000e+00,-1.863147610774742439e+07
-1.110075318949804569e+04,-6.438436849908865952e+03,-3.774256084429335715e+03,-8.880602551598436776e+02,-9.757813780275554905e+00,-9.732670937761604786e+06,0.000000000000000000e+00,-1.863147610775424540e+07
-1.110075319009724990e+04,-6.438436850256404796e+03,-3.774256084633065711e+03,-8.880602552077801874e+02,-9.757813780292151407e+00,-9.732673276568265632e+06,0.000000000000000000e+00,-1.863147610776105523e+07
-1.110075319069646321e+04,-6.438436850603948187e+03,-3.774256084836797982e+03,-8.880602552557171521e+02,-9.757813780308762119e+00,-9.732675615374000743e+06,0.000000000000000000e+00,-1.863147610776788741e+07
-1.110075319129567470e+04,-6.438436850951490669e+03,-3.774256085040529797e+03,-8.880602553036540030e+02,-9.757813780325353292e+00,-9.732677954178772867e+06,0.000000000000000000e+00,-1.863147610777470469e+07
-1.110075319189489528e+04,-6.438436851299038608e+03,-3.774256085244264796e+03,-8.880602553515917634e+02,-9.757813780341953347e+00,-9.732680292982583866e+06,0.000000000000000000e+00,-1.863147610778153315e+07
-1.110075319249410859e+04,-6.438436851646582909e+03,-3.774256085447997521e+03,-8.880602553995288417e+02,-9.757813780358546296e+00,-9.732682631785446778e+06,0.000000000000000000e+00,-1.863147610778834298e+07
-1.110075319309331098e+04,-6.438436851994119934e+03,-3.774256085651726153e+03,-8.880602554474648969e+02,-9.757813780375155233e+00,-9.732684970587361604e+06,0.000000000000000000e+00,-1.863147610779517889e+07
-1.110075319369250610e+04,-6.438436852341653321e+03,-3.774256085855452966e+03,-8.880602554954006109e+02,-9.757813780391733971e+00,-9.732687309388339520e+06,0.000000000000000000e+00,-1.863147610780199990e+07
-1.110075319429172305e+04,-6.438436852689198531e+03,-3.774256086059186146e+03,-8.880602555433379166e+02,-9.757813780408332249e+00,-9.732689648188415915e+06,0.000000000000000000e+00,-1.863147610780882463e+07
-1.110075319489093818e+04,-6.438436853036743742e+03,-3.774256086262919325e+03,-8.880602555912751086e+02,-9.757813780424926975e+00,-9.732691986987465993e+06,0.000000000000000000e+00,-1.863147610781563818e+07
-1.110075319549012784e+04,-6.438436853384274400e+03,-3.774256086466644319e+03,-8.880602556392103679e+02,-9.757813780441505713e+00,-9.732694325785594061e+06,0.000000000000000000e+00,-1.863147610782244056e+07
-1.110075319608933205e+04,-6.438436853731811425e+03,-3.774256086670372952e+03,-8.880602556871466504e+02,-9.757813780458103992e+00,-9.732696664582815021e+06,0.000000000000000000e+00,-1.863147610782926902e+07
-1.110075319668854172e+04,-6.438436854079352997e+03,-3.774256086874104312e+03,-8.880602557350833877e+02,-9.757813780474695164e+00,-9.732699003379039466e+06,0.000000000000000000e+00,-1.863147610783608630e+07
-1.110075319728773866e+04,-6.438436854426888203e+03,-3.774256087077831580e+03,-8.880602557830192154e+02,-9.757813780491304101e+00,-9.732701342174321413e+06,0.000000000000000000e+00,-1.863147610784289986e+07
-1.110075319788693196e+04,-6.438436854774419771e+03,-3.774256087281557029e+03,-8.880602558309545884e+02,-9.757813780507881063e+00,-9.732703680968681350e+06,0.000000000000000000e+00,-1.863147610784972832e+07
-1.110075319848614527e+04,-6.438436855121964072e+03,-3.774256087485289754e+03,-8.880602558788917804e+02,-9.757813780524475789e+00,-9.732706019762139767e+06,0.000000000000000000e+00,-1.863147610785654560e+07
-1.110075319908535312e+04,-6.438436855469504735e+03,-3.774256087689020660e+03,-8.880602559268284040e+02,-9.757813780541061632e+00,-9.732708358554603532e+06,0.000000000000000000e+00,-1.863147610786335915e+07
-1.110075319968455005e+04,-6.438436855817039032e+03,-3.774256087892747473e+03,-8.880602559747641180e+02,-9.757813780557670569e+00,-9.732710697346109897e+06,0.000000000000000000e+00,-1.863147610787018016e+07
-1.110075320028375063e+04,-6.438436856164575147e+03,-3.774256088096476105e+03,-8.880602560227001732e+02,-9.757813780574249307e+00,-9.732713036136701703e+06,0.000000000000000000e+00,-1.863147610787698999e+07
-1.110075320088294939e+04,-6.438436856512110353e+03,-3.774256088300203373e+03,-8.880602560706360009e+02,-9.757813780590833375e+00,-9.732715374926356599e+06,0.000000000000000000e+00,-1.863147610788381845e+07
-1.110075320148214996e+04,-6.438436856859646468e+03,-3.774256088503931551e+03,-8.880602561185721697e+02,-9.757813780607451193e+00,-9.732717713715050370e+06,0.000000000000000000e+00,-1.863147610789063945e+07
-1.110075320208134508e+04,-6.438436857207179855e+03,-3.774256088707657909e+03,-8.880602561665077701e+02,-9.757813780624026379e+00,-9.732720052502803504e+06,0.000000000000000000e+00,-1.863147610789744556e+07
-1.110075320268055293e+04,-6.438436857554720518e+03,-3.774256088911388815e+03,-8.880602562144443937e+02,-9.757813780640635315e+00,-9.732722391289638355e+06,0.000000000000000000e+00,-1.863147610790427774e+07
-1.110075320327975533e+04,-6.438436857902257543e+03,-3.774256089115116993e+03,-8.880602562623804488e+02,-9.757813780657233593e+00,-9.732724730075472966e+06,0.000000000000000000e+00,-1.863147610791109502e+07
-1.110075320387896500e+04,-6.438436858249799116e+03,-3.774256089318848353e+03,-8.880602563103172997e+02,-9.757813780673808779e+00,-9.732727068860379979e+06,0.000000000000000000e+00,-1.863147610791791975e+07
-1.110075320447814738e+04,-6.438436858597325227e+03,-3.774256089522570619e+03,-8.880602563582518769e+02,-9.757813780690392846e+00,-9.732729407644348219e+06,0.000000000000000000e+00,-1.863147610792474449e+07
-1.110075320507735159e+04,-6.438436858944864071e+03,-3.774256089726300161e+03,-8.880602564061882731e+02,-9.757813780707000006e+00,-9.732731746427379549e+06,0.000000000000000000e+00,-1.863147610793155804e+07
-1.110075320567655035e+04,-6.438436859292398367e+03,-3.774256089930027429e+03,-8.880602564541241009e+02,-9.757813780723584074e+00,-9.732734085209440440e+06,0.000000000000000000e+00,-1.863147610793837532e+07
-1.110075320627574729e+04,-6.438436859639932663e+03,-3.774256090133754697e+03,-8.880602565020598149e+02,-9.757813780740173470e+00,-9.732736423990610987e+06,0.000000000000000000e+00,-1.863147610794518515e+07
-1.110075320687494423e+04,-6.438436859987466960e+03,-3.774256090337481510e+03,-8.880602565499956427e+02,-9.757813780756771749e+00,-9.732738762770775706e+06,0.000000000000000000e+00,-1.863147610795200244e+07
-1.110075320747415390e+04,-6.438436860335008532e+03,-3.774256090541212416e+03,-8.880602565979323799e+02,-9.757813780773362922e+00,-9.732741101550005376e+06,0.000000000000000000e+00,-1.863147610795883089e+07
-1.110075320807334538e+04,-6.438436860682540100e+03,-3.774256090744937865e+03,-8.880602566458677529e+02,-9.757813780789961200e+00,-9.732743440328348428e+06,0.000000000000000000e+00,-1.863147610796565562e+07
-1.110075320867253322e+04,-6.438436861030068940e+03,-3.774256090948661949e+03,-8.880602566938027849e+02,-9.757813780806563031e+00,-9.732745779105713591e+06,0.000000000000000000e+00,-1.863147610797247291e+07
-1.110075320927171015e+04,-6.438436861377591413e+03,-3.774256091152381941e+03,-8.880602567417369073e+02,-9.757813780823139993e+00,-9.732748117882089689e+06,0.000000000000000000e+00,-1.863147610797929391e+07
-1.110075320987091618e+04,-6.438436861725131166e+03,-3.774256091356112393e+03,-8.880602567896734172e+02,-9.757813780839738271e+00,-9.732750456657605246e+06,0.000000000000000000e+00,-1.863147610798611119e+07
-1.110075321047010220e+04,-6.438436862072659096e+03,-3.774256091559835113e+03,-8.880602568376082218e+02,-9.757813780856318786e+00,-9.732752795432092622e+06,0.000000000000000000e+00,-1.863147610799292102e+07
-1.110075321106930460e+04,-6.438436862420196121e+03,-3.774256091763564200e+03,-8.880602568855445043e+02,-9.757813780872925946e+00,-9.732755134205672890e+06,0.000000000000000000e+00,-1.863147610799973831e+07
-1.110075321166849062e+04,-6.438436862767724051e+03,-3.774256091967287375e+03,-8.880602569334794225e+02,-9.757813780889526001e+00,-9.732757472978278995e+06,0.000000000000000000e+00,-1.863147610800656676e+07
-1.110075321226768392e+04,-6.438436863115256529e+03,-3.774256092171013279e+03,-8.880602569814149092e+02,-9.757813780906099410e+00,-9.732759811749987304e+06,0.000000000000000000e+00,-1.863147610801338404e+07
-1.110075321286688450e+04,-6.438436863462792644e+03,-3.774256092374741002e+03,-8.880602570293508506e+02,-9.757813780922704794e+00,-9.732762150520736352e+06,0.000000000000000000e+00,-1.863147610802020505e+07
-1.110075321346606142e+04,-6.438436863810316027e+03,-3.774256092578461903e+03,-8.880602570772850868e+02,-9.757813780939285309e+00,-9.732764489290559664e+06,0.000000000000000000e+00,-1.863147610802702233e+07
-1.110075321406526564e+04,-6.438436864157853961e+03,-3.774256092782190990e+03,-8.880602571252213693e+02,-9.757813780955874705e+00,-9.732766828059354797e+06,0.000000000000000000e+00,-1.863147610803383216e+07
-1.110075321466444439e+04,-6.438436864505377343e+03,-3.774256092985911437e+03,-8.880602571731556054e+02,-9.757813780972464102e+00,-9.732769166827298701e+06,0.000000000000000000e+00,-1.863147610804066062e+07
-1.110075321526363950e+04,-6.438436864852910730e+03,-3.774256093189637795e+03,-8.880602572210912058e+02,-9.757813780989065933e+00,-9.732771505594233051e+06,0.000000000000000000e+00,-1.863147610804748535e+07
-1.110075321586283280e+04,-6.438436865200443208e+03,-3.774256093393363699e+03,-8.880602572690266925e+02,-9.757813781005662435e+00,-9.732773844360267743e+06,0.000000000000000000e+00,-1.863147610805429518e+07
-1.110075321646203338e+04,-6.438436865547978414e+03,-3.774256093597091422e+03,-8.880602573169627476e+02,-9.757813781022271371e+00,-9.732776183125337586e+06,0.000000000000000000e+00,-1.863147610806111991e+07
-1.110075321706119394e+04,-6.438436865895492701e+03,-3.774256093800806866e+03,-8.880602573648956195e+02,-9.757813781038839451e+00,-9.732778521889476106e+06,0.000000000000000000e+00,-1.863147610806792974e+07
-1.110075321766040179e+04,-6.438436866243032455e+03,-3.774256094004536862e+03,-8.880602574128322431e+02,-9.757813781055437730e+00,-9.732780860652690753e+06,0.000000000000000000e+00,-1.863147610807476193e+07
-1.110075321825959145e+04,-6.438436866590562204e+03,-3.774256094208261402e+03,-8.880602574607673887e+02,-9.757813781072018244e+00,-9.732783199414858595e+06,0.000000000000000000e+00,-1.863147610808157548e+07
-1.110075321885878111e+04,-6.438436866938092862e+03,-3.774256094411986396e+03,-8.880602575087026480e+02,-9.757813781088621852e+00,-9.732785538176171482e+06,0.000000000000000000e+00,-1.863147610808839276e+07
-1.110075321945794713e+04,-6.438436867285608969e+03,-3.774256094615702295e+03,-8.880602575566358610e+02,-9.757813781105198814e+00,-9.732787876936523244e+06,0.000000000000000000e+00,-1.863147610809521005e+07
-1.110075322005714588e+04,-6.438436867633144175e+03,-3.774256094819430473e+03,-8.880602576045718024e+02,-9.757813781121802421e+00,-9.732790215695919469e+06,0.000000000000000000e+00,-1.863147610810203105e+07
-1.110075322065632099e+04,-6.438436867980665738e+03,-3.774256095023149555e+03,-8.880602576525058112e+02,-9.757813781138400699e+00,-9.732792554454375058e+06,0.000000000000000000e+00,-1.863147610810885206e+07
-1.110075322125550338e+04,-6.438436868328191849e+03,-3.774256095226871821e+03,-8.880602577004403884e+02,-9.757813781154991872e+00,-9.732794893211908638e+06,0.000000000000000000e+00,-1.863147610811567307e+07
-1.110075322185470213e+04,-6.438436868675727055e+03,-3.774256095430599089e+03,-8.880602577483762161e+02,-9.757813781171586598e+00,-9.732797231968460605e+06,0.000000000000000000e+00,-1.863147610812249407e+07
-1.110075322245386269e+04,-6.438436869023240433e+03,-3.774256095634314079e+03,-8.880602577963092017e+02,-9.757813781188163560e+00,-9.732799570724068210e+06,0.000000000000000000e+00,-1.863147610812930763e+07
-1.110075322305306145e+04,-6.438436869370775639e+03,-3.774256095838041347e+03,-8.880602578442450294e+02,-9.757813781204761838e+00,-9.732801909478759393e+06,0.000000000000000000e+00,-1.863147610813613236e+07
-1.110075322365223110e+04,-6.438436869718293565e+03,-3.774256096041759065e+03,-8.880602578921785835e+02,-9.757813781221360117e+00,-9.732804248232483864e+06,0.000000000000000000e+00,-1.863147610814294964e+07
-1.110075322425143349e+04,-6.438436870065831499e+03,-3.774256096245487697e+03,-8.880602579401147523e+02,-9.757813781237958395e+00,-9.732806586985277012e+06,0.000000000000000000e+00,-1.863147610814975947e+07
-1.110075322485060497e+04,-6.438436870413351244e+03,-3.774256096449206325e+03,-8.880602579880485337e+02,-9.757813781254537133e+00,-9.732808925737095997e+06,0.000000000000000000e+00,-1.863147610815657675e+07
-1.110075322544978553e+04,-6.438436870760875536e+03,-3.774256096652927681e+03,-8.880602580359829972e+02,-9.757813781271126530e+00,-9.732811264488004148e+06,0.000000000000000000e+00,-1.863147610816339776e+07
-1.110075322604895700e+04,-6.438436871108394371e+03,-3.774256096856645854e+03,-8.880602580839166649e+02,-9.757813781287721255e+00,-9.732813603237945586e+06,0.000000000000000000e+00,-1.863147610817022249e+07
-1.110075322664814666e+04,-6.438436871455925029e+03,-3.774256097060370394e+03,-8.880602581318518105e+02,-9.757813781304308876e+00,-9.732815941986968741e+06,0.000000000000000000e+00,-1.863147610817703977e+07
-1.110075322724732359e+04,-6.438436871803447502e+03,-3.774256097264090840e+03,-8.880602581797860466e+02,-9.757813781320912483e+00,-9.732818280735023320e+06,0.000000000000000000e+00,-1.863147610818386078e+07
-1.110075322784651871e+04,-6.438436872150979980e+03,-3.774256097467816744e+03,-8.880602582277215333e+02,-9.757813781337503656e+00,-9.732820619482183829e+06,0.000000000000000000e+00,-1.863147610819068179e+07
-1.110075322844568473e+04,-6.438436872498496996e+03,-3.774256097671533098e+03,-8.880602582756548600e+02,-9.757813781354094829e+00,-9.732822958228347823e+06,0.000000000000000000e+00,-1.863147610819749907e+07
-1.110075322904487257e+04,-6.438436872846025835e+03,-3.774256097875257183e+03,-8.880602583235898919e+02,-9.757813781370689554e+00,-9.732825296973586082e+06,0.000000000000000000e+00,-1.863147610820432007e+07
-1.110075322964404950e+04,-6.438436873193548308e+03,-3.774256098078977175e+03,-8.880602583715240144e+02,-9.757813781387278951e+00,-9.732827635717839003e+06,0.000000000000000000e+00,-1.863147610821113363e+07
-1.110075323024321187e+04,-6.438436873541062596e+03,-3.774256098282692619e+03,-8.880602584194571136e+02,-9.757813781403871900e+00,-9.732829974461199716e+06,0.000000000000000000e+00,-1.863147610821794719e+07
-1.110075323084239972e+04,-6.438436873888591435e+03,-3.774256098486416249e+03,-8.880602584673920319e+02,-9.757813781420464849e+00,-9.732832313203565776e+06,0.000000000000000000e+00,-1.863147610822476819e+07
-1.110075323144157846e+04,-6.438436874236114818e+03,-3.774256098690137151e+03,-8.880602585153263817e+02,-9.757813781437050693e+00,-9.732834651945039630e+06,0.000000000000000000e+00,-1.863147610823158175e+07
-1.110075323204077722e+04,-6.438436874583650024e+03,-3.774256098893864419e+03,-8.880602585632622095e+02,-9.757813781453632984e+00,-9.732836990685537457e+06,0.000000000000000000e+00,-1.863147610823841393e+07
-1.110075323263995233e+04,-6.438436874931171587e+03,-3.774256099097583956e+03,-8.880602586111962182e+02,-9.757813781470220604e+00,-9.732839329425085336e+06,0.000000000000000000e+00,-1.863147610824522376e+07
-1.110075323323913290e+04,-6.438436875278696789e+03,-3.774256099301305767e+03,-8.880602586591306817e+02,-9.757813781486811777e+00,-9.732841668163679540e+06,0.000000000000000000e+00,-1.863147610825204477e+07
-1.110075323383828800e+04,-6.438436875626207438e+03,-3.774256099505018483e+03,-8.880602587070632126e+02,-9.757813781503413608e+00,-9.732844006901336834e+06,0.000000000000000000e+00,-1.863147610825886577e+07
-1.110075323443747948e+04,-6.438436875973738097e+03,-3.774256099708743477e+03,-8.880602587549984719e+02,-9.757813781520011887e+00,-9.732846345638051629e+06,0.000000000000000000e+00,-1.863147610826569051e+07
-1.110075323503664367e+04,-6.438436876321252385e+03,-3.774256099912459376e+03,-8.880602588029315712e+02,-9.757813781536610165e+00,-9.732848684373851866e+06,0.000000000000000000e+00,-1.863147610827250779e+07
-1.110075323563582424e+04,-6.438436876668777586e+03,-3.774256100116180733e+03,-8.880602588508660347e+02,-9.757813781553197785e+00,-9.732851023108676076e+06,0.000000000000000000e+00,-1.863147610827933252e+07
-1.110075323623500117e+04,-6.438436877016300969e+03,-3.774256100319901179e+03,-8.880602588988002708e+02,-9.757813781569783629e+00,-9.732853361842591316e+06,0.000000000000000000e+00,-1.863147610828614980e+07
-1.110075323683416173e+04,-6.438436877363813437e+03,-3.774256100523615714e+03,-8.880602589467330290e+02,-9.757813781586367696e+00,-9.732855700575482100e+06,0.000000000000000000e+00,-1.863147610829296708e+07
-1.110075323743334229e+04,-6.438436877711338639e+03,-3.774256100727337071e+03,-8.880602589946674925e+02,-9.757813781602974856e+00,-9.732858039307540283e+06,0.000000000000000000e+00,-1.863147610829977691e+07
-1.110075323803252468e+04,-6.438436878058864750e+03,-3.774256100931059336e+03,-8.880602590426021834e+02,-9.757813781619567806e+00,-9.732860378038588911e+06,0.000000000000000000e+00,-1.863147610830660909e+07
-1.110075323863167068e+04,-6.438436878406368123e+03,-3.774256101134768414e+03,-8.880602590905336911e+02,-9.757813781636153649e+00,-9.732862716768680140e+06,0.000000000000000000e+00,-1.863147610831342265e+07
-1.110075323923085489e+04,-6.438436878753896053e+03,-3.774256101338491135e+03,-8.880602591384684956e+02,-9.757813781652735940e+00,-9.732865055497845635e+06,0.000000000000000000e+00,-1.863147610832023993e+07
-1.110075323983003364e+04,-6.438436879101419436e+03,-3.774256101542212036e+03,-8.880602591864028454e+02,-9.757813781669335995e+00,-9.732867394226092845e+06,0.000000000000000000e+00,-1.863147610832706094e+07
-1.110075324042918510e+04,-6.438436879448927357e+03,-3.774256101745923388e+03,-8.880602592343349215e+02,-9.757813781685921839e+00,-9.732869732953343540e+06,0.000000000000000000e+00,-1.863147610833386704e+07
-1.110075324102835475e+04,-6.438436879796446192e+03,-3.774256101949641561e+03,-8.880602592822685892e+02,-9.757813781702525446e+00,-9.732872071679655463e+06,0.000000000000000000e+00,-1.863147610834069550e+07
-1.110075324162752622e+04,-6.438436880143965027e+03,-3.774256102153359279e+03,-8.880602593302022569e+02,-9.757813781719111290e+00,-9.732874410405049101e+06,0.000000000000000000e+00,-1.863147610834751278e+07
-1.110075324222671225e+04,-6.438436880491492047e+03,-3.774256102357082455e+03,-8.880602593781370615e+02,-9.757813781735702463e+00,-9.732876749129481614e+06,0.000000000000000000e+00,-1.863147610835434124e+07
-1.110075324282586553e+04,-6.438436880839001788e+03,-3.774256102560795171e+03,-8.880602594260693650e+02,-9.757813781752288307e+00,-9.732879087852992117e+06,0.000000000000000000e+00,-1.863147610836115107e+07
-1.110075324342503882e+04,-6.438436881186521532e+03,-3.774256102764513798e+03,-8.880602594740031464e+02,-9.757813781768888362e+00,-9.732881426575552672e+06,0.000000000000000000e+00,-1.863147610836797580e+07
-1.110075324402419392e+04,-6.438436881534032182e+03,-3.774256102968226514e+03,-8.880602595219356772e+02,-9.757813781785467100e+00,-9.732883765297142789e+06,0.000000000000000000e+00,-1.863147610837479681e+07
-1.110075324462336175e+04,-6.438436881881549198e+03,-3.774256103171943323e+03,-8.880602595698690038e+02,-9.757813781802061825e+00,-9.732886104017797858e+06,0.000000000000000000e+00,-1.863147610838161409e+07
-1.110075324522252777e+04,-6.438436882229065304e+03,-3.774256103375659677e+03,-8.880602596178023305e+02,-9.757813781818651222e+00,-9.732888442737514153e+06,0.000000000000000000e+00,-1.863147610838843137e+07
-1.110075324582170288e+04,-6.438436882576586868e+03,-3.774256103579379214e+03,-8.880602596657363392e+02,-9.757813781835247724e+00,-9.732890781456304714e+06,0.000000000000000000e+00,-1.863147610839525238e+07
-1.110075324642086343e+04,-6.438436882924101155e+03,-3.774256103783094659e+03,-8.880602597136692111e+02,-9.757813781851844226e+00,-9.732893120174119249e+06,0.000000000000000000e+00,-1.863147610840206966e+07
-1.110075324702003854e+04,-6.438436883271622719e+03,-3.774256103986813741e+03,-8.880602597616032199e+02,-9.757813781868453162e+00,-9.732895458891026676e+06,0.000000000000000000e+00,-1.863147610840889439e+07
-1.110075324761919910e+04,-6.438436883619136097e+03,-3.774256104190528731e+03,-8.880602598095360918e+02,-9.757813781885031901e+00,-9.732897797606917098e+06,0.000000000000000000e+00,-1.863147610841571167e+07
-1.110075324821836148e+04,-6.438436883966649475e+03,-3.774256104394243721e+03,-8.880602598574690774e+02,-9.757813781901631955e+00,-9.732900136321937665e+06,0.000000000000000000e+00,-1.863147610842252895e+07
-1.110075324881753841e+04,-6.438436884314171948e+03,-3.774256104597963713e+03,-8.880602599054031998e+02,-9.757813781918221352e+00,-9.732902475035982206e+06,0.000000000000000000e+00,-1.863147610842933878e+07
-1.110075324941668441e+04,-6.438436884661677141e+03,-3.774256104801673246e+03,-8.880602599533348211e+02,-9.757813781934808972e+00,-9.732904813749056309e+06,0.000000000000000000e+00,-1.863147610843615234e+07
-1.110075325001583769e+04,-6.438436885009185971e+03,-3.774256105005385507e+03,-8.880602600012671246e+02,-9.757813781951394816e+00,-9.732907152461245656e+06,0.000000000000000000e+00,-1.863147610844297335e+07
-1.110075325061500371e+04,-6.438436885356702078e+03,-3.774256105209101861e+03,-8.880602600492004512e+02,-9.757813781967985989e+00,-9.732909491172438487e+06,0.000000000000000000e+00,-1.863147610844978690e+07
-1.110075325121416245e+04,-6.438436885704213637e+03,-3.774256105412815486e+03,-8.880602600971330958e+02,-9.757813781984568280e+00,-9.732911829882716760e+06,0.000000000000000000e+00,-1.863147610845660418e+07
-1.110075325181333210e+04,-6.438436886051731562e+03,-3.774256105616533205e+03,-8.880602601450666498e+02,-9.757813782001163005e+00,-9.732914168592015281e+06,0.000000000000000000e+00,-1.863147610846343637e+07
-1.110075325241249266e+04,-6.438436886399244941e+03,-3.774256105820247740e+03,-8.880602601929994080e+02,-9.757813782017743520e+00,-9.732916507300417870e+06,0.000000000000000000e+00,-1.863147610847024620e+07
-1.110075325301165685e+04,-6.438436886746761047e+03,-3.774256106023963639e+03,-8.880602602409326209e+02,-9.757813782034340022e+00,-9.732918846007872373e+06,0.000000000000000000e+00,-1.863147610847707465e+07
-1.110075325361081741e+04,-6.438436887094273516e+03,-3.774256106227678629e+03,-8.880602602888654928e+02,-9.757813782050931195e+00,-9.732921184714373201e+06,0.000000000000000000e+00,-1.863147610848390311e+07
-1.110075325420998706e+04,-6.438436887441792351e+03,-3.774256106431395892e+03,-8.880602603367990469e+02,-9.757813782067547237e+00,-9.732923523419890553e+06,0.000000000000000000e+00,-1.863147610849071294e+07
-1.110075325480913853e+04,-6.438436887789300272e+03,-3.774256106635107699e+03,-8.880602603847312366e+02,-9.757813782084122423e+00,-9.732925862124480307e+06,0.000000000000000000e+00,-1.863147610849753395e+07
-1.110075325540831182e+04,-6.438436888136820926e+03,-3.774256106838826781e+03,-8.880602604326650180e+02,-9.757813782100722477e+00,-9.732928200828157365e+06,0.000000000000000000e+00,-1.863147610850436613e+07
-1.110075325600746328e+04,-6.438436888484328847e+03,-3.774256107042538133e+03,-8.880602604805972078e+02,-9.757813782117295887e+00,-9.732930539530871436e+06,0.000000000000000000e+00,-1.863147610851117224e+07
-1.110075325660661656e+04,-6.438436888831836768e+03,-3.774256107246249940e+03,-8.880602605285293976e+02,-9.757813782133903047e+00,-9.732932878232618794e+06,0.000000000000000000e+00,-1.863147610851798207e+07
-1.110075325720578076e+04,-6.438436889179352875e+03,-3.774256107449965839e+03,-8.880602605764626105e+02,-9.757813782150490667e+00,-9.732935216933434829e+06,0.000000000000000000e+00,-1.863147610852481052e+07
-1.110074581309517453e+04,-6.438432571595200898e+03,-3.774253576452359994e+03,-8.880596650476140894e+02,-9.757209545378584536e+00,-9.732931734911274165e+06,0.000000000000000000e+00,-1.863147611823379248e+07
-1.110356611458101361e+04,-6.440068346456987456e+03,-3.775212478957545500e+03,-8.882852891664812205e+02,-9.677752062731720173e+00,-9.732913233040135354e+06,0.000000000000000000e+00,-1.863147253035644814e+07
-1.114958568203089089e+04,-6.466759695577916318e+03,-3.790859131890503704e+03,-8.919668545624714397e+02,-9.234188194727233068e+00,-9.732892999949024990e+06,0.000000000000000000e+00,-1.863141230574432760e+07
-1.128025321979070577e+04,-6.542546867478608874e+03,-3.835286094728840453e+03,-9.024202575832565572e+02,-8.356404447624990794e+00,-9.732811393621142954e+06,0.000000000000000000e+00,-1.863122757812829316e+07
-1.149345605363679533e+04,-6.666204511109341183e+03,-3.907775058236511086e+03,-9.194764842909437448e+02,-7.340063390226261753e+00,-9.732660810718292370e+06,0.000000000000000000e+00,-1.863090231483187899e+07
-1.178409793653307679e+04,-6.834776803189183738e+03,-4.006593298421246345e+03,-9.427278349226462524e+02,-6.421075518334101950e+00,-9.732364020680770278e+06,0.000000000000000000e+00,-1.863043415658205748e+07
-1.215679237255725457e+04,-7.050939576083207612e+03,-4.133309406669467535e+03,-9.725433898045804426e+02,-5.669475136575746532e+00,-9.732061323506250978e+06,0.000000000000000000e+00,-1.862981136000906304e+07
-1.262170180048151451e+04,-7.320587044279278416e+03,-4.291378612163715843e+03,-1.009736144038521275e+03,-5.074311510025750316e+00,-9.731670787595078349e+06,0.000000000000000000e+00,-1.862901483075421676e+07
-1.319028149635812224e+04,-7.650363267887711118e+03,-4.484695708761762035e+03,-1.055222519708649997e+03,-4.604233556706354591e+00,-9.731169727116955444e+06,0.000000000000000000e+00,-1.862802310972435772e+07
-1.387314723958439936e+04,-8.046425398958951519e+03,-4.716870061458696910e+03,-1.109851779166752067e+03,-4.229401017115073991e+00,-9.730545522096656263e+06,0.000000000000000000e+00,-1.862681543861690909e+07
-1.467924586873247245e+04,-8.513962603864833000e+03,-4.990943595369041759e+03,-1.174339669498597914e+03,-3.926358858118129014e+00,-9.729791119375100359e+06,0.000000000000000000e+00,-1.862537333623285592e+07
-1.561564162529687565e+04,-9.057072142672188420e+03,-5.309318152600938447e+03,-1.249251330023750370e+03,-3.677726320607631383e+00,-9.728901421746449545e+06,0.000000000000000000e+00,-1.862368132312410325e+07
-1.668755863022169433e+04,-9.678784005528581474e+03,-5.673769934275376727e+03,-1.335004690417735674e+03,-3.470820675853510728e+00,-9.727872024280453101e+06,0.000000000000000000e+00,-1.862172716178973019e+07
-1.789852184377142476e+04,-1.038114266938742730e+04,-6.085497426882286163e+03,-1.431881747501714244e+03,-3.296367608087392487e+00,-9.726699142815405503e+06,0.000000000000000000e+00,-1.861950182435123995e+07
-1.925052977156377528e+04,-1.116530726750698886e+04,-6.545180122331684288e+03,-1.540042381725102132e+03,-3.147519734321888585e+00,-9.725379813404554501e+06,0.000000000000000000e+00,-1.861699931348427385e+07
-2.074422978947962838e+04,-1.203165327789818366e+04,-7.053038128423075250e+03,-1.659538383158370607e+03,-3.019157090358179918e+00,-9.723911974353695288e+06,0.000000000000000000e+00,-1.861421641225473955e+07
-2.237908309276119689e+04,-1.297986819380149427e+04,-7.608888251538808618e+03,-1.790326647420896052e+03,-2.907398804288654937e+00,-9.722294371232729405e+06,0.000000000000000000e+00,-1.861115240835966542e+07
-2.415351381453282738e+04,-1.400903801242903864e+04,-8.212194696941161965e+03,-1.932281105162626318e+03,-2.809262101674949275e+00,-9.720517836347064003e+06,0.000000000000000000e+00,-1.860780881615474820e+07
-2.606504302082762661e+04,-1.511772495208002329e+04,-8.862114627081395156e+03,-2.085203441666210438e+03,-2.722425322076797993e+00,-9.718697661430286244e+06,0.000000000000000000e+00,-1.860418912443593889e+07
-2.811040121594224911e+04,-1.630403270524650361e+04,-9.557536413420366443e+03,-2.248832097275379965e+03,-2.645057807121638849e+00,-9.716651805628547445e+06,0.000000000000000000e+00,-1.860029855130458251e+07
-3.028562905544701061e+04,-1.756566485215926514e+04,-1.029711387885198565e+04,-2.422850324435761195e+03,-2.575702348134269570e+00,-9.714470818334335461e+06,0.000000000000000000e+00,-1.859614384200720862e+07
-3.258616555090599650e+04,-1.889997601952547848e+04,-1.107929628730804143e+04,-2.606893244072480229e+03,-2.513183608823732929e+00,-9.712155778735395521e+06,0.000000000000000000e+00,-1.859173307766258344e+07
-3.500692327238493453e+04,-2.030401549798326232e+04,-1.190235391261087898e+04,-2.800553861790795054e+03,-2.456545071561130111e+00,-9.709708486536446959e+06,0.000000000000000000e+00,-1.858707551088349521e+07
-3.754235823199804872e+04,-2.177456777455886913e+04,-1.276440179887934028e+04,-3.003388658559844316e+03,-2.404998476357064874e+00,-9.707202708777075633e+06,0.000000000000000000e+00,-1.858218140725600719e+07
-4.018651998860265303e+04,-2.330818159338953774e+04,-1.366341679612490407e+04,-3.214921599088212588e+03,-2.357894778311665274e+00,-9.704511228759134188e+06,0.000000000000000000e+00,-1.857706194480497763e+07
-4.293310536695264454e+04,-2.490120111283253209e+04,-1.459725582476390264e+04,-3.434648429356212091e+03,-2.314692025162040867e+00,-9.701779676575141028e+06,0.000000000000000000e+00,-1.857172910290559009e+07
-4.577551373686818988e+04,-2.654979796738354707e+04,-1.556367467053518703e+04,-3.662041098949455773e+03,-2.274930207377815261e+00,-9.698846369373131543e+06,0.000000000000000000e+00,-1.856619550762277842e+07
-4.870687324077296944e+04,-2.824998647964831980e+04,-1.656033690186281092e+04,-3.896549859261838265e+03,-2.238224651414009170e+00,-9.695827931439915672e+06,0.000000000000000000e+00,-1.856047441314601898e+07
-5.172008561256112444e+04,-2.999764965528545144e+04,-1.758482910827078376e+04,-4.137606849004890137e+03,-2.204245954654219908e+00,-9.692718720926154405e+06,0.000000000000000000e+00,-1.855457958940749615e+07
-5.480786428612310556e+04,-3.178856128595140035e+04,-1.863467385728186127e+04,-4.384629142889849390e+03,-2.172710275419501791e+00,-9.689591220327809453e+06,0.000000000000000000e+00,-1.854852523060871661e+07
-5.796275267354724929e+04,-3.361839655065740226e+04,-1.970733590900606941e+04,-4.637020213883780343e+03,-2.143376091215810408e+00,-9.686328645006295294e+06,0.000000000000000000e+00,-1.854232593518451974e+07
-6.117716305941371684e+04,-3.548275457445995562e+04,-2.080023544020066765e+04,-4.894173044753098111e+03,-2.116032608119934100e+00,-9.683028569822089747e+06,0.000000000000000000e+00,-1.853599660943837091e+07
-6.444339978022187279e+04,-3.737717187252868462e+04,-2.191075592527543995e+04,-5.155471982417750041e+03,-2.090496948471184613e+00,-9.679843552978724241e+06,0.000000000000000000e+00,-1.852955242061530799e+07
-6.775369813460958540e+04,-3.929714491807355080e+04,-2.303625736576725831e+04,-5.420295850768767195e+03,-2.066606303094783215e+00,-9.676342233709564433e+06,0.000000000000000000e+00,-1.852300870226370171e+07
-7.110021750168272411e+04,-4.123812615097597154e+04,-2.417407395057212852e+04,-5.688017400134618583e+03,-2.044222564716566826e+00,-9.672844524510214105e+06,0.000000000000000000e+00,-1.851638098858722672e+07
-7.447508375511254417e+04,-4.319554857796527358e+04,-2.532152847673826909e+04,-5.958006700409004225e+03,-2.023222265583453083e+00,-9.669324691725423560e+06,0.000000000000000000e+00,-1.850968492503052577e+07
-7.787040798729176458e+04,-4.516483663262922346e+04,-2.647593871567920360e+04,-6.229632638983342076e+03,-2.003496228746395325e+00,-9.665779220933454111e+06,0.000000000000000000e+00,-1.850293622107111290e+07
-8.127830575518832484e+04,-4.714141733800923248e+04,-2.763462395676403685e+04,-6.502264460415067333e+03,-1.984947649898622046e+00,-9.662210001647375524e+06,0.000000000000000000e+00,-1.849615060936972499e+07
-8.469091585601234692e+04,-4.912073119648716238e+04,-2.879491139104420290e+04,-6.775273268480988918e+03,-1.967490429572422261e+00,-9.658823696636790410e+06,0.000000000000000000e+00,-1.848934380708507076e+07
-8.810042618076549843e+04,-5.109824718484398181e+04,-2.995414490146027310e+04,-7.048034094461240784e+03,-1.951046663594164121e+00,-9.655216395753141493e+06,0.000000000000000000e+00,-1.848253145911696181e+07
-9.149907442985297530e+04,-5.306946316931472393e+04,-3.110968530615001509e+04,-7.319925954388239006e+03,-1.935548226328316579e+00,-9.651627854197731242e+06,0.000000000000000000e+00,-1.847572913765388355e+07
-9.487917107798253710e+04,-5.502991922522987443e+04,-3.225891816651406771e+04,-7.590333686238604059e+03,-1.920933983632810760e+00,-9.648067155881620944e+06,0.000000000000000000e+00,-1.846895230210421607e+07
-9.823311963720654603e+04,-5.697520938957979524e+04,-3.339926067665022856e+04,-7.858649570976524956e+03,-1.907148625621297722e+00,-9.644531715302545577e+06,0.000000000000000000e+00,-1.846221625474978238e+07
-1.015534307191251864e+05,-5.890098981709260261e+04,-3.452816644450256717e+04,-8.124274457530015752e+03,-1.894142362384093614e+00,-9.641020604755207896e+06,0.000000000000000000e+00,-1.845553610587375984e+07
-1.048327380295785697e+05,-6.080298805715556955e+04,-3.564313093005672272e+04,-8.386619042366286521e+03,-1.881869917381020940e+00,-9.637628783170389012e+06,0.000000000000000000e+00,-1.844892674698051810e+07
-1.080638054047864862e+05,-6.267700713477615500e+04,-3.674169383762741199e+04,-8.645104432382919185e+03,-1.870290910793469763e+00,-9.634214924149859697e+06,0.000000000000000000e+00,-1.844240282709028572e+07
-1.112395457899148314e+05,-6.451893655815059901e+04,-3.782144556857104908e+04,-8.899163663193186949e+03,-1.859368595026564597e+00,-9.630854697294518352e+06,0.000000000000000000e+00,-1.843597872193804756e+07
-1.143530329381732881e+05,-6.632475910414051032e+04,-3.888003119897892611e+04,-9.148242635053864433e+03,-1.849069652970156907e+00,-9.627553674430141225e+06,0.000000000000000000e+00,-1.842966850658426434e+07
-1.173975134841824620e+05,-6.809055782082582300e+04,-3.991515458462204697e+04,-9.391801078734599287e+03,-1.839363846457809260e+00,-9.624317982218764722e+06,0.000000000000000000e+00,-1.842348593015964702e+07
-1.203664185601699719e+05,-6.981252276489857468e+04,-4.092458231045779394e+04,-9.629313484813597825e+03,-1.830223703660811996e+00,-9.621153918210694566e+06,0.000000000000000000e+00,-1.841744439173596352e+07
-1.232533759594692237e+05,-7.148695805649214890e+04,-4.190614782621954510e+04,-9.860270076757538845e+03,-1.821624189358723056e+00,-9.618134514260994270e+06,0.000000000000000000e+00,-1.841155691481222957e+07
-1.260522196766333655e+05,-7.311028741244734556e+04,-4.285775469005534978e+04,-1.008417757413067011e+04,-1.813542536642163583e+00,-9.615134332481592894e+06,0.000000000000000000e+00,-1.840583612684927136e+07
-1.287569974741325277e+05,-7.467905853499686054e+04,-4.377737914120507048e+04,-1.030055979793060396e+04,-1.805958148719513989e+00,-9.612234223017169163e+06,0.000000000000000000e+00,-1.840029424469999224e+07
-1.313619839182949509e+05,-7.618995067261107033e+04,-4.466307453222029289e+04,-1.050895871346359672e+04,-1.798852198894249188e+00,-9.609434401182780042e+06,0.000000000000000000e+00,-1.839494304852155596e+07
-1.338616838591680571e+05,-7.763977663831747486e+04,-4.551297251211715047e+04,-1.070893470873344631e+04,-1.792207700442077334e+00,-9.606807435361500829e+06,0.000000000000000000e+00,-1.838979387542684749e+07
-1.362508584823620331e+05,-7.902549791976998677e+04,-4.632529188400310522e+04,-1.090006867858896476e+04,-1.786008761170225112e+00,-9.604199130929434672e+06,0.000000000000000000e+00,-1.838485755913593248e+07
-1.385245092280786484e+05,-8.034421535228560970e+04,-4.709833313754674600e+04,-1.108196073824629275e+04,-1.780241397149144644e+00,-9.601722604534253478e+06,0.000000000000000000e+00,-1.838014446329504251e+07
-1.406778982253837457e+05,-8.159318097072257660e+04,-4.783048539663048723e+04,-1.125423185803070191e+04,-1.774892757410477362e+00,-9.599374732452528551e+06,0.000000000000000000e+00,-1.837566444685009494e+07
-1.427065541320068587e+05,-8.276980139656396932e+04,-4.852022840488233487e+04,-1.141652433056054906e+04,-1.769951198281146665e+00,-9.597155883677760139e+06,0.000000000000000000e+00,-1.837142684754432738e+07
-1.446062782983536308e+05,-8.387164141304510122e+04,-4.916613462144023651e+04,-1.156850226386829127e+04,-1.765406195147773749e+00,-9.595068823835100979e+06,0.000000000000000000e+00,-1.836744046809099615e+07
-1.463731507466844632e+05,-8.489642743307698402e+04,-4.976687125387272681e+04,-1.170985205973475968e+04,-1.761248264430423927e+00,-9.593117152132654563e+06,0.000000000000000000e+00,-1.836371356350842491e+07
-1.480035357690018718e+05,-8.584205074602109380e+04,-5.032120216146064922e+04,-1.184028286152015244e+04,-1.757468894751565536e+00,-9.591304652325950563e+06,0.000000000000000000e+00,-1.836025382930444553e+07
-1.494940870877699926e+05,-8.670657051090658933e+04,-5.082798960984181031e+04,-1.195952696702160210e+04,-1.754060486360251137e+00,-9.589635022730441764e+06,0.000000000000000000e+00,-1.835706839050386846e+07
-1.508417525660785614e+05,-8.748821648832556093e+04,-5.128619587246672017e+04,-1.206734020528628753e+04,-1.751016298008076788e+00,-9.588111760179793462e+06,0.000000000000000000e+00,-1.835416379154871032e+07
-1.520437784663799684e+05,-8.818539151050038345e+04,-5.169488467856920033e+04,-1.216350227731039922e+04,-1.748330400588308242e+00,-9.586738106555763632e+06,0.000000000000000000e+00,-1.835154598708884045e+07
-1.530977132604546496e+05,-8.879667369106369733e+04,-5.205322250855459424e+04,-1.224781706083637437e+04,-1.745997636949570886e+00,-9.585517020900437608e+06,0.000000000000000000e+00,-1.834922033366869763e+07
-1.540014109940937778e+05,-8.932081837657438882e+04,-5.236047973799189640e+04,-1.232011287952750536e+04,-1.744013587383784758e+00,-9.584451162200162187e+06,0.000000000000000000e+00,-1.834719158230821788e+07
-1.547530342100202688e+05,-8.975675984181175590e+04,-5.261603163140689867e+04,-1.238024273680162332e+04,-1.742374540366321112e+00,-9.583542876886960119e+06,0.000000000000000000e+00,-1.834546387197322026e+07
-1.553510564322890132e+05,-9.010361273072761833e+04,-5.281935918697826855e+04,-1.242808451458312084e+04,-1.741077468196527755e+00,-9.582794188721962273e+06,0.000000000000000000e+00,-1.834404072392917797e+07
-1.557942642150882166e+05,-9.036067324475116038e+04,-5.297004983312999684e+04,-1.246354113720705936e+04,-1.740120007250081979e+00,-9.582206790182681754e+06,0.000000000000000000e+00,-1.834292503697239608e+07
-1.560817587584502762e+05,-9.052742007990115962e+04,-5.306779797787310235e+04,-1.248654070067602333e+04,-1.739500442612273101e+00,-8.133661497710469961e+08,0.000000000000000000e+00,-1.834211908353295922e+07
