# tendency to change, top row gives equation number (where number 0 is the first equation), 3rd column from end is gas-particle partitioning, 2nd column from end is gas-wall partitioning, final column is dilution (molecules/cm3/s (air))
2.128000000000000000e+03,2.129000000000000000e+03,2.130000000000000000e+03,2.131000000000000000e+03,2.132000000000000000e+03,0.000000000000000000e+00,0.000000000000000000e+00,0.000000000000000000e+00
-2.313555357951633141e+03,-1.009551428924348670e+03,-6.730342859495658558e+02,-2.103232143592393300e+02,0.000000000000000000e+00,0.000000000000000000e+00,0.000000000000000000e+00,-3.730743626821240783e+07
-9.793569853877683636e+04,-4.273557754419351841e+04,-2.849038502946234803e+04,-8.903245321706983304e+03,-3.150545917101075233e+00,-1.508845223727658950e+07,0.000000000000000000e+00,-1.855320276705059037e+07
-1.009595856303524633e+05,-4.405509191142651980e+04,-2.937006127428435138e+04,-9.178144148213859808e+03,-2.914541403296122102e+00,-1.139301261306193098e+07,0.000000000000000000e+00,-1.850494406374307349e+07
-1.015673358852831152e+05,-4.432029202266898938e+04,-2.954686134844599292e+04,-9.233394171389372787e+03,-2.823472061342565453e+00,-1.029438058793065138e+07,0.000000000000000000e+00,-1.848386833520408720e+07
-1.015020848188244272e+05,-4.429181883003246912e+04,-2.952787922002164487e+04,-9.227462256256763794e+03,-2.788041327421345805e+00,-9.900594084520656615e+06,0.000000000000000000e+00,-1.847516884369465336e+07
-1.012029297494336788e+05,-4.416127843611651042e+04,-2.944085229074434028e+04,-9.200266340857606338e+03,-2.775004762079721576e+00,-9.748925822894444689e+06,0.000000000000000000e+00,-1.847190382021379098e+07
-1.007768364238206559e+05,-4.397534680312172713e+04,-2.931689786874782294e+04,-9.161530583983694669e+03,-2.771259710817594701e+00,-9.688850081859976053e+06,0.000000000000000000e+00,-1.847102122293912992e+07
-1.002477957036221778e+05,-4.374449267067148321e+04,-2.916299511378099123e+04,-9.113435973056559305e+03,-2.771570586713288264e+00,-9.664958156877823174e+06,0.000000000000000000e+00,-1.847122595996685699e+07
-9.962057864624391368e+04,-4.347079795472460683e+04,-2.898053196981640576e+04,-9.056416240567627028e+03,-2.773836117456058847e+00,-9.655631935153972358e+06,0.000000000000000000e+00,-1.847197986548561603e+07
-9.889635000996362942e+04,-4.315477091343866050e+04,-2.876984727562577609e+04,-8.990577273633056393e+03,-2.777214056023659339e+00,-9.652251617441795766e+06,0.000000000000000000e+00,-1.847306169405100495e+07
-9.807609744996074005e+04,-4.279684252361921972e+04,-2.853122834907948345e+04,-8.916008859087338351e+03,-2.781369869681711293e+00,-9.651340338055578992e+06,0.000000000000000000e+00,-1.847438036417067423e+07
-9.716118839508325618e+04,-4.239760948149086471e+04,-2.826507298766058011e+04,-8.832835308643931057e+03,-2.786174456247731079e+00,-9.651487432603003457e+06,0.000000000000000000e+00,-1.847589746861003712e+07
-9.615335541110913618e+04,-4.195782781575670379e+04,-2.797188521050447162e+04,-8.741214128282648744e+03,-2.791582350525200873e+00,-9.652118369424607605e+06,0.000000000000000000e+00,-1.847759560468422249e+07
-9.505462054818679462e+04,-4.147837987557240558e+04,-2.765225325038160736e+04,-8.641329140744252072e+03,-2.797582651847815516e+00,-9.652998064503515139e+06,0.000000000000000000e+00,-1.847946556652093679e+07
-9.386724373191302584e+04,-4.096025181028931547e+04,-2.730683454019287819e+04,-8.533385793810273753e+03,-2.804179280185516987e+00,-9.654029399192711338e+06,0.000000000000000000e+00,-1.848150120507435501e+07
-9.259369453699047153e+04,-4.040452125250492099e+04,-2.693634750166994854e+04,-8.417608594271860056e+03,-2.811383068554030196e+00,-9.655171312115076929e+06,0.000000000000000000e+00,-1.848369737824445218e+07
-9.123663704152342689e+04,-3.981235070902839652e+04,-2.654156713935226435e+04,-8.294239731047582609e+03,-2.819208637901656544e+00,-9.656405467986272648e+06,0.000000000000000000e+00,-1.848604913888100535e+07
-8.979892077933279506e+04,-3.918498361279975506e+04,-2.612332240853317126e+04,-8.163538252666616245e+03,-2.827673210134315607e+00,-9.657722689124627039e+06,0.000000000000000000e+00,-1.848855141677267477e+07
-8.828357420434612141e+04,-3.852374147098739195e+04,-2.568249431399159585e+04,-8.025779473122373929e+03,-2.836796212914491910e+00,-9.659117433187734336e+06,0.000000000000000000e+00,-1.849119889740872383e+07
-8.669379902452610258e+04,-3.783002139252047346e+04,-2.522001426168031685e+04,-7.881254456775099243e+03,-2.846599214948291046e+00,-9.660585548287883401e+06,0.000000000000000000e+00,-1.849398597919341177e+07
-8.503296469949586026e+04,-3.710529368705272645e+04,-2.473686245803515340e+04,-7.730269518135985891e+03,-2.857106007036992246e+00,-9.662123363327734172e+06,0.000000000000000000e+00,-1.849690676212080941e+07
-8.330460281111332006e+04,-3.635109940848580300e+04,-2.423406627232387109e+04,-7.573145710101210170e+03,-2.868342755982211223e+00,-9.663727322253527120e+06,0.000000000000000000e+00,-1.849995504927151650e+07
-8.151240119104777114e+04,-3.556904779245719692e+04,-2.371269852830480158e+04,-7.410218290095250268e+03,-2.880338203827449206e+00,-9.665393839653061703e+06,0.000000000000000000e+00,-1.850312435374205187e+07
-7.966019776035605173e+04,-3.476081356815536128e+04,-2.317387571210357419e+04,-7.241836160032366934e+03,-2.893123903566130917e+00,-9.667119245860831812e+06,0.000000000000000000e+00,-1.850640790807693824e+07
-7.775197406357375439e+04,-3.392813413683217368e+04,-2.261875609122145033e+04,-7.068361278506703457e+03,-2.906734490360582956e+00,-9.668899763336759061e+06,0.000000000000000000e+00,-1.850979867504023015e+07
-7.579184468698401179e+04,-3.307280495432028692e+04,-2.204853663621352825e+04,-6.890167698816727352e+03,-2.921208410157436042e+00,-9.670662322012975812e+06,0.000000000000000000e+00,-1.851328936899854615e+07
-7.378406385501132172e+04,-3.219668240945947764e+04,-2.146445493963965419e+04,-6.707642168637391478e+03,-2.936586682872578624e+00,-9.672566512255415320e+06,0.000000000000000000e+00,-1.851687243687086552e+07
-7.173300059430829424e+04,-3.130167298660724555e+04,-2.086778199107150067e+04,-6.521181872209844187e+03,-2.952915549712123333e+00,-9.674502759316384792e+06,0.000000000000000000e+00,-1.852054010433079675e+07
-6.964313927316838817e+04,-3.038973350101892720e+04,-2.025982233401261692e+04,-6.331194479378943470e+03,-2.970245587575814472e+00,-9.676404878840249032e+06,0.000000000000000000e+00,-1.852428437967201695e+07
-6.751907059716639924e+04,-2.946286716967260145e+04,-1.964191144644840097e+04,-6.138097327015126211e+03,-2.988632590683710788e+00,-9.678406905475234613e+06,0.000000000000000000e+00,-1.852809706766802073e+07
-6.536548577000958176e+04,-2.852312106327690344e+04,-1.901541404218460229e+04,-5.942316888182688672e+03,-3.008137684996509353e+00,-9.680447467118777335e+06,0.000000000000000000e+00,-1.853196977775914222e+07
-6.318716462838865846e+04,-2.757258092875140937e+04,-1.838172061916760867e+04,-5.744287693489877711e+03,-3.028828661642881226e+00,-9.682516538326185197e+06,0.000000000000000000e+00,-1.853589394450442120e+07
-6.098896729902957304e+04,-2.661336754866744377e+04,-1.774224503244496373e+04,-5.544451572639051847e+03,-3.050780534413638279e+00,-9.684606957489700988e+06,0.000000000000000000e+00,-1.853986084380625188e+07
-5.877582497373815568e+04,-2.564763271581300796e+04,-1.709842181054200773e+04,-5.343256815794376962e+03,-3.074076463793238734e+00,-9.686713086481338367e+06,0.000000000000000000e+00,-1.854386160926001146e+07
-5.655273023170822125e+04,-2.467755501019994335e+04,-1.645170334013329557e+04,-5.141157293791655320e+03,-3.098808829927476971e+00,-9.688829872259940952e+06,0.000000000000000000e+00,-1.854788724915304407e+07
-5.432472519620535604e+04,-2.370533463107142234e+04,-1.580355642071428156e+04,-4.938611381473213441e+03,-3.125081046014055453e+00,-9.690877010666329414e+06,0.000000000000000000e+00,-1.855192866843678057e+07
-5.209689766268414678e+04,-2.273319170735307853e+04,-1.515546113823538690e+04,-4.736081605698558633e+03,-3.153006852445076724e+00,-9.693035352687688544e+06,0.000000000000000000e+00,-1.855597667193764076e+07
-4.987436112741041870e+04,-2.176335758286999408e+04,-1.450890505524666514e+04,-4.534032829764582857e+03,-3.182715181228704004e+00,-9.695169709980487823e+06,0.000000000000000000e+00,-1.856002200390533358e+07
-4.766224959364361712e+04,-2.079807254995357289e+04,-1.386538169996904981e+04,-4.332931781240328746e+03,-3.214349865246760363e+00,-9.697299051041340455e+06,0.000000000000000000e+00,-1.856405535384082422e+07
-4.546570352749674930e+04,-1.983957972108948888e+04,-1.322638648072632532e+04,-4.133245775226976548e+03,-3.248073056739160247e+00,-9.699414643625278026e+06,0.000000000000000000e+00,-1.856806738251979277e+07
-4.328985342330578715e+04,-1.889011785744252120e+04,-1.259341190496168201e+04,-3.935441220300525856e+03,-3.284070313027418031e+00,-9.701312902139242738e+06,0.000000000000000000e+00,-1.857204875562164932e+07
-4.113981990152915387e+04,-1.795192141157635342e+04,-1.196794760771756955e+04,-3.739983627411740599e+03,-3.322546729060851689e+00,-9.703407960451686755e+06,0.000000000000000000e+00,-1.857599013633483276e+07
-3.902068947117486823e+04,-1.702720995105812108e+04,-1.135147330070541466e+04,-3.547335406470442194e+03,-3.363737618648482197e+00,-9.705486787311131135e+06,0.000000000000000000e+00,-1.857988222529987246e+07
-3.693750132505359943e+04,-1.611818239638702107e+04,-1.074545493092468132e+04,-3.357954665913962799e+03,-3.407912173859838134e+00,-9.707532652278080583e+06,0.000000000000000000e+00,-1.858371578974859044e+07
-3.489523325847014348e+04,-1.522701087642333187e+04,-1.015134058428222124e+04,-3.172293932588194366e+03,-3.455379016760327993e+00,-9.709536304702674970e+06,0.000000000000000000e+00,-1.858748168864089251e+07
-3.289878585963440855e+04,-1.435583382965864803e+04,-9.570555886439098686e+03,-2.990798714512218794e+03,-3.506493586447057442e+00,-9.711491143978597596e+06,0.000000000000000000e+00,-1.859117089998402074e+07
-3.095296251555515482e+04,-1.350674727951497334e+04,-9.004498186343316775e+03,-2.813905683232286719e+03,-3.561670342350023333e+00,-9.713203027831694111e+06,0.000000000000000000e+00,-1.859477456020297855e+07
-2.906245906017568268e+04,-1.268180031716756639e+04,-8.454533544778378200e+03,-2.642041732743243301e+03,-3.621385725836790304e+00,-9.715059118130262941e+06,0.000000000000000000e+00,-1.859828397225453332e+07
-2.723183848448924982e+04,-1.188298406595894267e+04,-7.921989377305962989e+03,-2.475621680408113662e+03,-3.686197534145226218e+00,-9.716861682493628934e+06,0.000000000000000000e+00,-1.860169064556658641e+07
-2.546550862338245133e+04,-1.111222194474870412e+04,-7.408147963165803048e+03,-2.315046238489313509e+03,-3.756762215165577068e+00,-9.718598177861118689e+06,0.000000000000000000e+00,-1.860498633914460614e+07
-2.376769308205088237e+04,-1.037135698125856470e+04,-6.914237987505710407e+03,-2.160699371095534843e+03,-3.833866385988674352e+00,-9.720252446491442621e+06,0.000000000000000000e+00,-1.860816313041760027e+07
-2.214241590672171515e+04,-9.662145122933108723e+03,-6.441430081955406422e+03,-2.012946900611064621e+03,-3.918435071641527045e+00,-9.721887883834065869e+06,0.000000000000000000e+00,-1.861121341298366711e+07
-2.059346288327771981e+04,-8.986238349066639785e+03,-5.990825566044426523e+03,-1.872132989388883516e+03,-4.011586003143253976e+00,-9.723451184186745435e+06,0.000000000000000000e+00,-1.861412997382627428e+07
-1.912434916842746679e+04,-8.345170546222892881e+03,-5.563447030815262224e+03,-1.738577197129769502e+03,-4.114673221050535901e+00,-9.724932664145953953e+06,0.000000000000000000e+00,-1.861690604979335889e+07
-1.773827904117079379e+04,-7.740339945238163637e+03,-5.160226630158776061e+03,-1.612570821924617576e+03,-4.229357934179728495e+00,-9.726255134656360373e+06,0.000000000000000000e+00,-1.861953540350198001e+07
-1.643810632063527373e+04,-7.172991849004481992e+03,-4.781994566002987995e+03,-1.494373301875933976e+03,-4.357670774112019529e+00,-9.727589190049368888e+06,0.000000000000000000e+00,-1.862201235882190615e+07
-1.522627475645524464e+04,-6.644192620998650455e+03,-4.429461747332434243e+03,-1.384206796041385815e+03,-4.502162650955622070e+00,-9.728751368402980268e+06,0.000000000000000000e+00,-1.862433193592053279e+07
-1.410476181969830577e+04,-6.154805157686531857e+03,-4.103203438457688208e+03,-1.282251074518027508e+03,-4.666039002941749558e+00,-9.729900092788824812e+06,0.000000000000000000e+00,-1.862648992988170311e+07
-1.307500674246662311e+04,-5.705457487621797554e+03,-3.803638325081198673e+03,-1.188636976587874642e+03,-4.853383534426457757e+00,-9.730967464182462543e+06,0.000000000000000000e+00,-1.862848302921392769e+07
-1.213782595650707663e+04,-5.296505871930359717e+03,-3.531003914620239811e+03,-1.103438723318824941e+03,-5.069474006482542983e+00,-9.731944140197517350e+06,0.000000000000000000e+00,-1.863030896290481463e+07
-1.129331654853058717e+04,-4.927992675722436616e+03,-3.285328450481624714e+03,-1.026665140775507780e+03,-5.321215571269045874e+00,-9.732827137012101710e+06,0.000000000000000000e+00,-1.863196666431703046e+07
-1.054074405302990635e+04,-4.599597404958503830e+03,-3.066398269972336038e+03,-9.582494593663550404e+02,-5.617767993419951367e+00,-9.733540229712324217e+06,0.000000000000000000e+00,-1.863345646399375051e+07
-9.878416155913140756e+03,-4.310581595307551652e+03,-2.873721063538367616e+03,-8.980378323557399654e+02,-5.971447254739947752e+00,-9.734232222883684561e+06,0.000000000000000000e+00,-1.863478031219067425e+07
-9.303548113720022229e+03,-4.059730085986917402e+03,-2.706486723991278723e+03,-8.457771012472745724e+02,-6.398941789275191638e+00,-9.734884838508363813e+06,0.000000000000000000e+00,-1.863594201550517976e+07
-8.812131062316739190e+03,-3.845293554465485158e+03,-2.563529036310323590e+03,-8.011028238469762073e+02,-6.923162555358841175e+00,-9.735414987760221586e+06,0.000000000000000000e+00,-1.863694751160237566e+07
-8.398840425447855523e+03,-3.664948549286335947e+03,-2.443299032857557449e+03,-7.635309477679867314e+02,-7.575270566637930969e+00,-9.735865710372131318e+06,0.000000000000000000e+00,-1.863780507175668702e+07
-8.057064452569380592e+03,-3.515809942939365101e+03,-2.343873295292910370e+03,-7.324604047790344339e+02,-8.396475248220937715e+00,-9.736239935239683837e+06,0.000000000000000000e+00,-1.863852537445424125e+07
-7.779227021587083073e+03,-3.394571791237999150e+03,-2.263047860825332918e+03,-7.072024565079166223e+02,-9.436168906290856029e+00,-9.736542514392275363e+06,0.000000000000000000e+00,-1.863912115523206815e+07
-7.557789821434869737e+03,-3.297944649353397381e+03,-2.198629766235598254e+03,-6.870718019486245112e+02,-1.073617064313676828e+01,-9.736754310037119314e+06,0.000000000000000000e+00,-1.863960584063465521e+07
-7.387566541120168949e+03,-3.223665399761527624e+03,-2.149110266507685083e+03,-6.715969582836517020e+02,-1.227483378681694859e+01,-9.737035561456244439e+06,0.000000000000000000e+00,-1.863999005045963824e+07
-7.269385358804728639e+03,-3.172095429296608017e+03,-2.114730286197739133e+03,-6.608532144367934507e+02,-1.384281091115780171e+01,-9.737149145178740844e+06,0.000000000000000000e+00,-1.864027563423115760e+07
-7.208964891628614168e+03,-3.145730134528849248e+03,-2.097153423019232832e+03,-6.553604446935103169e+02,-1.496843095183857741e+01,-9.737215849818874151e+06,0.000000000000000000e+00,-1.864045499464753643e+07
-7.195617859108439006e+03,-3.139905974883681665e+03,-2.093270649922454595e+03,-6.541470781007670894e+02,-1.536106934091636411e+01,-9.737362573151841760e+06,0.000000000000000000e+00,-1.864053836757349968e+07
-7.193990722172511596e+03,-3.139195951493458779e+03,-2.092797300995639489e+03,-6.539991565611372835e+02,-1.539452741306911321e+01,-9.737249302885461599e+06,0.000000000000000000e+00,-1.864057316522014886e+07
-7.193140186096598882e+03,-3.138824808478515024e+03,-2.092549872319010319e+03,-6.539218350996907247e+02,-1.539477493454918111e+01,-9.737363197292476892e+06,0.000000000000000000e+00,-1.864058860199258849e+07
-7.192800313115178142e+03,-3.138676500268441032e+03,-2.092451000178960840e+03,-6.538909375559252339e+02,-1.539482507486388485e+01,-9.737366545733096078e+06,0.000000000000000000e+00,-1.864059544121421129e+07
-7.192666611005097366e+03,-3.138618157529496330e+03,-2.092412105019664068e+03,-6.538787828186450497e+02,-1.539484451202341297e+01,-9.737369177727092057e+06,0.000000000000000000e+00,-1.864059844430947304e+07
-7.192614045400140640e+03,-3.138595219810969866e+03,-2.092396813207313244e+03,-6.538740041272853887e+02,-1.539485231568145807e+01,-9.737371696416273713e+06,0.000000000000000000e+00,-1.864059975276219100e+07
-7.192593379487387210e+03,-3.138586201958131824e+03,-2.092390801305421519e+03,-6.538721254079441678e+02,-1.539485545339448436e+01,-9.737374126894777641e+06,0.000000000000000000e+00,-1.864060031913705170e+07
-7.192585254890482247e+03,-3.138582656679482170e+03,-2.092388437786321447e+03,-6.538713868082255658e+02,-1.539485671531264188e+01,-9.737376507502598688e+06,0.000000000000000000e+00,-1.864060056293367594e+07
-7.192582060911870940e+03,-3.138581262943361253e+03,-2.092387508628907653e+03,-6.538710964465336701e+02,-1.539485722292967118e+01,-9.737378864061197266e+06,0.000000000000000000e+00,-1.864060066737383232e+07
-7.192580805416073417e+03,-3.138580715090649392e+03,-2.092387143393766564e+03,-6.538709823105519945e+02,-1.539485742716863470e+01,-9.737381210176073015e+06,0.000000000000000000e+00,-1.864060071192962676e+07
-7.192580312043043705e+03,-3.138580499800600137e+03,-2.092386999867067061e+03,-6.538709374584584566e+02,-1.539485750936756681e+01,-9.737383552146831527e+06,0.000000000000000000e+00,-1.864060073086981103e+07
-7.192580118303533709e+03,-3.138580415259723395e+03,-2.092386943506482112e+03,-6.538709198457756884e+02,-1.539485754246461013e+01,-9.737385892624692991e+06,0.000000000000000000e+00,-1.864060073889676854e+07
-7.192580042367624628e+03,-3.138580382124053813e+03,-2.092386921416035875e+03,-6.538709129425112678e+02,-1.539485755580239612e+01,-9.737388232634443790e+06,0.000000000000000000e+00,-1.864060074229068309e+07
-7.192580012747571345e+03,-3.138580369198939479e+03,-2.092386912799292986e+03,-6.538709102497790582e+02,-1.539485756118730642e+01,-9.737390572535062209e+06,0.000000000000000000e+00,-1.864060074372383952e+07
-7.192580001337220892e+03,-3.138580364219877538e+03,-2.092386909479918359e+03,-6.538709092124745439e+02,-1.539485756337072075e+01,-9.737392912434475496e+06,0.000000000000000000e+00,-1.864060074432949349e+07
-7.192579997086310868e+03,-3.138580362364934899e+03,-2.092386908243290236e+03,-6.538709088260281987e+02,-1.539485756426511109e+01,-9.737395252354847267e+06,0.000000000000000000e+00,-1.864060074458680674e+07
-7.192579995650298770e+03,-3.138580361738311240e+03,-2.092386907825541130e+03,-6.538709086954816030e+02,-1.539485756464047128e+01,-9.737397592293910682e+06,0.000000000000000000e+00,-1.864060074469780177e+07
-7.192579995321009847e+03,-3.138580361594621991e+03,-2.092386907729748145e+03,-6.538709086655462670e+02,-1.539485756480673651e+01,-9.737399932245096192e+06,0.000000000000000000e+00,-1.864060074474747851e+07
-7.192579995426864116e+03,-3.138580361640812953e+03,-2.092386907760541817e+03,-6.538709086751694031e+02,-1.539485756488878287e+01,-9.737402272203050554e+06,0.000000000000000000e+00,-1.864060074477149174e+07
-7.192579995703802524e+03,-3.138580361761658878e+03,-2.092386907841105767e+03,-6.538709087003456943e+02,-1.539485756493689017e+01,-9.737404612164225429e+06,0.000000000000000000e+00,-1.864060074478478730e+07
-7.192579996048008979e+03,-3.138580361911857835e+03,-2.092386907941238860e+03,-6.538709087316370869e+02,-1.539485756497131419e+01,-9.737406952126685530e+06,0.000000000000000000e+00,-1.864060074479360506e+07
-7.192579996418678093e+03,-3.138580362073604192e+03,-2.092386908049069461e+03,-6.538709087653343204e+02,-1.539485756500025104e+01,-9.737409292089248076e+06,0.000000000000000000e+00,-1.864060074480056390e+07
-7.192579996799721812e+03,-3.138580362239878013e+03,-2.092386908159918676e+03,-6.538709087999746998e+02,-1.539485756502693725e+01,-9.737411632051477209e+06,0.000000000000000000e+00,-1.864060074480674416e+07
-7.192579997184875538e+03,-3.138580362407944904e+03,-2.092386908271963421e+03,-6.538709088349886542e+02,-1.539485756505274416e+01,-9.737413972013017163e+06,0.000000000000000000e+00,-1.864060074481262267e+07
-7.192579997571622698e+03,-3.138580362576707103e+03,-2.092386908384471553e+03,-6.538709088701474457e+02,-1.539485756507818692e+01,-9.737416311973715201e+06,0.000000000000000000e+00,-1.864060074481834471e+07
-7.192579997959011052e+03,-3.138580362745749426e+03,-2.092386908497166587e+03,-6.538709089053645584e+02,-1.539485756510348224e+01,-9.737418651933511719e+06,0.000000000000000000e+00,-1.864060074482402951e+07
-7.192579998346644061e+03,-3.138580362914898615e+03,-2.092386908609932561e+03,-6.538709089406039539e+02,-1.539485756512871895e+01,-9.737420991892453283e+06,0.000000000000000000e+00,-1.864060074482968077e+07
-7.192579998734373476e+03,-3.138580363084089640e+03,-2.092386908722726730e+03,-6.538709089758521031e+02,-1.539485756515392190e+01,-9.737423331850452349e+06,0.000000000000000000e+00,-1.864060074483531341e+07
-7.192579999122145637e+03,-3.138580363253298856e+03,-2.092386908835532722e+03,-6.538709090111040041e+02,-1.539485756517913195e+01,-9.737425671807480976e+06,0.000000000000000000e+00,-1.864060074484095350e+07
-7.192579999509925074e+03,-3.138580363422512164e+03,-2.092386908948341443e+03,-6.538709090463568145e+02,-1.539485756520434556e+01,-9.737428011763563380e+06,0.000000000000000000e+00,-1.864060074484660104e+07
-7.192579999897711787e+03,-3.138580363591728201e+03,-2.092386909061151982e+03,-6.538709090816100797e+02,-1.539485756522952542e+01,-9.737430351718716323e+06,0.000000000000000000e+00,-1.864060074485223740e+07
-7.192580000285499409e+03,-3.138580363760944238e+03,-2.092386909173962977e+03,-6.538709091168634586e+02,-1.539485756525472659e+01,-9.737432691672936082e+06,0.000000000000000000e+00,-1.864060074485787004e+07
-7.192580000673292489e+03,-3.138580363930163458e+03,-2.092386909286775790e+03,-6.538709091521174059e+02,-1.539485756527991356e+01,-9.737435031626176089e+06,0.000000000000000000e+00,-1.864060074486350641e+07
-7.192580001061081020e+03,-3.138580364099379949e+03,-2.092386909399586784e+03,-6.538709091873708985e+02,-1.539485756530511651e+01,-9.737437371578516439e+06,0.000000000000000000e+00,-1.864060074486913905e+07
-7.192580001448872281e+03,-3.138580364268598260e+03,-2.092386909512398688e+03,-6.538709092226246185e+02,-1.539485756533033722e+01,-9.737439711529891938e+06,0.000000000000000000e+00,-1.864060074487477541e+07
-7.192580001836667179e+03,-3.138580364437817479e+03,-2.092386909625211956e+03,-6.538709092578787931e+02,-1.539485756535553662e+01,-9.737442051480351016e+06,0.000000000000000000e+00,-1.864060074488041922e+07
-7.192580002224464806e+03,-3.138580364607038518e+03,-2.092386909738025679e+03,-6.538709092931330815e+02,-1.539485756538074313e+01,-9.737444391429822892e+06,0.000000000000000000e+00,-1.864060074488605931e+07
-7.192580002612263343e+03,-3.138580364776260012e+03,-2.092386909850839857e+03,-6.538709093283874836e+02,-1.539485756540595318e+01,-9.737446731378342956e+06,0.000000000000000000e+00,-1.864060074489169940e+07
-7.192580003000042780e+03,-3.138580364945472411e+03,-2.092386909963648577e+03,-6.538709093636401803e+02,-1.539485756543115968e+01,-9.737449071325927973e+06,0.000000000000000000e+00,-1.864060074489733204e+07
-7.192580003387827674e+03,-3.138580365114687538e+03,-2.092386910076458662e+03,-6.538709093988933319e+02,-1.539485756545634132e+01,-9.737451411272555590e+06,0.000000000000000000e+00,-1.864060074490297213e+07
-7.192580003775622572e+03,-3.138580365283907213e+03,-2.092386910189271475e+03,-6.538709094341473929e+02,-1.539485756548154427e+01,-9.737453751218302175e+06,0.000000000000000000e+00,-1.864060074490861222e+07
-7.192580004163418380e+03,-3.138580365453127342e+03,-2.092386910302085198e+03,-6.538709094694015675e+02,-1.539485756550674722e+01,-9.737456091163018718e+06,0.000000000000000000e+00,-1.864060074491424486e+07
-7.192580004551205093e+03,-3.138580365622343379e+03,-2.092386910414895738e+03,-6.538709095046549464e+02,-1.539485756553194129e+01,-9.737458431106807664e+06,0.000000000000000000e+00,-1.864060074491988122e+07
-7.192580004938990896e+03,-3.138580365791558961e+03,-2.092386910527705822e+03,-6.538709095399080979e+02,-1.539485756555714602e+01,-9.737460771049680188e+06,0.000000000000000000e+00,-1.864060074492552504e+07
-7.192580005326785795e+03,-3.138580365960778636e+03,-2.092386910640519091e+03,-6.538709095751622726e+02,-1.539485756558234542e+01,-9.737463110991610214e+06,0.000000000000000000e+00,-1.864060074493116513e+07
-7.192580005714572508e+03,-3.138580366129994218e+03,-2.092386910753329630e+03,-6.538709096104155378e+02,-1.539485756560757501e+01,-9.737465450932580978e+06,0.000000000000000000e+00,-1.864060074493680522e+07
-7.192580006102346488e+03,-3.138580366299205252e+03,-2.092386910866136986e+03,-6.538709096456677798e+02,-1.539485756563273888e+01,-9.737467790872560814e+06,0.000000000000000000e+00,-1.864060074494243041e+07
-7.192580006490141386e+03,-3.138580366468424927e+03,-2.092386910978949800e+03,-6.538709096809218408e+02,-1.539485756565793650e+01,-9.737470130811652169e+06,0.000000000000000000e+00,-1.864060074494806677e+07
-7.192580006877939013e+03,-3.138580366637645511e+03,-2.092386911091763977e+03,-6.538709097161762429e+02,-1.539485756568313946e+01,-9.737472470749823377e+06,0.000000000000000000e+00,-1.864060074495371431e+07
-7.192580007265721179e+03,-3.138580366806859274e+03,-2.092386911204573153e+03,-6.538709097514291670e+02,-1.539485756570836017e+01,-9.737474810686990619e+06,0.000000000000000000e+00,-1.864060074495934695e+07
-7.192580007653510620e+03,-3.138580366976076675e+03,-2.092386911317384602e+03,-6.538709097866826596e+02,-1.539485756573354358e+01,-9.737477150623222813e+06,0.000000000000000000e+00,-1.864060074496498331e+07
-7.192580008041291876e+03,-3.138580367145289983e+03,-2.092386911430193777e+03,-6.538709098219354701e+02,-1.539485756575872166e+01,-9.737479490558547899e+06,0.000000000000000000e+00,-1.864060074497061968e+07
-7.192580008429079498e+03,-3.138580367314506475e+03,-2.092386911543004317e+03,-6.538709098571889626e+02,-1.539485756578395659e+01,-9.737481830492844805e+06,0.000000000000000000e+00,-1.864060074497625977e+07
-7.192580008816870759e+03,-3.138580367483724331e+03,-2.092386911655816675e+03,-6.538709098924426826e+02,-1.539485756580915066e+01,-9.737484170426296070e+06,0.000000000000000000e+00,-1.864060074498190731e+07
-7.192580009204658381e+03,-3.138580367652941277e+03,-2.092386911768627670e+03,-6.538709099276961751e+02,-1.539485756583437137e+01,-9.737486510358789936e+06,0.000000000000000000e+00,-1.864060074498754740e+07
-7.192580009592442366e+03,-3.138580367822155949e+03,-2.092386911881437300e+03,-6.538709099629492130e+02,-1.539485756585957077e+01,-9.737488850290285423e+06,0.000000000000000000e+00,-1.864060074499317631e+07
-7.192580009980229079e+03,-3.138580367991371986e+03,-2.092386911994248294e+03,-6.538709099982025919e+02,-1.539485756588473286e+01,-9.737491190220834687e+06,0.000000000000000000e+00,-1.864060074499880522e+07
-7.192580010368003059e+03,-3.138580368160582111e+03,-2.092386912107055196e+03,-6.538709100334547202e+02,-1.539485756590991627e+01,-9.737493530150452629e+06,0.000000000000000000e+00,-1.864060074500444531e+07
-7.192580010755796138e+03,-3.138580368329800876e+03,-2.092386912219867554e+03,-6.538709100687086675e+02,-1.539485756593514232e+01,-9.737495870079163462e+06,0.000000000000000000e+00,-1.864060074501008540e+07
-7.192580011143583761e+03,-3.138580368499017823e+03,-2.092386912332678548e+03,-6.538709101039621601e+02,-1.539485756596033639e+01,-9.737498210006894544e+06,0.000000000000000000e+00,-1.864060074501573294e+07
-7.192580011531370474e+03,-3.138580368668233859e+03,-2.092386912445489543e+03,-6.538709101392154253e+02,-1.539485756598553934e+01,-9.737500549933698028e+06,0.000000000000000000e+00,-1.864060074502136931e+07
-7.192580011919155368e+03,-3.138580368837448987e+03,-2.092386912558299628e+03,-6.538709101744685768e+02,-1.539485756601074584e+01,-9.737502889859514311e+06,0.000000000000000000e+00,-1.864060074502700195e+07
-7.192580012306944809e+03,-3.138580369006665933e+03,-2.092386912671111077e+03,-6.538709102097221830e+02,-1.539485756603593991e+01,-9.737505229784414172e+06,0.000000000000000000e+00,-1.864060074503264204e+07
-7.192580012694722427e+03,-3.138580369175877877e+03,-2.092386912783918888e+03,-6.538709102449746524e+02,-1.539485756606113753e+01,-9.737507569708388299e+06,0.000000000000000000e+00,-1.864060074503827468e+07
-7.192580013082500955e+03,-3.138580369345090730e+03,-2.092386912896727154e+03,-6.538709102802273492e+02,-1.539485756608635292e+01,-9.737509909631414339e+06,0.000000000000000000e+00,-1.864060074504391104e+07
-7.192580013470270387e+03,-3.138580369514299036e+03,-2.092386913009532691e+03,-6.538709103154790228e+02,-1.539485756611152389e+01,-9.737512249553432688e+06,0.000000000000000000e+00,-1.864060074504954368e+07
-7.192580013858062557e+03,-3.138580369683517347e+03,-2.092386913122345049e+03,-6.538709103507328564e+02,-1.539485756613673750e+01,-9.737514589474610984e+06,0.000000000000000000e+00,-1.864060074505518377e+07
-7.192580014245841085e+03,-3.138580369852730200e+03,-2.092386913235153315e+03,-6.538709103859854395e+02,-1.539485756616192091e+01,-9.737516929394738749e+06,0.000000000000000000e+00,-1.864060074506082013e+07
-7.192580014633631436e+03,-3.138580370021947601e+03,-2.092386913347965219e+03,-6.538709104212391594e+02,-1.539485756618715051e+01,-9.737519269313979894e+06,0.000000000000000000e+00,-1.864060074506646395e+07
-7.192580015021409054e+03,-3.138580370191159545e+03,-2.092386913460773030e+03,-6.538709104564916288e+02,-1.539485756621235879e+01,-9.737521609232267365e+06,0.000000000000000000e+00,-1.864060074507210776e+07
-7.192580015409190310e+03,-3.138580370360373308e+03,-2.092386913573582206e+03,-6.538709104917445529e+02,-1.539485756623752799e+01,-9.737523949149597436e+06,0.000000000000000000e+00,-1.864060074507774413e+07
-7.192580015796971566e+03,-3.138580370529587071e+03,-2.092386913686391381e+03,-6.538709105269973634e+02,-1.539485756626273627e+01,-9.737526289066009223e+06,0.000000000000000000e+00,-1.864060074508337304e+07
-7.192580016184749184e+03,-3.138580370698799015e+03,-2.092386913799199192e+03,-6.538709105622498328e+02,-1.539485756628792856e+01,-9.737528628981454298e+06,0.000000000000000000e+00,-1.864060074508902058e+07
-7.192580016572538625e+03,-3.138580370868015962e+03,-2.092386913912010641e+03,-6.538709105975034390e+02,-1.539485756631312618e+01,-9.737530968895921484e+06,0.000000000000000000e+00,-1.864060074509465322e+07
-7.192580016960309877e+03,-3.138580371037225632e+03,-2.092386914024817088e+03,-6.538709106327553400e+02,-1.539485756633832025e+01,-9.737533308809505776e+06,0.000000000000000000e+00,-1.864060074510029703e+07
-7.192580017348087495e+03,-3.138580371206437121e+03,-2.092386914137624899e+03,-6.538709106680078094e+02,-1.539485756636352320e+01,-9.737535648722084239e+06,0.000000000000000000e+00,-1.864060074510592595e+07
-7.192580017735874208e+03,-3.138580371375653613e+03,-2.092386914250435893e+03,-6.538709107032613019e+02,-1.539485756638874037e+01,-9.737537988633761182e+06,0.000000000000000000e+00,-1.864060074511156231e+07
-7.192580018123659102e+03,-3.138580371544868740e+03,-2.092386914363245978e+03,-6.538709107385144534e+02,-1.539485756641395930e+01,-9.737540328544482589e+06,0.000000000000000000e+00,-1.864060074511720985e+07
-7.192580018511422168e+03,-3.138580371714074772e+03,-2.092386914476049697e+03,-6.538709107737655586e+02,-1.539485756643912495e+01,-9.737542668454274535e+06,0.000000000000000000e+00,-1.864060074512283877e+07
-7.192580018899207062e+03,-3.138580371883289899e+03,-2.092386914588859781e+03,-6.538709108090187101e+02,-1.539485756646432080e+01,-9.737545008363094181e+06,0.000000000000000000e+00,-1.864060074512847513e+07
-7.192580019286987408e+03,-3.138580372052502753e+03,-2.092386914701668502e+03,-6.538709108442715205e+02,-1.539485756648950421e+01,-9.737547348270962015e+06,0.000000000000000000e+00,-1.864060074513410777e+07
-7.192580019674771393e+03,-3.138580372221717425e+03,-2.092386914814478587e+03,-6.538709108795245584e+02,-1.539485756651472492e+01,-9.737549688177915290e+06,0.000000000000000000e+00,-1.864060074513975158e+07
-7.192580020062533549e+03,-3.138580372390923003e+03,-2.092386914927282305e+03,-6.538709109147756635e+02,-1.539485756653990300e+01,-9.737552028083892539e+06,0.000000000000000000e+00,-1.864060074514538795e+07
-7.192580020450322081e+03,-3.138580372560139494e+03,-2.092386915040093299e+03,-6.538709109500291561e+02,-1.539485756656511839e+01,-9.737554367988931015e+06,0.000000000000000000e+00,-1.864060074515103176e+07
-7.192580020838091514e+03,-3.138580372729348255e+03,-2.092386915152898837e+03,-6.538709109852809434e+02,-1.539485756659032489e+01,-9.737556707893047482e+06,0.000000000000000000e+00,-1.864060074515666813e+07
-7.192580021225864584e+03,-3.138580372898558380e+03,-2.092386915265705738e+03,-6.538709110205330717e+02,-1.539485756661552252e+01,-9.737559047796234488e+06,0.000000000000000000e+00,-1.864060074516230449e+07
-7.192580021613647659e+03,-3.138580373067773053e+03,-2.092386915378515369e+03,-6.538709110557861095e+02,-1.539485756664072191e+01,-9.737561387698421255e+06,0.000000000000000000e+00,-1.864060074516794086e+07
-7.192580022001410725e+03,-3.138580373236978630e+03,-2.092386915491319087e+03,-6.538709110910373283e+02,-1.539485756666590355e+01,-9.737563727599671111e+06,0.000000000000000000e+00,-1.864060074517357722e+07
-7.192580022389193800e+03,-3.138580373406192848e+03,-2.092386915604128717e+03,-6.538709111262902525e+02,-1.539485756669110295e+01,-9.737566067499978468e+06,0.000000000000000000e+00,-1.864060074517921358e+07
-7.192580022776961414e+03,-3.138580373575400699e+03,-2.092386915716933800e+03,-6.538709111615419260e+02,-1.539485756671631655e+01,-9.737568407399354503e+06,0.000000000000000000e+00,-1.864060074518485367e+07
-7.192580023164751765e+03,-3.138580373744618555e+03,-2.092386915829745703e+03,-6.538709111967955323e+02,-1.539485756674153372e+01,-9.737570747297808528e+06,0.000000000000000000e+00,-1.864060074519049004e+07
-7.192580023552521197e+03,-3.138580373913826406e+03,-2.092386915942551241e+03,-6.538709112320473196e+02,-1.539485756676671002e+01,-9.737573087195282802e+06,0.000000000000000000e+00,-1.864060074519613013e+07
-7.192580023940293358e+03,-3.138580374083036531e+03,-2.092386916055357688e+03,-6.538709112672993342e+02,-1.539485756679190409e+01,-9.737575427091823891e+06,0.000000000000000000e+00,-1.864060074520176649e+07
-7.192580024328058244e+03,-3.138580374252243018e+03,-2.092386916168162315e+03,-6.538709113025506667e+02,-1.539485756681709816e+01,-9.737577766987379640e+06,0.000000000000000000e+00,-1.864060074520739913e+07
-7.192580024715840409e+03,-3.138580374421456781e+03,-2.092386916280971491e+03,-6.538709113378035909e+02,-1.539485756684229933e+01,-9.737580106882074848e+06,0.000000000000000000e+00,-1.864060074521304294e+07
-7.192580025103612570e+03,-3.138580374590666906e+03,-2.092386916393777938e+03,-6.538709113730556055e+02,-1.539485756686751117e+01,-9.737582446775753051e+06,0.000000000000000000e+00,-1.864060074521868303e+07
-7.192580025491393826e+03,-3.138580374759880215e+03,-2.092386916506587113e+03,-6.538709114083084160e+02,-1.539485756689271234e+01,-9.737584786668540910e+06,0.000000000000000000e+00,-1.864060074522432312e+07
-7.192580025879155983e+03,-3.138580374929085792e+03,-2.092386916619390377e+03,-6.538709114435595211e+02,-1.539485756691790286e+01,-9.737587126560356468e+06,0.000000000000000000e+00,-1.864060074522995204e+07
-7.192580026266937239e+03,-3.138580375098299101e+03,-2.092386916732199552e+03,-6.538709114788123316e+02,-1.539485756694311291e+01,-9.737589466451220214e+06,0.000000000000000000e+00,-1.864060074523559958e+07
-7.192580026654708490e+03,-3.138580375267508771e+03,-2.092386916845005999e+03,-6.538709115140643462e+02,-1.539485756696830698e+01,-9.737591806341115385e+06,0.000000000000000000e+00,-1.864060074524123222e+07
-7.192580027042473375e+03,-3.138580375436715258e+03,-2.092386916957810172e+03,-6.538709115493156787e+02,-1.539485756699351349e+01,-9.737594146230101585e+06,0.000000000000000000e+00,-1.864060074524686858e+07
-7.192580027430249174e+03,-3.138580375605926292e+03,-2.092386917070617528e+03,-6.538709115845680344e+02,-1.539485756701870933e+01,-9.737596486118121073e+06,0.000000000000000000e+00,-1.864060074525250494e+07
-7.192580027818022245e+03,-3.138580375775136417e+03,-2.092386917183424430e+03,-6.538709116198201627e+02,-1.539485756704389630e+01,-9.737598826005220413e+06,0.000000000000000000e+00,-1.864060074525814131e+07
-7.192580028205801682e+03,-3.138580375944349271e+03,-2.092386917296232696e+03,-6.538709116550728595e+02,-1.539485756706906727e+01,-9.737601165891351178e+06,0.000000000000000000e+00,-1.864060074526377395e+07
-7.192580028593573843e+03,-3.138580376113558941e+03,-2.092386917409039597e+03,-6.538709116903248741e+02,-1.539485756709426489e+01,-9.737603505776545033e+06,0.000000000000000000e+00,-1.864060074526941031e+07
-7.192580028981347823e+03,-3.138580376282769066e+03,-2.092386917521846499e+03,-6.538709117255770025e+02,-1.539485756711946784e+01,-9.737605845660755411e+06,0.000000000000000000e+00,-1.864060074527505040e+07
-7.192580029369105432e+03,-3.138580376451972370e+03,-2.092386917634648398e+03,-6.538709117608276529e+02,-1.539485756714467435e+01,-9.737608185544064268e+06,0.000000000000000000e+00,-1.864060074528068304e+07
-7.192580029756883960e+03,-3.138580376621184769e+03,-2.092386917747456664e+03,-6.538709117960802359e+02,-1.539485756716987908e+01,-9.737610525426423177e+06,0.000000000000000000e+00,-1.864060074528631940e+07
-7.192580030144648845e+03,-3.138580376790391256e+03,-2.092386917860261292e+03,-6.538709118313315685e+02,-1.539485756719509268e+01,-9.737612865307848901e+06,0.000000000000000000e+00,-1.864060074529196322e+07
-7.192580030532417368e+03,-3.138580376959599562e+03,-2.092386917973066375e+03,-6.538709118665833557e+02,-1.539485756722027610e+01,-9.737615205188298598e+06,0.000000000000000000e+00,-1.864060074529759958e+07
-7.192580030920190438e+03,-3.138580377128809687e+03,-2.092386918085873276e+03,-6.538709119018354841e+02,-1.539485756724547016e+01,-9.737617545067830011e+06,0.000000000000000000e+00,-1.864060074530323967e+07
-7.192580031307950776e+03,-3.138580377298013900e+03,-2.092386918198676085e+03,-6.538709119370863618e+02,-1.539485756727065358e+01,-9.737619884946392849e+06,0.000000000000000000e+00,-1.864060074530886859e+07
-7.192580031695729303e+03,-3.138580377467226754e+03,-2.092386918311484806e+03,-6.538709119723389449e+02,-1.539485756729588317e+01,-9.737622224824059755e+06,0.000000000000000000e+00,-1.864060074531451240e+07
-7.192580032083501465e+03,-3.138580377636435969e+03,-2.092386918424290798e+03,-6.538709120075909595e+02,-1.539485756732108079e+01,-9.737624564700741321e+06,0.000000000000000000e+00,-1.864060074532015249e+07
-7.192580032471253617e+03,-3.138580377805637454e+03,-2.092386918537091788e+03,-6.538709120428411552e+02,-1.539485756734627309e+01,-9.737626904576458037e+06,0.000000000000000000e+00,-1.864060074532579258e+07
-7.192580032859030325e+03,-3.138580377974848943e+03,-2.092386918649899599e+03,-6.538709120780936246e+02,-1.539485756737145472e+01,-9.737629244451278821e+06,0.000000000000000000e+00,-1.864060074533142895e+07
-7.192580033246798848e+03,-3.138580378144057249e+03,-2.092386918762704681e+03,-6.538709121133452982e+02,-1.539485756739666122e+01,-9.737631584325114265e+06,0.000000000000000000e+00,-1.864060074533705786e+07
-7.192580033634555548e+03,-3.138580378313260098e+03,-2.092386918875506581e+03,-6.538709121485959486e+02,-1.539485756742185529e+01,-9.737633924198009074e+06,0.000000000000000000e+00,-1.864060074534269050e+07
-7.192580034022319524e+03,-3.138580378482466131e+03,-2.092386918988310754e+03,-6.538709121838471674e+02,-1.539485756744706180e+01,-9.737636264069946483e+06,0.000000000000000000e+00,-1.864060074534832686e+07
-7.192580034410090775e+03,-3.138580378651675346e+03,-2.092386919101116746e+03,-6.538709122190990684e+02,-1.539485756747225942e+01,-9.737638603940974921e+06,0.000000000000000000e+00,-1.864060074535397440e+07
-7.192580034797863846e+03,-3.138580378820885471e+03,-2.092386919213923647e+03,-6.538709122543511967e+02,-1.539485756749744816e+01,-9.737640943811044097e+06,0.000000000000000000e+00,-1.864060074535961077e+07
-7.192580035185624183e+03,-3.138580378990090139e+03,-2.092386919326726911e+03,-6.538709122896021881e+02,-1.539485756752264578e+01,-9.737643283680180088e+06,0.000000000000000000e+00,-1.864060074536524341e+07
-7.192580035573388159e+03,-3.138580379159296172e+03,-2.092386919439531084e+03,-6.538709123248534070e+02,-1.539485756754784873e+01,-9.737645623548349366e+06,0.000000000000000000e+00,-1.864060074537087977e+07
-7.192580035961146677e+03,-3.138580379328499930e+03,-2.092386919552333438e+03,-6.538709123601041711e+02,-1.539485756757302681e+01,-9.737647963415564969e+06,0.000000000000000000e+00,-1.864060074537651986e+07
-7.192580036348914291e+03,-3.138580379497707327e+03,-2.092386919665138066e+03,-6.538709123953557310e+02,-1.539485756759823687e+01,-9.737650303281845525e+06,0.000000000000000000e+00,-1.864060074538216367e+07
-7.192580036736676448e+03,-3.138580379666912449e+03,-2.092386919777941785e+03,-6.538709124306068361e+02,-1.539485756762342739e+01,-9.737652643147177994e+06,0.000000000000000000e+00,-1.864060074538779631e+07
-7.192580037124447699e+03,-3.138580379836122120e+03,-2.092386919890748231e+03,-6.538709124658588507e+02,-1.539485756764863744e+01,-9.737654983011586592e+06,0.000000000000000000e+00,-1.864060074539343640e+07
-7.192580037512208946e+03,-3.138580380005326788e+03,-2.092386920003551495e+03,-6.538709125011098422e+02,-1.539485756767384039e+01,-9.737657322875056416e+06,0.000000000000000000e+00,-1.864060074539907649e+07
-7.192580037899977469e+03,-3.138580380174534639e+03,-2.092386920116356578e+03,-6.538709125363615158e+02,-1.539485756769906111e+01,-9.737659662737559527e+06,0.000000000000000000e+00,-1.864060074540470913e+07
-7.192580038287738716e+03,-3.138580380343739762e+03,-2.092386920229159841e+03,-6.538709125716125072e+02,-1.539485756772424097e+01,-9.737662002599095926e+06,0.000000000000000000e+00,-1.864060074541034549e+07
-7.192580038675501783e+03,-3.138580380512945339e+03,-2.092386920341963560e+03,-6.538709126068637261e+02,-1.539485756774945457e+01,-9.737664342459723353e+06,0.000000000000000000e+00,-1.864060074541598931e+07
-7.192580039063276672e+03,-3.138580380682156374e+03,-2.092386920454771371e+03,-6.538709126421159681e+02,-1.539485756777465753e+01,-9.737666682319367304e+06,0.000000000000000000e+00,-1.864060074542162567e+07
-7.192580039451032462e+03,-3.138580380851359223e+03,-2.092386920567572815e+03,-6.538709126773665048e+02,-1.539485756779985870e+01,-9.737669022178106010e+06,0.000000000000000000e+00,-1.864060074542726949e+07
-7.192580039838787343e+03,-3.138580381020561163e+03,-2.092386920680374260e+03,-6.538709127126169278e+02,-1.539485756782504566e+01,-9.737671362035930157e+06,0.000000000000000000e+00,-1.864060074543290585e+07
-7.192580040226553137e+03,-3.138580381189768104e+03,-2.092386920793178888e+03,-6.538709127478683740e+02,-1.539485756785024506e+01,-9.737673701892731711e+06,0.000000000000000000e+00,-1.864060074543854594e+07
-7.192580040614311656e+03,-3.138580381358971863e+03,-2.092386920905981242e+03,-6.538709127831191381e+02,-1.539485756787543025e+01,-9.737676041748626158e+06,0.000000000000000000e+00,-1.864060074544417858e+07
-7.192580041002071994e+03,-3.138580381528176531e+03,-2.092386921018784506e+03,-6.538709128183701296e+02,-1.539485756790062077e+01,-9.737678381603542715e+06,0.000000000000000000e+00,-1.864060074544981122e+07
-7.192580041389835060e+03,-3.138580381697381654e+03,-2.092386921131587769e+03,-6.538709128536212347e+02,-1.539485756792580418e+01,-9.737680721457554027e+06,0.000000000000000000e+00,-1.864060074545544758e+07
-7.192580041777594488e+03,-3.138580381866585867e+03,-2.092386921244390578e+03,-6.538709128888721125e+02,-1.539485756795099825e+01,-9.737683061310624704e+06,0.000000000000000000e+00,-1.864060074546108022e+07
-7.192580042165353007e+03,-3.138580382035789626e+03,-2.092386921357193387e+03,-6.538709129241228766e+02,-1.539485756797619054e+01,-9.737685401162724942e+06,0.000000000000000000e+00,-1.864060074546672404e+07
-7.192580042553120620e+03,-3.138580382204997477e+03,-2.092386921469998470e+03,-6.538709129593745502e+02,-1.539485756800143079e+01,-9.737687741013878956e+06,0.000000000000000000e+00,-1.864060074547235668e+07
-7.192580042940876410e+03,-3.138580382374199871e+03,-2.092386921582799914e+03,-6.538709129946250869e+02,-1.539485756802660887e+01,-9.737690080864105374e+06,0.000000000000000000e+00,-1.864060074547799677e+07
-7.192580043328638567e+03,-3.138580382543404994e+03,-2.092386921695603633e+03,-6.538709130298761920e+02,-1.539485756805180117e+01,-9.737692420713379979e+06,0.000000000000000000e+00,-1.864060074548362941e+07
-7.192580043716397995e+03,-3.138580382712609207e+03,-2.092386921808406441e+03,-6.538709130651269561e+02,-1.539485756807698635e+01,-9.737694760561704636e+06,0.000000000000000000e+00,-1.864060074548926950e+07
-7.192580044104155604e+03,-3.138580382881812511e+03,-2.092386921921208341e+03,-6.538709131003777202e+02,-1.539485756810221240e+01,-9.737697100409077480e+06,0.000000000000000000e+00,-1.864060074549490213e+07
-7.192580044491915032e+03,-3.138580383051016724e+03,-2.092386922034011150e+03,-6.538709131356285980e+02,-1.539485756812739226e+01,-9.737699440255492926e+06,0.000000000000000000e+00,-1.864060074550053850e+07
-7.192575219775954793e+03,-3.138578277720415826e+03,-2.092385518480277369e+03,-6.538704745250867063e+02,-1.539390426356194652e+01,-9.737695954271845520e+06,0.000000000000000000e+00,-1.864060075156753510e+07
-7.194403181554687762e+03,-3.139375933769317726e+03,-2.092917289179545151e+03,-6.540366528686079164e+02,-1.526854580588461729e+01,-9.737678236264441162e+06,0.000000000000000000e+00,-1.864059868105508760e+07
-7.224230624171554155e+03,-3.152391545093041259e+03,-2.101594363395361142e+03,-6.567482385610503570e+02,-1.456875664392192782e+01,-9.737671062506092712e+06,0.000000000000000000e+00,-1.864056344501794502e+07
-7.308924989958934020e+03,-3.189349086527533927e+03,-2.126232724351689740e+03,-6.644477263599029584e+02,-1.318393346646167608e+01,-9.737629405813900754e+06,0.000000000000000000e+00,-1.864045517723922059e+07
-7.447121361272884315e+03,-3.249652957646348568e+03,-2.166435305097566015e+03,-6.770110328429893798e+02,-1.158053163900276950e+01,-9.737549057418463752e+06,0.000000000000000000e+00,-1.864026434069433808e+07
-7.635520391093094986e+03,-3.331863443386077051e+03,-2.221242295590718186e+03,-6.941382173720994615e+02,-1.013073536506614758e+01,-9.737353150166573003e+06,0.000000000000000000e+00,-1.863998935844455287e+07
-7.877116777122524582e+03,-3.437287320926191569e+03,-2.291524880617461349e+03,-7.161015251929567285e+02,-8.945034802839241905e+00,-9.737184518017897382e+06,0.000000000000000000e+00,-1.863962317348542064e+07
-8.178503579528213777e+03,-3.568801561975946697e+03,-2.379201041317297950e+03,-7.435003254116556946e+02,-8.006154242328552328e+00,-9.736965251884181052e+06,0.000000000000000000e+00,-1.863915447203669697e+07
-8.547114313650596159e+03,-3.729649882320259167e+03,-2.486433254880172626e+03,-7.770103921500540309e+02,-7.264633170014280772e+00,-9.736677255677629262e+06,0.000000000000000000e+00,-1.863857059212876484e+07
-8.989841332658001193e+03,-3.922839854250762983e+03,-2.615226569500508958e+03,-8.172583029689089926e+02,-6.673394384846452532e+00,-9.736312361758492887e+06,0.000000000000000000e+00,-1.863785930089729652e+07
-9.512498538246496537e+03,-4.150908453053016274e+03,-2.767272302035344183e+03,-8.647725943860450570e+02,-6.195434128510907357e+00,-9.735867482414467260e+06,0.000000000000000000e+00,-1.863700970690044016e+07
-1.011968310126464348e+04,-4.415861716915479519e+03,-2.943907811276986649e+03,-9.199711910240583848e+02,-5.803331541163768925e+00,-9.735340837976690382e+06,0.000000000000000000e+00,-1.863601267993918434e+07
-1.081480308792125106e+04,-4.719186802001999240e+03,-3.146124534667999797e+03,-9.831639170837499933e+02,-5.477077457483587430e+00,-9.734730640389068052e+06,0.000000000000000000e+00,-1.863486099030068144e+07
-1.160016880866758947e+04,-5.061891843782219439e+03,-3.374594562521479929e+03,-1.054560800787962535e+03,-5.202039866443706195e+00,-9.734035028221432120e+06,0.000000000000000000e+00,-1.863354928955619410e+07
-1.247710463472579249e+04,-5.444554749698526393e+03,-3.629703166465684262e+03,-1.134282239520526446e+03,-4.967415501675181311e+00,-9.733252304282434285e+06,0.000000000000000000e+00,-1.863207400570523739e+07
-1.344606240992993116e+04,-5.867372687969423168e+03,-3.911581791979615900e+03,-1.222369309993629940e+03,-4.765126273333349260e+00,-9.732381071824077517e+06,0.000000000000000000e+00,-1.863043319669624418e+07
-1.450672804625537174e+04,-6.330208602002342559e+03,-4.220139068001562009e+03,-1.318793458750488071e+03,-4.589048877202663412e+00,-9.731420199249286205e+06,0.000000000000000000e+00,-1.862862638894235343e+07
-1.565811778181643422e+04,-6.832633213883534154e+03,-4.555088809255689739e+03,-1.423465252892402987e+03,-4.434476838435974955e+00,-9.730360154592595994e+06,0.000000000000000000e+00,-1.862665441456647217e+07
-1.689866456946211474e+04,-7.373962721219830200e+03,-4.915975147479887710e+03,-1.536242233587464852e+03,-4.297746646788358937e+00,-9.729315572999460623e+06,0.000000000000000000e+00,-1.862451926383100078e+07
-1.822629049087930616e+04,-7.953290396020059234e+03,-5.302193597346706156e+03,-1.656935499170845787e+03,-4.175969388906779933e+00,-9.728103047573674470e+06,0.000000000000000000e+00,-1.862222394172532856e+07
-1.963847148353636294e+04,-8.569514829179503067e+03,-5.713009886119668408e+03,-1.785315589412396548e+03,-4.066845302431015163e+00,-9.726811740856697783e+06,0.000000000000000000e+00,-1.861977234998786077e+07
-2.113229393939102738e+04,-9.221364628097901004e+03,-6.147576418731933700e+03,-1.921117630853729452e+03,-3.968519302018532979e+00,-9.725440953864265233e+06,0.000000000000000000e+00,-1.861716917546625435e+07
-2.270450285953587809e+04,-9.907419429615652916e+03,-6.604946286410436187e+03,-2.064045714503261479e+03,-3.879481508833039438e+00,-9.723990455708347261e+06,0.000000000000000000e+00,-1.861441979439622909e+07
-2.435154656573920147e+04,-1.062612941050437621e+04,-7.084086273669585353e+03,-2.213776960521745423e+03,-3.798487483467482662e+00,-9.722531894302226603e+06,0.000000000000000000e+00,-1.861153018017313629e+07
-2.606960857054902590e+04,-1.137582919442139064e+04,-7.583886129614260426e+03,-2.369964415504456611e+03,-3.724512419086135839e+00,-9.720935385387521237e+06,0.000000000000000000e+00,-1.860850684510783851e+07
-2.785464181471765914e+04,-1.215475279187679371e+04,-8.103168527917862775e+03,-2.532240164974332401e+03,-3.656700459914917545e+00,-9.719344196940829977e+06,0.000000000000000000e+00,-1.860535677610001713e+07
-2.970240397720547844e+04,-1.296104900823511525e+04,-8.640699338823409562e+03,-2.700218543382315602e+03,-3.594325020475268140e+00,-9.717593591893538833e+06,0.000000000000000000e+00,-1.860208734469896182e+07
-3.160847389090583965e+04,-1.379278860694072682e+04,-9.195192404627150609e+03,-2.873497626445985134e+03,-3.536778378662464917e+00,-9.715797510102849454e+06,0.000000000000000000e+00,-1.859870629703184590e+07
-3.356828011095692636e+04,-1.464797677569029111e+04,-9.765317850460194677e+03,-3.051661828268810950e+03,-3.483540009837940765e+00,-9.713947299397313967e+06,0.000000000000000000e+00,-1.859522168858025596e+07
-3.557712516772168601e+04,-1.552456370955127750e+04,-1.034970913970085167e+04,-3.234284106156516373e+03,-3.434161269938905914e+00,-9.712112547035418451e+06,0.000000000000000000e+00,-1.859164183132582903e+07
-3.763019694120244094e+04,-1.642044957434288153e+04,-1.094696638289525436e+04,-3.420926994654766986e+03,-3.388260292247874172e+00,-9.710172988811001182e+06,0.000000000000000000e+00,-1.858797528255958110e+07
-3.972259352153181680e+04,-1.733349535485024171e+04,-1.155566356990016175e+04,-3.611144865593800660e+03,-3.345503691624955422e+00,-9.708223220328347757e+06,0.000000000000000000e+00,-1.858423078905818611e+07
-4.184933788690491929e+04,-1.826152925974032405e+04,-1.217435283982688452e+04,-3.804485262445901299e+03,-3.305602134641457468e+00,-9.706412959734117612e+06,0.000000000000000000e+00,-1.858041726007642969e+07
-4.400540289687152836e+04,-1.920235762772575254e+04,-1.280157175181716957e+04,-4.000491172442865718e+03,-3.268297949463767171e+00,-9.704306294949771836e+06,0.000000000000000000e+00,-1.857654371229356155e+07
-4.618570648405706743e+04,-2.015376282940671808e+04,-1.343584188627114418e+04,-4.198700589459733237e+03,-3.233372459946746158e+00,-9.702220662336505949e+06,0.000000000000000000e+00,-1.857261929032250494e+07
-4.838513902322755166e+04,-2.111351521013565434e+04,-1.407567680675710471e+04,-4.398649002111595109e+03,-3.200630089858803817e+00,-9.700126883710464463e+06,0.000000000000000000e+00,-1.856865321452270076e+07
-5.059857534281103290e+04,-2.207937833140844668e+04,-1.471958555427229840e+04,-4.599870485710093817e+03,-3.169897820619876683e+00,-9.698018045551566407e+06,0.000000000000000000e+00,-1.856465475358557329e+07
-5.282088712684773782e+04,-2.304911438262446245e+04,-1.536607625508297679e+04,-4.801898829713430132e+03,-3.141022166107305669e+00,-9.695892651400968432e+06,0.000000000000000000e+00,-1.856063320066527277e+07
-5.504695506732782087e+04,-2.402048948392486272e+04,-1.601365965594990848e+04,-5.004268642484346856e+03,-3.113866542147212257e+00,-9.693954779006086290e+06,0.000000000000000000e+00,-1.855659785072329268e+07
-5.727168569893663516e+04,-2.499128103226325402e+04,-1.666085402150883601e+04,-5.206516881721511709e+03,-3.088307303576776519e+00,-9.691795625022638589e+06,0.000000000000000000e+00,-1.855255796711850911e+07
-5.949001188249028201e+04,-2.595927791235939003e+04,-1.730618527490626002e+04,-5.408182898408206711e+03,-3.064236254137537419e+00,-9.689652484318636358e+06,0.000000000000000000e+00,-1.854852278118977323e+07
-6.169690784663930390e+04,-2.692228706035169307e+04,-1.794819137356779538e+04,-5.608809804239936057e+03,-3.041556242395114129e+00,-9.687531169970799237e+06,0.000000000000000000e+00,-1.854450146842192486e+07
-6.388740253879825468e+04,-2.787813928965741434e+04,-1.858542619310494410e+04,-5.807945685345294805e+03,-3.020179319740085244e+00,-9.685425813011473045e+06,0.000000000000000000e+00,-1.854050312216422334e+07
-6.605658898649287585e+04,-2.882469337592415468e+04,-1.921646225061610312e+04,-6.005144453317532680e+03,-3.000026263358245515e+00,-9.683332258864486590e+06,0.000000000000000000e+00,-1.853653673272944614e+07
-6.819963495347848220e+04,-2.975984070697242350e+04,-1.983989380464828355e+04,-6.199966813952588382e+03,-2.981024986116805220e+00,-9.681342717811377719e+06,0.000000000000000000e+00,-1.853261117115912586e+07
-7.031178780845647270e+04,-3.068150740732645500e+04,-2.045433827155097242e+04,-6.391980709859678427e+03,-2.963111147323237216e+00,-9.679312092578802258e+06,0.000000000000000000e+00,-1.852873517462735996e+07
-7.238838721596929827e+04,-3.158765987605932605e+04,-2.105843991737288525e+04,-6.580762474179026867e+03,-2.946226153751120069e+00,-9.677313339651456103e+06,0.000000000000000000e+00,-1.852491732778863981e+07
-7.442487312803334498e+04,-3.247630827405090895e+04,-2.165087218270060475e+04,-6.765897557093940122e+03,-2.930316843144353367e+00,-9.675349065506465733e+06,0.000000000000000000e+00,-1.852116604592360929e+07
-7.641679405258483894e+04,-3.334551013203700859e+04,-2.223034008802467724e+04,-6.946981277507711638e+03,-2.915334930097559063e+00,-9.673422508178807795e+06,0.000000000000000000e+00,-1.851748955931654200e+07
-7.835981505553703755e+04,-3.419337384241615655e+04,-2.279558256161076861e+04,-7.123619550503365645e+03,-2.901236513292856145e+00,-9.671537156349968165e+06,0.000000000000000000e+00,-1.851389589822939411e+07
-8.024972615122576826e+04,-3.501806232053487474e+04,-2.334537488035658316e+04,-7.295429650111433148e+03,-2.887981555426093472e+00,-9.669763692040471360e+06,0.000000000000000000e+00,-1.851039287703616917e+07
-8.208244900147087174e+04,-3.581779592791455070e+04,-2.387853061860970411e+04,-7.462040818315532306e+03,-2.875533618464261032e+00,-9.667973308691399172e+06,0.000000000000000000e+00,-1.850698808120486140e+07
-8.385404233887066948e+04,-3.659085483877991646e+04,-2.439390322585327885e+04,-7.623094758079150779e+03,-2.863859709599342551e+00,-9.666244725681036711e+06,0.000000000000000000e+00,-1.850368885776898265e+07
-8.556071098915222683e+04,-3.733558297708459577e+04,-2.489038865138973415e+04,-7.778246453559292604e+03,-2.852929649220366848e+00,-9.664575675104543567e+06,0.000000000000000000e+00,-1.850050229900885746e+07
-8.719880864530793042e+04,-3.805038922704345168e+04,-2.536692615136230233e+04,-7.927164422300719707e+03,-2.842716182535959035e+00,-9.663036767341582105e+06,0.000000000000000000e+00,-1.849743523761525750e+07
-8.876485546049439290e+04,-3.873375511003391148e+04,-2.582250340668927311e+04,-8.069532314590398528e+03,-2.833193801494014341e+00,-9.661470621852152050e+06,0.000000000000000000e+00,-1.849449421046294272e+07
-9.025552801575794001e+04,-3.938423040687618050e+04,-2.625615360458412397e+04,-8.205048001432538513e+03,-2.824340033459583399e+00,-9.659988840667899698e+06,0.000000000000000000e+00,-1.849168547675234824e+07
-9.166767320466261299e+04,-4.000043921658004547e+04,-2.666695947772002910e+04,-8.333424836787509776e+03,-2.816134213978942036e+00,-9.658586216887760907e+06,0.000000000000000000e+00,-1.848901499678915739e+07
-9.299831257345851918e+04,-4.058108185023644182e+04,-2.705405456682429212e+04,-8.454392052132592653e+03,-2.808557605817631586e+00,-9.657261167254595086e+06,0.000000000000000000e+00,-1.848648842126285657e+07
-9.424464685840041784e+04,-4.112493681093835039e+04,-2.741662454062556935e+04,-8.567695168945490877e+03,-2.801593259937104730e+00,-9.656014633369466290e+06,0.000000000000000000e+00,-1.848411108207922429e+07
-9.540406038792859181e+04,-4.163086271473246597e+04,-2.775390847648831186e+04,-8.673096398902598594e+03,-2.795225892548152569e+00,-9.654848512131951749e+06,0.000000000000000000e+00,-1.848188798391067982e+07
-9.647412521856490639e+04,-4.209780009537376463e+04,-2.806520006358251339e+04,-8.770375019869536118e+03,-2.789441776660896544e+00,-9.653765005074650049e+06,0.000000000000000000e+00,-1.847982379628045857e+07
-9.745260496449543280e+04,-4.252477307541618211e+04,-2.834984871694412141e+04,-8.859327724045038849e+03,-2.784228646648482464e+00,-9.652766348716108128e+06,0.000000000000000000e+00,-1.847792284618106112e+07
-9.833745830859546550e+04,-4.291089089829619479e+04,-2.860726059886413350e+04,-8.939768937145041491e+03,-2.779575614555037877e+00,-9.651854699572745711e+06,0.000000000000000000e+00,-1.847618911124973372e+07
-9.912684219103868236e+04,-4.325534931972595950e+04,-2.883689954648397543e+04,-9.011531108276243685e+03,-2.775473097060638494e+00,-9.651032081936154515e+06,0.000000000000000000e+00,-1.847462621351764351e+07
-9.981911467418007669e+04,-4.355743185782402725e+04,-2.903828790521601695e+04,-9.074464970380005980e+03,-2.771912752174483074e+00,-9.650300361214380711e+06,0.000000000000000000e+00,-1.847323741374152154e+07
-1.004128374832098780e+05,-4.381651090176430444e+04,-2.921100726784286962e+04,-9.128439771200897667e+03,-2.768887424867351399e+00,-9.649661227842517197e+06,0.000000000000000000e+00,-1.847202560632230341e+07
-1.009067782223643153e+05,-4.403204867884987470e+04,-2.935469911923324980e+04,-9.173343474760391473e+03,-2.766391100978017548e+00,-9.649116185777092353e+06,0.000000000000000000e+00,-1.847099331481267884e+07
-1.012999122665774194e+05,-4.420359807996104792e+04,-2.946906538664070104e+04,-9.209082933325218619e+03,-2.764418868839134902e+00,-9.648666543229250237e+06,0.000000000000000000e+00,-1.847014268801468983e+07
-1.015914243285386328e+05,-4.433080334336230590e+04,-2.955386889557487302e+04,-9.235584029867148274e+03,-2.762966888167923241e+00,-9.648313404757494107e+06,0.000000000000000000e+00,-1.846947549666766822e+07
-1.017807097011504957e+05,-4.441340059686566383e+04,-2.960893373124377831e+04,-9.252791791013680267e+03,-2.762032365857890692e+00,-8.189922713522703648e+08,0.000000000000000000e+00,-1.846899313072660193e+07
