# tendency to change, top row gives equation number (where number 0 is the first equation), 3rd column from end is gas-particle partitioning, 2nd column from end is gas-wall partitioning, final column is dilution (molecules/cm3/s (air))
1.804000000000000000e+03,1.805000000000000000e+03,1.806000000000000000e+03,1.807000000000000000e+03,1.808000000000000000e+03,0.000000000000000000e+00,0.000000000000000000e+00,0.000000000000000000e+00
-2.764358424023090265e+03,-6.855608891577264785e+02,-5.307568174124332927e+02,-4.422973478436945243e+02,0.000000000000000000e+00,0.000000000000000000e+00,0.000000000000000000e+00,-3.730743626821240783e+07
-1.169862186129147740e+05,-2.901258221600286561e+04,-2.246135397367963742e+04,-1.871779497806636573e+04,-3.841060805171122361e+00,-1.508426004269761033e+07,0.000000000000000000e+00,-1.854804376889575645e+07
-1.205822054071603343e+05,-2.990438694097576445e+04,-2.315178343817478526e+04,-1.929315286514565742e+04,-3.552855816567358715e+00,-1.138832697460596263e+07,0.000000000000000000e+00,-1.849732737499339134e+07
-1.213010371636488708e+05,-3.008265721658492475e+04,-2.328979913542058421e+04,-1.940816594618382442e+04,-3.441641568755713365e+00,-1.028955015342330374e+07,0.000000000000000000e+00,-1.847518783612452075e+07
-1.212202257772121811e+05,-3.006261599274862238e+04,-2.327428334922474096e+04,-1.939523612435395262e+04,-3.398372836287670395e+00,-9.895713426626116037e+06,0.000000000000000000e+00,-1.846605331417182460e+07
-1.208618887931768113e+05,-2.997374842070785235e+04,-2.320548264828994797e+04,-1.933790220690829301e+04,-3.382452567926168552e+00,-9.744034040603704751e+06,0.000000000000000000e+00,-1.846262690402019024e+07
-1.203527461830286193e+05,-2.984748105339110043e+04,-2.310772726714149758e+04,-1.925643938928458374e+04,-3.377879883166922337e+00,-9.683966015522509813e+06,0.000000000000000000e+00,-1.846170188557621837e+07
-1.197210145587675506e+05,-2.969081161057435384e+04,-2.298643479528337048e+04,-1.915536232940281116e+04,-3.378260933761547236e+00,-9.660092232990317047e+06,0.000000000000000000e+00,-1.846191813186121732e+07
-1.189722116525838646e+05,-2.950510848984079712e+04,-2.284266463729610041e+04,-1.903555386441342125e+04,-3.381029533856143576e+00,-9.650791124515706673e+06,0.000000000000000000e+00,-1.846271070103825256e+07
-1.181076539023497899e+05,-2.929069816778274981e+04,-2.267666954925116079e+04,-1.889722462437596914e+04,-3.385157071396405648e+00,-9.647441481415487826e+06,0.000000000000000000e+00,-1.846384744324129820e+07
-1.171284889495218085e+05,-2.904786525948141207e+04,-2.248866987830818834e+04,-1.874055823192349271e+04,-3.390234979029591145e+00,-9.646565855480585247e+06,0.000000000000000000e+00,-1.846523283061757684e+07
-1.160363348915373790e+05,-2.877701105310127241e+04,-2.227897629917517770e+04,-1.856581358264598384e+04,-3.396105566433185174e+00,-9.646753317566283047e+06,0.000000000000000000e+00,-1.846682659794702381e+07
-1.148332523974767391e+05,-2.847864659457423113e+04,-2.204798446031553249e+04,-1.837332038359628132e+04,-3.402713278150688136e+00,-9.647429185346106067e+06,0.000000000000000000e+00,-1.846861050630788878e+07
-1.135216502260181733e+05,-2.815336925605250872e+04,-2.179615684339548898e+04,-1.816346403616290991e+04,-3.410044763917426280e+00,-9.648358259940924123e+06,0.000000000000000000e+00,-1.847057490789685771e+07
-1.121042219772982062e+05,-2.780184705036995729e+04,-2.152401061964125620e+04,-1.793667551636771532e+04,-3.418104767004761957e+00,-9.649443314620228484e+06,0.000000000000000000e+00,-1.847271335674282908e+07
-1.105839117727167322e+05,-2.742481011963375204e+04,-2.123211106036161436e+04,-1.769342588363468167e+04,-3.426906467550401292e+00,-9.650643176326263696e+06,0.000000000000000000e+00,-1.847502046041330695e+07
-1.089638959535297763e+05,-2.702304619647538493e+04,-2.092106802307771795e+04,-1.743422335256476799e+04,-3.436467666256471265e+00,-9.651939390966799110e+06,0.000000000000000000e+00,-1.847749102943237871e+07
-1.072475722189933877e+05,-2.659739791031035929e+04,-2.059153386604672778e+04,-1.715961155503894406e+04,-3.446809334841597128e+00,-9.653322653838679194e+06,0.000000000000000000e+00,-1.848011974430495128e+07
-1.054385518268065498e+05,-2.614876085304802837e+04,-2.024420195074685762e+04,-1.687016829228905044e+04,-3.457955133310896212e+00,-9.654787287129340693e+06,0.000000000000000000e+00,-1.848290102861950174e+07
-1.035406528569435613e+05,-2.567808190852200642e+04,-1.987980534853316567e+04,-1.656650445711097200e+04,-3.469931330744275400e+00,-9.656328995089113712e+06,0.000000000000000000e+00,-1.848582900427227840e+07
-1.015578936811477761e+05,-2.518635763292464981e+04,-1.949911558678037181e+04,-1.624926298898364621e+04,-3.482766904035284661e+00,-9.657943954524176195e+06,0.000000000000000000e+00,-1.848889747960671782e+07
-9.949448628488626855e+04,-2.467463259865179498e+04,-1.910294136669816362e+04,-1.591911780558180362e+04,-3.496493725549879805e+00,-9.659628449237769470e+06,0.000000000000000000e+00,-1.849209995096197724e+07
-9.735482930074294563e+04,-2.414399766658425142e+04,-1.869212722574264626e+04,-1.557677268811887188e+04,-3.511146806102681595e+00,-9.661378725801723078e+06,0.000000000000000000e+00,-1.849542960990158841e+07
-9.514350069828348933e+04,-2.359558817317430658e+04,-1.826755213407042902e+04,-1.522296011172535873e+04,-3.526764582416326732e+00,-9.663190938652373850e+06,0.000000000000000000e+00,-1.849887935305978730e+07
-9.286525010880085756e+04,-2.303058202698261448e+04,-1.783012802088976605e+04,-1.485844001740814019e+04,-3.543389247891675087e+00,-9.665061124111086130e+06,0.000000000000000000e+00,-1.850244179339048639e+07
-9.052498623604148452e+04,-2.245019658653828810e+04,-1.738079735731996334e+04,-1.448399779776663854e+04,-3.561067641086018476e+00,-9.666916067018799484e+06,0.000000000000000000e+00,-1.850610928260627761e+07
-8.812778477194627339e+04,-2.185569062344267877e+04,-1.692053467621368327e+04,-1.410044556351140636e+04,-3.579849737850897107e+00,-9.668915075142063200e+06,0.000000000000000000e+00,-1.850987389099254459e+07
-8.567885878579341806e+04,-2.124835697887676724e+04,-1.645034088687233452e+04,-1.370861740572694725e+04,-3.599791879040327380e+00,-9.670948419384501874e+06,0.000000000000000000e+00,-1.851372745590317994e+07
-8.318355940825834114e+04,-2.062952273324807175e+04,-1.597124340638560170e+04,-1.330936950532133596e+04,-3.620955691110652630e+00,-9.672949737044246867e+06,0.000000000000000000e+00,-1.851766158586139232e+07
-8.064736511615467316e+04,-2.000054654880636008e+04,-1.548429410230169742e+04,-1.290357841858474967e+04,-3.643409161118371653e+00,-9.675052786567503586e+06,0.000000000000000000e+00,-1.852166767503892630e+07
-7.807587479345317115e+04,-1.936281694877638802e+04,-1.499056796034300896e+04,-1.249213996695250898e+04,-3.667226776392054965e+00,-9.677196001451000571e+06,0.000000000000000000e+00,-1.852573691169315949e+07
-7.547479359517492412e+04,-1.871774881160338191e+04,-1.449116037027358652e+04,-1.207596697522798968e+04,-3.692491150459972005e+00,-9.679369133269874379e+06,0.000000000000000000e+00,-1.852986029966921359e+07
-7.284992301345070882e+04,-1.806678090733577847e+04,-1.398718521858253735e+04,-1.165598768215211567e+04,-3.719293703044966204e+00,-9.681564791635585949e+06,0.000000000000000000e+00,-1.853402867540599406e+07
-7.020714988633125904e+04,-1.741137317181015533e+04,-1.347977277817560207e+04,-1.123314398181300385e+04,-3.747735786937437918e+00,-9.683777104591023177e+06,0.000000000000000000e+00,-1.853823272506762668e+07
-6.755243486197372840e+04,-1.675300384576948636e+04,-1.297006749349895654e+04,-1.080838957791579742e+04,-3.777929996494050702e+00,-9.686000777546241879e+06,0.000000000000000000e+00,-1.854246300236594304e+07
-6.489179827264643973e+04,-1.609316597161631944e+04,-1.245922526834811651e+04,-1.038268772362343225e+04,-3.810002378938687428e+00,-9.688155306861378253e+06,0.000000000000000000e+00,-1.854670995162030309e+07
-6.223131552287678642e+04,-1.543336624967344324e+04,-1.194841258039234344e+04,-9.957010483660287719e+03,-3.844091574145574786e+00,-9.690421219373583794e+06,0.000000000000000000e+00,-1.855096391111363098e+07
-5.957709324836917949e+04,-1.477511912559555640e+04,-1.143880190368688272e+04,-9.532334919739068937e+03,-3.880354745939598171e+00,-9.692663132672617212e+06,0.000000000000000000e+00,-1.855521515457472578e+07
-5.693526311633260775e+04,-1.411994525285048803e+04,-1.093157051833586047e+04,-9.109642098613217968e+03,-3.918967228176325257e+00,-9.694899757607221603e+06,0.000000000000000000e+00,-1.855945389737407491e+07
-5.431196505221893312e+04,-1.346936733295029626e+04,-1.042789729002603599e+04,-8.689914408355030901e+03,-3.960126693278352317e+00,-9.697122087147891521e+06,0.000000000000000000e+00,-1.856367032381392643e+07
-5.171332760676433099e+04,-1.282490524647755410e+04,-9.928958900498751973e+03,-8.274132417082293614e+03,-4.004059353816638911e+00,-9.699126424835599959e+06,0.000000000000000000e+00,-1.856785462250516936e+07
-4.914546806131514313e+04,-1.218807607920615555e+04,-9.435929867772507350e+03,-7.863274889810423701e+03,-4.051015247778669170e+00,-9.701326457918040454e+06,0.000000000000000000e+00,-1.857199697866770998e+07
-4.661446346422911301e+04,-1.156038693912882081e+04,-8.949976985131990659e+03,-7.458314154276659792e+03,-4.101281262511496273e+00,-9.703508990251073614e+06,0.000000000000000000e+00,-1.857608761587831005e+07
-4.412633484074463922e+04,-1.094333104050467045e+04,-8.472256289422970440e+03,-7.060213574519142639e+03,-4.155185597780841178e+00,-9.705657046076782048e+06,0.000000000000000000e+00,-1.858011682695233822e+07
-4.168703034929744899e+04,-1.033838352662576835e+04,-8.003909827065110221e+03,-6.669924855887592457e+03,-4.213104536106925480e+00,-9.707761129203220829e+06,0.000000000000000000e+00,-1.858407500035250559e+07
-3.930240636869715672e+04,-9.746996779436896759e+03,-7.546062022789854382e+03,-6.288385018991546531e+03,-4.275471451089445374e+00,-9.709814403767503798e+06,0.000000000000000000e+00,-1.858795264893420041e+07
-3.697820358273318561e+04,-9.170594488517830541e+03,-7.099815087884771856e+03,-5.916512573237310789e+03,-4.342791688661447047e+00,-9.711622506772413850e+06,0.000000000000000000e+00,-1.859174045137115940e+07
-3.472003457608208555e+04,-8.610568574868357246e+03,-6.666246638607759451e+03,-5.555205532173134088e+03,-4.415646179876277166e+00,-9.713572304057406262e+06,0.000000000000000000e+00,-1.859542926082480699e+07
-3.253335358328361326e+04,-8.068271688654336685e+03,-6.246403887990453768e+03,-5.205336573325379504e+03,-4.494715065885368510e+00,-9.715465866158077493e+06,0.000000000000000000e+00,-1.859901014671557769e+07
-3.042342979048061898e+04,-7.545010588039193863e+03,-5.841298519772279178e+03,-4.867748766476899618e+03,-4.580798788651387454e+00,-9.717290433184577152e+06,0.000000000000000000e+00,-1.860247444029613957e+07
-2.839531255809532740e+04,-7.042037514407641538e+03,-5.451900011154302774e+03,-4.543250009295253221e+03,-4.674856526303164728e+00,-9.719029624900856987e+06,0.000000000000000000e+00,-1.860581380716457590e+07
-2.645381305387347311e+04,-6.560545637360621186e+03,-5.079132106343707164e+03,-4.232610088619756425e+03,-4.778016242034542671e+00,-9.720746627651887015e+06,0.000000000000000000e+00,-1.860902024487102032e+07
-2.460345796750636873e+04,-6.101657575941580035e+03,-4.723863929761222607e+03,-3.936553274801019597e+03,-4.891640897179208025e+00,-9.722387943572893739e+06,0.000000000000000000e+00,-1.861208616410252824e+07
-2.284845078595314408e+04,-5.666415794916380037e+03,-4.386902550903003430e+03,-3.655752125752503616e+03,-5.017381625227438136e+00,-9.723943704124486074e+06,0.000000000000000000e+00,-1.861500444824039191e+07
-2.119262365365866935e+04,-5.255770666107350735e+03,-4.068983741502464909e+03,-3.390819784585387879e+03,-5.157264141706927596e+00,-9.725336561916621402e+06,0.000000000000000000e+00,-1.861776853324778005e+07
-1.963939002490511484e+04,-4.870568726176468772e+03,-3.770762884781782304e+03,-3.142302403984819193e+03,-5.313764663070251082e+00,-9.726736929263845086e+06,0.000000000000000000e+00,-1.862037244498768449e+07
-1.819167339383448416e+04,-4.511535001670951715e+03,-3.492801291616220624e+03,-2.910667743013517793e+03,-5.489993868908717545e+00,-9.727961236173290759e+06,0.000000000000000000e+00,-1.862281094122571498e+07
-1.685184008343881214e+04,-4.179256340692825688e+03,-3.235553296020252219e+03,-2.696294413350210561e+03,-5.689860617220140249e+00,-9.729167763958886266e+06,0.000000000000000000e+00,-1.862507959454613179e+07
-1.562161321837609466e+04,-3.874160078157271982e+03,-2.999349737928210288e+03,-2.499458114940175619e+03,-5.918344786022670334e+00,-9.730288531547801569e+06,0.000000000000000000e+00,-1.862717491680795327e+07
-1.450197164580316166e+04,-3.596488968159184424e+03,-2.784378555994207090e+03,-2.320315463328506212e+03,-6.181882370757701750e+00,-9.731314132582938299e+06,0.000000000000000000e+00,-1.862909451388200745e+07
-1.349303454229685667e+04,-3.346272566489620658e+03,-2.590662632120996477e+03,-2.158885526767497140e+03,-6.488893923555538734e+00,-9.732241549952749163e+06,0.000000000000000000e+00,-1.863083725799461082e+07
-1.259392731295528210e+04,-3.123293973612910122e+03,-2.418034044087414259e+03,-2.015028370072845519e+03,-6.850549432033748332e+00,-9.732994579619882628e+06,0.000000000000000000e+00,-1.863240349041064829e+07
-1.180263066390225686e+04,-2.927052404647759886e+03,-2.266105087469233240e+03,-1.888420906224361261e+03,-7.281867801092338333e+00,-9.733722050086852163e+06,0.000000000000000000e+00,-1.863379525541463494e+07
-1.111581978458300364e+04,-2.756723306576585401e+03,-2.134237398639936600e+03,-1.778531165533280955e+03,-7.803200019319020520e+00,-9.734405789184015244e+06,0.000000000000000000e+00,-1.863501654884560406e+07
-1.052870699328707815e+04,-2.611119334335195617e+03,-2.021511742711119041e+03,-1.684593118925932686e+03,-8.442485270088409877e+00,-9.734962872491506860e+06,0.000000000000000000e+00,-1.863607360684397444e+07
-1.003493230306728401e+04,-2.488663211160686842e+03,-1.926707002188918523e+03,-1.605589168490765587e+03,-9.237723457404950267e+00,-9.735436553994763643e+06,0.000000000000000000e+00,-1.863697511856703088e+07
-9.626597528215655984e+03,-2.387396186997482801e+03,-1.848306725417406142e+03,-1.540255604514505194e+03,-1.023916826500024690e+01,-9.735830045235332102e+06,0.000000000000000000e+00,-1.863773230320412293e+07
-9.294651983688301698e+03,-2.305073691954698916e+03,-1.784573180868153713e+03,-1.487144317390128435e+03,-1.150705222999855870e+01,-9.736148535545151681e+06,0.000000000000000000e+00,-1.863835854182945937e+07
-9.030089902714924392e+03,-2.239462295873301173e+03,-1.733777261321265541e+03,-1.444814384434388103e+03,-1.309237271138568026e+01,-9.736373246036807075e+06,0.000000000000000000e+00,-1.863886794238217175e+07
-8.826715415984897845e+03,-2.189025423164254789e+03,-1.694729359869100335e+03,-1.412274466557583764e+03,-1.496873258047987854e+01,-9.736664672634871677e+06,0.000000000000000000e+00,-1.863927166717271134e+07
-8.685518451528929290e+03,-2.154008575979174566e+03,-1.667619542693554422e+03,-1.389682952244628723e+03,-1.688083918419730622e+01,-9.736785805693911389e+06,0.000000000000000000e+00,-1.863957167565503344e+07
-8.613331762985459136e+03,-2.136106277220394077e+03,-1.653759698493208134e+03,-1.378133082077673635e+03,-1.825350352153830613e+01,-9.736857209444597363e+06,0.000000000000000000e+00,-1.863976002733853459e+07
-8.597386526355925525e+03,-2.132151858536269629e+03,-1.650698213060337594e+03,-1.375581844216948184e+03,-1.873231713456740621e+01,-9.737006051604943350e+06,0.000000000000000000e+00,-1.863984753788597509e+07
-8.595443202579084755e+03,-2.131669914239612808e+03,-1.650325094895184066e+03,-1.375270912412653615e+03,-1.877311988253473984e+01,-9.736893723934978247e+06,0.000000000000000000e+00,-1.863988405506103858e+07
-8.594427327485336718e+03,-2.131417977216363852e+03,-1.650130046877184668e+03,-1.375108372397654193e+03,-1.877342249763513493e+01,-9.737008010197993368e+06,0.000000000000000000e+00,-1.863990025657665730e+07
-8.594021400958936283e+03,-2.131317307437816453e+03,-1.650052108984115876e+03,-1.375043424153430124e+03,-1.877348398443035293e+01,-9.737011536073347554e+06,0.000000000000000000e+00,-1.863990743543795496e+07
-8.593861721442030102e+03,-2.131277706917623163e+03,-1.650021450516869663e+03,-1.375017875430724871e+03,-1.877350783802324585e+01,-9.737014246085133404e+06,0.000000000000000000e+00,-1.863991058796525374e+07
-8.593798945680000543e+03,-2.131262138528640207e+03,-1.650009397570560168e+03,-1.375007831308800178e+03,-1.877351742005667390e+01,-9.737016798767812550e+06,0.000000000000000000e+00,-1.863991196163037419e+07
-8.593774266905582408e+03,-2.131256018192584634e+03,-1.650004659245872062e+03,-1.375003882704893385e+03,-1.877352127488375189e+01,-9.737019243929047137e+06,0.000000000000000000e+00,-1.863991255627055094e+07
-8.593764565185301763e+03,-2.131253612165955019e+03,-1.650002796515577984e+03,-1.375002330429648509e+03,-1.877352282602885225e+01,-9.737021630813933909e+06,0.000000000000000000e+00,-1.863991281224809587e+07
-8.593760751401663583e+03,-2.131252666347612831e+03,-1.650002064269119501e+03,-1.375001720224266364e+03,-1.877352345031658487e+01,-9.737023990014230832e+06,0.000000000000000000e+00,-1.863991292191234231e+07
-8.593759252353829652e+03,-2.131252294583749972e+03,-1.650001776451935257e+03,-1.375001480376613017e+03,-1.877352370162866180e+01,-9.737026337207296863e+06,0.000000000000000000e+00,-1.863991296869983897e+07
-8.593758663306016388e+03,-2.131252148499891973e+03,-1.650001663354755010e+03,-1.375001386128962622e+03,-1.877352380282582089e+01,-9.737028679586894810e+06,0.000000000000000000e+00,-1.863991298859076202e+07
-8.593758432011016339e+03,-2.131252091138731885e+03,-1.650001618946115059e+03,-1.375001349121762587e+03,-1.877352384359439341e+01,-9.737031020188257098e+06,0.000000000000000000e+00,-1.863991299702233821e+07
-8.593758341361779458e+03,-2.131252068657721338e+03,-1.650001601541461696e+03,-1.375001334617884822e+03,-1.877352386003341067e+01,-9.737033360200313851e+06,0.000000000000000000e+00,-1.863991300058890879e+07
-8.593758306005822305e+03,-2.131252059889443899e+03,-1.650001594753117615e+03,-1.375001328960931687e+03,-1.877352386667516271e+01,-9.737035700051905587e+06,0.000000000000000000e+00,-1.863991300209650770e+07
-8.593758292387861729e+03,-2.131252056512189483e+03,-1.650001592138469277e+03,-1.375001326782057959e+03,-1.877352386937102580e+01,-9.737038039880661294e+06,0.000000000000000000e+00,-1.863991300273516774e+07
-8.593758287316006317e+03,-2.131252055254369679e+03,-1.650001591164673300e+03,-1.375001325970561311e+03,-1.877352387047736926e+01,-9.737040379721218720e+06,0.000000000000000000e+00,-1.863991300300802290e+07
-8.593758285604029879e+03,-2.131252054829799818e+03,-1.650001590835973730e+03,-1.375001325696645154e+03,-1.877352387094337516e+01,-9.737042719576630741e+06,0.000000000000000000e+00,-1.863991300312722474e+07
-8.593758285212956253e+03,-2.131252054732813576e+03,-1.650001590760887666e+03,-1.375001325634073282e+03,-1.877352387115129417e+01,-9.737045059442596510e+06,0.000000000000000000e+00,-1.863991300318202376e+07
-8.593758285341205919e+03,-2.131252054764619515e+03,-1.650001590785511553e+03,-1.375001325654593302e+03,-1.877352387125522526e+01,-9.737047399314653128e+06,0.000000000000000000e+00,-1.863991300320988521e+07
-8.593758285673624414e+03,-2.131252054847058844e+03,-1.650001590849335798e+03,-1.375001325707780097e+03,-1.877352387131723077e+01,-9.737049739189611748e+06,0.000000000000000000e+00,-1.863991300322649628e+07
-8.593758286086307635e+03,-2.131252054949404283e+03,-1.650001590928570977e+03,-1.375001325773809185e+03,-1.877352387136231826e+01,-9.737052079065788537e+06,0.000000000000000000e+00,-1.863991300323839858e+07
-8.593758286530564874e+03,-2.131252055059580471e+03,-1.650001591013868619e+03,-1.375001325844890744e+03,-1.877352387140061651e+01,-9.737054418941985816e+06,0.000000000000000000e+00,-1.863991300324834883e+07
-8.593758286987202155e+03,-2.131252055172826203e+03,-1.650001591101542544e+03,-1.375001325917952499e+03,-1.877352387143612944e+01,-9.737056758817866445e+06,0.000000000000000000e+00,-1.863991300325747952e+07
-8.593758287448732517e+03,-2.131252055287285657e+03,-1.650001591190156660e+03,-1.375001325991797330e+03,-1.877352387147054458e+01,-9.737059098693011329e+06,0.000000000000000000e+00,-1.863991300326628238e+07
-8.593758287912176456e+03,-2.131252055402219867e+03,-1.650001591279137756e+03,-1.375001326065948206e+03,-1.877352387150452628e+01,-9.737061438567314297e+06,0.000000000000000000e+00,-1.863991300327493995e+07
-8.593758288376378914e+03,-2.131252055517341887e+03,-1.650001591368264599e+03,-1.375001326140220726e+03,-1.877352387153831614e+01,-9.737063778440734372e+06,0.000000000000000000e+00,-1.863991300328354537e+07
-8.593758288840874229e+03,-2.131252055632537122e+03,-1.650001591457447830e+03,-1.375001326214540086e+03,-1.877352387157204205e+01,-9.737066118313271552e+06,0.000000000000000000e+00,-1.863991300329212472e+07
-8.593758289305489598e+03,-2.131252055747761915e+03,-1.650001591546654254e+03,-1.375001326288878772e+03,-1.877352387160573244e+01,-9.737068458184884861e+06,0.000000000000000000e+00,-1.863991300330069289e+07
-8.593758289770152260e+03,-2.131252055862998077e+03,-1.650001591635869318e+03,-1.375001326363224507e+03,-1.877352387163942282e+01,-9.737070798055555671e+06,0.000000000000000000e+00,-1.863991300330925733e+07
-8.593758290234820379e+03,-2.131252055978235603e+03,-1.650001591725085518e+03,-1.375001326437571606e+03,-1.877352387167310965e+01,-9.737073137925222516e+06,0.000000000000000000e+00,-1.863991300331782550e+07
-8.593758290699497593e+03,-2.131252056093475858e+03,-1.650001591814303538e+03,-1.375001326511919842e+03,-1.877352387170675740e+01,-9.737075477794000879e+06,0.000000000000000000e+00,-1.863991300332637876e+07
-8.593758291164180264e+03,-2.131252056208716567e+03,-1.650001591903522467e+03,-1.375001326586268988e+03,-1.877352387174043358e+01,-9.737077817661825567e+06,0.000000000000000000e+00,-1.863991300333493948e+07
-8.593758291628866573e+03,-2.131252056323959096e+03,-1.650001591992742306e+03,-1.375001326660618815e+03,-1.877352387177409199e+01,-9.737080157528690994e+06,0.000000000000000000e+00,-1.863991300334350020e+07
-8.593758292093554701e+03,-2.131252056439201624e+03,-1.650001592081962599e+03,-1.375001326734968870e+03,-1.877352387180778948e+01,-9.737082497394643724e+06,0.000000000000000000e+00,-1.863991300335206836e+07
-8.593758292558237372e+03,-2.131252056554443243e+03,-1.650001592171181528e+03,-1.375001326809318243e+03,-1.877352387184148697e+01,-9.737084837259605527e+06,0.000000000000000000e+00,-1.863991300336062908e+07
-8.593758293022925500e+03,-2.131252056669685771e+03,-1.650001592260401821e+03,-1.375001326883668298e+03,-1.877352387187516314e+01,-9.737087177123697475e+06,0.000000000000000000e+00,-1.863991300336919352e+07
-8.593758293487622723e+03,-2.131252056784930573e+03,-1.650001592349623479e+03,-1.375001326958019717e+03,-1.877352387190885352e+01,-9.737089516986792907e+06,0.000000000000000000e+00,-1.863991300337776542e+07
-8.593758293952312670e+03,-2.131252056900173557e+03,-1.650001592438844000e+03,-1.375001327032370227e+03,-1.877352387194253325e+01,-9.737091856848908588e+06,0.000000000000000000e+00,-1.863991300338632241e+07
-8.593758294416989884e+03,-2.131252057015413811e+03,-1.650001592528062019e+03,-1.375001327106718463e+03,-1.877352387197623074e+01,-9.737094196710107848e+06,0.000000000000000000e+00,-1.863991300339489430e+07
-8.593758294881659822e+03,-2.131252057130651792e+03,-1.650001592617278675e+03,-1.375001327181065562e+03,-1.877352387200986783e+01,-9.737096536570359021e+06,0.000000000000000000e+00,-1.863991300340344384e+07
-8.593758295346347950e+03,-2.131252057245894321e+03,-1.650001592706498741e+03,-1.375001327255415845e+03,-1.877352387204355111e+01,-9.737098876429710537e+06,0.000000000000000000e+00,-1.863991300341200829e+07
-8.593758295811041535e+03,-2.131252057361138213e+03,-1.650001592795719944e+03,-1.375001327329766809e+03,-1.877352387207723439e+01,-9.737101216288022697e+06,0.000000000000000000e+00,-1.863991300342056900e+07
-8.593758296275720568e+03,-2.131252057476378923e+03,-1.650001592884938418e+03,-1.375001327404115500e+03,-1.877352387211090701e+01,-9.737103556145435199e+06,0.000000000000000000e+00,-1.863991300342912972e+07
-8.593758296740394144e+03,-2.131252057591617813e+03,-1.650001592974155756e+03,-1.375001327478463281e+03,-1.877352387214457252e+01,-9.737105896001921967e+06,0.000000000000000000e+00,-1.863991300343768671e+07
-8.593758297205082272e+03,-2.131252057706860342e+03,-1.650001593063375822e+03,-1.375001327552813336e+03,-1.877352387217824514e+01,-9.737108235857438296e+06,0.000000000000000000e+00,-1.863991300344625115e+07
-8.593758297669755848e+03,-2.131252057822099687e+03,-1.650001593152593159e+03,-1.375001327627161118e+03,-1.877352387221194974e+01,-9.737110575711995363e+06,0.000000000000000000e+00,-1.863991300345480070e+07
-8.593758298134425786e+03,-2.131252057937338122e+03,-1.650001593241809815e+03,-1.375001327701508444e+03,-1.877352387224559394e+01,-9.737112915565619245e+06,0.000000000000000000e+00,-1.863991300346336886e+07
-8.593758298599121190e+03,-2.131252058052582015e+03,-1.650001593331031245e+03,-1.375001327775859409e+03,-1.877352387227927721e+01,-9.737115255418322980e+06,0.000000000000000000e+00,-1.863991300347193703e+07
-8.593758299063809318e+03,-2.131252058167824998e+03,-1.650001593420251311e+03,-1.375001327850209691e+03,-1.877352387231294983e+01,-9.737117595270089805e+06,0.000000000000000000e+00,-1.863991300348050147e+07
-8.593758299528488351e+03,-2.131252058283065253e+03,-1.650001593509469558e+03,-1.375001327924558154e+03,-1.877352387234666153e+01,-9.737119935120899230e+06,0.000000000000000000e+00,-1.863991300348906964e+07
-8.593758299993169203e+03,-2.131252058398306417e+03,-1.650001593598688487e+03,-1.375001327998907300e+03,-1.877352387238031639e+01,-9.737122274970706552e+06,0.000000000000000000e+00,-1.863991300349763036e+07
-8.593758300457840960e+03,-2.131252058513544853e+03,-1.650001593687905597e+03,-1.375001328073254854e+03,-1.877352387241396059e+01,-9.737124614819666371e+06,0.000000000000000000e+00,-1.863991300350618735e+07
-8.593758300922521812e+03,-2.131252058628785562e+03,-1.650001593777124071e+03,-1.375001328147603544e+03,-1.877352387244768650e+01,-9.737126954667596146e+06,0.000000000000000000e+00,-1.863991300351475179e+07
-8.593758301387202664e+03,-2.131252058744026272e+03,-1.650001593866342773e+03,-1.375001328221952463e+03,-1.877352387248134136e+01,-9.737129294514624402e+06,0.000000000000000000e+00,-1.863991300352331623e+07
-8.593758301851881697e+03,-2.131252058859266981e+03,-1.650001593955561475e+03,-1.375001328296301381e+03,-1.877352387251504240e+01,-9.737131634360732511e+06,0.000000000000000000e+00,-1.863991300353187695e+07
-8.593758302316564368e+03,-2.131252058974508145e+03,-1.650001594044780404e+03,-1.375001328370650526e+03,-1.877352387254872923e+01,-9.737133974205860868e+06,0.000000000000000000e+00,-1.863991300354044139e+07
-8.593758302781245220e+03,-2.131252059089748855e+03,-1.650001594133999106e+03,-1.375001328444999444e+03,-1.877352387258236277e+01,-9.737136314050033689e+06,0.000000000000000000e+00,-1.863991300354900211e+07
-8.593758303245906063e+03,-2.131252059204984562e+03,-1.650001594223213942e+03,-1.375001328519345179e+03,-1.877352387261601407e+01,-9.737138653893256560e+06,0.000000000000000000e+00,-1.863991300355755910e+07
-8.593758303710592372e+03,-2.131252059320227090e+03,-1.650001594312433781e+03,-1.375001328593695007e+03,-1.877352387264972222e+01,-9.737140993735553697e+06,0.000000000000000000e+00,-1.863991300356611982e+07
-8.593758304175267767e+03,-2.131252059435466890e+03,-1.650001594401651573e+03,-1.375001328668043243e+03,-1.877352387268337708e+01,-9.737143333576917648e+06,0.000000000000000000e+00,-1.863991300357468054e+07
-8.593758304639946800e+03,-2.131252059550707145e+03,-1.650001594490869820e+03,-1.375001328742391706e+03,-1.877352387271705325e+01,-9.737145673417307436e+06,0.000000000000000000e+00,-1.863991300358323753e+07
-8.593758305104627652e+03,-2.131252059665947854e+03,-1.650001594580088522e+03,-1.375001328816740624e+03,-1.877352387275075074e+01,-9.737148013256756589e+06,0.000000000000000000e+00,-1.863991300359180942e+07
-8.593758305569310323e+03,-2.131252059781189018e+03,-1.650001594669307678e+03,-1.375001328891089770e+03,-1.877352387278441270e+01,-9.737150353095268831e+06,0.000000000000000000e+00,-1.863991300360037014e+07
-8.593758306033983899e+03,-2.131252059896427909e+03,-1.650001594758524789e+03,-1.375001328965437551e+03,-1.877352387281809598e+01,-9.737152692932859063e+06,0.000000000000000000e+00,-1.863991300360893831e+07
-8.593758306498653837e+03,-2.131252060011665890e+03,-1.650001594847741444e+03,-1.375001329039784650e+03,-1.877352387285179347e+01,-9.737155032769471407e+06,0.000000000000000000e+00,-1.863991300361749530e+07
-8.593758306963314681e+03,-2.131252060126902052e+03,-1.650001594936956508e+03,-1.375001329114130613e+03,-1.877352387288544122e+01,-9.737157372605113313e+06,0.000000000000000000e+00,-1.863991300362606347e+07
-8.593758307427997352e+03,-2.131252060242143216e+03,-1.650001595026175437e+03,-1.375001329188479758e+03,-1.877352387291912450e+01,-9.737159712439913303e+06,0.000000000000000000e+00,-1.863991300363462046e+07
-8.593758307892665471e+03,-2.131252060357381197e+03,-1.650001595115391638e+03,-1.375001329262826630e+03,-1.877352387295278291e+01,-9.737162052273647860e+06,0.000000000000000000e+00,-1.863991300364317745e+07
-8.593758308357344504e+03,-2.131252060472621451e+03,-1.650001595204610112e+03,-1.375001329337175321e+03,-1.877352387298648040e+01,-9.737164392106501386e+06,0.000000000000000000e+00,-1.863991300365173444e+07
-8.593758308822010804e+03,-2.131252060587858978e+03,-1.650001595293826085e+03,-1.375001329411521965e+03,-1.877352387302016723e+01,-9.737166731938393787e+06,0.000000000000000000e+00,-1.863991300366029888e+07
-8.593758309286686199e+03,-2.131252060703098323e+03,-1.650001595383043650e+03,-1.375001329485869974e+03,-1.877352387305380432e+01,-9.737169071769358590e+06,0.000000000000000000e+00,-1.863991300366886333e+07
-8.593758309751365232e+03,-2.131252060818338578e+03,-1.650001595472261897e+03,-1.375001329560218437e+03,-1.877352387308750536e+01,-9.737171411599364132e+06,0.000000000000000000e+00,-1.863991300367742777e+07
-8.593758310216027894e+03,-2.131252060933574739e+03,-1.650001595561477188e+03,-1.375001329634564627e+03,-1.877352387312116022e+01,-9.737173751428434625e+06,0.000000000000000000e+00,-1.863991300368598849e+07
-8.593758310680714203e+03,-2.131252061048817268e+03,-1.650001595650697027e+03,-1.375001329708914454e+03,-1.877352387315483995e+01,-9.737176091256523505e+06,0.000000000000000000e+00,-1.863991300369455665e+07
-8.593758311145369589e+03,-2.131252061164051611e+03,-1.650001595739910726e+03,-1.375001329783259280e+03,-1.877352387318849836e+01,-9.737178431083694100e+06,0.000000000000000000e+00,-1.863991300370310992e+07
-8.593758311610041346e+03,-2.131252061279290501e+03,-1.650001595829128064e+03,-1.375001329857606834e+03,-1.877352387322218874e+01,-9.737180770909896120e+06,0.000000000000000000e+00,-1.863991300371167436e+07
-8.593758312074718560e+03,-2.131252061394530301e+03,-1.650001595918346084e+03,-1.375001329931955297e+03,-1.877352387325587912e+01,-9.737183110735187307e+06,0.000000000000000000e+00,-1.863991300372023135e+07
-8.593758312539393955e+03,-2.131252061509769646e+03,-1.650001596007563421e+03,-1.375001330006303078e+03,-1.877352387328957306e+01,-9.737185450559522957e+06,0.000000000000000000e+00,-1.863991300372879207e+07
-8.593758313004047523e+03,-2.131252061625003989e+03,-1.650001596096777348e+03,-1.375001330080647904e+03,-1.877352387332321015e+01,-9.737187790382919833e+06,0.000000000000000000e+00,-1.863991300373735651e+07
-8.593758313468724737e+03,-2.131252061740244244e+03,-1.650001596185995368e+03,-1.375001330154996367e+03,-1.877352387335688633e+01,-9.737190130205363035e+06,0.000000000000000000e+00,-1.863991300374591723e+07
-8.593758313933400132e+03,-2.131252061855483134e+03,-1.650001596275212705e+03,-1.375001330229344148e+03,-1.877352387339054829e+01,-9.737192470026861876e+06,0.000000000000000000e+00,-1.863991300375448167e+07
-8.593758314398075527e+03,-2.131252061970722934e+03,-1.650001596364430497e+03,-1.375001330303692384e+03,-1.877352387342424933e+01,-9.737194809847421944e+06,0.000000000000000000e+00,-1.863991300376304984e+07
-8.593758314862727275e+03,-2.131252062085956368e+03,-1.650001596453643742e+03,-1.375001330378036528e+03,-1.877352387345790063e+01,-9.737197149667022750e+06,0.000000000000000000e+00,-1.863991300377161056e+07
-8.593758315327402670e+03,-2.131252062201196168e+03,-1.650001596542861307e+03,-1.375001330452384536e+03,-1.877352387349158391e+01,-9.737199489485675469e+06,0.000000000000000000e+00,-1.863991300378016755e+07
-8.593758315792061694e+03,-2.131252062316431420e+03,-1.650001596632075689e+03,-1.375001330526730044e+03,-1.877352387352527074e+01,-9.737201829303396866e+06,0.000000000000000000e+00,-1.863991300378872827e+07
-8.593758316256724356e+03,-2.131252062431667582e+03,-1.650001596721290980e+03,-1.375001330601076006e+03,-1.877352387355893626e+01,-9.737204169120168313e+06,0.000000000000000000e+00,-1.863991300379728526e+07
-8.593758316721401570e+03,-2.131252062546907837e+03,-1.650001596810509227e+03,-1.375001330675424470e+03,-1.877352387359262309e+01,-9.737206508935960010e+06,0.000000000000000000e+00,-1.863991300380585343e+07
-8.593758317186051499e+03,-2.131252062662140816e+03,-1.650001596899721790e+03,-1.375001330749768385e+03,-1.877352387362627084e+01,-9.737208848750852048e+06,0.000000000000000000e+00,-1.863991300381441042e+07
-8.593758317650726894e+03,-2.131252062777380615e+03,-1.650001596988939582e+03,-1.375001330824116621e+03,-1.877352387365995057e+01,-9.737211188564792275e+06,0.000000000000000000e+00,-1.863991300382297114e+07
-8.593758318115382281e+03,-2.131252062892614958e+03,-1.650001597078153281e+03,-1.375001330898461219e+03,-1.877352387369363740e+01,-9.737213528377763927e+06,0.000000000000000000e+00,-1.863991300383153558e+07
-8.593758318580072228e+03,-2.131252063007858396e+03,-1.650001597167374030e+03,-1.375001330972811957e+03,-1.877352387372734910e+01,-9.737215868189813569e+06,0.000000000000000000e+00,-1.863991300384011492e+07
-8.593758319044729433e+03,-2.131252063123092739e+03,-1.650001597256587957e+03,-1.375001331047156782e+03,-1.877352387376099330e+01,-9.737218208000930026e+06,0.000000000000000000e+00,-1.863991300384867191e+07
-8.593758319509390276e+03,-2.131252063238328901e+03,-1.650001597345802793e+03,-1.375001331121502517e+03,-1.877352387379465881e+01,-9.737220547811076045e+06,0.000000000000000000e+00,-1.863991300385722890e+07
-8.593758319974045662e+03,-2.131252063353563699e+03,-1.650001597435016720e+03,-1.375001331195847570e+03,-1.877352387382833498e+01,-9.737222887620236725e+06,0.000000000000000000e+00,-1.863991300386579335e+07
-8.593758320438711962e+03,-2.131252063468800770e+03,-1.650001597524232693e+03,-1.375001331270194214e+03,-1.877352387386199339e+01,-9.737225227428516373e+06,0.000000000000000000e+00,-1.863991300387434661e+07
-8.593758320903372805e+03,-2.131252063584036478e+03,-1.650001597613447530e+03,-1.375001331344539722e+03,-1.877352387389568023e+01,-9.737227567235829309e+06,0.000000000000000000e+00,-1.863991300388290361e+07
-8.593758321368046381e+03,-2.131252063699275823e+03,-1.650001597702664867e+03,-1.375001331418887730e+03,-1.877352387392935995e+01,-9.737229907042220235e+06,0.000000000000000000e+00,-1.863991300389147177e+07
-8.593758321832698130e+03,-2.131252063814509256e+03,-1.650001597791877884e+03,-1.375001331493231646e+03,-1.877352387396302902e+01,-9.737232246847640723e+06,0.000000000000000000e+00,-1.863991300390002877e+07
-8.593758322297369887e+03,-2.131252063929748147e+03,-1.650001597881094995e+03,-1.375001331567579427e+03,-1.877352387399671585e+01,-9.737234586652128026e+06,0.000000000000000000e+00,-1.863991300390859693e+07
-8.593758322762030730e+03,-2.131252064044983854e+03,-1.650001597970309831e+03,-1.375001331641925162e+03,-1.877352387403038136e+01,-9.737236926455646753e+06,0.000000000000000000e+00,-1.863991300391715392e+07
-8.593758323226686116e+03,-2.131252064160218197e+03,-1.650001598059523758e+03,-1.375001331716269988e+03,-1.877352387406407175e+01,-9.737239266258256510e+06,0.000000000000000000e+00,-1.863991300392572209e+07
-8.593758323691356054e+03,-2.131252064275456632e+03,-1.650001598148740413e+03,-1.375001331790617314e+03,-1.877352387409775503e+01,-9.737241606059880927e+06,0.000000000000000000e+00,-1.863991300393429026e+07
-8.593758324156016897e+03,-2.131252064390692340e+03,-1.650001598237955250e+03,-1.375001331864962822e+03,-1.877352387413140988e+01,-9.737243945860585198e+06,0.000000000000000000e+00,-1.863991300394284353e+07
-8.593758324620688654e+03,-2.131252064505930775e+03,-1.650001598327172132e+03,-1.375001331939310148e+03,-1.877352387416505053e+01,-9.737246285660339519e+06,0.000000000000000000e+00,-1.863991300395140052e+07
-8.593758325085353135e+03,-2.131252064621167847e+03,-1.650001598416387651e+03,-1.375001332013656565e+03,-1.877352387419872670e+01,-9.737248625459127128e+06,0.000000000000000000e+00,-1.863991300395996869e+07
-8.593758325550013978e+03,-2.131252064736403554e+03,-1.650001598505602487e+03,-1.375001332088002300e+03,-1.877352387423239577e+01,-9.737250965256970376e+06,0.000000000000000000e+00,-1.863991300396852568e+07
-8.593758326014658451e+03,-2.131252064851635623e+03,-1.650001598594814368e+03,-1.375001332162345534e+03,-1.877352387426608971e+01,-9.737253305053884163e+06,0.000000000000000000e+00,-1.863991300397708640e+07
-8.593758326479333846e+03,-2.131252064966874968e+03,-1.650001598684032160e+03,-1.375001332236693543e+03,-1.877352387429978009e+01,-9.737255644849866629e+06,0.000000000000000000e+00,-1.863991300398566201e+07
-8.593758326943983775e+03,-2.131252065082108402e+03,-1.650001598773244950e+03,-1.375001332311037686e+03,-1.877352387433347047e+01,-9.737257984644897282e+06,0.000000000000000000e+00,-1.863991300399422273e+07
-8.593758327408640980e+03,-2.131252065197342745e+03,-1.650001598862458877e+03,-1.375001332385382739e+03,-1.877352387436712178e+01,-9.737260324438961223e+06,0.000000000000000000e+00,-1.863991300400277600e+07
-8.593758327873303642e+03,-2.131252065312579816e+03,-1.650001598951674396e+03,-1.375001332459728928e+03,-1.877352387440078374e+01,-9.737262664232125506e+06,0.000000000000000000e+00,-1.863991300401134044e+07
-8.593758328337953571e+03,-2.131252065427812340e+03,-1.650001599040886958e+03,-1.375001332534072617e+03,-1.877352387443444570e+01,-9.737265004024265334e+06,0.000000000000000000e+00,-1.863991300401990116e+07
-8.593758328802619872e+03,-2.131252065543049866e+03,-1.650001599130102932e+03,-1.375001332608419489e+03,-1.877352387446815740e+01,-9.737267343815563247e+06,0.000000000000000000e+00,-1.863991300402845815e+07
-8.593758329267277077e+03,-2.131252065658285119e+03,-1.650001599219317313e+03,-1.375001332682764541e+03,-1.877352387450181581e+01,-9.737269683605832979e+06,0.000000000000000000e+00,-1.863991300403701887e+07
-8.593758329731919730e+03,-2.131252065773516279e+03,-1.650001599308528739e+03,-1.375001332757107321e+03,-1.877352387453549198e+01,-9.737272023395210505e+06,0.000000000000000000e+00,-1.863991300404558703e+07
-8.593758330196580573e+03,-2.131252065888751986e+03,-1.650001599397743576e+03,-1.375001332831453055e+03,-1.877352387456913263e+01,-9.737274363183615729e+06,0.000000000000000000e+00,-1.863991300405413657e+07
-8.593758330661241416e+03,-2.131252066003988148e+03,-1.650001599486958412e+03,-1.375001332905798790e+03,-1.877352387460282301e+01,-9.737276702971084043e+06,0.000000000000000000e+00,-1.863991300406269357e+07
-8.593758331125889526e+03,-2.131252066119220672e+03,-1.650001599576170747e+03,-1.375001332980142479e+03,-1.877352387463650274e+01,-9.737279042757583782e+06,0.000000000000000000e+00,-1.863991300407126173e+07
-8.593758331590543094e+03,-2.131252066234454560e+03,-1.650001599665384219e+03,-1.375001333054487077e+03,-1.877352387467018957e+01,-9.737281382543154061e+06,0.000000000000000000e+00,-1.863991300407982618e+07
-8.593758332055196661e+03,-2.131252066349688903e+03,-1.650001599754597919e+03,-1.375001333128831675e+03,-1.877352387470384798e+01,-9.737283722327778116e+06,0.000000000000000000e+00,-1.863991300408838317e+07
-8.593758332519862961e+03,-2.131252066464926429e+03,-1.650001599843813892e+03,-1.375001333203178319e+03,-1.877352387473752060e+01,-9.737286062111468986e+06,0.000000000000000000e+00,-1.863991300409695134e+07
-8.593758332984507433e+03,-2.131252066580158044e+03,-1.650001599933025545e+03,-1.375001333277521326e+03,-1.877352387477118612e+01,-9.737288401894209906e+06,0.000000000000000000e+00,-1.863991300410550460e+07
-8.593758333449164638e+03,-2.131252066695392841e+03,-1.650001600022239700e+03,-1.375001333351866606e+03,-1.877352387480487295e+01,-9.737290741675993428e+06,0.000000000000000000e+00,-1.863991300411407277e+07
-8.593758333913805473e+03,-2.131252066810624001e+03,-1.650001600111450671e+03,-1.375001333426208930e+03,-1.877352387483851359e+01,-9.737293081456841901e+06,0.000000000000000000e+00,-1.863991300412262604e+07
-8.593758334378462678e+03,-2.131252066925858799e+03,-1.650001600200664825e+03,-1.375001333500554210e+03,-1.877352387487220042e+01,-9.737295421236697584e+06,0.000000000000000000e+00,-1.863991300413119793e+07
-8.593758334843119883e+03,-2.131252067041094051e+03,-1.650001600289878979e+03,-1.375001333574899263e+03,-1.877352387490588015e+01,-9.737297761015674099e+06,0.000000000000000000e+00,-1.863991300413976982e+07
-8.593758335307778907e+03,-2.131252067156329304e+03,-1.650001600379093361e+03,-1.375001333649244771e+03,-1.877352387493956698e+01,-9.737300100793704391e+06,0.000000000000000000e+00,-1.863991300414832681e+07
-8.593758335772421560e+03,-2.131252067271560463e+03,-1.650001600468304787e+03,-1.375001333723587550e+03,-1.877352387497322894e+01,-9.737302440570769832e+06,0.000000000000000000e+00,-1.863991300415687636e+07
-8.593758336237080584e+03,-2.131252067386796170e+03,-1.650001600557519396e+03,-1.375001333797933057e+03,-1.877352387500693709e+01,-9.737304780346907675e+06,0.000000000000000000e+00,-1.863991300416544452e+07
-8.593758336701726876e+03,-2.131252067502028694e+03,-1.650001600646731731e+03,-1.375001333872276518e+03,-1.877352387504058484e+01,-9.737307120122056454e+06,0.000000000000000000e+00,-1.863991300417400151e+07
-8.593758337166376805e+03,-2.131252067617261673e+03,-1.650001600735944521e+03,-1.375001333946620434e+03,-1.877352387507427522e+01,-9.737309459896298125e+06,0.000000000000000000e+00,-1.863991300418255851e+07
-8.593758337631044924e+03,-2.131252067732499199e+03,-1.650001600825160494e+03,-1.375001334020967306e+03,-1.877352387510795850e+01,-9.737311799669556320e+06,0.000000000000000000e+00,-1.863991300419113040e+07
-8.593758338095682120e+03,-2.131252067847729450e+03,-1.650001600914371011e+03,-1.375001334095309403e+03,-1.877352387514162402e+01,-9.737314139441907406e+06,0.000000000000000000e+00,-1.863991300419968739e+07
-8.593758338560322954e+03,-2.131252067962960155e+03,-1.650001601003581754e+03,-1.375001334169651727e+03,-1.877352387517528598e+01,-9.737316479213319719e+06,0.000000000000000000e+00,-1.863991300420824438e+07
-8.593758339024980160e+03,-2.131252068078195407e+03,-1.650001601092796363e+03,-1.375001334243997007e+03,-1.877352387520896571e+01,-9.737318818983770907e+06,0.000000000000000000e+00,-1.863991300421681255e+07
-8.593758339489626451e+03,-2.131252068193427476e+03,-1.650001601182008244e+03,-1.375001334318340469e+03,-1.877352387524262411e+01,-9.737321158753260970e+06,0.000000000000000000e+00,-1.863991300422537327e+07
-8.593758339954280018e+03,-2.131252068308661364e+03,-1.650001601271221716e+03,-1.375001334392684839e+03,-1.877352387527629674e+01,-9.737323498521829024e+06,0.000000000000000000e+00,-1.863991300423394144e+07
-8.593758340418926309e+03,-2.131252068423893888e+03,-1.650001601360433824e+03,-1.375001334467028528e+03,-1.877352387530994804e+01,-9.737325838289426640e+06,0.000000000000000000e+00,-1.863991300424249470e+07
-8.593758340883578057e+03,-2.131252068539127777e+03,-1.650001601449647069e+03,-1.375001334541372671e+03,-1.877352387534362776e+01,-9.737328178056120872e+06,0.000000000000000000e+00,-1.863991300425106287e+07
-8.593758341348220711e+03,-2.131252068654358482e+03,-1.650001601538858267e+03,-1.375001334615715450e+03,-1.877352387537728973e+01,-9.737330517821842805e+06,0.000000000000000000e+00,-1.863991300425962359e+07
-8.593758341812881554e+03,-2.131252068769594644e+03,-1.650001601628073331e+03,-1.375001334690061185e+03,-1.877352387541102630e+01,-9.737332857586631551e+06,0.000000000000000000e+00,-1.863991300426818803e+07
-8.593758342277518750e+03,-2.131252068884824894e+03,-1.650001601717283620e+03,-1.375001334764403282e+03,-1.877352387544465984e+01,-9.737335197350423783e+06,0.000000000000000000e+00,-1.863991300427674502e+07
-8.593758342742170498e+03,-2.131252069000058327e+03,-1.650001601806496865e+03,-1.375001334838747425e+03,-1.877352387547833246e+01,-9.737337537113331258e+06,0.000000000000000000e+00,-1.863991300428530201e+07
-8.593758343206820427e+03,-2.131252069115291306e+03,-1.650001601895709427e+03,-1.375001334913091341e+03,-1.877352387551199442e+01,-9.737339876875258982e+06,0.000000000000000000e+00,-1.863991300429387018e+07
-8.593758343671468538e+03,-2.131252069230524285e+03,-1.650001601984921990e+03,-1.375001334987435030e+03,-1.877352387554570967e+01,-9.737342216636275873e+06,0.000000000000000000e+00,-1.863991300430243835e+07
-8.593758344136113010e+03,-2.131252069345756354e+03,-1.650001602074133871e+03,-1.375001335061778263e+03,-1.877352387557935742e+01,-9.737344556396313012e+06,0.000000000000000000e+00,-1.863991300431099534e+07
-8.593752579711304861e+03,-2.131250639768403744e+03,-1.650000495304570450e+03,-1.375000412753808860e+03,-1.877236135234067405e+01,-9.737341071392919868e+06,0.000000000000000000e+00,-1.863991301078674570e+07
-8.595936600861823536e+03,-2.131792277013732473e+03,-1.650419827365470155e+03,-1.375349856137892175e+03,-1.861949072995625087e+01,-9.737323305630158633e+06,0.000000000000000000e+00,-1.863991084542955831e+07
-8.631573884261313651e+03,-2.140630323296806182e+03,-1.657262185778172352e+03,-1.381051821481810521e+03,-1.776611913808452314e+01,-9.737315219353845343e+06,0.000000000000000000e+00,-1.863987386355089769e+07
-8.732764914701847374e+03,-2.165725698846058549e+03,-1.676690863622754705e+03,-1.397242386352295853e+03,-1.607736818769004117e+01,-9.737270733771726489e+06,0.000000000000000000e+00,-1.863976018257714063e+07
-8.897878516720003972e+03,-2.206673872146561280e+03,-1.708392675210240668e+03,-1.423660562675200936e+03,-1.412206573728332337e+01,-9.737185371816521510e+06,0.000000000000000000e+00,-1.863955975426006317e+07
-9.122972334883350413e+03,-2.262497139051071372e+03,-1.751610688297603474e+03,-1.459675573581336266e+03,-1.235407911244269563e+01,-9.736982210184851661e+06,0.000000000000000000e+00,-1.863927087330490723e+07
-9.411623959714706871e+03,-2.334082742009247340e+03,-1.807031800265223637e+03,-1.505859833554353145e+03,-1.090814765732896063e+01,-9.736803857845300809e+06,0.000000000000000000e+00,-1.863888608536507189e+07
-9.771710085176006032e+03,-2.423384101123649543e+03,-1.876168336353792938e+03,-1.563473613628161047e+03,-9.763204110593703078e+00,-9.736572102637216449e+06,0.000000000000000000e+00,-1.863839348107424006e+07
-1.021211135218387972e+04,-2.532603615341602108e+03,-1.960725379619304931e+03,-1.633937816349420928e+03,-8.858932838433631218e+00,-9.736268508474137634e+06,0.000000000000000000e+00,-1.863777974702522159e+07
-1.074106157513289145e+04,-2.663783270632957283e+03,-2.062283822425515154e+03,-1.718569852021262705e+03,-8.137924603176136529e+00,-9.735884582211025059e+06,0.000000000000000000e+00,-1.863703202702497691e+07
-1.136550576881496272e+04,-2.818645430666111224e+03,-2.182177107612472810e+03,-1.818480923010394463e+03,-7.555054441082121208e+00,-9.735416948025139049e+06,0.000000000000000000e+00,-1.863613887708787993e+07
-1.209093491587028620e+04,-2.998551859135830910e+03,-2.321459503847094766e+03,-1.934549586539245865e+03,-7.076883456545214557e+00,-9.734863585736231878e+06,0.000000000000000000e+00,-1.863509070505876839e+07
-1.292141896512013409e+04,-3.204511903349793556e+03,-2.480912441303065862e+03,-2.067427034419221854e+03,-6.679011103084659950e+00,-9.734222516524769366e+06,0.000000000000000000e+00,-1.863387991649649292e+07
-1.385971597443417704e+04,-3.437209561659676183e+03,-2.661065467091362279e+03,-2.217554555909468945e+03,-6.343594121579204881e+00,-9.733491737805390731e+06,0.000000000000000000e+00,-1.863250089448437095e+07
-1.490740571759979321e+04,-3.697036617964748530e+03,-2.862221897779159917e+03,-2.385184914815967204e+03,-6.057458299995914786e+00,-9.732669459273695946e+06,0.000000000000000000e+00,-1.863094988954066485e+07
-1.606502520623813143e+04,-3.984126251147056792e+03,-3.084484839597721020e+03,-2.570404032998101229e+03,-5.810752703917140494e+00,-9.731754235223874450e+06,0.000000000000000000e+00,-1.862922486577455699e+07
-1.733219607573935355e+04,-4.298384626783359636e+03,-3.327781646541955524e+03,-2.773151372118296877e+03,-5.596010206759413741e+00,-9.730744924694543704e+06,0.000000000000000000e+00,-1.862732533122611046e+07
-1.870773962688367828e+04,-4.639519427467153037e+03,-3.591886008361666427e+03,-2.993238340301389144e+03,-5.407491467216341441e+00,-9.729632023642189801e+06,0.000000000000000000e+00,-1.862525216682969779e+07
-2.018978008160622267e+04,-5.007065460238343803e+03,-3.876437775668394806e+03,-3.230364813056996354e+03,-5.240729011456961572e+00,-9.728530203846106306e+06,0.000000000000000000e+00,-1.862300747130753100e+07
-2.177583114625845701e+04,-5.400406124272097259e+03,-4.180959580081623244e+03,-3.484132983401353613e+03,-5.092199965994413269e+00,-9.727256175776600838e+06,0.000000000000000000e+00,-1.862059441030709818e+07
-2.346287339449922001e+04,-5.818792601835807545e+03,-4.504871691743850533e+03,-3.754059743119875748e+03,-4.959099911130287808e+00,-9.725899192064862698e+06,0.000000000000000000e+00,-1.861801709244605526e+07
-2.524742194039048263e+04,-6.261360641216840122e+03,-4.847505012554973291e+03,-4.039587510462477894e+03,-4.839166699037351194e+00,-9.724458684720303863e+06,0.000000000000000000e+00,-1.861528045180942491e+07
-2.712558402432570438e+04,-6.727144838032775624e+03,-5.208112132670535175e+03,-4.340093443892114010e+03,-4.730559151946029495e+00,-9.722934571187971160e+06,0.000000000000000000e+00,-1.861239014728232846e+07
-2.909311248491373044e+04,-7.215091896258605630e+03,-5.585877597103436528e+03,-4.654897997586197562e+03,-4.631759788582933801e+00,-9.721398650549029931e+06,0.000000000000000000e+00,-1.860935246556130424e+07
-3.114544388990691004e+04,-7.724070084696913909e+03,-5.979925226862126692e+03,-4.983271022385106335e+03,-4.541518962986254238e+00,-9.719721241449248046e+06,0.000000000000000000e+00,-1.860617425975324214e+07
-3.327773949366321176e+04,-8.252879394428477099e+03,-6.389325982783336258e+03,-5.324438318986113700e+03,-4.458793060274595987e+00,-9.718045776954254135e+06,0.000000000000000000e+00,-1.860286288171743602e+07
-3.548492747071982012e+04,-8.800262012738516205e+03,-6.813106074378205449e+03,-5.677588395315172420e+03,-4.382696107434529864e+00,-9.716207749245995656e+06,0.000000000000000000e+00,-1.859942608743020147e+07
-3.776172258067088114e+04,-9.364907200006378844e+03,-7.250250735488808459e+03,-6.041875612907341747e+03,-4.312487080954492846e+00,-9.714321291547702625e+06,0.000000000000000000e+00,-1.859587202638758719e+07
-4.010266034337555902e+04,-9.945459765157138463e+03,-7.699710785928106816e+03,-6.416425654940089771e+03,-4.247531292102537215e+00,-9.712377972772268578e+06,0.000000000000000000e+00,-1.859220917281565815e+07
-4.250212605594176421e+04,-1.054052726187355802e+04,-8.160408202740818524e+03,-6.800340168950683619e+03,-4.187281708297437177e+00,-9.710447590494483709e+06,0.000000000000000000e+00,-1.858844627017434314e+07
-4.495436842434747086e+04,-1.114868336923817333e+04,-8.631238737474714071e+03,-7.192698947895596575e+03,-4.131272728843687680e+00,-9.708410139928366989e+06,0.000000000000000000e+00,-1.858459231920948252e+07
-4.745352929761714768e+04,-1.176847526580905287e+04,-9.111077625142492252e+03,-7.592564687618744756e+03,-4.079097874705844617e+00,-9.706360434981511906e+06,0.000000000000000000e+00,-1.858065651927384362e+07
-4.999366123570482887e+04,-1.239842798645479888e+04,-9.598782957255327347e+03,-7.998985797712774001e+03,-4.030404385798020961e+00,-9.704448394038736820e+06,0.000000000000000000e+00,-1.857664823989331722e+07
-5.256875739128157875e+04,-1.303705183303783269e+04,-1.009320141912606232e+04,-8.411001182605054055e+03,-3.984878112416419427e+00,-9.702238449759948999e+06,0.000000000000000000e+00,-1.857257696275852248e+07
-5.517274579654756235e+04,-1.368284095754379632e+04,-1.059316719293713322e+04,-8.827639327447612231e+03,-3.942252456802832761e+00,-9.700048224203774706e+06,0.000000000000000000e+00,-1.856845230343480036e+07
-5.779952207378350431e+04,-1.433428147429831006e+04,-1.109750823816643242e+04,-9.247923531805361563e+03,-3.902288990547655878e+00,-9.697848786090010777e+06,0.000000000000000000e+00,-1.856428395617914200e+07
-6.044296379851618258e+04,-1.498985502203201395e+04,-1.160504904931510646e+04,-9.670874207762590231e+03,-3.864776792646780645e+00,-9.695633474197363481e+06,0.000000000000000000e+00,-1.856008166525821760e+07
-6.309694532406614599e+04,-1.564804244036840464e+04,-1.211461350222069996e+04,-1.009551125185058481e+04,-3.829528760276474486e+00,-9.693401042606534436e+06,0.000000000000000000e+00,-1.855585519982564077e+07
-6.575535230316367233e+04,-1.630732737118459227e+04,-1.262502764220742574e+04,-1.052085636850618903e+04,-3.796378400911259110e+00,-9.691355755741957575e+06,0.000000000000000000e+00,-1.855161433012770116e+07
-6.841210179503247491e+04,-1.696620124516805663e+04,-1.313512354464623604e+04,-1.094593628720519700e+04,-3.765174999950672508e+00,-9.689089175682945177e+06,0.000000000000000000e+00,-1.854736879223872349e+07
-7.106114284257167310e+04,-1.762316342495777644e+04,-1.364373942577376147e+04,-1.136978285481147032e+04,-3.735786680410717597e+00,-9.686838791461268440e+06,0.000000000000000000e+00,-1.854312828785090894e+07
-7.369647442971639975e+04,-1.827672565856967049e+04,-1.414972309050554941e+04,-1.179143590875462723e+04,-3.708095032869916263e+00,-9.684610645972086117e+06,0.000000000000000000e+00,-1.853890245899995789e+07
-7.631216141448986309e+04,-1.892541603079348715e+04,-1.465193499158205304e+04,-1.220994582631837875e+04,-3.681992869270181323e+00,-9.682399116877201945e+06,0.000000000000000000e+00,-1.853470086053678766e+07
-7.890234569249952619e+04,-1.956778173173988398e+04,-1.514925037295991024e+04,-1.262437531079992732e+04,-3.657383640923256962e+00,-9.680200291889704764e+06,0.000000000000000000e+00,-1.853053293820475787e+07
-8.146125890357932076e+04,-2.020239220808767277e+04,-1.564056170948722865e+04,-1.303380142457269358e+04,-3.634179499597425700e+00,-9.678106576476529241e+06,0.000000000000000000e+00,-1.852640801162011549e+07
-8.398322822151151195e+04,-2.082784059893485755e+04,-1.612477981853020901e+04,-1.343731651544184388e+04,-3.612302041757991411e+00,-9.675973169722305611e+06,0.000000000000000000e+00,-1.852233525888136402e+07
-8.646269148309616139e+04,-2.144274748780785012e+04,-1.660083676475446191e+04,-1.383403063729538735e+04,-3.591679871258101286e+00,-9.673873222531935200e+06,0.000000000000000000e+00,-1.851832369709481299e+07
-8.889420670022028207e+04,-2.204576326165462888e+04,-1.706768768644229203e+04,-1.422307307203524579e+04,-3.572248213205651446e+00,-9.671809563893940300e+06,0.000000000000000000e+00,-1.851438216465820745e+07
-9.127246189983777003e+04,-2.263557055115976982e+04,-1.752431268476885089e+04,-1.460359390397404604e+04,-3.553948238184177377e+00,-9.669785648202832788e+06,0.000000000000000000e+00,-1.851051930490683019e+07
-9.359228464287506358e+04,-2.321088659143301993e+04,-1.796971865143201285e+04,-1.497476554286001374e+04,-3.536726461298909108e+00,-9.667805174657607451e+06,0.000000000000000000e+00,-1.850674355037706345e+07
-9.584865200423306669e+04,-2.377046569704980357e+04,-1.840294118481274927e+04,-1.533578432067729409e+04,-3.520534107949361058e+00,-9.665938992115305737e+06,0.000000000000000000e+00,-1.850306310621084645e+07
-9.803669853065790085e+04,-2.431310123560316060e+04,-1.882304611788631883e+04,-1.568587176490526690e+04,-3.505326790896271305e+00,-9.664058572115713730e+06,0.000000000000000000e+00,-1.849948593648631871e+07
-1.001517226746042579e+05,-2.483762722330185716e+04,-1.922913075352401938e+04,-1.602427562793668403e+04,-3.491064322334337611e+00,-9.662242773189868778e+06,0.000000000000000000e+00,-1.849601975433893874e+07
-1.021891975226997165e+05,-2.534292098562953106e+04,-1.962032592435834522e+04,-1.635027160363195617e+04,-3.477709943220556266e+00,-9.660489519115298986e+06,0.000000000000000000e+00,-1.849267200482302159e+07
-1.041447740639709082e+05,-2.582790396786478595e+04,-1.999579662028241364e+04,-1.666316385023534895e+04,-3.465230459263336726e+00,-9.658869564359519631e+06,0.000000000000000000e+00,-1.848944985991971195e+07
-1.060143021468234219e+05,-2.629154693241220957e+04,-2.035474601219009855e+04,-1.696228834349174940e+04,-3.453594804478064884e+00,-9.657225777817888185e+06,0.000000000000000000e+00,-1.848636018054210767e+07
-1.077938184576849453e+05,-2.673286697750586973e+04,-2.069641314387551029e+04,-1.724701095322959372e+04,-3.442775612243442751e+00,-9.655669869498236105e+06,0.000000000000000000e+00,-1.848340953576304391e+07
-1.094795630521451531e+05,-2.715093163693200040e+04,-2.102007610601187116e+04,-1.751673008834322900e+04,-3.432747719062025915e+00,-9.654196790734376758e+06,0.000000000000000000e+00,-1.848060418042740598e+07
-1.110679844913031702e+05,-2.754486015384319035e+04,-2.132505302233020848e+04,-1.777087751860851131e+04,-3.423488309575063671e+00,-9.652805106082085520e+06,0.000000000000000000e+00,-1.847795004405050725e+07
-1.125557452142099501e+05,-2.791382481312407253e+04,-2.161070308112831117e+04,-1.800891923427359507e+04,-3.414976747003402924e+00,-9.651495895268067718e+06,0.000000000000000000e+00,-1.847545272125310078e+07
-1.139397267501967581e+05,-2.825705223404879871e+04,-2.187642753603777601e+04,-1.823035628003148304e+04,-3.407194423197174249e+00,-9.650271184184338897e+06,0.000000000000000000e+00,-1.847311746295203641e+07
-1.152170346147374657e+05,-2.857382458445489465e+04,-2.212167064602959363e+04,-1.843472553835799772e+04,-3.400124626365192082e+00,-9.649133294347332790e+06,0.000000000000000000e+00,-1.847094916811169311e+07
-1.163850028413597902e+05,-2.886348070465722776e+04,-2.234592054554107744e+04,-1.862160045461756818e+04,-3.393752424675457124e+00,-9.648084573212835938e+06,0.000000000000000000e+00,-1.846895237605477497e+07
-1.174411981353026058e+05,-2.912541713755505043e+04,-2.254871004197810180e+04,-1.879059170164841998e+04,-3.388064564178936422e+00,-9.647127279093593359e+06,0.000000000000000000e+00,-1.846713125935600698e+07
-1.183834236446090799e+05,-2.935908906386305534e+04,-2.272961733976494361e+04,-1.894134778313745483e+04,-3.383049379730725281e+00,-9.646263528826631606e+06,0.000000000000000000e+00,-1.846548961733514816e+07
-1.192097223473706399e+05,-2.956401114214791960e+04,-2.288826669069516356e+04,-1.907355557557930297e+04,-3.378696717776055181e+00,-9.645495271006420255e+06,0.000000000000000000e+00,-1.846403087015832216e+07
-1.199183800547741266e+05,-2.973975825358398288e+04,-2.302432897051663167e+04,-1.918694080876386215e+04,-3.374997870038988879e+00,-9.644824269796170294e+06,0.000000000000000000e+00,-1.846275805355166271e+07
-1.205079280299297243e+05,-2.988596615142257360e+04,-2.313752218174650625e+04,-1.928126848478875763e+04,-3.371945517302518347e+00,-9.644252093333665282e+06,0.000000000000000000e+00,-1.846167381412925571e+07
-1.209771452225443063e+05,-3.000233201519099021e+04,-2.322761188272850632e+04,-1.935634323560709163e+04,-3.369533682603781166e+00,-9.643780104388536885e+06,0.000000000000000000e+00,-1.846078040533578768e+07
-1.213250601195787167e+05,-3.008861490965552366e+04,-2.329441154295911474e+04,-1.941200961913259744e+04,-3.367757693289957110e+00,-9.643409452391222119e+06,0.000000000000000000e+00,-1.846007968400419131e+07
-1.215509522120337351e+05,-3.014463614858436995e+04,-2.333778282471047714e+04,-1.944815235392540126e+04,-3.366614151491196694e+00,-8.185745544450581074e+08,0.000000000000000000e+00,-1.845957310752800480e+07
