# particle radii (um) per size_bin (including water contribution to size), with size bins represented by columns and their number (starting from 1) given in second line of header, per time step which is represented by rows and corresponding times given in the time output file 
# 123456789[10 10 10 ... 10 10 10]
1.674309621204117787e-03,4.555274173588494055e-03,1.239347999543784738e-02,3.371879288581183798e-02,9.173831676775201505e-02,2.495913418929551209e-01,6.790601805528697632e-01,1.847510916505520129e+00,5.026500867460770294e+00,1.367554082894016076e+01
1.674309621204118437e-03,4.555274173588494922e-03,1.239347999543785085e-02,3.371879288581184492e-02,9.173831676775202892e-02,1.999141724527359609e-01,6.790601805528697632e-01,1.847510916505519907e+00,5.026500867460770294e+00,1.367554082894015899e+01
1.674309621204118437e-03,4.555274173588494922e-03,1.239347999543785085e-02,3.371879288581184492e-02,9.173831676775202892e-02,2.202968793515018842e-01,6.790601805528697632e-01,1.847510916505519907e+00,5.026500867460770294e+00,1.367554082894015899e+01
1.674309621204118437e-03,4.555274173588494922e-03,1.239347999543785085e-02,3.371879288581184492e-02,9.173831676775202892e-02,2.288609955486137215e-01,6.790601805528697632e-01,1.847510916505519907e+00,5.026500867460770294e+00,1.367554082894015899e+01
1.674309621204118437e-03,4.555274173588494922e-03,1.239347999543785085e-02,3.371879288581184492e-02,9.173831676775202892e-02,2.323428848230652544e-01,6.790601805528697632e-01,1.847510916505519907e+00,5.026500867460770294e+00,1.367554082894015899e+01
1.674309621204118437e-03,4.555274173588494922e-03,1.239347999543785085e-02,3.371879288581184492e-02,9.173831676775202892e-02,2.337495343117468871e-01,6.790601805528697632e-01,1.847510916505519907e+00,5.026500867460770294e+00,1.367554082894015899e+01
1.674309621204118437e-03,4.555274173588494922e-03,1.239347999543785085e-02,3.371879288581184492e-02,9.173831676775202892e-02,2.343187900964292525e-01,6.790601805528697632e-01,1.847510916505519907e+00,5.026500867460770294e+00,1.367554082894015899e+01
1.674309621204118437e-03,4.555274173588494922e-03,1.239347999543785085e-02,3.371879288581184492e-02,9.173831676775202892e-02,2.345497633207997146e-01,6.790601805528697632e-01,1.847510916505519907e+00,5.026500867460770294e+00,1.367554082894015899e+01
1.674309621204118437e-03,4.555274173588494922e-03,1.239347999543785085e-02,3.371879288581184492e-02,9.173831676775202892e-02,2.346436332953570347e-01,6.790601805528697632e-01,1.847510916505519907e+00,5.026500867460770294e+00,1.367554082894015899e+01
1.674309621204118437e-03,4.555274173588494922e-03,1.239347999543785085e-02,3.371879288581184492e-02,9.173831676775202892e-02,2.346817966980415393e-01,6.790601805528697632e-01,1.847510916505519907e+00,5.026500867460770294e+00,1.367554082894015899e+01
1.674309621204118437e-03,4.555274173588494922e-03,1.239347999543785085e-02,3.371879288581184492e-02,9.173831676775202892e-02,2.346972915283858097e-01,6.790601805528697632e-01,1.847510916505519907e+00,5.026500867460770294e+00,1.367554082894015899e+01
1.674309621204118437e-03,4.555274173588494922e-03,1.239347999543785085e-02,3.371879288581184492e-02,9.173831676775202892e-02,2.347035535663777872e-01,6.790601805528697632e-01,1.847510916505519907e+00,5.026500867460770294e+00,1.367554082894015899e+01
1.674309621204118437e-03,4.555274173588494922e-03,1.239347999543785085e-02,3.371879288581184492e-02,9.173831676775202892e-02,2.347060537034924288e-01,6.790601805528697632e-01,1.847510916505519907e+00,5.026500867460770294e+00,1.367554082894015899e+01
1.674309621204118437e-03,4.555274173588494922e-03,1.239347999543785085e-02,3.371879288581184492e-02,9.173831676775202892e-02,2.347070222754258362e-01,6.790601805528697632e-01,1.847510916505519907e+00,5.026500867460770294e+00,1.367554082894015899e+01
1.674309621204118437e-03,4.555274173588494922e-03,1.239347999543785085e-02,3.371879288581184492e-02,9.173831676775202892e-02,2.347073702562844089e-01,6.790601805528697632e-01,1.847510916505519907e+00,5.026500867460770294e+00,1.367554082894015899e+01
1.674309621204118437e-03,4.555274173588494922e-03,1.239347999543785085e-02,3.371879288581184492e-02,9.173831676775202892e-02,2.347074712271086938e-01,6.790601805528697632e-01,1.847510916505519907e+00,5.026500867460770294e+00,1.367554082894015899e+01
1.674309621204118437e-03,4.555274173588494922e-03,1.239347999543785085e-02,3.371879288581184492e-02,9.173831676775202892e-02,2.347074797796292744e-01,6.790601805528697632e-01,1.847510916505519907e+00,5.026500867460770294e+00,1.367554082894015899e+01
1.674309621204118437e-03,4.555274173588494922e-03,1.239347999543785085e-02,3.371879288581184492e-02,9.173831676775202892e-02,2.347074611558157831e-01,6.790601805528697632e-01,1.847510916505519907e+00,5.026500867460770294e+00,1.367554082894015899e+01
1.674309621204118437e-03,4.555274173588494922e-03,1.239347999543785085e-02,3.371879288581184492e-02,9.173831676775202892e-02,2.347074439872157692e-01,6.790601805528697632e-01,1.847510916505519907e+00,5.026500867460770294e+00,1.367554082894015899e+01
1.674309621204118437e-03,4.555274173588494922e-03,1.239347999543785085e-02,3.371879288581184492e-02,9.173831676775202892e-02,2.347074416956342335e-01,6.790601805528697632e-01,1.847510916505519907e+00,5.026500867460770294e+00,1.367554082894015899e+01
1.674309621204118437e-03,4.555274173588494922e-03,1.239347999543785085e-02,3.371879288581184492e-02,9.173831676775202892e-02,2.347074611194734373e-01,6.790601805528697632e-01,1.847510916505519907e+00,5.026500867460770294e+00,1.367554082894015899e+01
1.674309621204118437e-03,4.555274173588494922e-03,1.239347999543785085e-02,3.371879288581184492e-02,9.173831676775202892e-02,2.347075059330642199e-01,6.790601805528697632e-01,1.847510916505519907e+00,5.026500867460770294e+00,1.367554082894015899e+01
1.674309621204118437e-03,4.555274173588494922e-03,1.239347999543785085e-02,3.371879288581184492e-02,9.173831676775202892e-02,2.347075779460908174e-01,6.790601805528697632e-01,1.847510916505519907e+00,5.026500867460770294e+00,1.367554082894015899e+01
1.674309621204118437e-03,4.555274173588494922e-03,1.239347999543785085e-02,3.371879288581184492e-02,9.173831676775202892e-02,2.347076775452563158e-01,6.790601805528697632e-01,1.847510916505519907e+00,5.026500867460770294e+00,1.367554082894015899e+01
1.674309621204118437e-03,4.555274173588494922e-03,1.239347999543785085e-02,3.371879288581184492e-02,9.173831676775202892e-02,2.347078037977203824e-01,6.790601805528697632e-01,1.847510916505519907e+00,5.026500867460770294e+00,1.367554082894015899e+01
1.674309621204118437e-03,4.555274173588494922e-03,1.239347999543785085e-02,3.371879288581184492e-02,9.173831676775202892e-02,2.347074060398745832e-01,6.790601805528697632e-01,1.847510916505519907e+00,5.026500867460770294e+00,1.367554082894015899e+01
1.674309621204118437e-03,4.555274173588494922e-03,1.239347999543785085e-02,3.371879288581184492e-02,9.173831676775202892e-02,2.347072289028928893e-01,6.790601805528697632e-01,1.847510916505519907e+00,5.026500867460770294e+00,1.367554082894015899e+01
1.674309621204118437e-03,4.555274173588494922e-03,1.239347999543785085e-02,3.371879288581184492e-02,9.173831676775202892e-02,2.347072294777694801e-01,6.790601805528697632e-01,1.847510916505519907e+00,5.026500867460770294e+00,1.367554082894015899e+01
1.674309621204118437e-03,4.555274173588494922e-03,1.239347999543785085e-02,3.371879288581184492e-02,9.173831676775202892e-02,2.347072816898189696e-01,6.790601805528697632e-01,1.847510916505519907e+00,5.026500867460770294e+00,1.367554082894015899e+01
1.674309621204118437e-03,4.555274173588494922e-03,1.239347999543785085e-02,3.371879288581184492e-02,9.173831676775202892e-02,2.347072230578250984e-01,6.790601805528697632e-01,1.847510916505519907e+00,5.026500867460770294e+00,1.367554082894015899e+01
1.674309621204118437e-03,4.555274173588494922e-03,1.239347999543785085e-02,3.371879288581184492e-02,9.173831676775202892e-02,2.347071513624414962e-01,6.790601805528697632e-01,1.847510916505519907e+00,5.026500867460770294e+00,1.367554082894015899e+01
1.674309621204118437e-03,4.555274173588494922e-03,1.239347999543785085e-02,3.371879288581184492e-02,9.173831676775202892e-02,2.347071270879257376e-01,6.790601805528697632e-01,1.847510916505519907e+00,5.026500867460770294e+00,1.367554082894015899e+01
1.674309621204118437e-03,4.555274173588494922e-03,1.239347999543785085e-02,3.371879288581184492e-02,9.173831676775202892e-02,2.347071708349957042e-01,6.790601805528697632e-01,1.847510916505519907e+00,5.026500867460770294e+00,1.367554082894015899e+01
1.674309621204118437e-03,4.555274173588494922e-03,1.239347999543785085e-02,3.371879288581184492e-02,9.173831676775202892e-02,2.347072849155980023e-01,6.790601805528697632e-01,1.847510916505519907e+00,5.026500867460770294e+00,1.367554082894015899e+01
1.674309621204118437e-03,4.555274173588494922e-03,1.239347999543785085e-02,3.371879288581184492e-02,9.173831676775202892e-02,2.347074622690989709e-01,6.790601805528697632e-01,1.847510916505519907e+00,5.026500867460770294e+00,1.367554082894015899e+01
1.674309621204118437e-03,4.555274173588494922e-03,1.239347999543785085e-02,3.371879288581184492e-02,9.173831676775202892e-02,2.347074960958388801e-01,6.790601805528697632e-01,1.847510916505519907e+00,5.026500867460770294e+00,1.367554082894015899e+01
1.674309621204118437e-03,4.555274173588494922e-03,1.239347999543785085e-02,3.371879288581184492e-02,9.173831676775202892e-02,2.347076855175611043e-01,6.790601805528697632e-01,1.847510916505519907e+00,5.026500867460770294e+00,1.367554082894015899e+01
1.674309621204118437e-03,4.555274173588494922e-03,1.239347999543785085e-02,3.371879288581184492e-02,9.173831676775202892e-02,2.347078821156711181e-01,6.790601805528697632e-01,1.847510916505519907e+00,5.026500867460770294e+00,1.367554082894015899e+01
1.674309621204118437e-03,4.555274173588494922e-03,1.239347999543785085e-02,3.371879288581184492e-02,9.173831676775202892e-02,2.347081353650758706e-01,6.790601805528697632e-01,1.847510916505519907e+00,5.026500867460770294e+00,1.367554082894015899e+01
1.674309621204118437e-03,4.555274173588494922e-03,1.239347999543785085e-02,3.371879288581184492e-02,9.173831676775202892e-02,2.347084696975633156e-01,6.790601805528697632e-01,1.847510916505519907e+00,5.026500867460770294e+00,1.367554082894015899e+01
1.674309621204118437e-03,4.555274173588494922e-03,1.239347999543785085e-02,3.371879288581184492e-02,9.173831676775202892e-02,2.347083529288356840e-01,6.790601805528697632e-01,1.847510916505519907e+00,5.026500867460770294e+00,1.367554082894015899e+01
1.674309621204118437e-03,4.555274173588494922e-03,1.239347999543785085e-02,3.371879288581184492e-02,9.173831676775202892e-02,2.347080382049768765e-01,6.790601805528697632e-01,1.847510916505519907e+00,5.026500867460770294e+00,1.367554082894015899e+01
1.674309621204118437e-03,4.555274173588494922e-03,1.239347999543785085e-02,3.371879288581184492e-02,9.173831676775202892e-02,2.347077903884189909e-01,6.790601805528697632e-01,1.847510916505519907e+00,5.026500867460770294e+00,1.367554082894015899e+01
1.674309621204118437e-03,4.555274173588494922e-03,1.239347999543785085e-02,3.371879288581184492e-02,9.173831676775202892e-02,2.347077119842391202e-01,6.790601805528697632e-01,1.847510916505519907e+00,5.026500867460770294e+00,1.367554082894015899e+01
1.674309621204118437e-03,4.555274173588494922e-03,1.239347999543785085e-02,3.371879288581184492e-02,9.173831676775202892e-02,2.347078200441671814e-01,6.790601805528697632e-01,1.847510916505519907e+00,5.026500867460770294e+00,1.367554082894015899e+01
1.674309621204118437e-03,4.555274173588494922e-03,1.239347999543785085e-02,3.371879288581184492e-02,9.173831676775202892e-02,2.347080783796276771e-01,6.790601805528697632e-01,1.847510916505519907e+00,5.026500867460770294e+00,1.367554082894015899e+01
1.674309621204118437e-03,4.555274173588494922e-03,1.239347999543785085e-02,3.371879288581184492e-02,9.173831676775202892e-02,2.347079771944057536e-01,6.790601805528697632e-01,1.847510916505519907e+00,5.026500867460770294e+00,1.367554082894015899e+01
1.674309621204118437e-03,4.555274173588494922e-03,1.239347999543785085e-02,3.371879288581184492e-02,9.173831676775202892e-02,2.347075564992497643e-01,6.790601805528697632e-01,1.847510916505519907e+00,5.026500867460770294e+00,1.367554082894015899e+01
1.674309621204118437e-03,4.555274173588494922e-03,1.239347999543785085e-02,3.371879288581184492e-02,9.173831676775202892e-02,2.347071642488629817e-01,6.790601805528697632e-01,1.847510916505519907e+00,5.026500867460770294e+00,1.367554082894015899e+01
1.674309621204118437e-03,4.555274173588494922e-03,1.239347999543785085e-02,3.371879288581184492e-02,9.173831676775202892e-02,2.347072292670051297e-01,6.790601805528697632e-01,1.847510916505519907e+00,5.026500867460770294e+00,1.367554082894015899e+01
1.674309621204118437e-03,4.555274173588494922e-03,1.239347999543785085e-02,3.371879288581184492e-02,9.173831676775202892e-02,2.347070540192173205e-01,6.790601805528697632e-01,1.847510916505519907e+00,5.026500867460770294e+00,1.367554082894015899e+01
1.674309621204118437e-03,4.555274173588494922e-03,1.239347999543785085e-02,3.371879288581184492e-02,9.173831676775202892e-02,2.347068877895253647e-01,6.790601805528697632e-01,1.847510916505519907e+00,5.026500867460770294e+00,1.367554082894015899e+01
1.674309621204118437e-03,4.555274173588494922e-03,1.239347999543785085e-02,3.371879288581184492e-02,9.173831676775202892e-02,2.347068754357645726e-01,6.790601805528697632e-01,1.847510916505519907e+00,5.026500867460770294e+00,1.367554082894015899e+01
1.674309621204118437e-03,4.555274173588494922e-03,1.239347999543785085e-02,3.371879288581184492e-02,9.173831676775202892e-02,2.347070307113651999e-01,6.790601805528697632e-01,1.847510916505519907e+00,5.026500867460770294e+00,1.367554082894015899e+01
1.674309621204118437e-03,4.555274173588494922e-03,1.239347999543785085e-02,3.371879288581184492e-02,9.173831676775202892e-02,2.347067430353651230e-01,6.790601805528697632e-01,1.847510916505519907e+00,5.026500867460770294e+00,1.367554082894015899e+01
1.674309621204118437e-03,4.555274173588494922e-03,1.239347999543785085e-02,3.371879288581184492e-02,9.173831676775202892e-02,2.347067114106011765e-01,6.790601805528697632e-01,1.847510916505519907e+00,5.026500867460770294e+00,1.367554082894015899e+01
1.674309621204118437e-03,4.555274173588494922e-03,1.239347999543785085e-02,3.371879288581184492e-02,9.173831676775202892e-02,2.347067313489077656e-01,6.790601805528697632e-01,1.847510916505519907e+00,5.026500867460770294e+00,1.367554082894015899e+01
1.674309621204118437e-03,4.555274173588494922e-03,1.239347999543785085e-02,3.371879288581184492e-02,9.173831676775202892e-02,2.347066775198602684e-01,6.790601805528697632e-01,1.847510916505519907e+00,5.026500867460770294e+00,1.367554082894015899e+01
1.674309621204118437e-03,4.555274173588494922e-03,1.239347999543785085e-02,3.371879288581184492e-02,9.173831676775202892e-02,2.347066843334295605e-01,6.790601805528697632e-01,1.847510916505519907e+00,5.026500867460770294e+00,1.367554082894015899e+01
1.674309621204118437e-03,4.555274173588494922e-03,1.239347999543785085e-02,3.371879288581184492e-02,9.173831676775202892e-02,2.347067914693426460e-01,6.790601805528697632e-01,1.847510916505519907e+00,5.026500867460770294e+00,1.367554082894015899e+01
1.674309621204118437e-03,4.555274173588494922e-03,1.239347999543785085e-02,3.371879288581184492e-02,9.173831676775202892e-02,2.347069778298714604e-01,6.790601805528697632e-01,1.847510916505519907e+00,5.026500867460770294e+00,1.367554082894015899e+01
1.674309621204118437e-03,4.555274173588494922e-03,1.239347999543785085e-02,3.371879288581184492e-02,9.173831676775202892e-02,2.347071571766425335e-01,6.790601805528697632e-01,1.847510916505519907e+00,5.026500867460770294e+00,1.367554082894015899e+01
1.674309621204118437e-03,4.555274173588494922e-03,1.239347999543785085e-02,3.371879288581184492e-02,9.173831676775202892e-02,2.347071087021689595e-01,6.790601805528697632e-01,1.847510916505519907e+00,5.026500867460770294e+00,1.367554082894015899e+01
1.674309621204118437e-03,4.555274173588494922e-03,1.239347999543785085e-02,3.371879288581184492e-02,9.173831676775202892e-02,2.347073031797174969e-01,6.790601805528697632e-01,1.847510916505519907e+00,5.026500867460770294e+00,1.367554082894015899e+01
1.674309621204118437e-03,4.555274173588494922e-03,1.239347999543785085e-02,3.371879288581184492e-02,9.173831676775202892e-02,2.347074335360815889e-01,6.790601805528697632e-01,1.847510916505519907e+00,5.026500867460770294e+00,1.367554082894015899e+01
1.674309621204118437e-03,4.555274173588494922e-03,1.239347999543785085e-02,3.371879288581184492e-02,9.173831676775202892e-02,2.347074946613843249e-01,6.790601805528697632e-01,1.847510916505519907e+00,5.026500867460770294e+00,1.367554082894015899e+01
1.674309621204118437e-03,4.555274173588494922e-03,1.239347999543785085e-02,3.371879288581184492e-02,9.173831676775202892e-02,2.347074946100558557e-01,6.790601805528697632e-01,1.847510916505519907e+00,5.026500867460770294e+00,1.367554082894015899e+01
1.674309621204118437e-03,4.555274173588494922e-03,1.239347999543785085e-02,3.371879288581184492e-02,9.173831676775202892e-02,2.347074329754823552e-01,6.790601805528697632e-01,1.847510916505519907e+00,5.026500867460770294e+00,1.367554082894015899e+01
1.674309621204118437e-03,4.555274173588494922e-03,1.239347999543785085e-02,3.371879288581184492e-02,9.173831676775202892e-02,2.347071012796491385e-01,6.790601805528697632e-01,1.847510916505519907e+00,5.026500867460770294e+00,1.367554082894015899e+01
1.674309621204118437e-03,4.555274173588494922e-03,1.239347999543785085e-02,3.371879288581184492e-02,9.173831676775202892e-02,2.347070214272895805e-01,6.790601805528697632e-01,1.847510916505519907e+00,5.026500867460770294e+00,1.367554082894015899e+01
1.674309621204118437e-03,4.555274173588494922e-03,1.239347999543785085e-02,3.371879288581184492e-02,9.173831676775202892e-02,2.347067045235039506e-01,6.790601805528697632e-01,1.847510916505519907e+00,5.026500867460770294e+00,1.367554082894015899e+01
1.674309621204118437e-03,4.555274173588494922e-03,1.239347999543785085e-02,3.371879288581184492e-02,9.173831676775202892e-02,2.347064386331715602e-01,6.790601805528697632e-01,1.847510916505519907e+00,5.026500867460770294e+00,1.367554082894015899e+01
1.674309621204118437e-03,4.555274173588494922e-03,1.239347999543785085e-02,3.371879288581184492e-02,9.173831676775202892e-02,2.347067294034872742e-01,6.790601805528697632e-01,1.847510916505519907e+00,5.026500867460770294e+00,1.367554082894015899e+01
1.674309621204118437e-03,4.555274173588494922e-03,1.239347999543785085e-02,3.371879288581184492e-02,9.173831676775202892e-02,2.347065714318989360e-01,6.790601805528697632e-01,1.847510916505519907e+00,5.026500867460770294e+00,1.367554082894015899e+01
1.674309621204118437e-03,4.555274173588494922e-03,1.239347999543785085e-02,3.371879288581184492e-02,9.173831676775202892e-02,2.347066029819751265e-01,6.790601805528697632e-01,1.847510916505519907e+00,5.026500867460770294e+00,1.367554082894015899e+01
1.674309621204118437e-03,4.555274173588494922e-03,1.239347999543785085e-02,3.371879288581184492e-02,9.173831676775202892e-02,2.347066335799624925e-01,6.790601805528697632e-01,1.847510916505519907e+00,5.026500867460770294e+00,1.367554082894015899e+01
1.674309621204118437e-03,4.555274173588494922e-03,1.239347999543785085e-02,3.371879288581184492e-02,9.173831676775202892e-02,2.347066469262833743e-01,6.790601805528697632e-01,1.847510916505519907e+00,5.026500867460770294e+00,1.367554082894015899e+01
1.674309621204118437e-03,4.555274173588494922e-03,1.239347999543785085e-02,3.371879288581184492e-02,9.173831676775202892e-02,2.347066533418070700e-01,6.790601805528697632e-01,1.847510916505519907e+00,5.026500867460770294e+00,1.367554082894015899e+01
1.674309621204118437e-03,4.555274173588494922e-03,1.239347999543785085e-02,3.371879288581184492e-02,9.173831676775202892e-02,2.347066569292482474e-01,6.790601805528697632e-01,1.847510916505519907e+00,5.026500867460770294e+00,1.367554082894015899e+01
1.674309621204118437e-03,4.555274173588494922e-03,1.239347999543785085e-02,3.371879288581184492e-02,9.173831676775202892e-02,2.347066593185124228e-01,6.790601805528697632e-01,1.847510916505519907e+00,5.026500867460770294e+00,1.367554082894015899e+01
1.674309621204118437e-03,4.555274173588494922e-03,1.239347999543785085e-02,3.371879288581184492e-02,9.173831676775202892e-02,2.347066611813840853e-01,6.790601805528697632e-01,1.847510916505519907e+00,5.026500867460770294e+00,1.367554082894015899e+01
1.674309621204118437e-03,4.555274173588494922e-03,1.239347999543785085e-02,3.371879288581184492e-02,9.173831676775202892e-02,2.347066628060120452e-01,6.790601805528697632e-01,1.847510916505519907e+00,5.026500867460770294e+00,1.367554082894015899e+01
1.674309621204118437e-03,4.555274173588494922e-03,1.239347999543785085e-02,3.371879288581184492e-02,9.173831676775202892e-02,2.347066643205408809e-01,6.790601805528697632e-01,1.847510916505519907e+00,5.026500867460770294e+00,1.367554082894015899e+01
1.674309621204118437e-03,4.555274173588494922e-03,1.239347999543785085e-02,3.371879288581184492e-02,9.173831676775202892e-02,2.347066657835418790e-01,6.790601805528697632e-01,1.847510916505519907e+00,5.026500867460770294e+00,1.367554082894015899e+01
1.674309621204118437e-03,4.555274173588494922e-03,1.239347999543785085e-02,3.371879288581184492e-02,9.173831676775202892e-02,2.347066672222728745e-01,6.790601805528697632e-01,1.847510916505519907e+00,5.026500867460770294e+00,1.367554082894015899e+01
1.674309621204118437e-03,4.555274173588494922e-03,1.239347999543785085e-02,3.371879288581184492e-02,9.173831676775202892e-02,2.347066686495507259e-01,6.790601805528697632e-01,1.847510916505519907e+00,5.026500867460770294e+00,1.367554082894015899e+01
1.674309621204118437e-03,4.555274173588494922e-03,1.239347999543785085e-02,3.371879288581184492e-02,9.173831676775202892e-02,2.347066700714305620e-01,6.790601805528697632e-01,1.847510916505519907e+00,5.026500867460770294e+00,1.367554082894015899e+01
1.674309621204118437e-03,4.555274173588494922e-03,1.239347999543785085e-02,3.371879288581184492e-02,9.173831676775202892e-02,2.347066714907747320e-01,6.790601805528697632e-01,1.847510916505519907e+00,5.026500867460770294e+00,1.367554082894015899e+01
1.674309621204118437e-03,4.555274173588494922e-03,1.239347999543785085e-02,3.371879288581184492e-02,9.173831676775202892e-02,2.347066729089333503e-01,6.790601805528697632e-01,1.847510916505519907e+00,5.026500867460770294e+00,1.367554082894015899e+01
1.674309621204118437e-03,4.555274173588494922e-03,1.239347999543785085e-02,3.371879288581184492e-02,9.173831676775202892e-02,2.347066743265407429e-01,6.790601805528697632e-01,1.847510916505519907e+00,5.026500867460770294e+00,1.367554082894015899e+01
1.674309621204118437e-03,4.555274173588494922e-03,1.239347999543785085e-02,3.371879288581184492e-02,9.173831676775202892e-02,2.347066757438935891e-01,6.790601805528697632e-01,1.847510916505519907e+00,5.026500867460770294e+00,1.367554082894015899e+01
1.674309621204118437e-03,4.555274173588494922e-03,1.239347999543785085e-02,3.371879288581184492e-02,9.173831676775202892e-02,2.347066771611300284e-01,6.790601805528697632e-01,1.847510916505519907e+00,5.026500867460770294e+00,1.367554082894015899e+01
1.674309621204118437e-03,4.555274173588494922e-03,1.239347999543785085e-02,3.371879288581184492e-02,9.173831676775202892e-02,2.347066785783137599e-01,6.790601805528697632e-01,1.847510916505519907e+00,5.026500867460770294e+00,1.367554082894015899e+01
1.674309621204118437e-03,4.555274173588494922e-03,1.239347999543785085e-02,3.371879288581184492e-02,9.173831676775202892e-02,2.347066799954741212e-01,6.790601805528697632e-01,1.847510916505519907e+00,5.026500867460770294e+00,1.367554082894015899e+01
1.674309621204118437e-03,4.555274173588494922e-03,1.239347999543785085e-02,3.371879288581184492e-02,9.173831676775202892e-02,2.347066814126245460e-01,6.790601805528697632e-01,1.847510916505519907e+00,5.026500867460770294e+00,1.367554082894015899e+01
1.674309621204118437e-03,4.555274173588494922e-03,1.239347999543785085e-02,3.371879288581184492e-02,9.173831676775202892e-02,2.347066828297712793e-01,6.790601805528697632e-01,1.847510916505519907e+00,5.026500867460770294e+00,1.367554082894015899e+01
1.674309621204118437e-03,4.555274173588494922e-03,1.239347999543785085e-02,3.371879288581184492e-02,9.173831676775202892e-02,2.347066842469169301e-01,6.790601805528697632e-01,1.847510916505519907e+00,5.026500867460770294e+00,1.367554082894015899e+01
1.674309621204118437e-03,4.555274173588494922e-03,1.239347999543785085e-02,3.371879288581184492e-02,9.173831676775202892e-02,2.347066856640628030e-01,6.790601805528697632e-01,1.847510916505519907e+00,5.026500867460770294e+00,1.367554082894015899e+01
1.674309621204118437e-03,4.555274173588494922e-03,1.239347999543785085e-02,3.371879288581184492e-02,9.173831676775202892e-02,2.347066870812094252e-01,6.790601805528697632e-01,1.847510916505519907e+00,5.026500867460770294e+00,1.367554082894015899e+01
1.674309621204118437e-03,4.555274173588494922e-03,1.239347999543785085e-02,3.371879288581184492e-02,9.173831676775202892e-02,2.347066884983571855e-01,6.790601805528697632e-01,1.847510916505519907e+00,5.026500867460770294e+00,1.367554082894015899e+01
1.674309621204118437e-03,4.555274173588494922e-03,1.239347999543785085e-02,3.371879288581184492e-02,9.173831676775202892e-02,2.347066899155061115e-01,6.790601805528697632e-01,1.847510916505519907e+00,5.026500867460770294e+00,1.367554082894015899e+01
1.674309621204118437e-03,4.555274173588494922e-03,1.239347999543785085e-02,3.371879288581184492e-02,9.173831676775202892e-02,2.347066913326562587e-01,6.790601805528697632e-01,1.847510916505519907e+00,5.026500867460770294e+00,1.367554082894015899e+01
1.674309621204118437e-03,4.555274173588494922e-03,1.239347999543785085e-02,3.371879288581184492e-02,9.173831676775202892e-02,2.347066927498075717e-01,6.790601805528697632e-01,1.847510916505519907e+00,5.026500867460770294e+00,1.367554082894015899e+01
1.674309621204118437e-03,4.555274173588494922e-03,1.239347999543785085e-02,3.371879288581184492e-02,9.173831676775202892e-02,2.347066941669601892e-01,6.790601805528697632e-01,1.847510916505519907e+00,5.026500867460770294e+00,1.367554082894015899e+01
1.674309621204118437e-03,4.555274173588494922e-03,1.239347999543785085e-02,3.371879288581184492e-02,9.173831676775202892e-02,2.347066955841140279e-01,6.790601805528697632e-01,1.847510916505519907e+00,5.026500867460770294e+00,1.367554082894015899e+01
1.674309621204118437e-03,4.555274173588494922e-03,1.239347999543785085e-02,3.371879288581184492e-02,9.173831676775202892e-02,2.347066970012690601e-01,6.790601805528697632e-01,1.847510916505519907e+00,5.026500867460770294e+00,1.367554082894015899e+01
1.674309621204118437e-03,4.555274173588494922e-03,1.239347999543785085e-02,3.371879288581184492e-02,9.173831676775202892e-02,2.347066984184253413e-01,6.790601805528697632e-01,1.847510916505519907e+00,5.026500867460770294e+00,1.367554082894015899e+01
1.674309621204118437e-03,4.555274173588494922e-03,1.239347999543785085e-02,3.371879288581184492e-02,9.173831676775202892e-02,2.347066998355829825e-01,6.790601805528697632e-01,1.847510916505519907e+00,5.026500867460770294e+00,1.367554082894015899e+01
1.674309621204118437e-03,4.555274173588494922e-03,1.239347999543785085e-02,3.371879288581184492e-02,9.173831676775202892e-02,2.347067012527417618e-01,6.790601805528697632e-01,1.847510916505519907e+00,5.026500867460770294e+00,1.367554082894015899e+01
1.674309621204118437e-03,4.555274173588494922e-03,1.239347999543785085e-02,3.371879288581184492e-02,9.173831676775202892e-02,2.347067026699019288e-01,6.790601805528697632e-01,1.847510916505519907e+00,5.026500867460770294e+00,1.367554082894015899e+01
1.674309621204118437e-03,4.555274173588494922e-03,1.239347999543785085e-02,3.371879288581184492e-02,9.173831676775202892e-02,2.347067040870633170e-01,6.790601805528697632e-01,1.847510916505519907e+00,5.026500867460770294e+00,1.367554082894015899e+01
1.674309621204118437e-03,4.555274173588494922e-03,1.239347999543785085e-02,3.371879288581184492e-02,9.173831676775202892e-02,2.347067055042258710e-01,6.790601805528697632e-01,1.847510916505519907e+00,5.026500867460770294e+00,1.367554082894015899e+01
1.674309621204118437e-03,4.555274173588494922e-03,1.239347999543785085e-02,3.371879288581184492e-02,9.173831676775202892e-02,2.347067069213897017e-01,6.790601805528697632e-01,1.847510916505519907e+00,5.026500867460770294e+00,1.367554082894015899e+01
1.674309621204118437e-03,4.555274173588494922e-03,1.239347999543785085e-02,3.371879288581184492e-02,9.173831676775202892e-02,2.347067083385547814e-01,6.790601805528697632e-01,1.847510916505519907e+00,5.026500867460770294e+00,1.367554082894015899e+01
1.674309621204118437e-03,4.555274173588494922e-03,1.239347999543785085e-02,3.371879288581184492e-02,9.173831676775202892e-02,2.347067097557210824e-01,6.790601805528697632e-01,1.847510916505519907e+00,5.026500867460770294e+00,1.367554082894015899e+01
1.674309621204118437e-03,4.555274173588494922e-03,1.239347999543785085e-02,3.371879288581184492e-02,9.173831676775202892e-02,2.347067111728887157e-01,6.790601805528697632e-01,1.847510916505519907e+00,5.026500867460770294e+00,1.367554082894015899e+01
1.674309621204118437e-03,4.555274173588494922e-03,1.239347999543785085e-02,3.371879288581184492e-02,9.173831676775202892e-02,2.347067125900575701e-01,6.790601805528697632e-01,1.847510916505519907e+00,5.026500867460770294e+00,1.367554082894015899e+01
1.674309621204118437e-03,4.555274173588494922e-03,1.239347999543785085e-02,3.371879288581184492e-02,9.173831676775202892e-02,2.347067140072276736e-01,6.790601805528697632e-01,1.847510916505519907e+00,5.026500867460770294e+00,1.367554082894015899e+01
1.674309621204118437e-03,4.555274173588494922e-03,1.239347999543785085e-02,3.371879288581184492e-02,9.173831676775202892e-02,2.347067154243989984e-01,6.790601805528697632e-01,1.847510916505519907e+00,5.026500867460770294e+00,1.367554082894015899e+01
1.674309621204118437e-03,4.555274173588494922e-03,1.239347999543785085e-02,3.371879288581184492e-02,9.173831676775202892e-02,2.347067168415715999e-01,6.790601805528697632e-01,1.847510916505519907e+00,5.026500867460770294e+00,1.367554082894015899e+01
1.674309621204118437e-03,4.555274173588494922e-03,1.239347999543785085e-02,3.371879288581184492e-02,9.173831676775202892e-02,2.347067182587454226e-01,6.790601805528697632e-01,1.847510916505519907e+00,5.026500867460770294e+00,1.367554082894015899e+01
1.674309621204118437e-03,4.555274173588494922e-03,1.239347999543785085e-02,3.371879288581184492e-02,9.173831676775202892e-02,2.347067196759204943e-01,6.790601805528697632e-01,1.847510916505519907e+00,5.026500867460770294e+00,1.367554082894015899e+01
1.674309621204118437e-03,4.555274173588494922e-03,1.239347999543785085e-02,3.371879288581184492e-02,9.173831676775202892e-02,2.347067210930968983e-01,6.790601805528697632e-01,1.847510916505519907e+00,5.026500867460770294e+00,1.367554082894015899e+01
1.674309621204118437e-03,4.555274173588494922e-03,1.239347999543785085e-02,3.371879288581184492e-02,9.173831676775202892e-02,2.347067225102744126e-01,6.790601805528697632e-01,1.847510916505519907e+00,5.026500867460770294e+00,1.367554082894015899e+01
1.674309621204118437e-03,4.555274173588494922e-03,1.239347999543785085e-02,3.371879288581184492e-02,9.173831676775202892e-02,2.347067239274532313e-01,6.790601805528697632e-01,1.847510916505519907e+00,5.026500867460770294e+00,1.367554082894015899e+01
1.674309621204118437e-03,4.555274173588494922e-03,1.239347999543785085e-02,3.371879288581184492e-02,9.173831676775202892e-02,2.347067253446333268e-01,6.790601805528697632e-01,1.847510916505519907e+00,5.026500867460770294e+00,1.367554082894015899e+01
1.674309621204118437e-03,4.555274173588494922e-03,1.239347999543785085e-02,3.371879288581184492e-02,9.173831676775202892e-02,2.347067267618147268e-01,6.790601805528697632e-01,1.847510916505519907e+00,5.026500867460770294e+00,1.367554082894015899e+01
1.674309621204118437e-03,4.555274173588494922e-03,1.239347999543785085e-02,3.371879288581184492e-02,9.173831676775202892e-02,2.347067281789973481e-01,6.790601805528697632e-01,1.847510916505519907e+00,5.026500867460770294e+00,1.367554082894015899e+01
1.674309621204118437e-03,4.555274173588494922e-03,1.239347999543785085e-02,3.371879288581184492e-02,9.173831676775202892e-02,2.347067295961811351e-01,6.790601805528697632e-01,1.847510916505519907e+00,5.026500867460770294e+00,1.367554082894015899e+01
1.674309621204118437e-03,4.555274173588494922e-03,1.239347999543785085e-02,3.371879288581184492e-02,9.173831676775202892e-02,2.347067310133662266e-01,6.790601805528697632e-01,1.847510916505519907e+00,5.026500867460770294e+00,1.367554082894015899e+01
1.674309621204118437e-03,4.555274173588494922e-03,1.239347999543785085e-02,3.371879288581184492e-02,9.173831676775202892e-02,2.347067324305525671e-01,6.790601805528697632e-01,1.847510916505519907e+00,5.026500867460770294e+00,1.367554082894015899e+01
1.674309621204118437e-03,4.555274173588494922e-03,1.239347999543785085e-02,3.371879288581184492e-02,9.173831676775202892e-02,2.347067338477401288e-01,6.790601805528697632e-01,1.847510916505519907e+00,5.026500867460770294e+00,1.367554082894015899e+01
1.674309621204118437e-03,4.555274173588494922e-03,1.239347999543785085e-02,3.371879288581184492e-02,9.173831676775202892e-02,2.347067352649290228e-01,6.790601805528697632e-01,1.847510916505519907e+00,5.026500867460770294e+00,1.367554082894015899e+01
1.674309621204118437e-03,4.555274173588494922e-03,1.239347999543785085e-02,3.371879288581184492e-02,9.173831676775202892e-02,2.347067366821191658e-01,6.790601805528697632e-01,1.847510916505519907e+00,5.026500867460770294e+00,1.367554082894015899e+01
1.674309621204118437e-03,4.555274173588494922e-03,1.239347999543785085e-02,3.371879288581184492e-02,9.173831676775202892e-02,2.347067380993105024e-01,6.790601805528697632e-01,1.847510916505519907e+00,5.026500867460770294e+00,1.367554082894015899e+01
1.674309621204118437e-03,4.555274173588494922e-03,1.239347999543785085e-02,3.371879288581184492e-02,9.173831676775202892e-02,2.347067395165031156e-01,6.790601805528697632e-01,1.847510916505519907e+00,5.026500867460770294e+00,1.367554082894015899e+01
1.674309621204118437e-03,4.555274173588494922e-03,1.239347999543785085e-02,3.371879288581184492e-02,9.173831676775202892e-02,2.347067409336970056e-01,6.790601805528697632e-01,1.847510916505519907e+00,5.026500867460770294e+00,1.367554082894015899e+01
1.674309621204118437e-03,4.555274173588494922e-03,1.239347999543785085e-02,3.371879288581184492e-02,9.173831676775202892e-02,2.347067423508920891e-01,6.790601805528697632e-01,1.847510916505519907e+00,5.026500867460770294e+00,1.367554082894015899e+01
1.674309621204118437e-03,4.555274173588494922e-03,1.239347999543785085e-02,3.371879288581184492e-02,9.173831676775202892e-02,2.347067437680884217e-01,6.790601805528697632e-01,1.847510916505519907e+00,5.026500867460770294e+00,1.367554082894015899e+01
1.674309621204118437e-03,4.555274173588494922e-03,1.239347999543785085e-02,3.371879288581184492e-02,9.173831676775202892e-02,2.347067451852860032e-01,6.790601805528697632e-01,1.847510916505519907e+00,5.026500867460770294e+00,1.367554082894015899e+01
1.674309621204118437e-03,4.555274173588494922e-03,1.239347999543785085e-02,3.371879288581184492e-02,9.173831676775202892e-02,2.347067466024848892e-01,6.790601805528697632e-01,1.847510916505519907e+00,5.026500867460770294e+00,1.367554082894015899e+01
1.674309621204118437e-03,4.555274173588494922e-03,1.239347999543785085e-02,3.371879288581184492e-02,9.173831676775202892e-02,2.347067480196849965e-01,6.790601805528697632e-01,1.847510916505519907e+00,5.026500867460770294e+00,1.367554082894015899e+01
1.674309621204118437e-03,4.555274173588494922e-03,1.239347999543785085e-02,3.371879288581184492e-02,9.173831676775202892e-02,2.347067494368863527e-01,6.790601805528697632e-01,1.847510916505519907e+00,5.026500867460770294e+00,1.367554082894015899e+01
1.674309621204118437e-03,4.555274173588494922e-03,1.239347999543785085e-02,3.371879288581184492e-02,9.173831676775202892e-02,2.347067508540889302e-01,6.790601805528697632e-01,1.847510916505519907e+00,5.026500867460770294e+00,1.367554082894015899e+01
1.674309621204118437e-03,4.555274173588494922e-03,1.239347999543785085e-02,3.371879288581184492e-02,9.173831676775202892e-02,2.347067522712928123e-01,6.790601805528697632e-01,1.847510916505519907e+00,5.026500867460770294e+00,1.367554082894015899e+01
1.674309621204118437e-03,4.555274173588494922e-03,1.239347999543785085e-02,3.371879288581184492e-02,9.173831676775202892e-02,2.347067536884978878e-01,6.790601805528697632e-01,1.847510916505519907e+00,5.026500867460770294e+00,1.367554082894015899e+01
1.674309621204118437e-03,4.555274173588494922e-03,1.239347999543785085e-02,3.371879288581184492e-02,9.173831676775202892e-02,2.347067551057042400e-01,6.790601805528697632e-01,1.847510916505519907e+00,5.026500867460770294e+00,1.367554082894015899e+01
1.674309621204118437e-03,4.555274173588494922e-03,1.239347999543785085e-02,3.371879288581184492e-02,9.173831676775202892e-02,2.347067565229118413e-01,6.790601805528697632e-01,1.847510916505519907e+00,5.026500867460770294e+00,1.367554082894015899e+01
1.674309621204118437e-03,4.555274173588494922e-03,1.239347999543785085e-02,3.371879288581184492e-02,9.173831676775202892e-02,2.347067579401206361e-01,6.790601805528697632e-01,1.847510916505519907e+00,5.026500867460770294e+00,1.367554082894015899e+01
1.674309621204118437e-03,4.555274173588494922e-03,1.239347999543785085e-02,3.371879288581184492e-02,9.173831676775202892e-02,2.347067593573307631e-01,6.790601805528697632e-01,1.847510916505519907e+00,5.026500867460770294e+00,1.367554082894015899e+01
1.674309621204118437e-03,4.555274173588494922e-03,1.239347999543785085e-02,3.371879288581184492e-02,9.173831676775202892e-02,2.347067607745421669e-01,6.790601805528697632e-01,1.847510916505519907e+00,5.026500867460770294e+00,1.367554082894015899e+01
1.674309621204118437e-03,4.555274173588494922e-03,1.239347999543785085e-02,3.371879288581184492e-02,9.173831676775202892e-02,2.347067621917547364e-01,6.790601805528697632e-01,1.847510916505519907e+00,5.026500867460770294e+00,1.367554082894015899e+01
1.674309621204118437e-03,4.555274173588494922e-03,1.239347999543785085e-02,3.371879288581184492e-02,9.173831676775202892e-02,2.347067636089686105e-01,6.790601805528697632e-01,1.847510916505519907e+00,5.026500867460770294e+00,1.367554082894015899e+01
1.674309621204118437e-03,4.555274173588494922e-03,1.239347999543785085e-02,3.371879288581184492e-02,9.173831676775202892e-02,2.347067650261837612e-01,6.790601805528697632e-01,1.847510916505519907e+00,5.026500867460770294e+00,1.367554082894015899e+01
1.674309621204118437e-03,4.555274173588494922e-03,1.239347999543785085e-02,3.371879288581184492e-02,9.173831676775202892e-02,2.347067664434001333e-01,6.790601805528697632e-01,1.847510916505519907e+00,5.026500867460770294e+00,1.367554082894015899e+01
1.674309621204118437e-03,4.555274173588494922e-03,1.239347999543785085e-02,3.371879288581184492e-02,9.173831676775202892e-02,2.347067678606177543e-01,6.790601805528697632e-01,1.847510916505519907e+00,5.026500867460770294e+00,1.367554082894015899e+01
1.674309621204118437e-03,4.555274173588494922e-03,1.239347999543785085e-02,3.371879288581184492e-02,9.173831676775202892e-02,2.347067692778365966e-01,6.790601805528697632e-01,1.847510916505519907e+00,5.026500867460770294e+00,1.367554082894015899e+01
1.674309621204118437e-03,4.555274173588494922e-03,1.239347999543785085e-02,3.371879288581184492e-02,9.173831676775202892e-02,2.347067706950567156e-01,6.790601805528697632e-01,1.847510916505519907e+00,5.026500867460770294e+00,1.367554082894015899e+01
1.674309621204118437e-03,4.555274173588494922e-03,1.239347999543785085e-02,3.371879288581184492e-02,9.173831676775202892e-02,2.347067721122780282e-01,6.790601805528697632e-01,1.847510916505519907e+00,5.026500867460770294e+00,1.367554082894015899e+01
1.674309621204118437e-03,4.555274173588494922e-03,1.239347999543785085e-02,3.371879288581184492e-02,9.173831676775202892e-02,2.347067735295005897e-01,6.790601805528697632e-01,1.847510916505519907e+00,5.026500867460770294e+00,1.367554082894015899e+01
1.674309621204118437e-03,4.555274173588494922e-03,1.239347999543785085e-02,3.371879288581184492e-02,9.173831676775202892e-02,2.347067749467245112e-01,6.790601805528697632e-01,1.847510916505519907e+00,5.026500867460770294e+00,1.367554082894015899e+01
1.674309621204118437e-03,4.555274173588494922e-03,1.239347999543785085e-02,3.371879288581184492e-02,9.173831676775202892e-02,2.347067763639495985e-01,6.790601805528697632e-01,1.847510916505519907e+00,5.026500867460770294e+00,1.367554082894015899e+01
1.674309621204118437e-03,4.555274173588494922e-03,1.239347999543785085e-02,3.371879288581184492e-02,9.173831676775202892e-02,2.347067777811759903e-01,6.790601805528697632e-01,1.847510916505519907e+00,5.026500867460770294e+00,1.367554082894015899e+01
1.674309621204118437e-03,4.555274173588494922e-03,1.239347999543785085e-02,3.371879288581184492e-02,9.173831676775202892e-02,2.347067791984036034e-01,6.790601805528697632e-01,1.847510916505519907e+00,5.026500867460770294e+00,1.367554082894015899e+01
1.674309621204118437e-03,4.555274173588494922e-03,1.239347999543785085e-02,3.371879288581184492e-02,9.173831676775202892e-02,2.347067806156324932e-01,6.790601805528697632e-01,1.847510916505519907e+00,5.026500867460770294e+00,1.367554082894015899e+01
1.674309621204118437e-03,4.555274173588494922e-03,1.239347999543785085e-02,3.371879288581184492e-02,9.173831676775202892e-02,2.347067820328624932e-01,6.790601805528697632e-01,1.847510916505519907e+00,5.026500867460770294e+00,1.367554082894015899e+01
1.674309621204118437e-03,4.555274173588494922e-03,1.239347999543785085e-02,3.371879288581184492e-02,9.173831676775202892e-02,2.347067834500938810e-01,6.790601805528697632e-01,1.847510916505519907e+00,5.026500867460770294e+00,1.367554082894015899e+01
1.674309621204118437e-03,4.555274173588494922e-03,1.239347999543785085e-02,3.371879288581184492e-02,9.173831676775202892e-02,2.347067848673264623e-01,6.790601805528697632e-01,1.847510916505519907e+00,5.026500867460770294e+00,1.367554082894015899e+01
1.674309621204118437e-03,4.555274173588494922e-03,1.239347999543785085e-02,3.371879288581184492e-02,9.173831676775202892e-02,2.347067862845603758e-01,6.790601805528697632e-01,1.847510916505519907e+00,5.026500867460770294e+00,1.367554082894015899e+01
1.674309621204118437e-03,4.555274173588494922e-03,1.239347999543785085e-02,3.371879288581184492e-02,9.173831676775202892e-02,2.347067877017955106e-01,6.790601805528697632e-01,1.847510916505519907e+00,5.026500867460770294e+00,1.367554082894015899e+01
1.674309621204118437e-03,4.555274173588494922e-03,1.239347999543785085e-02,3.371879288581184492e-02,9.173831676775202892e-02,2.347067891190318667e-01,6.790601805528697632e-01,1.847510916505519907e+00,5.026500867460770294e+00,1.367554082894015899e+01
1.674309621204118437e-03,4.555274173588494922e-03,1.239347999543785085e-02,3.371879288581184492e-02,9.173831676775202892e-02,2.347067905362695273e-01,6.790601805528697632e-01,1.847510916505519907e+00,5.026500867460770294e+00,1.367554082894015899e+01
1.674309621204118437e-03,4.555274173588494922e-03,1.239347999543785085e-02,3.371879288581184492e-02,9.173831676775202892e-02,2.347067919535083536e-01,6.790601805528697632e-01,1.847510916505519907e+00,5.026500867460770294e+00,1.367554082894015899e+01
1.674309621204118437e-03,4.555274173588494922e-03,1.239347999543785085e-02,3.371879288581184492e-02,9.173831676775202892e-02,2.347067933707484566e-01,6.790601805528697632e-01,1.847510916505519907e+00,5.026500867460770294e+00,1.367554082894015899e+01
1.674309621204118437e-03,4.555274173588494922e-03,1.239347999543785085e-02,3.371879288581184492e-02,9.173831676775202892e-02,2.347067947879897531e-01,6.790601805528697632e-01,1.847510916505519907e+00,5.026500867460770294e+00,1.367554082894015899e+01
1.674309621204118437e-03,4.555274173588494922e-03,1.239347999543785085e-02,3.371879288581184492e-02,9.173831676775202892e-02,2.347067962052324097e-01,6.790601805528697632e-01,1.847510916505519907e+00,5.026500867460770294e+00,1.367554082894015899e+01
1.674309621204118437e-03,4.555274173588494922e-03,1.239347999543785085e-02,3.371879288581184492e-02,9.173831676775202892e-02,2.347067976224763153e-01,6.790601805528697632e-01,1.847510916505519907e+00,5.026500867460770294e+00,1.367554082894015899e+01
1.674309621204118437e-03,4.555274173588494922e-03,1.239347999543785085e-02,3.371879288581184492e-02,9.173831676775202892e-02,2.347067990397214143e-01,6.790601805528697632e-01,1.847510916505519907e+00,5.026500867460770294e+00,1.367554082894015899e+01
1.674309621204118437e-03,4.555274173588494922e-03,1.239347999543785085e-02,3.371879288581184492e-02,9.173831676775202892e-02,2.347068004569677901e-01,6.790601805528697632e-01,1.847510916505519907e+00,5.026500867460770294e+00,1.367554082894015899e+01
1.674309621204118437e-03,4.555274173588494922e-03,1.239347999543785085e-02,3.371879288581184492e-02,9.173831676775202892e-02,2.347068018742154150e-01,6.790601805528697632e-01,1.847510916505519907e+00,5.026500867460770294e+00,1.367554082894015899e+01
1.674309621204118437e-03,4.555274173588494922e-03,1.239347999543785085e-02,3.371879288581184492e-02,9.173831676775202892e-02,2.347068032914642333e-01,6.790601805528697632e-01,1.847510916505519907e+00,5.026500867460770294e+00,1.367554082894015899e+01
1.674309621204118437e-03,4.555274173588494922e-03,1.239347999543785085e-02,3.371879288581184492e-02,9.173831676775202892e-02,2.347068047087143283e-01,6.790601805528697632e-01,1.847510916505519907e+00,5.026500867460770294e+00,1.367554082894015899e+01
1.674309621204118437e-03,4.555274173588494922e-03,1.239347999543785085e-02,3.371879288581184492e-02,9.173831676775202892e-02,2.347068061259657279e-01,6.790601805528697632e-01,1.847510916505519907e+00,5.026500867460770294e+00,1.367554082894015899e+01
1.674309621204118437e-03,4.555274173588494922e-03,1.239347999543785085e-02,3.371879288581184492e-02,9.173831676775202892e-02,2.347068075432183765e-01,6.790601805528697632e-01,1.847510916505519907e+00,5.026500867460770294e+00,1.367554082894015899e+01
1.674309621204118437e-03,4.555274173588494922e-03,1.239347999543785085e-02,3.371879288581184492e-02,9.173831676775202892e-02,2.347068089604722463e-01,6.790601805528697632e-01,1.847510916505519907e+00,5.026500867460770294e+00,1.367554082894015899e+01
1.674309621204118437e-03,4.555274173588494922e-03,1.239347999543785085e-02,3.371879288581184492e-02,9.173831676775202892e-02,2.347068103777273373e-01,6.790601805528697632e-01,1.847510916505519907e+00,5.026500867460770294e+00,1.367554082894015899e+01
1.674309621204118437e-03,4.555274173588494922e-03,1.239347999543785085e-02,3.371879288581184492e-02,9.173831676775202892e-02,2.347068117949836774e-01,6.790601805528697632e-01,1.847510916505519907e+00,5.026500867460770294e+00,1.367554082894015899e+01
1.674309621204118437e-03,4.555274173588494922e-03,1.239347999543785085e-02,3.371879288581184492e-02,9.173831676775202892e-02,2.347068132122412665e-01,6.790601805528697632e-01,1.847510916505519907e+00,5.026500867460770294e+00,1.367554082894015899e+01
1.674309621204118437e-03,4.555274173588494922e-03,1.239347999543785085e-02,3.371879288581184492e-02,9.173831676775202892e-02,2.347068146295001601e-01,6.790601805528697632e-01,1.847510916505519907e+00,5.026500867460770294e+00,1.367554082894015899e+01
1.674309621204118437e-03,4.555274173588494922e-03,1.239347999543785085e-02,3.371879288581184492e-02,9.173831676775202892e-02,2.347068160467602749e-01,6.790601805528697632e-01,1.847510916505519907e+00,5.026500867460770294e+00,1.367554082894015899e+01
1.674309621204118437e-03,4.555274173588494922e-03,1.239347999543785085e-02,3.371879288581184492e-02,9.173831676775202892e-02,2.347068174640216665e-01,6.790601805528697632e-01,1.847510916505519907e+00,5.026500867460770294e+00,1.367554082894015899e+01
1.674309621204118437e-03,4.555274173588494922e-03,1.239347999543785085e-02,3.371879288581184492e-02,9.173831676775202892e-02,2.347068188812843070e-01,6.790601805528697632e-01,1.847510916505519907e+00,5.026500867460770294e+00,1.367554082894015899e+01
1.674309621204118437e-03,4.555274173588494922e-03,1.239347999543785085e-02,3.371879288581184492e-02,9.173831676775202892e-02,2.347068202985481966e-01,6.790601805528697632e-01,1.847510916505519907e+00,5.026500867460770294e+00,1.367554082894015899e+01
1.674309621204118437e-03,4.555274173588494922e-03,1.239347999543785085e-02,3.371879288581184492e-02,9.173831676775202892e-02,2.347068217158133074e-01,6.790601805528697632e-01,1.847510916505519907e+00,5.026500867460770294e+00,1.367554082894015899e+01
1.674309621204118437e-03,4.555274173588494922e-03,1.239347999543785085e-02,3.371879288581184492e-02,9.173831676775202892e-02,2.347068231330796395e-01,6.790601805528697632e-01,1.847510916505519907e+00,5.026500867460770294e+00,1.367554082894015899e+01
1.674309621204118437e-03,4.555274173588494922e-03,1.239347999543785085e-02,3.371879288581184492e-02,9.173831676775202892e-02,2.347068245503472483e-01,6.790601805528697632e-01,1.847510916505519907e+00,5.026500867460770294e+00,1.367554082894015899e+01
1.674309621204118437e-03,4.555274173588494922e-03,1.239347999543785085e-02,3.371879288581184492e-02,9.173831676775202892e-02,2.347068259676161339e-01,6.790601805528697632e-01,1.847510916505519907e+00,5.026500867460770294e+00,1.367554082894015899e+01
1.674309621204118437e-03,4.555274173588494922e-03,1.239347999543785085e-02,3.371879288581184492e-02,9.173831676775202892e-02,2.347068273848862685e-01,6.790601805528697632e-01,1.847510916505519907e+00,5.026500867460770294e+00,1.367554082894015899e+01
1.674309621204118437e-03,4.555274173588494922e-03,1.239347999543785085e-02,3.371879288581184492e-02,9.173831676775202892e-02,2.347068288021575966e-01,6.790601805528697632e-01,1.847510916505519907e+00,5.026500867460770294e+00,1.367554082894015899e+01
1.674309621204118437e-03,4.555274173588494922e-03,1.239347999543785085e-02,3.371879288581184492e-02,9.173831676775202892e-02,2.347068302194302292e-01,6.790601805528697632e-01,1.847510916505519907e+00,5.026500867460770294e+00,1.367554082894015899e+01
1.674309621204118437e-03,4.555274173588494922e-03,1.239347999543785085e-02,3.371879288581184492e-02,9.173831676775202892e-02,2.347068316367041385e-01,6.790601805528697632e-01,1.847510916505519907e+00,5.026500867460770294e+00,1.367554082894015899e+01
1.674309621204118437e-03,4.555274173588494922e-03,1.239347999543785085e-02,3.371879288581184492e-02,9.173831676775202892e-02,2.347068330539792413e-01,6.790601805528697632e-01,1.847510916505519907e+00,5.026500867460770294e+00,1.367554082894015899e+01
1.674309621204118437e-03,4.555274173588494922e-03,1.239347999543785085e-02,3.371879288581184492e-02,9.173831676775202892e-02,2.347068344712556487e-01,6.790601805528697632e-01,1.847510916505519907e+00,5.026500867460770294e+00,1.367554082894015899e+01
1.674309621204118437e-03,4.555274173588494922e-03,1.239347999543785085e-02,3.371879288581184492e-02,9.173831676775202892e-02,2.347068358885332218e-01,6.790601805528697632e-01,1.847510916505519907e+00,5.026500867460770294e+00,1.367554082894015899e+01
1.674309621204118437e-03,4.555274173588494922e-03,1.239347999543785085e-02,3.371879288581184492e-02,9.173831676775202892e-02,2.347068373058120994e-01,6.790601805528697632e-01,1.847510916505519907e+00,5.026500867460770294e+00,1.367554082894015899e+01
1.674309621204118437e-03,4.555274173588494922e-03,1.239347999543785085e-02,3.371879288581184492e-02,9.173831676775202892e-02,2.347068387230921704e-01,6.790601805528697632e-01,1.847510916505519907e+00,5.026500867460770294e+00,1.367554082894015899e+01
1.674309621204118437e-03,4.555274173588494922e-03,1.239347999543785085e-02,3.371879288581184492e-02,9.173831676775202892e-02,2.347068401403735738e-01,6.790601805528697632e-01,1.847510916505519907e+00,5.026500867460770294e+00,1.367554082894015899e+01
1.674309621204118437e-03,4.555274173588494922e-03,1.239347999543785085e-02,3.371879288581184492e-02,9.173831676775202892e-02,2.347068415576561706e-01,6.790601805528697632e-01,1.847510916505519907e+00,5.026500867460770294e+00,1.367554082894015899e+01
1.674309621204118437e-03,4.555274173588494922e-03,1.239347999543785085e-02,3.371879288581184492e-02,9.173831676775202892e-02,2.347068429749400720e-01,6.790601805528697632e-01,1.847510916505519907e+00,5.026500867460770294e+00,1.367554082894015899e+01
1.674309621204118437e-03,4.555274173588494922e-03,1.239347999543785085e-02,3.371879288581184492e-02,9.173831676775202892e-02,2.347068443922251946e-01,6.790601805528697632e-01,1.847510916505519907e+00,5.026500867460770294e+00,1.367554082894015899e+01
1.674309621204118437e-03,4.555274173588494922e-03,1.239347999543785085e-02,3.371879288581184492e-02,9.173831676775202892e-02,2.347068458095116217e-01,6.790601805528697632e-01,1.847510916505519907e+00,5.026500867460770294e+00,1.367554082894015899e+01
1.674309621204118437e-03,4.555274173588494922e-03,1.239347999543785085e-02,3.371879288581184492e-02,9.173831676775202892e-02,2.347068472267991868e-01,6.790601805528697632e-01,1.847510916505519907e+00,5.026500867460770294e+00,1.367554082894015899e+01
1.674309621204118437e-03,4.555274173588494922e-03,1.239347999543785085e-02,3.371879288581184492e-02,9.173831676775202892e-02,2.347068486440880841e-01,6.790601805528697632e-01,1.847510916505519907e+00,5.026500867460770294e+00,1.367554082894015899e+01
1.674309621204118437e-03,4.555274173588494922e-03,1.239347999543785085e-02,3.371879288581184492e-02,9.173831676775202892e-02,2.347068500613782305e-01,6.790601805528697632e-01,1.847510916505519907e+00,5.026500867460770294e+00,1.367554082894015899e+01
1.674309621204118437e-03,4.555274173588494922e-03,1.239347999543785085e-02,3.371879288581184492e-02,9.173831676775202892e-02,2.347068514786695703e-01,6.790601805528697632e-01,1.847510916505519907e+00,5.026500867460770294e+00,1.367554082894015899e+01
1.674309621204118437e-03,4.555274173588494922e-03,1.239347999543785085e-02,3.371879288581184492e-02,9.173831676775202892e-02,2.347068528959622702e-01,6.790601805528697632e-01,1.847510916505519907e+00,5.026500867460770294e+00,1.367554082894015899e+01
1.674309621204118437e-03,4.555274173588494922e-03,1.239347999543785085e-02,3.371879288581184492e-02,9.173831676775202892e-02,2.347068543132560525e-01,6.790601805528697632e-01,1.847510916505519907e+00,5.026500867460770294e+00,1.367554082894015899e+01
1.674309621204118437e-03,4.555274173588494922e-03,1.239347999543785085e-02,3.371879288581184492e-02,9.173831676775202892e-02,2.347068557305512226e-01,6.790601805528697632e-01,1.847510916505519907e+00,5.026500867460770294e+00,1.367554082894015899e+01
1.674309621204118437e-03,4.555274173588494922e-03,1.239347999543785085e-02,3.371879288581184492e-02,9.173831676775202892e-02,2.347068170947572141e-01,6.790601805528697632e-01,1.847510916505519907e+00,5.026500867460770294e+00,1.367554082894015899e+01
1.674309621204118437e-03,4.555274173588494922e-03,1.239347999543785085e-02,3.371879288581184492e-02,9.173831676775202892e-02,2.347066766304689855e-01,6.790601805528697632e-01,1.847510916505519907e+00,5.026500867460770294e+00,1.367554082894015899e+01
1.674309621204118437e-03,4.555274173588494922e-03,1.239347999543785085e-02,3.371879288581184492e-02,9.173831676775202892e-02,2.347066207353652179e-01,6.790601805528697632e-01,1.847510916505519907e+00,5.026500867460770294e+00,1.367554082894015899e+01
1.674309621204118437e-03,4.555274173588494922e-03,1.239347999543785085e-02,3.371879288581184492e-02,9.173831676775202892e-02,2.347066742260671135e-01,6.790601805528697632e-01,1.847510916505519907e+00,5.026500867460770294e+00,1.367554082894015899e+01
1.674309621204118437e-03,4.555274173588494922e-03,1.239347999543785085e-02,3.371879288581184492e-02,9.173831676775202892e-02,2.347068624719455265e-01,6.790601805528697632e-01,1.847510916505519907e+00,5.026500867460770294e+00,1.367554082894015899e+01
1.674309621204118437e-03,4.555274173588494922e-03,1.239347999543785085e-02,3.371879288581184492e-02,9.173831676775202892e-02,2.347072125255900699e-01,6.790601805528697632e-01,1.847510916505519907e+00,5.026500867460770294e+00,1.367554082894015899e+01
1.674309621204118437e-03,4.555274173588494922e-03,1.239347999543785085e-02,3.371879288581184492e-02,9.173831676775202892e-02,2.347074407554701481e-01,6.790601805528697632e-01,1.847510916505519907e+00,5.026500867460770294e+00,1.367554082894015899e+01
1.674309621204118437e-03,4.555274173588494922e-03,1.239347999543785085e-02,3.371879288581184492e-02,9.173831676775202892e-02,2.347076803975390036e-01,6.790601805528697632e-01,1.847510916505519907e+00,5.026500867460770294e+00,1.367554082894015899e+01
1.674309621204118437e-03,4.555274173588494922e-03,1.239347999543785085e-02,3.371879288581184492e-02,9.173831676775202892e-02,2.347079527468995119e-01,6.790601805528697632e-01,1.847510916505519907e+00,5.026500867460770294e+00,1.367554082894015899e+01
1.674309621204118437e-03,4.555274173588494922e-03,1.239347999543785085e-02,3.371879288581184492e-02,9.173831676775202892e-02,2.347082088719778248e-01,6.790601805528697632e-01,1.847510916505519907e+00,5.026500867460770294e+00,1.367554082894015899e+01
1.674309621204118437e-03,4.555274173588494922e-03,1.239347999543785085e-02,3.371879288581184492e-02,9.173831676775202892e-02,2.347084015958612324e-01,6.790601805528697632e-01,1.847510916505519907e+00,5.026500867460770294e+00,1.367554082894015899e+01
1.674309621204118437e-03,4.555274173588494922e-03,1.239347999543785085e-02,3.371879288581184492e-02,9.173831676775202892e-02,2.347085064913445596e-01,6.790601805528697632e-01,1.847510916505519907e+00,5.026500867460770294e+00,1.367554082894015899e+01
1.674309621204118437e-03,4.555274173588494922e-03,1.239347999543785085e-02,3.371879288581184492e-02,9.173831676775202892e-02,2.347085201084034844e-01,6.790601805528697632e-01,1.847510916505519907e+00,5.026500867460770294e+00,1.367554082894015899e+01
1.674309621204118437e-03,4.555274173588494922e-03,1.239347999543785085e-02,3.371879288581184492e-02,9.173831676775202892e-02,2.347084538483907301e-01,6.790601805528697632e-01,1.847510916505519907e+00,5.026500867460770294e+00,1.367554082894015899e+01
1.674309621204118437e-03,4.555274173588494922e-03,1.239347999543785085e-02,3.371879288581184492e-02,9.173831676775202892e-02,2.347083301955321388e-01,6.790601805528697632e-01,1.847510916505519907e+00,5.026500867460770294e+00,1.367554082894015899e+01
1.674309621204118437e-03,4.555274173588494922e-03,1.239347999543785085e-02,3.371879288581184492e-02,9.173831676775202892e-02,2.347081818774466588e-01,6.790601805528697632e-01,1.847510916505519907e+00,5.026500867460770294e+00,1.367554082894015899e+01
1.674309621204118437e-03,4.555274173588494922e-03,1.239347999543785085e-02,3.371879288581184492e-02,9.173831676775202892e-02,2.347080526843675075e-01,6.790601805528697632e-01,1.847510916505519907e+00,5.026500867460770294e+00,1.367554082894015899e+01
1.674309621204118437e-03,4.555274173588494922e-03,1.239347999543785085e-02,3.371879288581184492e-02,9.173831676775202892e-02,2.347078712173626958e-01,6.790601805528697632e-01,1.847510916505519907e+00,5.026500867460770294e+00,1.367554082894015899e+01
1.674309621204118437e-03,4.555274173588494922e-03,1.239347999543785085e-02,3.371879288581184492e-02,9.173831676775202892e-02,2.347077073912286482e-01,6.790601805528697632e-01,1.847510916505519907e+00,5.026500867460770294e+00,1.367554082894015899e+01
1.674309621204118437e-03,4.555274173588494922e-03,1.239347999543785085e-02,3.371879288581184492e-02,9.173831676775202892e-02,2.347074811697812402e-01,6.790601805528697632e-01,1.847510916505519907e+00,5.026500867460770294e+00,1.367554082894015899e+01
1.674309621204118437e-03,4.555274173588494922e-03,1.239347999543785085e-02,3.371879288581184492e-02,9.173831676775202892e-02,2.347072687065407670e-01,6.790601805528697632e-01,1.847510916505519907e+00,5.026500867460770294e+00,1.367554082894015899e+01
1.674309621204118437e-03,4.555274173588494922e-03,1.239347999543785085e-02,3.371879288581184492e-02,9.173831676775202892e-02,2.347071555017096744e-01,6.790601805528697632e-01,1.847510916505519907e+00,5.026500867460770294e+00,1.367554082894015899e+01
1.674309621204118437e-03,4.555274173588494922e-03,1.239347999543785085e-02,3.371879288581184492e-02,9.173831676775202892e-02,2.347072259202730993e-01,6.790601805528697632e-01,1.847510916505519907e+00,5.026500867460770294e+00,1.367554082894015899e+01
1.674309621204118437e-03,4.555274173588494922e-03,1.239347999543785085e-02,3.371879288581184492e-02,9.173831676775202892e-02,2.347071320341810596e-01,6.790601805528697632e-01,1.847510916505519907e+00,5.026500867460770294e+00,1.367554082894015899e+01
1.674309621204118437e-03,4.555274173588494922e-03,1.239347999543785085e-02,3.371879288581184492e-02,9.173831676775202892e-02,2.347069575907168582e-01,6.790601805528697632e-01,1.847510916505519907e+00,5.026500867460770294e+00,1.367554082894015899e+01
1.674309621204118437e-03,4.555274173588494922e-03,1.239347999543785085e-02,3.371879288581184492e-02,9.173831676775202892e-02,2.347072139313542138e-01,6.790601805528697632e-01,1.847510916505519907e+00,5.026500867460770294e+00,1.367554082894015899e+01
1.674309621204118437e-03,4.555274173588494922e-03,1.239347999543785085e-02,3.371879288581184492e-02,9.173831676775202892e-02,2.347072419869882243e-01,6.790601805528697632e-01,1.847510916505519907e+00,5.026500867460770294e+00,1.367554082894015899e+01
1.674309621204118437e-03,4.555274173588494922e-03,1.239347999543785085e-02,3.371879288581184492e-02,9.173831676775202892e-02,2.347072353510997744e-01,6.790601805528697632e-01,1.847510916505519907e+00,5.026500867460770294e+00,1.367554082894015899e+01
1.674309621204118437e-03,4.555274173588494922e-03,1.239347999543785085e-02,3.371879288581184492e-02,9.173831676775202892e-02,2.347073907432332129e-01,6.790601805528697632e-01,1.847510916505519907e+00,5.026500867460770294e+00,1.367554082894015899e+01
1.674309621204118437e-03,4.555274173588494922e-03,1.239347999543785085e-02,3.371879288581184492e-02,9.173831676775202892e-02,2.347073236959282827e-01,6.790601805528697632e-01,1.847510916505519907e+00,5.026500867460770294e+00,1.367554082894015899e+01
1.674309621204118437e-03,4.555274173588494922e-03,1.239347999543785085e-02,3.371879288581184492e-02,9.173831676775202892e-02,2.347073847833298921e-01,6.790601805528697632e-01,1.847510916505519907e+00,5.026500867460770294e+00,1.367554082894015899e+01
1.674309621204118437e-03,4.555274173588494922e-03,1.239347999543785085e-02,3.371879288581184492e-02,9.173831676775202892e-02,2.347077014490775160e-01,6.790601805528697632e-01,1.847510916505519907e+00,5.026500867460770294e+00,1.367554082894015899e+01
1.674309621204118437e-03,4.555274173588494922e-03,1.239347999543785085e-02,3.371879288581184492e-02,9.173831676775202892e-02,2.347084079168408055e-01,6.790601805528697632e-01,1.847510916505519907e+00,5.026500867460770294e+00,1.367554082894015899e+01
1.674309621204118437e-03,4.555274173588494922e-03,1.239347999543785085e-02,3.371879288581184492e-02,9.173831676775202892e-02,2.347085596966190790e-01,6.790601805528697632e-01,1.847510916505519907e+00,5.026500867460770294e+00,1.367554082894015899e+01
1.674309621204118437e-03,4.555274173588494922e-03,1.239347999543785085e-02,3.371879288581184492e-02,9.173831676775202892e-02,2.347084132671518053e-01,6.790601805528697632e-01,1.847510916505519907e+00,5.026500867460770294e+00,1.367554082894015899e+01
1.674309621204118437e-03,4.555274173588494922e-03,1.239347999543785085e-02,3.371879288581184492e-02,9.173831676775202892e-02,2.347082430305867939e-01,6.790601805528697632e-01,1.847510916505519907e+00,5.026500867460770294e+00,1.367554082894015899e+01
1.674309621204118437e-03,4.555274173588494922e-03,1.239347999543785085e-02,3.371879288581184492e-02,9.173831676775202892e-02,2.347081956411651016e-01,6.790601805528697632e-01,1.847510916505519907e+00,5.026500867460770294e+00,1.367554082894015899e+01
1.674309621204118437e-03,4.555274173588494922e-03,1.239347999543785085e-02,3.371879288581184492e-02,9.173831676775202892e-02,2.347083540491764764e-01,6.790601805528697632e-01,1.847510916505519907e+00,5.026500867460770294e+00,1.367554082894015899e+01
1.674309621204118437e-03,4.555274173588494922e-03,1.239347999543785085e-02,3.371879288581184492e-02,9.173831676775202892e-02,2.347087694011935344e-01,6.790601805528697632e-01,1.847510916505519907e+00,5.026500867460770294e+00,1.367554082894015899e+01
1.674309621204118437e-03,4.555274173588494922e-03,1.239347999543785085e-02,3.371879288581184492e-02,9.173831676775202892e-02,2.347089389290018813e-01,6.790601805528697632e-01,1.847510916505519907e+00,5.026500867460770294e+00,1.367554082894015899e+01
1.674309621204118437e-03,4.555274173588494922e-03,1.239347999543785085e-02,3.371879288581184492e-02,9.173831676775202892e-02,2.347088109425757574e-01,6.790601805528697632e-01,1.847510916505519907e+00,5.026500867460770294e+00,1.367554082894015899e+01
1.674309621204118437e-03,4.555274173588494922e-03,1.239347999543785085e-02,3.371879288581184492e-02,9.173831676775202892e-02,2.347086036879266757e-01,6.790601805528697632e-01,1.847510916505519907e+00,5.026500867460770294e+00,1.367554082894015899e+01
1.674309621204118437e-03,4.555274173588494922e-03,1.239347999543785085e-02,3.371879288581184492e-02,9.173831676775202892e-02,2.347084468646680744e-01,6.790601805528697632e-01,1.847510916505519907e+00,5.026500867460770294e+00,1.367554082894015899e+01
1.674309621204118437e-03,4.555274173588494922e-03,1.239347999543785085e-02,3.371879288581184492e-02,9.173831676775202892e-02,2.347083193893422237e-01,6.790601805528697632e-01,1.847510916505519907e+00,5.026500867460770294e+00,1.367554082894015899e+01
1.674309621204118437e-03,4.555274173588494922e-03,1.239347999543785085e-02,3.371879288581184492e-02,9.173831676775202892e-02,2.347081315740295882e-01,6.790601805528697632e-01,1.847510916505519907e+00,5.026500867460770294e+00,1.367554082894015899e+01
1.674309621204118437e-03,4.555274173588494922e-03,1.239347999543785085e-02,3.371879288581184492e-02,9.173831676775202892e-02,2.347079323913417448e-01,6.790601805528697632e-01,1.847510916505519907e+00,5.026500867460770294e+00,1.367554082894015899e+01
1.674309621204118437e-03,4.555274173588494922e-03,1.239347999543785085e-02,3.371879288581184492e-02,9.173831676775202892e-02,2.347077667947728152e-01,6.790601805528697632e-01,1.847510916505519907e+00,5.026500867460770294e+00,1.367554082894015899e+01
1.674309621204118437e-03,4.555274173588494922e-03,1.239347999543785085e-02,3.371879288581184492e-02,9.173831676775202892e-02,2.347076610514118034e-01,6.790601805528697632e-01,1.847510916505519907e+00,5.026500867460770294e+00,1.367554082894015899e+01
1.674309621204118437e-03,4.555274173588494922e-03,1.239347999543785085e-02,3.371879288581184492e-02,9.173831676775202892e-02,2.347076311280132110e-01,6.790601805528697632e-01,1.847510916505519907e+00,5.026500867460770294e+00,1.367554082894015899e+01
1.674309621204118437e-03,4.555274173588494922e-03,1.239347999543785085e-02,3.371879288581184492e-02,9.173831676775202892e-02,2.347076868645272818e-01,6.790601805528697632e-01,1.847510916505519907e+00,5.026500867460770294e+00,1.367554082894015899e+01
1.674309621204118437e-03,4.555274173588494922e-03,1.239347999543785085e-02,3.371879288581184492e-02,9.173831676775202892e-02,2.347077481500476626e-01,6.790601805528697632e-01,1.847510916505519907e+00,5.026500867460770294e+00,1.367554082894015899e+01
1.674309621204118437e-03,4.555274173588494922e-03,1.239347999543785085e-02,3.371879288581184492e-02,9.173831676775202892e-02,2.347077019867683523e-01,6.790601805528697632e-01,1.847510916505519907e+00,5.026500867460770294e+00,1.367554082894015899e+01
1.674309621204118437e-03,4.555274173588494922e-03,1.239347999543785085e-02,3.371879288581184492e-02,9.173831676775202892e-02,2.347076211562005577e-01,6.790601805528697632e-01,1.847510916505519907e+00,5.026500867460770294e+00,1.367554082894015899e+01
1.674309621204118437e-03,4.555274173588494922e-03,1.239347999543785085e-02,3.371879288581184492e-02,9.173831676775202892e-02,2.347075376311098804e-01,6.790601805528697632e-01,1.847510916505519907e+00,5.026500867460770294e+00,1.367554082894015899e+01
1.674309621204118437e-03,4.555274173588494922e-03,1.239347999543785085e-02,3.371879288581184492e-02,9.173831676775202892e-02,2.347079374634859772e-01,6.790601805528697632e-01,1.847510916505519907e+00,5.026500867460770294e+00,1.367554082894015899e+01
1.674309621204118437e-03,4.555274173588494922e-03,1.239347999543785085e-02,3.371879288581184492e-02,9.173831676775202892e-02,2.347080851536993695e-01,6.790601805528697632e-01,1.847510916505519907e+00,5.026500867460770294e+00,1.367554082894015899e+01
1.674309621204118437e-03,4.555274173588494922e-03,1.239347999543785085e-02,3.371879288581184492e-02,9.173831676775202892e-02,2.347080787058204443e-01,6.790601805528697632e-01,1.847510916505519907e+00,5.026500867460770294e+00,1.367554082894015899e+01
1.674309621204118437e-03,4.555274173588494922e-03,1.239347999543785085e-02,3.371879288581184492e-02,9.173831676775202892e-02,2.347080260068130364e-01,6.790601805528697632e-01,1.847510916505519907e+00,5.026500867460770294e+00,1.367554082894015899e+01
1.674309621204118437e-03,4.555274173588494922e-03,1.239347999543785085e-02,3.371879288581184492e-02,9.173831676775202892e-02,2.347079714598964972e-01,6.790601805528697632e-01,1.847510916505519907e+00,5.026500867460770294e+00,1.367554082894015899e+01
1.674309621204118437e-03,4.555274173588494922e-03,1.239347999543785085e-02,3.371879288581184492e-02,9.173831676775202892e-02,2.347079325443345299e-01,6.790601805528697632e-01,1.847510916505519907e+00,5.026500867460770294e+00,1.367554082894015899e+01
1.674309621204118437e-03,4.555274173588494922e-03,1.239347999543785085e-02,3.371879288581184492e-02,9.173831676775202892e-02,2.347079152474735586e-01,6.790601805528697632e-01,1.847510916505519907e+00,5.026500867460770294e+00,1.367554082894015899e+01
1.674309621204118437e-03,4.555274173588494922e-03,1.239347999543785085e-02,3.371879288581184492e-02,9.173831676775202892e-02,2.347079204387979845e-01,6.790601805528697632e-01,1.847510916505519907e+00,5.026500867460770294e+00,1.367554082894015899e+01
1.674309621204118437e-03,4.555274173588494922e-03,1.239347999543785085e-02,3.371879288581184492e-02,9.173831676775202892e-02,2.347079465584536451e-01,6.790601805528697632e-01,1.847510916505519907e+00,5.026500867460770294e+00,1.367554082894015899e+01
1.674309621204118437e-03,4.555274173588494922e-03,1.239347999543785085e-02,3.371879288581184492e-02,9.173831676775202892e-02,2.347079908051899755e-01,6.790601805528697632e-01,1.847510916505519907e+00,5.026500867460770294e+00,1.367554082894015899e+01
1.674309621204118437e-03,4.555274173588494922e-03,1.239347999543785085e-02,3.371879288581184492e-02,9.173831676775202892e-02,2.347080497101076135e-01,6.790601805528697632e-01,1.847510916505519907e+00,5.026500867460770294e+00,1.367554082894015899e+01
1.674309621204118437e-03,4.555274173588494922e-03,1.239347999543785085e-02,3.371879288581184492e-02,9.173831676775202892e-02,2.347081194551758898e-01,6.790601805528697632e-01,1.847510916505519907e+00,5.026500867460770294e+00,1.367554082894015899e+01
1.674309621204118437e-03,4.555274173588494922e-03,1.239347999543785085e-02,3.371879288581184492e-02,9.173831676775202892e-02,2.347081960814792201e-01,6.790601805528697632e-01,1.847510916505519907e+00,5.026500867460770294e+00,1.367554082894015899e+01
1.674309621204118437e-03,4.555274173588494922e-03,1.239347999543785085e-02,3.371879288581184492e-02,9.173831676775202892e-02,2.347082756454728358e-01,6.790601805528697632e-01,1.847510916505519907e+00,5.026500867460770294e+00,1.367554082894015899e+01
1.674309621204118437e-03,4.555274173588494922e-03,1.239347999543785085e-02,3.371879288581184492e-02,9.173831676775202892e-02,2.347083543465358080e-01,6.790601805528697632e-01,1.847510916505519907e+00,5.026500867460770294e+00,1.367554082894015899e+01
1.674309621204118437e-03,4.555274173588494922e-03,1.239347999543785085e-02,3.371879288581184492e-02,9.173831676775202892e-02,2.347084286350653304e-01,6.790601805528697632e-01,1.847510916505519907e+00,5.026500867460770294e+00,1.367554082894015899e+01
1.674309621204118437e-03,4.555274173588494922e-03,1.239347999543785085e-02,3.371879288581184492e-02,9.173831676775202892e-02,2.347084953047785527e-01,6.790601805528697632e-01,1.847510916505519907e+00,5.026500867460770294e+00,1.367554082894015899e+01
