# time (s), these correspond to the rows in the concentrations_all_components_all_times_gas_particle_wall, particle_number_concentration and size_bin_radius output files
0.000000000000000000e+00
3.000000000000000000e+02
6.000000000000000000e+02
9.000000000000000000e+02
1.200000000000000000e+03
1.500000000000000000e+03
1.800000000000000000e+03
2.100000000000000000e+03
2.400000000000000000e+03
2.700000000000000000e+03
3.000000000000000000e+03
3.300000000000000000e+03
3.600000000000000000e+03
3.900000000000000000e+03
4.200000000000000000e+03
4.500000000000000000e+03
4.800000000000000000e+03
5.100000000000000000e+03
5.400000000000000000e+03
5.700000000000000000e+03
6.000000000000000000e+03
6.300000000000000000e+03
6.600000000000000000e+03
6.900000000000000000e+03
7.200000000000000000e+03
7.500000000000000000e+03
7.800000000000000000e+03
8.100000000000000000e+03
8.400000000000000000e+03
8.700000000000000000e+03
9.000000000000000000e+03
9.300000000000000000e+03
9.600000000000000000e+03
9.900000000000000000e+03
1.020000000000000000e+04
1.050000000000000000e+04
1.080000000000000000e+04
1.110000000000000000e+04
1.140000000000000000e+04
1.170000000000000000e+04
1.200000000000000000e+04
1.230000000000000000e+04
1.260000000000000000e+04
1.290000000000000000e+04
1.320000000000000000e+04
1.350000000000000000e+04
1.380000000000000000e+04
1.410000000000000000e+04
1.440000000000000000e+04
1.470000000000000000e+04
1.500000000000000000e+04
1.530000000000000000e+04
1.560000000000000000e+04
1.590000000000000000e+04
1.620000000000000000e+04
1.650000000000000000e+04
1.680000000000000000e+04
1.710000000000000000e+04
1.740000000000000000e+04
1.770000000000000000e+04
1.800000000000000000e+04
1.830000000000000000e+04
1.860000000000000000e+04
1.890000000000000000e+04
1.920000000000000000e+04
1.950000000000000000e+04
1.980000000000000000e+04
2.010000000000000000e+04
2.040000000000000000e+04
2.070000000000000000e+04
2.100000000000000000e+04
2.130000000000000000e+04
2.160000000000000000e+04
2.190000000000000000e+04
2.220000000000000000e+04
2.250000000000000000e+04
2.280000000000000000e+04
2.310000000000000000e+04
2.340000000000000000e+04
2.370000000000000000e+04
2.400000000000000000e+04
2.430000000000000000e+04
2.460000000000000000e+04
2.490000000000000000e+04
2.520000000000000000e+04
2.550000000000000000e+04
2.580000000000000000e+04
2.610000000000000000e+04
2.640000000000000000e+04
2.670000000000000000e+04
2.700000000000000000e+04
2.730000000000000000e+04
2.760000000000000000e+04
2.790000000000000000e+04
2.820000000000000000e+04
2.850000000000000000e+04
2.880000000000000000e+04
2.910000000000000000e+04
2.940000000000000000e+04
2.970000000000000000e+04
3.000000000000000000e+04
3.030000000000000000e+04
3.060000000000000000e+04
3.090000000000000000e+04
3.120000000000000000e+04
3.150000000000000000e+04
3.180000000000000000e+04
3.210000000000000000e+04
3.240000000000000000e+04
3.270000000000000000e+04
3.300000000000000000e+04
3.330000000000000000e+04
3.360000000000000000e+04
3.390000000000000000e+04
3.420000000000000000e+04
3.450000000000000000e+04
3.480000000000000000e+04
3.510000000000000000e+04
3.540000000000000000e+04
3.570000000000000000e+04
3.600000000000000000e+04
3.630000000000000000e+04
3.660000000000000000e+04
3.690000000000000000e+04
3.720000000000000000e+04
3.750000000000000000e+04
3.780000000000000000e+04
3.810000000000000000e+04
3.840000000000000000e+04
3.870000000000000000e+04
3.900000000000000000e+04
3.930000000000000000e+04
3.960000000000000000e+04
3.990000000000000000e+04
4.020000000000000000e+04
4.050000000000000000e+04
4.080000000000000000e+04
4.110000000000000000e+04
4.140000000000000000e+04
4.170000000000000000e+04
4.200000000000000000e+04
4.230000000000000000e+04
4.260000000000000000e+04
4.290000000000000000e+04
4.320000000000000000e+04
4.350000000000000000e+04
4.380000000000000000e+04
4.410000000000000000e+04
4.440000000000000000e+04
4.470000000000000000e+04
4.500000000000000000e+04
4.530000000000000000e+04
4.560000000000000000e+04
4.590000000000000000e+04
4.620000000000000000e+04
4.650000000000000000e+04
4.680000000000000000e+04
4.710000000000000000e+04
4.740000000000000000e+04
4.770000000000000000e+04
4.800000000000000000e+04
4.830000000000000000e+04
4.860000000000000000e+04
4.890000000000000000e+04
4.920000000000000000e+04
4.950000000000000000e+04
4.980000000000000000e+04
5.010000000000000000e+04
5.040000000000000000e+04
5.070000000000000000e+04
5.100000000000000000e+04
5.130000000000000000e+04
5.160000000000000000e+04
5.190000000000000000e+04
5.220000000000000000e+04
5.250000000000000000e+04
5.280000000000000000e+04
5.310000000000000000e+04
5.340000000000000000e+04
5.370000000000000000e+04
5.400000000000000000e+04
5.430000000000000000e+04
5.460000000000000000e+04
5.490000000000000000e+04
5.520000000000000000e+04
5.550000000000000000e+04
5.580000000000000000e+04
5.610000000000000000e+04
5.640000000000000000e+04
5.670000000000000000e+04
5.700000000000000000e+04
5.730000000000000000e+04
5.760000000000000000e+04
5.790000000000000000e+04
5.820000000000000000e+04
5.850000000000000000e+04
5.880000000000000000e+04
5.910000000000000000e+04
5.940000000000000000e+04
5.970000000000000000e+04
6.000000000000000000e+04
6.030000000000000000e+04
6.060000000000000000e+04
6.090000000000000000e+04
6.120000000000000000e+04
6.150000000000000000e+04
6.180000000000000000e+04
6.210000000000000000e+04
6.240000000000000000e+04
6.270000000000000000e+04
6.300000000000000000e+04
6.330000000000000000e+04
6.360000000000000000e+04
6.390000000000000000e+04
6.420000000000000000e+04
6.450000000000000000e+04
6.480000000000000000e+04
6.510000000000000000e+04
6.540000000000000000e+04
6.570000000000000000e+04
6.600000000000000000e+04
6.630000000000000000e+04
6.660000000000000000e+04
6.690000000000000000e+04
6.720000000000000000e+04
6.750000000000000000e+04
6.780000000000000000e+04
6.810000000000000000e+04
6.840000000000000000e+04
6.870000000000000000e+04
6.900000000000000000e+04
6.930000000000000000e+04
6.960000000000000000e+04
6.990000000000000000e+04
7.020000000000000000e+04
7.050000000000000000e+04
7.080000000000000000e+04
7.110000000000000000e+04
7.140000000000000000e+04
7.170000000000000000e+04
7.200000000000000000e+04
7.230000000000000000e+04
7.260000000000000000e+04
7.290000000000000000e+04
7.320000000000000000e+04
7.350000000000000000e+04
7.380000000000000000e+04
7.410000000000000000e+04
7.440000000000000000e+04
7.470000000000000000e+04
7.500000000000000000e+04
7.530000000000000000e+04
7.560000000000000000e+04
7.590000000000000000e+04
7.620000000000000000e+04
7.650000000000000000e+04
7.680000000000000000e+04
7.710000000000000000e+04
7.740000000000000000e+04
7.770000000000000000e+04
7.800000000000000000e+04
7.830000000000000000e+04
7.860000000000000000e+04
7.890000000000000000e+04
7.920000000000000000e+04
7.950000000000000000e+04
7.980000000000000000e+04
8.010000000000000000e+04
8.040000000000000000e+04
8.070000000000000000e+04
8.100000000000000000e+04
8.130000000000000000e+04
8.160000000000000000e+04
8.190000000000000000e+04
8.220000000000000000e+04
8.250000000000000000e+04
8.280000000000000000e+04
8.310000000000000000e+04
8.340000000000000000e+04
8.370000000000000000e+04
8.400000000000000000e+04
8.430000000000000000e+04
8.460000000000000000e+04
8.490000000000000000e+04
8.520000000000000000e+04
8.550000000000000000e+04
8.580000000000000000e+04
8.610000000000000000e+04
8.640000000000000000e+04
