# particle number concentration assuming water removed from particles (#/cc (air)), with time changing with rows (corresponding times given in the time output file) and size bin changing with columns with size bin numbers given in the second row of the header
# 
0.000000000000000000e+00,0.000000000000000000e+00,0.000000000000000000e+00,0.000000000000000000e+00,0.000000000000000000e+00,0.000000000000000000e+00,0.000000000000000000e+00,0.000000000000000000e+00,0.000000000000000000e+00,0.000000000000000000e+00,0.000000000000000000e+00,0.000000000000000000e+00,0.000000000000000000e+00,0.000000000000000000e+00,0.000000000000000000e+00,0.000000000000000000e+00,0.000000000000000000e+00,0.000000000000000000e+00,0.000000000000000000e+00,0.000000000000000000e+00,0.000000000000000000e+00,0.000000000000000000e+00,0.000000000000000000e+00,0.000000000000000000e+00
0.000000000000000000e+00,0.000000000000000000e+00,0.000000000000000000e+00,0.000000000000000000e+00,0.000000000000000000e+00,0.000000000000000000e+00,0.000000000000000000e+00,0.000000000000000000e+00,0.000000000000000000e+00,0.000000000000000000e+00,0.000000000000000000e+00,0.000000000000000000e+00,0.000000000000000000e+00,0.000000000000000000e+00,0.000000000000000000e+00,0.000000000000000000e+00,0.000000000000000000e+00,0.000000000000000000e+00,0.000000000000000000e+00,0.000000000000000000e+00,0.000000000000000000e+00,0.000000000000000000e+00,0.000000000000000000e+00,0.000000000000000000e+00
0.000000000000000000e+00,0.000000000000000000e+00,0.000000000000000000e+00,0.000000000000000000e+00,0.000000000000000000e+00,0.000000000000000000e+00,0.000000000000000000e+00,0.000000000000000000e+00,0.000000000000000000e+00,0.000000000000000000e+00,0.000000000000000000e+00,0.000000000000000000e+00,0.000000000000000000e+00,0.000000000000000000e+00,0.000000000000000000e+00,0.000000000000000000e+00,0.000000000000000000e+00,0.000000000000000000e+00,0.000000000000000000e+00,0.000000000000000000e+00,0.000000000000000000e+00,0.000000000000000000e+00,0.000000000000000000e+00,0.000000000000000000e+00
0.000000000000000000e+00,0.000000000000000000e+00,0.000000000000000000e+00,0.000000000000000000e+00,0.000000000000000000e+00,0.000000000000000000e+00,0.000000000000000000e+00,0.000000000000000000e+00,0.000000000000000000e+00,0.000000000000000000e+00,0.000000000000000000e+00,0.000000000000000000e+00,0.000000000000000000e+00,0.000000000000000000e+00,0.000000000000000000e+00,0.000000000000000000e+00,0.000000000000000000e+00,0.000000000000000000e+00,0.000000000000000000e+00,0.000000000000000000e+00,0.000000000000000000e+00,0.000000000000000000e+00,0.000000000000000000e+00,0.000000000000000000e+00
7.436635634738744329e+02,0.000000000000000000e+00,0.000000000000000000e+00,0.000000000000000000e+00,0.000000000000000000e+00,0.000000000000000000e+00,0.000000000000000000e+00,0.000000000000000000e+00,0.000000000000000000e+00,0.000000000000000000e+00,0.000000000000000000e+00,0.000000000000000000e+00,0.000000000000000000e+00,0.000000000000000000e+00,0.000000000000000000e+00,0.000000000000000000e+00,0.000000000000000000e+00,0.000000000000000000e+00,0.000000000000000000e+00,0.000000000000000000e+00,0.000000000000000000e+00,0.000000000000000000e+00,0.000000000000000000e+00,0.000000000000000000e+00
1.999999999999994543e+03,0.000000000000000000e+00,0.000000000000000000e+00,0.000000000000000000e+00,0.000000000000000000e+00,1.980785188695191209e+03,8.161288560307419782e-02,1.971410624689460747e+03,1.853359722320791769e-01,7.285006552417564762e+02,0.000000000000000000e+00,1.142325894372200890e-01,1.217019130865285362e-02,1.167745373907198847e-02,6.473774719509973178e-06,0.000000000000000000e+00,0.000000000000000000e+00,0.000000000000000000e+00,0.000000000000000000e+00,0.000000000000000000e+00,0.000000000000000000e+00,0.000000000000000000e+00,0.000000000000000000e+00,0.000000000000000000e+00
2.000000000000000000e+03,0.000000000000000000e+00,0.000000000000000000e+00,0.000000000000000000e+00,1.969232377849873501e+03,1.963932586478773374e+03,1.961504505828414722e+03,6.301522746499723659e-01,1.975976867062934843e+03,4.174152825073361717e-01,1.963238547249148269e+03,1.956950228555954254e+03,1.176406472431351657e+00,7.235695137785266979e+02,1.325398007929003530e+00,0.000000000000000000e+00,4.871790016147742874e-01,3.331964453175959018e-01,1.492171871958109519e-01,1.172627209710815355e-01,0.000000000000000000e+00,0.000000000000000000e+00,0.000000000000000000e+00,0.000000000000000000e+00
0.000000000000000000e+00,0.000000000000000000e+00,0.000000000000000000e+00,1.999999999999998181e+03,1.969975693878323000e+03,1.955594562018743545e+03,1.954852023457232008e+03,1.954052651339190788e+03,1.325460821288936719e+00,1.970208007785224481e+03,7.332776776000852204e-01,1.957768616635956050e+03,1.951891104570124298e+03,1.978697747610618896e+00,7.230394133203545834e+02,6.581069427996771859e-01,0.000000000000000000e+00,1.009862840031592546e+00,6.105157767898058419e-01,2.478440878337442310e-01,4.709034018033005364e-01,0.000000000000000000e+00,0.000000000000000000e+00,0.000000000000000000e+00
7.217802026152348844e+02,0.000000000000000000e+00,0.000000000000000000e+00,1.859289578988760468e+03,3.606267081430723498e-01,1.952600119401205347e+03,1.943251405149455195e+03,1.933954515941328282e+03,1.936805467637379252e+03,1.936765762947987696e+03,3.180744984267254161e+00,1.954599195117141335e+03,1.945814379264910258e+03,0.000000000000000000e+00,1.938962449413492095e+03,7.221517259077252220e+02,1.409083534283144701e+00,2.368681852623830242e+00,2.428422989097696938e+00,1.006973939750347435e+00,1.963836466438210637e+00,0.000000000000000000e+00,2.715641872475609730e+00,0.000000000000000000e+00
3.720242228968563722e+02,0.000000000000000000e+00,6.240413938561811165e+02,4.474195969729165973e-02,1.804931703110639774e+03,7.326332617697571825e-01,1.927165754853412409e+03,1.925225200609923604e+03,1.919621101518874639e+03,1.922876109227237748e+03,1.923353861090167584e+03,5.396208073894399604e+00,1.943275980448791415e+03,1.935411537404000455e+03,0.000000000000000000e+00,1.929243060470872479e+03,7.214878947224727881e+02,1.808288276564014918e+00,3.857030121086157948e+00,2.948566655827975058e+00,1.598749415675579044e+00,2.988033248645503015e+00,0.000000000000000000e+00,5.053776312278648319e+00
1.134386648873551167e+02,3.069615976854236692e+02,1.391212858687360804e-02,5.998685262887145200e+02,8.628687168245494088e-02,1.766594842472177106e+03,1.063366945158805033e+00,1.904537112136894166e+03,1.908336233430982929e+03,1.904986363351122463e+03,1.910481368398560107e+03,1.910487338822009406e+03,7.434482890570636826e+00,1.931323357669384450e+03,1.925176997579080080e+03,0.000000000000000000e+00,1.920659593982136812e+03,7.196025873479769643e+02,0.000000000000000000e+00,8.082357330330808054e+00,3.513977958075400032e+00,2.688731970667552318e+00,0.000000000000000000e+00,1.133522380301706889e+01
3.429401475388294784e+01,9.060842155067487624e+01,2.915593989611181769e+02,2.350237103271261493e-02,5.834296514351447058e+02,1.235986556563287569e-01,1.734601768969055911e+03,1.613349727738364159e+00,1.883566690917877168e+03,1.892200892826544532e+03,1.890869770800509968e+03,1.897606571865244177e+03,1.898744125788861083e+03,8.735492650349145904e+00,1.920319372421646449e+03,1.915159387336645068e+03,0.000000000000000000e+00,1.911253934117823064e+03,7.180221341914216282e+02,0.000000000000000000e+00,1.012456764625025230e+01,4.910668568232134490e+00,0.000000000000000000e+00,1.832397708087025734e+01
1.034070547614101088e+01,2.676636571267378528e+01,8.526624751320515827e+01,2.816480336283593715e+02,3.899143144985027509e-02,5.703224203075345713e+02,1.621668823332096110e-01,1.706493841207182186e+03,2.108262353614863471e+00,1.863790342053767290e+03,1.876650778722818586e+03,1.876274368355224624e+03,1.884604331692940605e+03,1.887920790041794135e+03,1.002362489714682958e+01,1.909603245349996087e+03,1.905318575112442431e+03,0.000000000000000000e+00,1.902051683034822190e+03,7.164597584192295017e+02,0.000000000000000000e+00,1.213734743708907615e+01,0.000000000000000000e+00,2.883785330300333882e+01
3.115608967043954181e+00,7.919488110577932005e+00,2.500134012899389191e+01,8.192836270284544753e+01,2.740812654659467853e+02,4.380262996432744693e-02,5.591428759987945796e+02,1.955991803624130554e-01,1.680983116196778383e+03,2.563372134162645644e+00,1.844949643577288725e+03,1.861585528595592450e+03,1.862077443378863336e+03,1.871898737392751400e+03,1.876714214245430639e+03,1.184012863656109005e+01,1.898491186793094585e+03,1.895628151192827318e+03,0.000000000000000000e+00,1.892980397973022946e+03,7.154812972620288747e+02,0.000000000000000000e+00,9.444061591268171796e+00,3.898926873570830764e+01
2.345270976076456737e+00,7.346894326003035047e+00,2.391296924375583899e+01,7.943612546431178600e+01,2.677923541767308393e+02,4.987677298661763459e-02,5.492034798147711854e+02,2.370673086962453158e-01,1.657271020524356118e+03,3.094042536659057152e+00,1.826874344886867675e+03,1.846937256887059220e+03,1.848226341297244517e+03,1.859454387675174530e+03,1.865704353089172855e+03,1.358986764208327536e+01,1.887574527697150870e+03,1.886076558474744161e+03,0.000000000000000000e+00,1.884032357507958068e+03,7.144689689563288084e+02,0.000000000000000000e+00,1.270443684909762894e+01,4.304072213248104362e+01
1.221177462779451162e+00,2.160858424110784437e+00,6.996276726478181551e+00,2.311044895717941117e+01,7.739741525020563984e+01,2.623124538771417065e+02,5.520113763919179406e-02,5.401557037369194632e+02,2.744456718029103515e-01,1.635044200004428603e+03,3.587711503895309573e+00,1.809444368011743109e+03,1.832652987140461846e+03,1.834680177672333912e+03,1.847245270843664912e+03,1.854870363547441457e+03,1.470420913062079116e+01,1.877129042045432925e+03,1.876382495755032323e+03,0.000000000000000000e+00,1.875479227021141469e+03,7.136958729368587910e+02,0.000000000000000000e+00,6.291947257952596573e+01
8.899030394823665979e-01,2.048478369277856537e+00,6.740007234803156777e+00,2.246056278531903061e+01,7.564125324420064089e+01,2.573917967418416310e+02,5.680489736134171352e-02,5.317741300099058890e+02,2.900542522639185106e-01,1.614038821805618454e+03,3.807445304531754449e+00,1.792812897059969146e+03,1.818117347178765840e+03,1.821982791822714262e+03,1.835246863858097868e+03,1.843911843303007345e+03,1.606779366013333998e+01,1.866834979144615772e+03,1.866812897073453541e+03,0.000000000000000000e+00,1.867016836461958064e+03,7.148137447717185751e+02,0.000000000000000000e+00,6.806807790896219501e+01
8.079568517875447276e-01,1.966953757623045806e+00,6.534084616962290148e+00,2.190512201636335732e+01,7.407847263008893890e+01,2.528855088129021453e+02,5.821045925468543852e-02,5.239207356515169067e+02,3.052291329745325799e-01,1.593989313201718232e+03,4.040524665892573530e+00,1.776138239126379176e+03,1.804417316558587345e+03,1.809506156036550010e+03,1.823442675277882017e+03,1.833109879066302938e+03,1.738122322349884286e+01,1.856687001773240809e+03,1.857359001418876232e+03,0.000000000000000000e+00,1.858084337321806288e+03,7.164155870383062847e+02,0.000000000000000000e+00,7.313965921707345785e+01
7.584045757375303953e-01,1.901900398847809592e+00,6.359217988015313239e+00,2.141400089676655583e+01,7.265728425025011461e+01,2.486998073799883571e+02,5.840349453592849627e-02,5.164985946792838831e+02,3.191281543254425035e-01,1.574748073224429845e+03,4.284751116625374223e+00,1.759905584954517735e+03,1.790983519915332408e+03,1.796543700346080414e+03,1.812437688020449286e+03,1.822453252783246853e+03,1.865517705966847117e+01,1.846668712634965004e+03,1.848012891157575723e+03,0.000000000000000000e+00,1.849247053377228212e+03,7.179360152493231908e+02,0.000000000000000000e+00,7.813789802778919125e+01
7.229643071430656986e-01,1.846985923907839888e+00,6.205435071617124265e+00,2.096972609372739882e+01,7.134483775545294293e+01,2.447709537506837307e+02,5.887724713189852743e-02,5.094344421179289952e+02,3.245916002653437271e-01,1.556234103673342588e+03,4.514716124898244587e+00,1.744069599102067059e+03,1.777793380840151030e+03,1.783802444774998321e+03,1.801571230602230116e+03,1.811224528797789844e+03,2.053799273725021379e+01,1.836023743005883262e+03,1.838695041597866521e+03,0.000000000000000000e+00,1.841200417172000698e+03,7.193798154265255107e+02,0.000000000000000000e+00,8.306598157746059030e+01
6.950639545018773013e-01,1.798936795261653954e+00,6.066957132450665036e+00,2.056127944744241276e+01,7.011902925409552267e+01,2.410540606668292583e+02,5.878640222796845116e-02,5.026721164993701336e+02,3.330599894010520812e-01,1.538341633140001022e+03,4.739555213578232618e+00,1.728592881289932848e+03,1.763958454987682217e+03,1.771388562251093390e+03,1.790225471137540580e+03,1.800799619607532350e+03,2.240147007305372640e+01,1.825568291854038307e+03,1.829477629736864856e+03,0.000000000000000000e+00,1.833246466657542442e+03,7.208273913299490232e+02,0.000000000000000000e+00,8.794121148163864632e+01
6.717868368075283758e-01,1.755857971026859810e+00,5.940147563767754768e+00,2.018125076352317393e+01,6.896419341452183005e+01,2.375157399957533926e+02,5.841251604459316016e-02,4.961739313519579468e+02,3.409392667841963376e-01,1.521006863027327654e+03,4.952714682014842218e+00,1.713444324675916050e+03,1.750140760378526466e+03,1.758834253474807383e+03,1.779553115161995038e+03,1.790497810968699923e+03,2.420219295234841894e+01,1.815252754451252713e+03,1.820349462924901900e+03,0.000000000000000000e+00,1.825349668539006643e+03,7.222038471266097304e+02,0.000000000000000000e+00,9.275138362460369024e+01
6.516238384685252294e-01,1.716558036957473776e+00,5.822569026698654504e+00,1.982443187687337272e+01,6.786886658054910981e+01,2.341305521178715310e+02,5.812427012587289415e-02,4.899071673696176390e+02,3.409158349738871663e-01,1.504178893218394705e+03,5.155291664597171142e+00,1.698597908819936038e+03,1.736557195899848011e+03,1.746459798873705267e+03,1.769006205501862269e+03,1.780312581383795077e+03,2.594775722372559201e+01,1.805058141704114632e+03,1.811318724666303751e+03,0.000000000000000000e+00,1.817504046879002090e+03,7.235124738288909612e+02,0.000000000000000000e+00,9.749858388489062122e+01
6.337029554457282998e-01,1.680240074269215178e+00,5.712507966206562315e+00,1.948700620016104068e+01,6.682434579747486225e+01,2.308787679514557851e+02,5.751627440402973246e-02,4.838461152064460862e+02,3.408852886618836120e-01,1.487800016451470128e+03,5.350082330371090933e+00,1.684031460822654935e+03,1.723192658142647360e+03,1.734255570833233605e+03,1.758578039187277000e+03,1.770238155492897477e+03,2.764173510052105698e+01,1.794984406502673210e+03,1.802374322988541735e+03,0.000000000000000000e+00,1.809030329001940117e+03,7.253841417143245280e+02,0.000000000000000000e+00,1.021846728258573336e+02
6.174777184613645664e-01,1.646344838247855824e+00,5.608712932478262303e+00,1.916609344585550545e+01,6.582389139640753228e+01,2.277446751682763590e+02,5.692340970358471253e-02,4.779684381399206927e+02,3.416401857296411104e-01,1.471832364339882815e+03,5.535800655754830935e+00,1.669725794310306810e+03,1.709814709204823430e+03,1.722432316953028248e+03,1.748262856110837220e+03,1.760269456009503983e+03,2.928718685633361929e+01,1.785025517442399860e+03,1.793512530162871826e+03,0.000000000000000000e+00,1.800629227305050563e+03,7.271718417717588636e+02,0.000000000000000000e+00,1.068113684441630795e+02
6.025838940723254877e-01,1.614464557474232675e+00,5.510240904219887881e+00,1.885946349696154556e+01,6.486216047511473448e+01,2.247154905597658114e+02,5.636697889123362670e-02,4.722575382132044979e+02,3.422629062187645399e-01,1.456242161965240712e+03,5.590152985183923562e+00,1.655645024092947097e+03,1.696779421194371025e+03,1.710756917110351424e+03,1.737801866538040485e+03,1.750655427638728952e+03,3.088694936343489772e+01,1.775176064961699694e+03,1.784721462608683396e+03,0.000000000000000000e+00,1.792306550419036057e+03,7.288796803208979327e+02,0.000000000000000000e+00,1.113801337086453742e+02
5.887666947384778693e-01,1.584292421861589695e+00,5.416363156577268967e+00,1.856535181786621536e+01,6.393483838557387600e+01,2.217807398819527691e+02,5.582194266123476772e-02,4.666983216526725187e+02,3.426301954888891776e-01,1.440981904114785948e+03,5.660331795295220125e+00,1.641794411978667313e+03,1.683929277380416806e+03,1.699030272030655169e+03,1.727624295293143859e+03,1.741132174839577374e+03,3.244110615017609689e+01,1.765433181798520764e+03,1.775782402895873247e+03,0.000000000000000000e+00,1.784258310544561255e+03,7.305112348386137455e+02,0.000000000000000000e+00,1.158923514964449879e+02
5.758410118049132054e-01,1.555591677640327353e+00,5.326504226456241220e+00,1.828233682871335830e+01,6.303838782987399014e+01,2.189316622767355796e+02,5.530720159860436080e-02,4.612787608850283618e+02,3.428954408739567916e-01,1.426045715691839860e+03,5.727108879703720845e+00,1.628161144618462458e+03,1.671255414977339342e+03,1.687445913282293077e+03,1.717545808718430408e+03,1.731696338277025916e+03,3.395383434176278570e+01,1.755304153706830220e+03,1.767411268873051313e+03,0.000000000000000000e+00,1.776268126081763512e+03,7.320699273054872265e+02,0.000000000000000000e+00,1.203493101964252219e+02
5.636680241234125477e-01,1.528175624265037058e+00,5.240201020900889795e+00,1.800925617184947924e+01,6.216986714516757218e+01,2.161609061706840009e+02,5.473564462165227823e-02,4.559880377076125342e+02,3.407400482976734035e-01,1.411415112967297091e+03,5.790191550746537352e+00,1.614733883673895889e+03,1.658658195553887708e+03,1.676080104886390245e+03,1.707562932115678450e+03,1.722344844239301665e+03,3.542697255585149918e+01,1.745074567428314595e+03,1.759296926128352652e+03,0.000000000000000000e+00,1.768336853844221423e+03,7.335584084049189642e+02,0.000000000000000000e+00,1.247521838600512893e+02
5.521409204643493718e-01,1.501894265189885225e+00,5.157075193111590572e+00,1.774514516923353824e+01,6.132680389647754282e+01,2.134621932982789190e+02,5.414785633604918269e-02,4.508171562366699163e+02,3.385911380678499061e-01,1.397068563349020451e+03,5.849799932001685576e+00,1.601502535922323432e+03,1.646225696502008986e+03,1.664842471540570386e+03,1.697672508747511984e+03,1.713074914220145047e+03,3.686217591198283117e+01,1.734955019496313980e+03,1.751241865269411392e+03,0.000000000000000000e+00,1.760460886454698993e+03,7.349794847241988691e+02,0.000000000000000000e+00,1.291020015679100936e+02
5.411756852281384145e-01,1.476625150845777057e+00,5.076813215814158120e+00,1.748919372073610035e+01,6.050709501336794460e+01,2.108301262894644310e+02,5.354223181778553636e-02,4.457581129374542570e+02,3.363091469072053696e-01,1.382989585077605625e+03,5.906129436827053603e+00,1.588458053897451919e+03,1.633951244879948490e+03,1.653728460078518083e+03,1.687691538572621539e+03,1.704048028686814405e+03,3.826096948545175991e+01,1.724941614209071531e+03,1.743244422243761619e+03,0.000000000000000000e+00,1.752638769174556955e+03,7.363354522572125234e+02,0.000000000000000000e+00,1.333997236251554170e+02
