# particle size bin bounds (um), with size bins represented by columns and their number (starting at 1 and in line with the lower bound) given in second line of header, per time step which is is represented by rows and corresponding times given in the time output file 
# 
4.999999999999999237e-03,5.930067540220750749e-03,7.033140206315965405e-03,8.341399288659158417e-03,9.893012232339628079e-03,1.173324614280081904e-02,1.391578841856870238e-02,1.650431303950682799e-02,1.957433820584431397e-02,2.321542952315606978e-02,2.753381300951006361e-02,3.265547415724071728e-02,3.872983346207417577e-02,4.593410565032031434e-02,5.447846978120705203e-02,6.461220105808661296e-02,7.663094323935530638e-02,9.088533381603999817e-02,1.077912335889252421e-01,1.278418590852077319e-01,1.516221717685331538e-01,1.798259438364708529e-01,2.132759984868432546e-01,2.529482151469998885e-01,2.999999999999999334e-01
4.999999999999999237e-03,5.930067540220750749e-03,7.033140206315965405e-03,8.341399288659158417e-03,9.893012232339628079e-03,1.173324614280081904e-02,1.391578841856870238e-02,1.650431303950682799e-02,1.957433820584431397e-02,2.321542952315606978e-02,2.753381300951006361e-02,3.265547415724071728e-02,3.872983346207417577e-02,4.593410565032031434e-02,5.447846978120705203e-02,6.461220105808661296e-02,7.663094323935530638e-02,9.088533381603999817e-02,1.077912335889252421e-01,1.278418590852077319e-01,1.516221717685331538e-01,1.798259438364708529e-01,2.132759984868432546e-01,2.529482151469998885e-01,2.999999999999999334e-01
4.999999999999999237e-03,5.930067540220750749e-03,7.033140206315965405e-03,8.341399288659158417e-03,9.893012232339628079e-03,1.173324614280081904e-02,1.391578841856870238e-02,1.650431303950682799e-02,1.957433820584431397e-02,2.321542952315606978e-02,2.753381300951006361e-02,3.265547415724071728e-02,3.872983346207417577e-02,4.593410565032031434e-02,5.447846978120705203e-02,6.461220105808661296e-02,7.663094323935530638e-02,9.088533381603999817e-02,1.077912335889252421e-01,1.278418590852077319e-01,1.516221717685331538e-01,1.798259438364708529e-01,2.132759984868432546e-01,2.529482151469998885e-01,2.999999999999999334e-01
4.999999999999999237e-03,5.930067540220750749e-03,7.033140206315965405e-03,8.341399288659158417e-03,9.893012232339628079e-03,1.173324614280081904e-02,1.391578841856870238e-02,1.650431303950682799e-02,1.957433820584431397e-02,2.321542952315606978e-02,2.753381300951006361e-02,3.265547415724071728e-02,3.872983346207417577e-02,4.593410565032031434e-02,5.447846978120705203e-02,6.461220105808661296e-02,7.663094323935530638e-02,9.088533381603999817e-02,1.077912335889252421e-01,1.278418590852077319e-01,1.516221717685331538e-01,1.798259438364708529e-01,2.132759984868432546e-01,2.529482151469998885e-01,2.999999999999999334e-01
4.999999999999999237e-03,2.965033770110375375e-03,5.930067540220750749e-03,7.033140206315965405e-03,8.341399288659158417e-03,9.893012232339628079e-03,1.173324614280081904e-02,1.391578841856870238e-02,1.650431303950682799e-02,1.957433820584431397e-02,2.321542952315606978e-02,2.753381300951006361e-02,3.265547415724071728e-02,3.872983346207417577e-02,4.593410565032031434e-02,5.447846978120705203e-02,6.461220105808661296e-02,7.663094323935530638e-02,9.088533381603999817e-02,1.077912335889252421e-01,1.278418590852077319e-01,1.516221717685331538e-01,1.798259438364708529e-01,2.132759984868432546e-01,2.999999999999999334e-01
4.999999999999999237e-03,6.404011203510789202e-03,7.135366407221240860e-03,9.507075364480383622e-03,1.337291879808059740e-02,1.557342855931759425e-02,1.718620443692374031e-02,2.436871089636411664e-02,3.033493208036056391e-02,3.798692899390308103e-02,4.265486188988753397e-02,4.385853044906724840e-02,4.633484092541364369e-02,4.983032591404532724e-02,5.258081271266600715e-02,6.317666351324985330e-02,7.774476863872845089e-02,9.220634578529919578e-02,1.093579716287546855e-01,1.297000315640120249e-01,1.538259894286709561e-01,1.824397013506605381e-01,2.163759502054240780e-01,2.566247997595214603e-01,2.999999999999989897e-01
4.999999999999999237e-03,5.463605053066934378e-03,7.135366407221240860e-03,8.462640943808850957e-03,1.057668358389057470e-02,2.072832683221670358e-02,3.364941353664085977e-02,4.166287621857208551e-02,5.101927390793507128e-02,5.969206024720607323e-02,6.362471596142715846e-02,6.807170171611472143e-02,7.323481112652657776e-02,7.754405896552611643e-02,8.071725704227818154e-02,8.196800323611058703e-02,8.391328557401928068e-02,8.724902803429050724e-02,9.057463507083489407e-02,9.403268845846463053e-02,1.395198421646217379e-01,1.824397013506605381e-01,2.163759502054240780e-01,2.566247997595214603e-01,2.999999999999981015e-01
4.999999999999999237e-03,7.135366407221240860e-03,8.462640943808850957e-03,9.558163074510774015e-03,2.495114333103728987e-02,3.823199850963065333e-02,4.997619227238122436e-02,6.079960359161694361e-02,6.752570687211943701e-02,7.445091165699598001e-02,8.125602498968520493e-02,8.445213770308560020e-02,8.812046583451575710e-02,9.264569801435430796e-02,9.623308402469375744e-02,9.896183206781521136e-02,1.003526408152171784e-01,1.021493329391413851e-01,1.050200079117031560e-01,1.078079973537091896e-01,1.109244544948319311e-01,1.652329906252540670e-01,2.163759502054240780e-01,2.566247997595214603e-01,2.999999999999978795e-01
4.999999999999999237e-03,3.008130328544123683e-03,6.016260657088247366e-03,7.595057303716607096e-03,9.675982789022766900e-03,2.401122282910953670e-02,4.057710027080243392e-02,5.287245070148038212e-02,6.266700944769543202e-02,7.201264304683471784e-02,7.872870805865529731e-02,8.478919639073219383e-02,9.068503026240408438e-02,9.359420682971314465e-02,9.664812242775129569e-02,1.013143983344284849e-01,1.046204879006055882e-01,1.068161416589410717e-01,1.086459398893125372e-01,1.105323280980451961e-01,1.128820121111304003e-01,1.154177804548078973e-01,1.198248253442146388e-01,1.936246587333231850e-01,2.999999999999976574e-01
4.999999999999999237e-03,3.323733597947183677e-03,6.647467195894367353e-03,8.601542351944692355e-03,1.483829916020817236e-02,1.986286654497695925e-02,3.184818284279990197e-02,4.719210258447559259e-02,5.866895552545331460e-02,6.780008882809154813e-02,7.662874546389979169e-02,8.345058495439212909e-02,8.919889934489050320e-02,9.451888272012216874e-02,9.732872194021749412e-02,1.002734629381214770e-01,1.049095263721278870e-01,1.081148110896720943e-01,1.104257899857861713e-01,1.124710000918064390e-01,1.142370815502748993e-01,1.162586956126376442e-01,1.186257570053610155e-01,1.232534105943014213e-01,2.999999999999974909e-01
4.999999999999999237e-03,3.555761131375444542e-03,7.111522262750889084e-03,1.178265139880083426e-02,1.569378578120892917e-02,2.114918631440245236e-02,2.645017495538607225e-02,3.668702054673621260e-02,5.083273957444311986e-02,6.182251529259266687e-02,7.060750615881518366e-02,7.916532733677694722e-02,8.612814296917217782e-02,9.170488939324540623e-02,9.673737601038208400e-02,9.948864781070190788e-02,1.022836070158420207e-01,1.070035044107968403e-01,1.101479951524244882e-01,1.123682301257836469e-01,1.145609502289444970e-01,1.161557290110825230e-01,1.181390758490854509e-01,1.206727652608478030e-01,2.999999999999973244e-01
4.999999999999999237e-03,4.686348528337869017e-03,9.372697056675738034e-03,1.266662619414486018e-02,1.692023596376656530e-02,2.111309837387277677e-02,2.582120298189005680e-02,3.076273024428945874e-02,4.003593505638555761e-02,5.335695929043622610e-02,6.401460797730362806e-02,7.256891472042607816e-02,8.094450196506446094e-02,8.787308902244007902e-02,9.335012394435045213e-02,9.833264523397720891e-02,1.010424978171871879e-01,1.037043351684989317e-01,1.084337481568702216e-01,1.115393921568367669e-01,1.137510250326532329e-01,1.159305624744540464e-01,1.174778987127813035e-01,1.196674113405581941e-01,2.999999999999971023e-01
4.999999999999999237e-03,4.150664306304839221e-03,8.301328612609678442e-03,1.364163285789211748e-02,1.735773694937655862e-02,2.111556810610141013e-02,2.476537459296563118e-02,2.911101334285067649e-02,3.414054486418129780e-02,4.273669676324895472e-02,5.536616342930909124e-02,6.576676281747084740e-02,7.414310628576917250e-02,8.237677092075425256e-02,8.929653549934640777e-02,9.469391250416163419e-02,9.963828596963612838e-02,1.023147838639093948e-01,1.048551738177010695e-01,1.095855120324725762e-01,1.126608047881318547e-01,1.148537660413117695e-01,1.170186487044967555e-01,1.188392017988293969e-01,2.999999999999969358e-01
4.999999999999999237e-03,3.824192831370469125e-03,7.648385662740938250e-03,1.219384430270435173e-02,1.739941828536736498e-02,2.097365573241084455e-02,2.440469094639938219e-02,2.787357510363536184e-02,3.190582991628782006e-02,3.692397240130285835e-02,4.501651170212275094e-02,5.705876089286753688e-02,6.724874581452586209e-02,7.547930787932614904e-02,8.359510528864819157e-02,9.048976562639371446e-02,9.582315079037781458e-02,1.006567651487554893e-01,1.033099748696905407e-01,1.058379093321863001e-01,1.105669909262060047e-01,1.136173757761366337e-01,1.158317920387279543e-01,1.183715121655490587e-01,2.999999999999967137e-01
4.999999999999999237e-03,7.155489489424932126e-03,1.121604023365482122e-02,1.570560834091394922e-02,2.057678806173781488e-02,2.399803271420119025e-02,2.716793796372032888e-02,3.050483024612262589e-02,3.429049795483857244e-02,3.923204915310223723e-02,4.694869850554617141e-02,5.851917562380426485e-02,6.853204077438336539e-02,7.663983516724423573e-02,8.465562492494208002e-02,9.155508180318883138e-02,9.683107547356627209e-02,1.015833047337068445e-01,1.042145835849504210e-01,1.066967153588695150e-01,1.114415474026567432e-01,1.144698095822593714e-01,1.169300526067862528e-01,1.232271118878449090e-01,2.999999999999965472e-01
4.999999999999999237e-03,5.217015137166610729e-03,1.043403027433322146e-02,1.448291431552929838e-02,1.871156792294469476e-02,2.325324049057959919e-02,2.658191264353588698e-02,2.954313844844869141e-02,3.278224568639814818e-02,3.636815559480211651e-02,4.122853265154598906e-02,4.864128316259992008e-02,5.979562738853027443e-02,6.965725085299244446e-02,7.766000223788799284e-02,8.558968670566313719e-02,9.245731287803969634e-02,9.768690579978810129e-02,1.023891530444473036e-01,1.050019725246570806e-01,1.074548066904421340e-01,1.121941404952489507e-01,1.152046297955450771e-01,1.178475532561551048e-01,2.999999999999965472e-01
4.999999999999999237e-03,9.117287897316863135e-03,1.347190108810698665e-02,1.730673894786823042e-02,2.126173790475579389e-02,2.552670236937566034e-02,2.869896247911549181e-02,3.151246656378517419e-02,3.460525218874770798e-02,3.805634519337564026e-02,4.278325651857707579e-02,4.999612924813288256e-02,6.091999130589272754e-02,7.065093468318527081e-02,7.856357236554716017e-02,8.641846586321483281e-02,9.324439198095860193e-02,9.843504254358322048e-02,1.031268941016748458e-01,1.057223503625523975e-01,1.081295870902491685e-01,1.128726131849849407e-01,1.158731557277897506e-01,1.221142754233777855e-01,2.999999999999963252e-01
4.999999999999999237e-03,1.165929971852130292e-02,1.612133142781773526e-02,1.971936244795433751e-02,2.343861710705550869e-02,2.747889202835651634e-02,3.053667509396624721e-02,3.322952405085367877e-02,3.620897341802051944e-02,3.954623231875230294e-02,4.415712222341118542e-02,5.119842780891842998e-02,6.191641081944774389e-02,7.153468171665609832e-02,7.936940642792400524e-02,8.715860416321183357e-02,9.396181914439828697e-02,9.911668292266073710e-02,1.037324973288651364e-01,1.063154595049838058e-01,1.087336332046750786e-01,1.134540902667206808e-01,1.164488068916057911e-01,1.228402638870920160e-01,2.999999999999963807e-01
4.999999999999999237e-03,1.401101347172134005e-02,1.840013383831870172e-02,2.178945894861223503e-02,2.531467023693522583e-02,2.917236975906472782e-02,3.212616438119118151e-02,3.472209766639337836e-02,3.763362828591886033e-02,4.087333331650075396e-02,4.538224809012392225e-02,5.227501408270842503e-02,6.280601130442685365e-02,7.232480780855220226e-02,8.009093695563837545e-02,8.782270551274279358e-02,9.461589028882753938e-02,9.973800781073674515e-02,1.042864869491818419e-01,1.068578295236075615e-01,1.092770069348683037e-01,1.139890630776694558e-01,1.169791705548321875e-01,1.234972071924472226e-01,2.999999999999963807e-01
4.999999999999999237e-03,1.611887884579455213e-02,2.036514813769684656e-02,2.358046039312786113e-02,2.694670990614028705e-02,3.065451258059863002e-02,3.352538478358412649e-02,3.604039128870478725e-02,3.887717508483785889e-02,4.203689690326058159e-02,4.648705964870456647e-02,5.324865662264070820e-02,6.360409529065309819e-02,7.303506620947845807e-02,8.074062823151520463e-02,8.842082668935104250e-02,9.520405081321167695e-02,1.002970959635439974e-01,1.048066536926437059e-01,1.073665930858084955e-01,1.097675236935030108e-01,1.144803081981805998e-01,1.174668766110777696e-01,1.240945825928271296e-01,2.999999999999963807e-01
4.999999999999999237e-03,1.798069809411677322e-02,2.207199861140413111e-02,2.514357728843645209e-02,2.837860732552595008e-02,3.196178501690120216e-02,3.475943456160031364e-02,3.720680915137899308e-02,3.998462087122085784e-02,4.307581760081275607e-02,4.748480423886946439e-02,5.413057431033201777e-02,6.432317493820390031e-02,7.367664088737661821e-02,8.132770945155873288e-02,8.896122624230673459e-02,9.573454475359341465e-02,1.008017778690720317e-01,1.052876005381439550e-01,1.078369286972930691e-01,1.102119335448914772e-01,1.149139261708352067e-01,1.178984804083347132e-01,1.246369484554643720e-01,2.999999999999963807e-01
4.999999999999999237e-03,1.962019102363047121e-02,2.356614207705578015e-02,2.651842512686207465e-02,2.964396678756981568e-02,3.312227631485287205e-02,3.585447026162625478e-02,3.824462741645349301e-02,4.098353865851714350e-02,4.401446984410297553e-02,4.839064239599843303e-02,5.493324042935751605e-02,6.497315278748530543e-02,7.425664080128036026e-02,8.185892237043232433e-02,8.945136792577199070e-02,9.622293998851956520e-02,1.012662527015157077e-01,1.057237753540408165e-01,1.082635472975617130e-01,1.106159750111707363e-01,1.153142498123678195e-01,1.182976486324529425e-01,1.251340411775383743e-01,2.999999999999963807e-01
4.999999999999999237e-03,2.106748185958461431e-02,2.488377307473616309e-02,2.773611574247293945e-02,3.076927334095019492e-02,3.415835157013792645e-02,3.683550618565491208e-02,3.917626224769044097e-02,4.186386734570561596e-02,4.484459727796979295e-02,4.921543277187603871e-02,5.566576544510629110e-02,6.556281168865879527e-02,7.478353073055581113e-02,8.234210182221828045e-02,8.989759938034218301e-02,9.667269433111552734e-02,1.016938791796093700e-01,1.061228271864855799e-01,1.086539020239420533e-01,1.109843805165771496e-01,1.156840257429732205e-01,1.186670673226361827e-01,1.255911402486349082e-01,2.999999999999963807e-01
4.999999999999999237e-03,2.235060824670727364e-02,2.605327033562943040e-02,2.882103980539377219e-02,3.177543386704551748e-02,3.508783855053310835e-02,3.771400247743927209e-02,4.001223308895487246e-02,4.265936972161107898e-02,4.559587912730805881e-02,4.996794013557283309e-02,5.633554197651881312e-02,6.609928300485946873e-02,7.526349186119113410e-02,8.278274692492884612e-02,9.030488753753446174e-02,9.708729902455121019e-02,1.020880226073070801e-01,1.064901368517545410e-01,1.090131914756015674e-01,1.113206560845872162e-01,1.160284762159487920e-01,1.190121546979286127e-01,1.260127287761999837e-01,2.999999999999963807e-01
4.999999999999999237e-03,2.349361219218218388e-02,2.709716549584156170e-02,2.979266958020256734e-02,3.267928169760440926e-02,3.592523157101985137e-02,3.850714529617215581e-02,4.076811757897055855e-02,4.338028628789739743e-02,4.627766299001851574e-02,5.065669698570474111e-02,5.694973200627972271e-02,6.658829184626469111e-02,7.570131052637718572e-02,8.318537773010434289e-02,9.067748938254117930e-02,9.746996611737239469e-02,1.024517569793121086e-01,1.068266892077762431e-01,1.093424385096744139e-01,1.116286383895588458e-01,1.163475203650262413e-01,1.193325072385434393e-01,1.264025601700053125e-01,2.999999999999963807e-01
4.999999999999999237e-03,2.451652656831864591e-02,2.803356300033850793e-02,3.066676683736478323e-02,3.349455912327800600e-02,3.668247022021491055e-02,3.922577255673297125e-02,4.145388548591716349e-02,4.403725843497265785e-02,4.689962490575561721e-02,5.123878962774473106e-02,5.747412288749678688e-02,6.703475195879668447e-02,7.610178529251758472e-02,8.355390031251590244e-02,9.101854505460624245e-02,9.782340843007261699e-02,1.027878790073150639e-01,1.071361453229197208e-01,1.096452091794724581e-01,1.119112797080051153e-01,1.166427743076242501e-01,1.196297030729112504e-01,1.267639030615793361e-01,2.999999999999963807e-01
4.999999999999999237e-03,2.543579761794593011e-02,2.887707165397961767e-02,3.145614131190329482e-02,3.423251827079609039e-02,3.736940484642141402e-02,3.987902953604963163e-02,4.207797857863931207e-02,4.463530705231529699e-02,4.746644648185218557e-02,5.176788032952970436e-02,5.795184876709735117e-02,6.744367851638831401e-02,7.646874622229349328e-02,8.389182832904687470e-02,9.133167491508628610e-02,9.815042752124443493e-02,1.030988342976748989e-01,1.074218351480386441e-01,1.099246166547990650e-01,1.121710364112954023e-01,1.169163063316631529e-01,1.199057066450533726e-01,1.270995672619976147e-01,2.999999999999963807e-01
4.999999999999999237e-03,2.626516235231488722e-02,2.963980984203896593e-02,3.217150345352009361e-02,3.490264149195519000e-02,3.799440178213291802e-02,4.047439168228924439e-02,4.264733812565910109e-02,4.518301656803618005e-02,4.798597741387970045e-02,5.225473681103536688e-02,5.839183529978941856e-02,6.781894440185062822e-02,7.680578851370856164e-02,8.420248471022583059e-02,9.161973487176579278e-02,9.845336083957031970e-02,1.033864595205785525e-01,1.076567487135370177e-01,1.101553791437318019e-01,1.124102265182251453e-01,1.171512422489759397e-01,1.201452096252200452e-01,1.274126349703968986e-01,2.999999999999963807e-01
4.999999999999999237e-03,2.701596418721308526e-02,3.033176077650468622e-02,3.282173285724683531e-02,3.551283848949364497e-02,3.856448175833928488e-02,4.101750793835520076e-02,4.316724269628988836e-02,4.567824737764975690e-02,4.845651840930887549e-02,5.270355727293543624e-02,5.879777232185745550e-02,6.816378311929401079e-02,7.711572994224297206e-02,8.448848153220335500e-02,9.188512755952321642e-02,9.873430827688442490e-02,1.036529891687361232e-01,1.078785593742300486e-01,1.103733077090205822e-01,1.126307897065364078e-01,1.173693159721651974e-01,1.203682658223679536e-01,1.277046719741861402e-01,2.999999999999963807e-01
4.999999999999999237e-03,2.769774826229998502e-02,3.096133282614301624e-02,3.341435653982190862e-02,3.606985528147219761e-02,3.908566852296282285e-02,4.151434055999715655e-02,4.364324273401129495e-02,4.613246486371421623e-02,4.888841712811686085e-02,5.311800918888347905e-02,5.917289251050673188e-02,6.848123136316158766e-02,7.740126437545460925e-02,8.475218055959708729e-02,9.212998279495190901e-02,9.899516135392621985e-02,1.039003735972279102e-01,1.080859633048120994e-01,1.105770716985647190e-01,1.128344542575271114e-01,1.175684515783955303e-01,1.205727793700593770e-01,1.279774486887731433e-01,2.999999999999963807e-01
4.999999999999999237e-03,2.831854567867643502e-02,3.153561556163637924e-02,3.395575572143626208e-02,3.657944047749687316e-02,3.956312093006031372e-02,4.196955863057201530e-02,4.407971067352584732e-02,4.654963214438710001e-02,4.928536549205868311e-02,5.350130082914873741e-02,5.952003073526838245e-02,6.877386156131405637e-02,7.766465466345340296e-02,8.499544200618053269e-02,9.235595834933384152e-02,9.923757506105304604e-02,1.041302382518548425e-01,1.082796039078117861e-01,1.107673188341133097e-01,1.130227408523511723e-01,1.177531129570177360e-01,1.207631884505763614e-01,1.282327902150167398e-01,2.999999999999963807e-01
