# particle radii (um) per size_bin (including water contribution to size), with size bins represented by columns and their number (starting from 1) given in second line of header, per time step which is represented by rows and corresponding times given in the time output file 
# 
5.465033770110374993e-03,6.481603873268357643e-03,7.687269747487561478e-03,9.117205760499392381e-03,1.081312918757022443e-02,1.282451728068476071e-02,1.521005072903776519e-02,1.803932562267557271e-02,2.139488386450019014e-02,2.537462126633306669e-02,3.009464358337539044e-02,3.569265380965744305e-02,4.233196955619724505e-02,5.020628771576368665e-02,5.954533541964683596e-02,7.062157214872095967e-02,8.375813852769764534e-02,9.933828370248262707e-02,1.178165463370664801e-01,1.397320154268704429e-01,1.657240578025019895e-01,1.965509711616570399e-01,2.331121068169215715e-01,2.764741075734998832e-01
5.465033770110374993e-03,6.481603873268357643e-03,7.687269747487561478e-03,9.117205760499392381e-03,1.081312918757022443e-02,1.282451728068476071e-02,1.521005072903776519e-02,1.803932562267557271e-02,2.139488386450019014e-02,2.537462126633306669e-02,3.009464358337539044e-02,3.569265380965744305e-02,4.233196955619724505e-02,5.020628771576368665e-02,5.954533541964683596e-02,7.062157214872095967e-02,8.375813852769764534e-02,9.933828370248262707e-02,1.178165463370664801e-01,1.397320154268704429e-01,1.657240578025019895e-01,1.965509711616570399e-01,2.331121068169215715e-01,2.764741075734998832e-01
5.465033770110374993e-03,6.481603873268357643e-03,7.687269747487561478e-03,9.117205760499392381e-03,1.081312918757022443e-02,1.282451728068476071e-02,1.521005072903776519e-02,1.803932562267557271e-02,2.139488386450019014e-02,2.537462126633306669e-02,3.009464358337539044e-02,3.569265380965744305e-02,4.233196955619724505e-02,5.020628771576368665e-02,5.954533541964683596e-02,7.062157214872095967e-02,8.375813852769764534e-02,9.933828370248262707e-02,1.178165463370664801e-01,1.397320154268704429e-01,1.657240578025019895e-01,1.965509711616570399e-01,2.331121068169215715e-01,2.764741075734998832e-01
5.465033770110374993e-03,6.481603873268357643e-03,7.687269747487561478e-03,9.117205760499392381e-03,1.081312918757022443e-02,1.282451728068476071e-02,1.521005072903776519e-02,1.803932562267557271e-02,2.139488386450019014e-02,2.537462126633306669e-02,3.009464358337539044e-02,3.569265380965744305e-02,4.233196955619724505e-02,5.020628771576368665e-02,5.954533541964683596e-02,7.062157214872095967e-02,8.375813852769764534e-02,9.933828370248262707e-02,1.178165463370664801e-01,1.397320154268704429e-01,1.657240578025019895e-01,1.965509711616570399e-01,2.331121068169215715e-01,2.764741075734998832e-01
2.000000000000000909e-03,6.481603873268359378e-03,7.687269747487563212e-03,9.117205760499394115e-03,1.081312918757022616e-02,1.282451728068476418e-02,1.521005072903776865e-02,1.803932562267557618e-02,2.139488386450019361e-02,2.537462126633307363e-02,3.009464358337539391e-02,3.569265380965744999e-02,4.233196955619725199e-02,5.020628771576369359e-02,5.954533541964684290e-02,7.062157214872097355e-02,8.375813852769764534e-02,9.933828370248264095e-02,1.178165463370664801e-01,1.397320154268704429e-01,1.657240578025019895e-01,1.965509711616570676e-01,2.331121068169215715e-01,2.764741075734998832e-01
6.324491275395960170e-03,6.481603873268359378e-03,7.687269747487563212e-03,1.592059686441260613e-02,1.081312918757022616e-02,1.828866631254929057e-02,1.521005072903776865e-02,2.836629032276511905e-02,3.207666077862006415e-02,4.247435134503170506e-02,4.283385743012862318e-02,4.483743884610762176e-02,4.774125179018939846e-02,5.175754482948528856e-02,5.337907748199263031e-02,7.062157214872097355e-02,8.375813852769764534e-02,9.933828370248264095e-02,1.178165463370664801e-01,1.397320154268704429e-01,1.657240578025019895e-01,1.965509711616570676e-01,2.331121068169215715e-01,2.764741075734998832e-01
3.777149302300329779e-03,6.481603873268359378e-03,7.687269747487563212e-03,9.117205760499394115e-03,1.171673170937345514e-02,2.530501978161284887e-02,3.914811128733911016e-02,4.390597068843556799e-02,5.656276297791578561e-02,6.252372196728470111e-02,6.468886998134772137e-02,7.114808196129698836e-02,7.520895266202153040e-02,7.974641152749528672e-02,8.166529386935103552e-02,8.226849314314488293e-02,8.549600882863796214e-02,8.893429953736209370e-02,9.215761587227105922e-02,9.583582222459495481e-02,1.657240578025019895e-01,1.965509711616570676e-01,2.331121068169215715e-01,2.764741075734998832e-01
9.961804335265162305e-03,6.481603873268359378e-03,7.687269747487563212e-03,9.117205760499394115e-03,3.109942420681271677e-02,4.338960362504812318e-02,5.517358738416441866e-02,6.554161636039498862e-02,6.939958793857609054e-02,7.889652538869262877e-02,8.348591865623887498e-02,8.539673955592141930e-02,9.068548429703059133e-02,9.452629743252670413e-02,9.788138444935419458e-02,1.000191889256138167e-01,1.006838913214220393e-01,1.035738927045630337e-01,1.064273578242173890e-01,1.091541523889276444e-01,1.126399849611987442e-01,1.965509711616570676e-01,2.331121068169215715e-01,2.764741075734998832e-01
2.000000000000000475e-03,6.481603873268359378e-03,8.452749541614937648e-03,8.452749541614937648e-03,1.064979707696989998e-02,2.980575375705932922e-02,4.749552003169219688e-02,5.733402920918588552e-02,6.722019360031758484e-02,7.624019201785138533e-02,8.106912927648805833e-02,8.820867639186150133e-02,9.303305729056801643e-02,9.414870705561609321e-02,9.902454625050685633e-02,1.035051726388761945e-01,1.057125172350565911e-01,1.078974202046878994e-01,1.093842853876176163e-01,1.116570054432403647e-01,1.140809928653837568e-01,1.167242994426617442e-01,1.227726987025608701e-01,2.764741075734998832e-01
2.000000000000000909e-03,7.514139365260801180e-03,7.514139365260802048e-03,9.467222358135785748e-03,1.784801832534309643e-02,2.153544799765746628e-02,3.794174825763203113e-02,5.378406087827746623e-02,6.285293816241468989e-02,7.211465367730557352e-02,8.066572759797902004e-02,8.606103192084063602e-02,9.213028540190462690e-02,9.679249660843400327e-02,9.785910290779474552e-02,1.025768412008103425e-01,1.071428477626504561e-01,1.090696056499400601e-01,1.117494565519782240e-01,1.131834026029504420e-01,1.152716735450172725e-01,1.172292369581501986e-01,1.199901481508896944e-01,1.263524624219695136e-01
2.000000000000000475e-03,6.212486923276457594e-03,7.827243046832644754e-03,1.408124494473404417e-02,1.702941779050510737e-02,2.409051960301908032e-02,2.845049292956290665e-02,4.230767514120046396e-02,5.718194772763172951e-02,6.585475315926005158e-02,7.479434312752562819e-02,8.310055864813400972e-02,8.895664197684187424e-02,9.429760590488500682e-02,9.905992325585426250e-02,9.991370888276691897e-02,1.045484968385248375e-01,1.093507508326245770e-01,1.109338627631930030e-01,1.137668844934835305e-01,1.153441580246567649e-01,1.169561149906203912e-01,1.192988089361078641e-01,1.263121341305998013e-01
2.000000000000000909e-03,5.568958863882611868e-03,1.138067740024068485e-02,1.373397425838474711e-02,1.921799414090457139e-02,2.271808746237996557e-02,2.831727097301518087e-02,3.287113450876379128e-02,4.527854361037896014e-02,5.953183374416554791e-02,6.794458673592811138e-02,7.666883020675044347e-02,8.481069658314346893e-02,9.073572760177968377e-02,9.582575062844293778e-02,1.007178477448706783e-01,1.013650749840029619e-01,1.059425703471098962e-01,1.108154359880060835e-01,1.122540705744085460e-01,1.152095839715810005e-01,1.166426832034853645e-01,1.183014041254344673e-01,1.265620216232796469e-01
2.000000000000000909e-03,5.217864375243958311e-03,1.000686566620821207e-02,1.597286409123828410e-02,1.855112811771576428e-02,2.317398810003959420e-02,2.617494113259670116e-02,3.155073618238170285e-02,3.638770944033122012e-02,4.761189607547035990e-02,6.140297143766550864e-02,6.961753846520055133e-02,7.817484998373878946e-02,8.618887074713678376e-02,9.220175792546621285e-02,9.706137142238578652e-02,1.020883873855936985e-01,1.025401828366745427e-01,1.070722231010687586e-01,1.119885218280496642e-01,1.133251586463991240e-01,1.163427327959075247e-01,1.176868451679884547e-01,1.261019264529344985e-01
2.000000000000000909e-03,4.974229940904888007e-03,9.172596184769659516e-03,1.418537666702863152e-02,1.973015913201284569e-02,2.208496094828401105e-02,2.635148329811702259e-02,2.924543605112754283e-02,3.418401646737592031e-02,3.930835165319906954e-02,4.955790637774315499e-02,6.298085734695514637e-02,7.103440020575083058e-02,7.945455815645008357e-02,8.736169123712216045e-02,9.341534885549089562e-02,9.811567244588587089e-02,1.030756534072582858e-01,1.035432381791266399e-01,1.080371730396081781e-01,1.129860550044220757e-01,1.142417575176610800e-01,1.173793322879063544e-01,1.261973305013209257e-01
4.774987530731976230e-03,8.544699838263180441e-03,1.300213197648589225e-02,1.770507294304652160e-02,2.281425380104186440e-02,2.507529652564562811e-02,2.897998317772555385e-02,3.189080026789485600e-02,3.639444737093339849e-02,4.170960475569355369e-02,5.122379703812612872e-02,6.434386522283382093e-02,7.226270879289378724e-02,8.056705240464662188e-02,8.838335603727452694e-02,9.452107574822082858e-02,9.903582510414982165e-02,1.040090471608360739e-01,1.044193124560015284e-01,1.088808388373604386e-01,1.138896919899964749e-01,1.150441061114472752e-01,1.187570495490735817e-01,1.273944614333366587e-01
2.000000000000000909e-03,8.011089795558361260e-03,1.206847984285877411e-02,1.628395344711023110e-02,2.063364813680738583e-02,2.538701521984264645e-02,2.767807820357118948e-02,3.119845459763391504e-02,3.422621534130482202e-02,3.828375034458771087e-02,4.380378262806478712e-02,5.267063093028927917e-02,6.553654127062251422e-02,7.334077763056096044e-02,8.154578627324557405e-02,8.928379769735043936e-02,9.542675593405677836e-02,9.984704750327150213e-02,1.048109325958003074e-01,1.051923198178914970e-01,1.096258317321449210e-01,1.146499574772515129e-01,1.157540118057915207e-01,1.263923497784702754e-01
4.442040887745146889e-03,1.126123678360902054e-02,1.512778081661487160e-02,1.904288670429552660e-02,2.309455403291689121e-02,2.756704892607746149e-02,2.974800595852243948e-02,3.309878081354484386e-02,3.599087219709074664e-02,3.991908201392305872e-02,4.530803783214537583e-02,5.393920620283576550e-02,6.658774806479482444e-02,7.429385822608688961e-02,8.241368128946985339e-02,9.008294403212174783e-02,9.620487339545429062e-02,1.005684922341651549e-01,1.055642897553131787e-01,1.058799397594714503e-01,1.102893297097616021e-01,1.153427723187788051e-01,1.163987276613628608e-01,1.273396900816247679e-01
7.093895356466292483e-03,1.411625105925718923e-02,1.772297769826903721e-02,2.137717561406723282e-02,2.518994997119434337e-02,2.943928023949004408e-02,3.156040189397062157e-02,3.474595474769844039e-02,3.756245222524859373e-02,4.134875536833846482e-02,4.664756462589847441e-02,5.505843350267045078e-02,6.752033037847494923e-02,7.514291128448280510e-02,8.318815158504405671e-02,9.079694038112316734e-02,9.692675193077238127e-02,1.012138968768813152e-01,1.061343970366709355e-01,1.064959073416091029e-01,1.108828613161940008e-01,1.159137758647949129e-01,1.169789661197722236e-01,1.281899762725948744e-01
9.868537922450314193e-03,1.655826898960752538e-02,1.993260264709899310e-02,2.337447843343403234e-02,2.699583948999064245e-02,3.106509231173319036e-02,3.312142553124898525e-02,3.618740607898023737e-02,3.897649836797610623e-02,4.260877438297147601e-02,4.785274905919716798e-02,5.605396019751282544e-02,6.835372316453940111e-02,7.590200031229053790e-02,8.388229450502422690e-02,9.143808704600038528e-02,9.759346965393209117e-02,1.017940882385203472e-01,1.066651268430177657e-01,1.070498396767284449e-01,1.114169128046091639e-01,1.164500934556498418e-01,1.175035046085152052e-01,1.289595578682013466e-01
1.236252401603587896e-02,1.864969242468897739e-02,2.183197353314462325e-02,2.510218716809497347e-02,2.856831205445723235e-02,3.248987601258650215e-02,3.450059605150800762e-02,3.745878299257784233e-02,4.019899678885293509e-02,4.372677024157497344e-02,4.895351686634814153e-02,5.694424135277570409e-02,6.910201657885527149e-02,7.658479426625949826e-02,8.450773098388934812e-02,9.201520711663885299e-02,9.819248917415543398e-02,1.023169008429832827e-01,1.071834221719605296e-01,1.075491411319939861e-01,1.118996909426644842e-01,1.169495479839537250e-01,1.179796882669789798e-01,1.296597965716350387e-01
1.452954654424757144e-02,2.045555935793449964e-02,2.348107795794721064e-02,2.661123847884066390e-02,2.994961815321822707e-02,3.374822380134474137e-02,3.571500261473360693e-02,3.858771563796344062e-02,4.129019836927500658e-02,4.472453132951243610e-02,4.995680964387420875e-02,5.774418695393060408e-02,6.977675927857764082e-02,7.720232698291917828e-02,8.507230844987202778e-02,9.253696781129887305e-02,9.873169934645828483e-02,1.027901560951858251e-01,1.076718732497689290e-01,1.080014804171697818e-01,1.123371070798535598e-01,1.173800899433416062e-01,1.184123518807857628e-01,1.302951018340746947e-01
1.640616819463300291e-02,2.202870673789052158e-02,2.492553446791435576e-02,2.793998440628824714e-02,3.117178355962729394e-02,3.486668085185414684e-02,3.679063965300625322e-02,3.959574319911203510e-02,4.228321917504020838e-02,4.561929193379332670e-02,5.087642739133247521e-02,5.846579797036826481e-02,7.038690635830859021e-02,7.776030130112859817e-02,8.558369655253708630e-02,9.301071248297894389e-02,9.923392465326957845e-02,1.032201252240012718e-01,1.081141515704905215e-01,1.084125318484222417e-01,1.127349663612061403e-01,1.177830393771906736e-01,1.188078191956182944e-01,1.308781198325142670e-01
1.803991264242097228e-02,2.341055494499962378e-02,2.620057977848240169e-02,2.911819710638974962e-02,3.225995247605976946e-02,3.586636954622361012e-02,3.775616608598676704e-02,4.050025410009656240e-02,4.314400281678142102e-02,4.642515547001235809e-02,5.172080158424734175e-02,5.911909509369951687e-02,7.094076563385058598e-02,7.826739711604172034e-02,8.604910364988090088e-02,9.344210266473172710e-02,9.970069534723220717e-02,1.036118513062211782e-01,1.085202894912243449e-01,1.087871867536661652e-01,1.130978602252631221e-01,1.181594595266921566e-01,1.191703692129205128e-01,1.314150102928413055e-01
1.947230958375630733e-02,2.463312061392398944e-02,2.733347772297257255e-02,3.016910696473077205e-02,3.323395368537793160e-02,3.676413802801097030e-02,3.861828870538618758e-02,4.131528307666494648e-02,4.392370967348437072e-02,4.715364691476949671e-02,5.249658147923683821e-02,5.971238302838735579e-02,7.144494517104184317e-02,7.872951164755695452e-02,8.647375011987193383e-02,9.383592201234024210e-02,1.001343729509311525e-01,1.039696305119993530e-01,1.088966624864593918e-01,1.091294718700171057e-01,1.134288172100648556e-01,1.185165875819492176e-01,1.195036287435111561e-01,1.319110066851088003e-01
2.073696860688103299e-02,2.572150480702887695e-02,2.834575266861538018e-02,3.111123479266739503e-02,3.410976204772733777e-02,3.757370331932667618e-02,3.939740208227429652e-02,4.205238176413422790e-02,4.463152055715345623e-02,4.781435286906685761e-02,5.321152360456579689e-02,6.025266660798098139e-02,7.190449958672567865e-02,7.915126175229840466e-02,8.686211609718365312e-02,9.419626383519463797e-02,1.005373997832225558e-01,1.042971277835667426e-01,1.092418133450857309e-01,1.094428788086190679e-01,1.137319973547924745e-01,1.188504556172364640e-01,1.198106954509623734e-01,1.323704389672243908e-01
2.186063565569753772e-02,2.669566269819978466e-02,2.925466601092210212e-02,3.195957675623990746e-02,3.490043628261056685e-02,3.830638417595943340e-02,4.010397217186411484e-02,4.272117961425843380e-02,4.527905123185370362e-02,4.841533353437928178e-02,5.378127450425325418e-02,6.074509003324630313e-02,7.232435835002283542e-02,7.953738295900780741e-02,8.721745169075677262e-02,9.452619450975514870e-02,1.009121813775971238e-01,1.045975102460720424e-01,1.095598570765988905e-01,1.097304286060217932e-01,1.140102926113058107e-01,1.191615110692265667e-01,1.200942587794700950e-01,1.327970830193143659e-01
2.286451285674297521e-02,2.757155952478516914e-02,3.007414280648697952e-02,3.272633177869623683e-02,3.561668438909013773e-02,3.897153417363829336e-02,4.074700180705391472e-02,4.332969419932976990e-02,4.586870600165817574e-02,4.896330971857969228e-02,5.429762027412732284e-02,6.119555302668160807e-02,7.270906798798003334e-02,7.989114815565988292e-02,8.754349737082564586e-02,9.482925137995198983e-02,1.012608771521604084e-01,1.048734976787730200e-01,1.098546830375859290e-01,1.099944614020585271e-01,1.142662698067337390e-01,1.194513664848724233e-01,1.203566295317495399e-01,1.331941846740325730e-01
2.376578755487534708e-02,2.836233462986346293e-02,3.081574561148614846e-02,3.342171637547360075e-02,3.626754749173898007e-02,3.957711359234210302e-02,4.133355805760328960e-02,4.388480776478467793e-02,4.641062630043517323e-02,4.946417360366525684e-02,5.477538302733388903e-02,6.160847972878347872e-02,7.306222982285798251e-02,8.021617652807043475e-02,8.784335330130474406e-02,9.510809736605110865e-02,1.015855423198681468e-01,1.051267304197462810e-01,1.100731331746453850e-01,1.102375024802747655e-01,1.145020574348862563e-01,1.196857436826241211e-01,1.206011879621450150e-01,1.335646106774155684e-01
2.457834072443848550e-02,2.907874753447093480e-02,3.148901034028327162e-02,3.405421296173700291e-02,3.686057899327850607e-02,4.012981298210038794e-02,4.186835838518956215e-02,4.439233870513732694e-02,4.689556600878391074e-02,4.992290384773706569e-02,5.521819412461569099e-02,6.198766281311370724e-02,7.338677532647887303e-02,8.051521497744906775e-02,8.811953784693919711e-02,9.536504870607832862e-02,1.018880902929296950e-01,1.053597497358072649e-01,1.102849393922718246e-01,1.104615347510291834e-01,1.147195571076849718e-01,1.199045469577514345e-01,1.208284389995105818e-01,1.339108116833881701e-01
2.531362880829962289e-02,2.972981031031736443e-02,3.210198087638258674e-02,3.463102401826623905e-02,3.740223215377753291e-02,4.063538258553753973e-02,4.235757651979737276e-02,4.485732034267771867e-02,4.734076393219715378e-02,5.034383543196075533e-02,5.562922773501567664e-02,6.233643041781988109e-02,7.368561448649410539e-02,8.079079838149415271e-02,8.837428426265094006e-02,9.560215740142816165e-02,1.021702750981892394e-01,1.055746970860721723e-01,1.104856628507749489e-01,1.106683296689350560e-01,1.149204588084151019e-01,1.201022514158583271e-01,1.210396632968145647e-01,1.342349743033548481e-01
2.598114358319530623e-02,3.032308718028304748e-02,3.266144935772352653e-02,3.515826492111651796e-02,3.789801438015884261e-02,4.109875429153216769e-02,4.280565324240223624e-02,4.528409143804108111e-02,4.774986576093066121e-02,5.073072182746107828e-02,5.601128527833967169e-02,6.265768675777715069e-02,7.396114924293725745e-02,8.104509064231636695e-02,8.860921150107907429e-02,9.582112280068039167e-02,1.024337157720973113e-01,1.057732113000420943e-01,1.106750432364676101e-01,1.108594409455345986e-01,1.151062540683868984e-01,1.202860460145683125e-01,1.212365899544626674e-01,1.345390180974713190e-01
