# tendency to change, top row gives equation number (where number 0 is the first equation), penultimate column is gas-particle partitioning and final column is gas-wall partitioning (molecules/cc.s (air))
4.800000000000000000e+01,4.900000000000000000e+01,5.000000000000000000e+01,5.100000000000000000e+01,5.200000000000000000e+01,5.300000000000000000e+01,5.400000000000000000e+01,0.000000000000000000e+00,0.000000000000000000e+00
0.000000000000000000e+00,0.000000000000000000e+00,0.000000000000000000e+00,0.000000000000000000e+00,0.000000000000000000e+00,0.000000000000000000e+00,0.000000000000000000e+00,-3.286982199320087051e+10,-9.012513577296863794e+08
-2.487722579223709090e+03,-1.339542927274304702e+03,-4.473894663703074912e+05,-2.982596442468716996e+05,-2.143888985877698287e+07,-1.323064356669279002e+07,-2.811043250713765156e+06,6.554139346862274408e+07,1.299199854138671886e+06
-4.958355451381511557e+03,-2.669883704590044090e+03,-6.275180223656714661e+05,-4.183453482437810744e+05,-2.789869876208593324e+07,-1.721720395632226393e+07,-3.658046166357421316e+06,-7.020476556297038496e+07,1.721892946741577238e+06
-9.544575946973027385e+03,-5.139387048370090270e+03,-8.626384801943225320e+05,-5.750923201295484323e+05,-3.379221174530632049e+07,-2.085428452114183828e+07,-4.430796994576876983e+06,-7.829961936891689897e+07,2.103213283665527590e+06
-1.753899064356147574e+04,-9.444071884994638822e+03,-1.156693888553745812e+06,-7.711292590358307352e+05,-3.910241776167953759e+07,-2.413138718509244546e+07,-5.127065265954485163e+06,-7.101866894839590788e+07,2.452273940806274302e+06
-3.078981400141952327e+04,-1.657913061614897015e+04,-1.512713883973713964e+06,-1.008475922649142914e+06,-4.380183406567001343e+07,-2.703155144262502715e+07,-5.743247473645543680e+06,-6.337754015618671477e+07,2.767683856591552962e+06
-5.191370412058134389e+04,-2.795353298800533230e+04,-1.934448485216979869e+06,-1.289632323477986734e+06,-4.785798274339944869e+07,-2.953473410562938452e+07,-6.275085149921257049e+06,-5.623085186521945894e+07,3.047817015106201172e+06
-8.454685386715448112e+04,-4.552522900539086550e+04,-2.425866386794944294e+06,-1.617244257863296429e+06,-5.123623626121733338e+07,-3.161956538498202711e+07,-6.718037971313461661e+06,-4.965817222124811262e+07,3.290962829147338867e+06
-1.336003643373032100e+05,-7.193865772008632484e+04,-2.990165765116362832e+06,-1.993443843410908943e+06,-5.390483167207577825e+07,-3.326644332210271060e+07,-7.067941215744201094e+06,-4.368663830099017173e+07,3.495581701842041221e+06
-2.053996941964022117e+05,-1.105998353365242365e+05,-3.628014985146050341e+06,-2.418676656764034182e+06,-5.584181167638491839e+07,-3.446181734574104846e+07,-7.321915866658861749e+06,-3.832634349901950359e+07,3.660635530409179628e+06
-3.074521687006309512e+05,-1.655511677618781687e+05,-4.334713369535350241e+06,-2.889808913023567293e+06,-5.704244442055471987e+07,-3.520276727352415770e+07,-7.479341488709097728e+06,-3.357207238788750023e+07,3.785877899555908050e+06
-4.475433286320059560e+05,-2.409848692633877799e+05,-5.096925854482566938e+06,-3.397950569655045401e+06,-5.752285523394945264e+07,-3.549924457619608194e+07,-7.542332417038827203e+06,-2.939744089899953827e+07,3.871873977317383047e+06
-6.318779356269260170e+05,-3.402419653375754715e+05,-5.889592517361829057e+06,-3.926395011574553326e+06,-5.731862365107799321e+07,-3.537320655389953405e+07,-7.515553800403583795e+06,-2.576008362562154606e+07,3.919663864777832292e+06
-8.625080429362399736e+05,-4.644274077348983265e+05,-6.675114806174252182e+06,-4.450076537449502386e+06,-5.647826391418123990e+07,-3.485459294004541636e+07,-7.405366771964322776e+06,-2.260590871052799374e+07,3.930179581403015181e+06
-1.135033529752181144e+06,-6.111719006357897306e+05,-7.406556790841582231e+06,-4.937704527227722108e+06,-5.505631986022596061e+07,-3.397706452912546694e+07,-7.218923058596060611e+06,-1.987574167016646639e+07,3.903839611773071345e+06
-1.437921104653269518e+06,-7.742652101979141589e+05,-8.034916483613075688e+06,-5.356610989075385034e+06,-5.311130970363350213e+07,-3.277673483458501473e+07,-6.963895503098798916e+06,-1.751061638580748066e+07,3.840745517636840697e+06
-1.754070021867917851e+06,-9.444992425442632521e+05,-8.518015598653418943e+06,-5.678677065768946894e+06,-5.070905676893018931e+07,-3.129422559341321513e+07,-6.648914786135951057e+06,-1.545440869068975933e+07,3.741459055004577618e+06
-2.063926764663066482e+06,-1.111345180972420145e+06,-8.827518056931314990e+06,-5.885012037954211235e+06,-4.792671382342182845e+07,-2.957715031410473585e+07,-6.284097092231883667e+06,-1.365502689069599099e+07,3.607856051467529498e+06
-2.348757099535584450e+06,-1.264715361288391287e+06,-8.951944720329130068e+06,-5.967963146886087954e+06,-4.485275869456107169e+07,-2.768011157199311256e+07,-5.881043535126014613e+06,-1.206545078509521298e+07,3.443537856095581315e+06
-2.593039267244543415e+06,-1.396251913131677080e+06,-8.895771265481173992e+06,-5.930514176987450570e+06,-4.158211796224129945e+07,-2.566169167949507013e+07,-5.452200781762408093e+06,-1.064620117319465242e+07,3.253663394000366330e+06
-2.785684667855698615e+06,-1.499984051922298968e+06,-8.676056328011697158e+06,-5.784037552007799037e+06,-3.820897739989168197e+07,-2.358001577301007882e+07,-5.009918365370413288e+06,-9.365975146947683766e+06,3.044385861073761247e+06
-2.917973022101177368e+06,-1.571216242669864325e+06,-8.325364692703024484e+06,-5.550243128468683921e+06,-3.402647973464864492e+07,-2.099885899708211794e+07,-4.461513951221412979e+06,-8.261645933669501916e+06,2.777497619548370596e+06
-2.991079459795982111e+06,-1.610581247582451673e+06,-7.877852405384005979e+06,-5.251901603589338250e+06,-3.020317090354888514e+07,-1.863936945621111616e+07,-3.960205975115675479e+06,-7.283421634568648413e+06,2.517410412410492077e+06
-3.009880731558227912e+06,-1.620705009300583974e+06,-7.363134034899142571e+06,-4.908756023266096599e+06,-2.674579326528227329e+07,-1.650570808154658042e+07,-3.506878487580717541e+06,-6.360075749982419424e+06,2.272965664757965133e+06
-2.980006681577773765e+06,-1.604618982388031902e+06,-6.807409642916845158e+06,-4.538273095277898014e+06,-2.362846886534775421e+07,-1.458190473683174327e+07,-3.098138400176715571e+06,-5.508909010367163457e+06,2.044449283802917460e+06
-2.908007764554343186e+06,-1.565850334760030499e+06,-6.232550959402650595e+06,-4.155033972935101483e+06,-2.082667212601464614e+07,-1.285282388196358457e+07,-2.730769946592829656e+06,-4.735604783934293315e+06,1.832004300100937020e+06
-2.800868972169582266e+06,-1.508160215783620952e+06,-5.656161398297497071e+06,-3.770774265531665180e+06,-1.831624724741056561e+07,-1.130355817890896834e+07,-2.401605845377259422e+06,-4.041772535034704953e+06,1.635579165858627297e+06
-2.665311880659386516e+06,-1.435167935739669483e+06,-5.090967148639222607e+06,-3.393978099092815537e+06,-1.606939664130233601e+07,-9.916952822342177853e+06,-2.107001307863068767e+06,-3.425235038840860128e+06,1.454583763513244689e+06
-2.508264660383420531e+06,-1.350604047898764722e+06,-4.548001534252338111e+06,-3.032001022834892850e+06,-1.406679289453443326e+07,-8.681080230368278921e+06,-1.844422145262381760e+06,-2.885048331513246987e+06,1.288872515503555303e+06
-2.336084041182008572e+06,-1.257891406790312147e+06,-4.034617770002895501e+06,-2.689745180001930799e+06,-1.228636221882823296e+07,-7.582317942738403566e+06,-1.610974067154051503e+06,-2.415442380054545589e+06,1.137867416606323328e+06
-2.154546031607744284e+06,-1.160140170865708264e+06,-3.555664247757289093e+06,-2.370442831838192884e+06,-1.070700240663832799e+07,-6.607643093607220799e+06,-1.403890175695584854e+06,-2.010819878583241720e+06,1.000878996554191574e+06
-1.968769723342461977e+06,-1.060106774107479258e+06,-3.113997827733524609e+06,-2.075998551822350128e+06,-9.308998601579563692e+06,-5.744888997128647752e+06,-1.220585480976341525e+06,-1.665004590872931294e+06,8.771370042821731186e+05
-1.783166827066247351e+06,-9.601667530356714269e+05,-2.710871005279851146e+06,-1.807247336853234330e+06,-8.074066305337398313e+06,-4.982771688433744945e+06,-1.058662540035498096e+06,-1.371639481009369483e+06,7.658312330921173561e+05
-1.601413866555991583e+06,-8.622997742993799038e+05,-2.346275000729027204e+06,-1.564183333819351625e+06,-6.985334944754776545e+06,-4.310879782339924015e+06,-9.159093021968675312e+05,-1.124449935390911531e+06,6.661174542498626979e+05
-1.426476415701948805e+06,-7.681026853779723169e+05,-2.019269514590610517e+06,-1.346179676393740578e+06,-6.027420557149307802e+06,-3.719719329849136062e+06,-7.903086394863602472e+05,-9.174748700315472670e+05,5.771518002203674987e+05
-1.259876788338162936e+06,-6.783951937205491122e+05,-1.727014370808255160e+06,-1.151342913872170262e+06,-5.182464336160735227e+06,-3.198269074588705786e+06,-6.795189251959006069e+05,-7.447645757120962953e+05,4.977470825512771844e+05
-1.104059063214994734e+06,-5.944933417311508674e+05,-1.468791743989054579e+06,-9.791944959927031305e+05,-4.442225012369279750e+06,-2.741443058332789689e+06,-5.824595733001678018e+05,-6.017260247212630929e+05,4.274768197317771846e+05
-9.601540724648735486e+05,-5.170060390195471700e+05,-1.242224615763447015e+06,-8.281497438422981650e+05,-3.795305253884784412e+06,-2.342207612974351272e+06,-4.976361783939839806e+05,-4.839527919079849962e+05,3.655594535059737973e+05
-8.287833263523873175e+05,-4.462679449589777505e+05,-1.044749852620229358e+06,-6.964999017468197271e+05,-3.231384636439352296e+06,-1.994193665494915331e+06,-4.236955379946703324e+05,-3.874685540991730522e+05,3.112370963857212337e+05
-7.101456262098149164e+05,-3.823861064206694718e+05,-8.737379909080428770e+05,-5.824919939386954065e+05,-2.741170866706392262e+06,-1.691666636271602474e+06,-3.594192569982158020e+05,-3.088108710137161543e+05,2.637884635492058005e+05
-6.040866321033039130e+05,-3.252774172863943968e+05,-7.265668480380689725e+05,-4.843778986920460593e+05,-2.316276860770853236e+06,-1.429450580161033897e+06,-3.037076303458286566e+05,-2.449886446432745433e+05,2.225275985332679702e+05
-5.101776341850681929e+05,-2.747110337919597514e+05,-6.006911113411142724e+05,-4.004607408940762980e+05,-1.949159003403585637e+06,-1.202890084268296836e+06,-2.555715476490715228e+05,-1.934403047873585019e+05,1.868116911422786652e+05
-4.277845388887810986e+05,-2.303455209401128523e+05,-4.936868846951429150e+05,-3.291245897967619821e+05,-1.633037645827275235e+06,-1.007801204505294096e+06,-2.141220689458839770e+05,-1.519975070392321504e+05,1.560405459232387657e+05
-3.561284908285699203e+05,-1.917614950615376001e+05,-4.032809136087107472e+05,-2.688539424058072036e+05,-1.361821993881303119e+06,-8.404251116085665999e+05,-1.785605761208002514e+05,-1.188327038653579948e+05,1.296574153729057289e+05
-2.940524594966261648e+05,-1.583359397289525077e+05,-3.270395236530179973e+05,-2.180263491020120564e+05,-1.128902885288044577e+06,-6.966830743123772554e+05,-1.480204832108450064e+05,-9.233585770001377387e+04,1.070428090548973123e+05
-2.410149535934921005e+05,-1.297772827041880228e+05,-2.634831694517139113e+05,-1.756554463011426269e+05,-9.308819008520813659e+05,-5.744778164349384606e+05,-1.220561932935421355e+05,-7.133750070405006409e+04,8.786598777513981622e+04
-1.960763974222918041e+05,-1.055795986120032612e+05,-2.108472725154490909e+05,-1.405648483436327369e+05,-7.633133358829400968e+05,-4.710657474941921537e+05,-1.000847905440917966e+05,-5.479508863833951182e+04,7.169468571565533057e+04
-1.583126005899668089e+05,-8.524524647152057150e+04,-1.675472579748053395e+05,-1.116981719832035742e+05,-6.222185538597839186e+05,-3.839915201267548255e+05,-8.158460059350314259e+04,-4.183165234139843233e+04,5.813564573703241331e+04
-1.268380100454981293e+05,-6.829739002449897816e+04,-1.321733990890499845e+05,-8.811559939269999450e+04,-5.040469804630727158e+05,-3.110639582228403888e+05,-6.609007610966861830e+04,-3.172997605682056383e+04,4.683450718995118223e+04
-1.008204122394179576e+05,-5.428791428276350780e+04,-1.034810536788228201e+05,-6.898736911921523279e+04,-4.056346763349139947e+05,-2.503304908150780830e+05,-5.318636490405340737e+04,-2.390478284939098012e+04,3.747362604151630512e+04
