# chamber environmental conditions throughout the simulation, with rows corresponding to the time points in the time output file, first column is temperature (K), second is pressure (Pa) and third is relative humidity (fraction (0-1))
2.931499999999999773e+02,1.013250000000000000e+05,6.000002033565665638e-01
2.931499999999999773e+02,1.013250000000000000e+05,5.968899572040232693e-01
2.931499999999999773e+02,1.013250000000000000e+05,5.968899592146443833e-01
2.931499999999999773e+02,1.013250000000000000e+05,5.968899590554092027e-01
2.931499999999999773e+02,1.013250000000000000e+05,5.968899590003694522e-01
2.931499999999999773e+02,1.013250000000000000e+05,5.968899589530551886e-01
2.931499999999999773e+02,1.013250000000000000e+05,5.968899589115973514e-01
2.931499999999999773e+02,1.013250000000000000e+05,5.968899588766909403e-01
2.931499999999999773e+02,1.013250000000000000e+05,5.968899588255356381e-01
2.931499999999999773e+02,1.013250000000000000e+05,5.968899587859320954e-01
2.931499999999999773e+02,1.013250000000000000e+05,5.968899587561486975e-01
2.931499999999999773e+02,1.013250000000000000e+05,5.968899587340819046e-01
2.931499999999999773e+02,1.013250000000000000e+05,5.968899587176448307e-01
2.931499999999999773e+02,1.013250000000000000e+05,5.968899587049786293e-01
2.931499999999999773e+02,1.013250000000000000e+05,5.968899586945035640e-01
2.931499999999999773e+02,1.013250000000000000e+05,5.968899586848183114e-01
2.931499999999999773e+02,1.013250000000000000e+05,5.968899586744943475e-01
2.931499999999999773e+02,1.013250000000000000e+05,5.968899586617920638e-01
2.931499999999999773e+02,1.013250000000000000e+05,5.968899586443080496e-01
2.931499999999999773e+02,1.013250000000000000e+05,5.968899586185805184e-01
2.931499999999999773e+02,1.013250000000000000e+05,5.968899585797063922e-01
2.931499999999999773e+02,1.013250000000000000e+05,5.968899585212027459e-01
2.931499999999999773e+02,1.013250000000000000e+05,5.968899584687334947e-01
2.931499999999999773e+02,1.013250000000000000e+05,5.968899583848423784e-01
2.931499999999999773e+02,1.013250000000000000e+05,5.968899582497479983e-01
2.931499999999999773e+02,1.013250000000000000e+05,5.968899580702151653e-01
2.931499999999999773e+02,1.013250000000000000e+05,5.968899578706244879e-01
2.931499999999999773e+02,1.013250000000000000e+05,5.968899576282250541e-01
2.931499999999999773e+02,1.013250000000000000e+05,5.968899573466147634e-01
2.931499999999999773e+02,1.013250000000000000e+05,5.968899570296467560e-01
2.931499999999999773e+02,1.013250000000000000e+05,5.968899566824303893e-01
2.931499999999999773e+02,1.013250000000000000e+05,5.968899564055500928e-01
2.931499999999999773e+02,1.013250000000000000e+05,5.968899561154281663e-01
2.931499999999999773e+02,1.013250000000000000e+05,5.968899558158579088e-01
2.931499999999999773e+02,1.013250000000000000e+05,5.968899555102037402e-01
2.931499999999999773e+02,1.013250000000000000e+05,5.968899552013572363e-01
2.931499999999999773e+02,1.013250000000000000e+05,5.968899548914865516e-01
2.931499999999999773e+02,1.013250000000000000e+05,5.968899545825993025e-01
2.931499999999999773e+02,1.013250000000000000e+05,5.968899542762446941e-01
2.931499999999999773e+02,1.013250000000000000e+05,5.968899539736133297e-01
2.931499999999999773e+02,1.013250000000000000e+05,5.968899536755932766e-01
2.931499999999999773e+02,1.013250000000000000e+05,5.968899533828235793e-01
2.931499999999999773e+02,1.013250000000000000e+05,5.968899530957696431e-01
2.931499999999999773e+02,1.013250000000000000e+05,5.968899528147586508e-01
2.931499999999999773e+02,1.013250000000000000e+05,5.968899525400263029e-01
2.931499999999999773e+02,1.013250000000000000e+05,5.968899522715025441e-01
2.931499999999999773e+02,1.013250000000000000e+05,5.968899519205675963e-01
2.931499999999999773e+02,1.013250000000000000e+05,5.968899515792163157e-01
2.931499999999999773e+02,1.013250000000000000e+05,5.968899512476646407e-01
2.931499999999999773e+02,1.013250000000000000e+05,5.968899509261489378e-01
2.931499999999999773e+02,1.013250000000000000e+05,5.968899506149349943e-01
