# tendency to change, top row gives equation number (where number 0 is the first equation), penultimate column is gas-particle partitioning and final column is gas-wall partitioning (molecules/cc.s (air))
2.400000000000000000e+01,3.100000000000000000e+01,3.500000000000000000e+01,4.500000000000000000e+01,1.530000000000000000e+02,1.600000000000000000e+02,2.060000000000000000e+02,3.650000000000000000e+02,3.770000000000000000e+02,4.100000000000000000e+02,4.270000000000000000e+02,5.510000000000000000e+02,6.030000000000000000e+02,6.060000000000000000e+02,7.600000000000000000e+02,7.690000000000000000e+02,7.720000000000000000e+02,7.870000000000000000e+02,8.350000000000000000e+02,8.370000000000000000e+02,8.750000000000000000e+02,0.000000000000000000e+00,0.000000000000000000e+00
0.000000000000000000e+00,0.000000000000000000e+00,0.000000000000000000e+00,0.000000000000000000e+00,0.000000000000000000e+00,0.000000000000000000e+00,0.000000000000000000e+00,0.000000000000000000e+00,0.000000000000000000e+00,0.000000000000000000e+00,0.000000000000000000e+00,0.000000000000000000e+00,0.000000000000000000e+00,0.000000000000000000e+00,0.000000000000000000e+00,0.000000000000000000e+00,0.000000000000000000e+00,0.000000000000000000e+00,0.000000000000000000e+00,0.000000000000000000e+00,0.000000000000000000e+00,0.000000000000000000e+00,0.000000000000000000e+00
4.918320329047748237e+05,-1.689600304643716910e+01,-7.684449770643334432e+02,-1.225700873233081634e+00,7.719039008574664763e-05,9.547535047426319865e-02,3.973014859076121656e-08,1.334359262086486208e-07,3.328668838359776254e-04,2.083894116890733076e-04,5.541608579252927584e-05,2.576027095639172044e-08,6.196947585728698282e-11,1.059811986224179884e-09,2.219316686610283225e-12,3.975403871190506203e-04,7.358398125933103227e-11,3.469546451088460497e-12,9.616284188218264241e-11,0.000000000000000000e+00,8.298723965283732594e-05,3.159407010750676272e+04,-4.089242698252201075e-02
8.999406608757794602e+05,-6.515522593011306185e+01,-2.236503884570179252e+03,-3.567314311532483906e+00,4.653911405222201656e-04,4.133885756703840619e-01,6.630442120736341815e-07,3.144299554837809164e-06,1.560245697909254511e-03,1.588531649492366370e-03,5.378705170900786262e-04,3.022042888265031284e-07,2.210378029251562106e-09,3.493132209684596895e-08,1.095936605573543736e-10,2.897849541039192699e-03,2.559973616731402217e-09,2.283312540145889214e-10,3.495499407505820325e-09,7.947945985208520257e-12,3.843129929534195091e-04,-1.002348790180163924e+05,-7.475178772211074629e-02
1.505323745742993196e+06,-1.728812103893945107e+02,-4.787728044494612732e+03,-7.636620213665955781e+00,1.907693930388082350e-03,1.285121289067816086e+00,5.084924946486683826e-06,2.740457193841080316e-05,5.109470110688119765e-03,7.414415711401706362e-03,2.703262541425415898e-03,1.723070869223958435e-06,2.565702778784409284e-08,4.243545568733610287e-07,1.506433810218518528e-09,1.326224007816608971e-02,3.000448331248096967e-08,4.100061066327320163e-09,4.479838379053372037e-08,7.027949121189022264e-11,1.237984981274300447e-03,-2.447640890567040187e+05,-1.249441586732864401e-01
2.345348061344931368e+06,-3.818754005143869676e+02,-8.886884742988993821e+03,-1.417494123185795551e+01,6.434708899570849155e-03,3.378146160104448015e+00,2.732556716002750320e-05,1.510158374917788923e-04,1.433708162246658674e-02,2.689240208711130703e-02,9.979279121622386395e-03,7.315199422691698631e-06,1.805890501004890236e-07,3.392790986784222978e-06,1.308298018550907356e-08,4.760094022621236959e-02,2.189300380917959991e-07,4.091182399976308834e-08,3.648750033575159319e-07,4.076601976025539737e-10,3.401122265590460561e-03,-4.235655069371300633e+05,-1.945391447544097818e-01
3.450000247516197152e+06,-7.497360240989327167e+02,-1.507032938014067258e+04,-2.403778596057132333e+01,1.897760253340515305e-02,7.935136375268061038e+00,1.175946951672844404e-04,6.275499657126731639e-04,3.641629044468687459e-02,8.240731361931732946e-02,3.038066163952395787e-02,2.619752405913555453e-05,9.367978699297977772e-07,2.097727934377465993e-05,8.545421410056978435e-08,1.447715983334437462e-01,1.199429551207679403e-06,2.848094998122383721e-07,2.248560476356253315e-06,1.880076174590337567e-09,8.415196478146024298e-03,-6.621521482057869434e+05,-2.859844989776611501e-01
4.838541367899346165e+06,-1.350931377409892548e+03,-2.392721542646717717e+04,-3.816487805580594284e+01,5.054265394042160853e-02,1.715744087750412916e+01,4.330389627799107648e-04,2.141825136360980212e-03,8.591541408450945050e-02,2.232672221475449914e-01,8.079658342925362391e-02,8.357322743812954896e-05,3.932624175856390514e-06,1.075148875932942607e-04,4.542180470224204953e-07,3.892899529115338986e-01,5.383554139824341975e-06,1.542652625460204494e-06,1.135459041337347159e-05,7.413155713368869014e-09,1.923371717051832602e-02,-9.683647369821937755e+05,-4.008290705680846999e-01
6.515104580427666195e+06,-2.276173104505218362e+03,-3.607109319655693253e+04,-5.753485512833313464e+01,1.240704161284533619e-01,3.479467593257218283e+01,1.419064648418232565e-03,6.305611177231470847e-03,1.912108972387124017e-01,5.503187893828656030e-01,1.941953890360492985e-01,2.442802825368352217e-04,1.410443663898893482e-05,4.750724000226939458e-04,2.056755229909194637e-06,9.508091938558285161e-01,2.079616832519055639e-05,6.920097605078108006e-06,4.915873377668078038e-05,2.599638857520238729e-08,4.122527809241279678e-02,-1.345196116873706458e+06,-5.393586616516113930e-01
8.463987819231662899e+06,-3.629556296476108400e+03,-5.210251940086538525e+04,-8.310562946387481986e+01,2.845820238165364668e-01,6.700639349943800482e+01,4.242071213959043227e-03,1.651211819079690876e-02,4.055066079206525731e-01,1.257621997742249809e+00,4.310289173140923746e-01,6.645438157976438177e-04,4.473507756089041332e-05,1.856666371418508668e-03,8.171905494339043867e-06,2.147515087736739936e+00,7.127837925230262183e-05,2.673156639738709657e-05,1.877663321639402242e-04,8.309373485660251774e-08,8.366349180545705477e-02,-1.792770785726383794e+06,-7.002074756622314045e-01
1.064615136570614390e+07,-5.523377131791975444e+03,-7.256525370548442879e+04,-1.157445197611671546e+02,6.154070529832369463e-01,1.235106991611098977e+02,1.175319697819980982e-02,3.923373412040456754e-02,8.245697525422400753e-01,2.698071309977373655e+00,8.958023173326712385e-01,1.697036430878168505e-03,1.283804033750687672e-04,6.533714021227952917e-03,2.907039943309010007e-05,4.538809072424708546e+00,2.210892940003420263e-04,9.122923378974554171e-05,6.450301148475104038e-04,2.459357079003275013e-07,1.616819900762712370e-01,-2.309289501847418491e+06,-8.800706386566162776e-01
1.299888358203104325e+07,-8.069957988724771894e+03,-9.788507226998893020e+04,-1.561306562457552900e+02,1.261182282200406179e+00,2.188627951349324690e+02,3.045851723214910642e-02,8.566906716700463387e-02,1.612164752166473702e+00,5.475506913234123196e+00,1.757877795397826626e+00,4.082111550023308395e-03,3.382520749410978015e-04,2.093625210542111176e-02,9.375343403287262592e-05,9.041330647867550141e+00,6.280027811359802353e-04,2.794755905215738634e-04,2.016595717721689305e-03,6.802364730592415100e-07,2.982546571654094425e-01,-2.891842831485741306e+06,-1.073682260513305620e+00
1.544101657802629843e+07,-1.137408211087541531e+04,-1.283328965955211315e+05,-2.046961696887924518e+02,2.455402940880508034e+00,3.734302299026197716e+02,7.418275760578606215e-02,1.733260027374347867e-01,3.030505531499654737e+00,1.055419857866190370e+01,3.271736665338254468e+00,9.250584213704482126e-03,8.258499206758283546e-04,6.152777290513117975e-02,2.763093254240067795e-04,1.704042325601708541e+01,1.645472844535129150e-03,7.764235710021531560e-04,5.780942646233919527e-03,1.766552084994523819e-06,5.250966296588155391e-01,-3.537518828189284075e+06,-1.274253631591796943e+00
1.788299732701438665e+07,-1.552536057122529928e+04,-1.639926115598243196e+05,-2.615748598690133804e+02,4.544012646269531608e+00,6.132330177688938875e+02,1.700633917340436119e-01,3.266488787793037640e-01,5.464142206113484335e+00,1.935086518591801052e+01,5.785350902132359252e+00,1.970677835146790111e-02,1.878520968858138742e-03,1.664845086239336025e-01,7.474988037748826752e-04,3.043256393854441200e+01,3.993283380240475640e-03,1.968337068391448879e-03,1.526033570987069508e-02,4.313206746167282406e-06,8.805772414613626253e-01,-4.244231960543203168e+06,-1.474315177917480568e+00
2.023946721871548891e+07,-2.059202160588430343e+04,-2.047569623825841700e+05,-3.265956510662124401e+02,7.991156967287241564e+00,9.677966116821695550e+02,3.669043675946427330e-01,5.756674034233624226e-01,9.416034065287863797e+00,3.375123698340282630e+01,9.721785060033125703e+00,3.934651127928322917e-02,3.993063547034066303e-03,4.156241216558556606e-01,1.860905660218179327e-03,5.151779198508694435e+01,8.999218284957991032e-03,4.572372925482883800e-03,3.718853378811650540e-02,9.895167336309833458e-06,1.403027779883753379e+00,-5.011193733236316592e+06,-1.666764762878417905e+00
2.244009677400939912e+07,-2.661565906510079367e+04,-2.503494111947625352e+05,-3.993174541748859951e+02,1.335493590064028702e+01,1.465887117553143753e+03,7.446319803863007403e-01,9.523096578765274378e-01,1.545370745784413025e+01,5.599756172719968816e+01,1.552527569424266574e+01,7.344779625224287511e-02,7.948925745294575101e-03,9.589261097575101367e-01,4.272274464853731413e-03,8.270169882355422430e+01,1.888121221335241351e-02,9.769052069021325405e-03,8.385369189953756353e-02,2.130840755177437526e-05,2.120091546652162595e+00,-5.839211080031913705e+06,-1.845768157958984412e+00
2.443560286741407961e+07,-3.360742494654244365e+04,-3.003644416075587505e+05,-4.790934541247316361e+02,2.123427734813531487e+01,2.130330234464157456e+03,1.422301804528073088e+00,1.485417824723650027e+00,2.410267503447814263e+01,8.844624386334814403e+01,2.358115502435123645e+01,1.280970793612382641e-01,1.485462918838844140e-02,2.049804251640725106e+00,9.071617893617316131e-03,1.260713399136772495e+02,3.701166355338801617e-02,1.928448278938400470e-02,1.754978087346793503e-01,4.306189149280281720e-05,3.038175238318338689e+00,-6.730597859856895171e+06,-2.007256546020507848e+00
2.619865070523772016e+07,-4.154766308732029574e+04,-3.543150640639617923e+05,-5.651468828411320828e+02,3.220412702853504783e+01,2.973896989448864133e+03,2.561892147700596034e+00,2.196456298123948159e+00,3.571632705157332310e+01,1.332638050760003239e+02,3.413622755367121897e+01,2.090606797617815260e-01,2.614266353032419429e-02,4.075303948606380011e+00,1.789170167857090377e-02,1.829975170322640565e+02,6.810885797528849761e-02,3.537728148229730279e-02,3.424547420703516476e-01,8.177081330490741434e-05,4.137260247066532948e+00,-7.688207267579369247e+06,-2.148997390747070302e+00
2.772131465184429288e+07,-5.039065989287274715e+04,-4.116780361485547037e+05,-6.566431474714676142e+02,4.676004014905981165e+01,3.997591675638773722e+03,4.366291613999316645e+00,3.097378910954032172e+00,5.036996645128445493e+01,1.921532362071842783e+02,4.724645096228250907e+01,3.204308497780758991e-01,4.350140155058624530e-02,7.574485442072121266e+00,3.295620605883700649e-02,2.538983644550521888e+02,1.183306368549069815e-01,6.072288553763764696e-02,6.265520032727670552e-01,1.463072367342170891e-04,5.373422197318616256e+00,-8.713428682125469670e+06,-2.270378456115722532e+00
2.901097930976764113e+07,-6.007384322659338795e+04,-4.719315737035569036e+05,-7.527499811431327998e+02,6.528312524403115447e+01,5.191274997858172355e+03,7.071577179207046093e+00,4.190698956421313071e+00,6.781559170423334137e+01,2.661682051750056530e+02,6.276328054914048948e+01,4.635117637032390991e-01,6.874950105300310643e-02,1.323894556886502549e+01,5.704656458501718846e-02,3.381994761367594720e+02,1.952725346553917662e-01,9.822553970560209124e-02,1.081524778740570625e+00,2.476160074332527800e-04,6.687065385115271710e+00,-9.803512183052036911e+06,-2.372062728881835891e+00
3.008586984246297553e+07,-7.052863937108367099e+04,-5.345836075780914398e+05,-8.526825136234857609e+02,8.802429046165916304e+01,6.535679587550804172e+03,1.093493480567258658e+01,5.470847257307330125e+00,8.750558051509740665e+01,3.556238140633222429e+02,8.035391238444535134e+01,6.362834135637835953e-01,1.036723532800606640e-01,2.189384684061790409e+01,9.338792649851253291e-02,4.344419633051991809e+02,3.078808104615455843e-01,1.508020318767471502e-01,1.772421046197744987e+00,3.981869339429231869e-04,8.012887915462775013e+00,-1.095011716163382493e+07,-2.455613006591796932e+00
3.097092799346466362e+07,-8.169038495797941869e+04,-5.991905812877175631e+05,-9.557332543484210419e+02,1.151015376031701010e+02,8.004859467882592071e+03,1.622007005651168043e+01,6.925866525978267241e+00,1.086693906282072817e+02,4.600857025812384791e+02,9.954314438703599421e+01,8.335285260301440458e-01,1.498484072181663351e-01,3.446170188517415056e+01,1.454714046222255197e-01,5.404681010865401731e+02,4.662874215947399037e-01,2.211732364529463701e-01,2.774110652751910155e+00,6.112522922178193407e-04,9.288445379152610926e+00,-1.213815858460830338e+07,-2.523146423339843736e+00
3.092097026069544256e+07,-9.115420296347682597e+04,-6.645370853333128616e+05,-1.059963575922518430e+03,1.461654473183379537e+02,9.546720392392588110e+03,2.306387460668300093e+01,8.518884665582085347e+00,1.302200681088317822e+02,5.767775993548810902e+02,1.190957033286422018e+02,1.041125398519896939e+00,2.070321582358610746e-01,5.163386879495045889e+01,2.157024890776457760e-01,6.525331323988846179e+02,6.788286630102369212e-01,3.102437385098138489e-01,4.149381595687272828e+00,8.973728717962523894e-04,1.044700147872111451e+01,-1.341084176274080016e+07,-2.512903381347656229e+00
3.077723556569467857e+07,-1.006881482675974839e+05,-7.294909545071463799e+05,-1.163567628967906103e+03,1.808217420273488756e+02,1.112171729600993604e+04,3.150618678582447174e+01,1.021452019328156524e+01,1.512125287590285154e+02,7.028424786774465929e+02,1.379689167841631274e+02,1.244746617447933135e+00,2.737133075894602197e-01,7.384770178215060810e+01,3.052479224699464200e-01,7.674379153588096187e+02,9.522335359125696508e-01,4.176294531308471503e-01,5.951489802900061576e+00,1.260651063951583615e-03,1.145291362090939380e+01,-1.470731897308102623e+07,-2.494882415771484396e+00
3.058970405779037252e+07,-1.103722747809190187e+05,-7.939263057802992407e+05,-1.266344624953100492e+03,2.188336099470926115e+02,1.270901786618043843e+04,4.162256685354540764e+01,1.198982850817611556e+01,1.709289441512430017e+02,8.365184446264847793e+02,1.558875630236617269e+02,1.436893289897415160e+00,3.490713335331446787e-01,1.015924389324179486e+02,4.153986477319373538e-01,8.827640040208350456e+02,1.294198144453858168e+00,5.431743376358258990e-01,8.244604633310206765e+00,1.707427473291622550e-03,1.228870781674335788e+01,-1.589234406028524041e+07,-2.473247406005859350e+00
3.037522722274146229e+07,-1.202282994829012168e+05,-8.577677169360832777e+05,-1.368174262386628698e+03,2.598929173716182959e+02,1.428689885844846867e+04,5.345108039336120953e+01,1.382121345632926079e+01,1.888130697490907153e+02,9.757843243923538239e+02,1.726309429170046030e+02,1.611355091963492914e+00,4.321300184350173046e-01,1.352414536351415961e+02,5.469336593695671711e-01,9.961628036026784230e+02,1.711544401930158887e+00,6.861388324788090243e-01,1.108920080873320657e+01,2.242370715858380426e-03,1.294570814435017603e+01,-1.696729452672582492e+07,-2.449403839111328196e+00
3.014777481123180315e+07,-1.302892608484323719e+05,-9.209728192868113983e+05,-1.468988961494991599e+03,3.036566592641102602e+02,1.583474428828207601e+04,6.699975274531803393e+01,1.568608418074308197e+01,2.044941022015989347e+02,1.118531300903326382e+03,1.880296303340871873e+02,1.763482386934426493e+00,5.218670079990821442e-01,1.750621679834438282e+02,7.001827675619380909e-01,1.105520073505301070e+03,2.210242060806285824e+00,8.453874960967143748e-01,1.454157176048897782e+01,2.868418318980084716e-03,1.342454858762789272e+01,-1.792668339885975048e+07,-2.424513885498047028e+00
2.991869164079569653e+07,-1.405973940933353442e+05,-9.835264149878046010e+05,-1.568764481100161220e+03,3.497603718205032806e+02,1.733358270784934939e+04,8.225047878217637276e+01,1.756315831503309965e+01,2.177782648602360496e+02,1.262644769739323692e+03,2.019603253710151876e+02,1.890285531300882171e+00,6.172915026675070971e-01,2.212169309254051939e+02,8.750673981606872376e-01,1.209007726325809244e+03,2.795326164444883243e+00,1.019501536417208198e+00,1.865281955880688258e+01,3.586853745573524883e-03,1.373345071435388220e+01,-1.876777778438018262e+07,-2.399518005371093832e+00
2.969627520995285362e+07,-1.512001399487227900e+05,-1.045443545095094829e+06,-1.667524812295921492e+03,3.978848039838080126e+02,1.876886212257423176e+04,9.917427883963446789e+01,1.943545587674419650e+01,2.286493067519865576e+02,1.406299307378716549e+03,2.143643938278396490e+02,1.990661925510420760e+00,7.176216672068027602e-01,2.737892372355871657e+02,1.071275683822773717e+00,1.305307297461589314e+03,3.470950824846793736e+00,1.207065339854131114e+00,2.346807383978067918e+01,4.397775890941827727e-03,1.388672628511124252e+01,-1.948999251864220574e+07,-2.375100494384765781e+00
2.948768188489207253e+07,-1.621535548811104381e+05,-1.106740282342881663e+06,-1.765295591744534022e+03,4.476050271358018335e+02,2.012308953123417814e+04,1.177052018255340471e+02,2.128199242629231946e+01,2.371414537443399411e+02,1.547326968234146989e+03,2.251567752377287377e+02,2.064020128752586558e+00,8.219754318933318871e-01,3.327378914496637208e+02,1.288031798500026248e+00,1.393001892614509416e+03,4.240074226106708366e+00,1.406226797591324518e+00,2.902568537766303081e+01,5.299396917775632890e-03,1.390039629766565277e+01,-2.010597514393886179e+07,-2.351849548339843832e+00
2.929777207196813449e+07,-1.735163844343895034e+05,-1.167452030448311241e+06,-1.862133289809286907e+03,4.985372710081542778e+02,2.138292948785336921e+04,1.377676096425329888e+02,2.308535400774722035e+01,2.434151718872668937e+02,1.683855456812794955e+03,2.343064290865082455e+02,2.111225035802132499e+00,9.296901345630371738e-01,3.979418570436498044e+02,1.524380923110806307e+00,1.471139420410220737e+03,5.104651136037601233e+00,1.615178016571445330e+00,3.535651282530574946e+01,6.288992845915220009e-03,1.379394126577341240e+01,-2.061719679113362730e+07,-2.330160552978515653e+00
2.912983636142491922e+07,-1.853500949387424043e+05,-1.227623058724456234e+06,-1.958108517838175430e+03,5.503088318306654401e+02,2.253738197075897915e+04,1.592735278603227869e+02,2.482978575867909754e+01,2.476984318891677503e+02,1.814178075317263165e+03,2.418087979872354367e+02,2.134026608491499388e+00,1.040255347677480957e+00,4.692001449343208606e+02,1.779198263952477932e+00,1.539069233534087971e+03,6.065612013039705097e+00,1.832094197710009809e+00,4.248393789401043108e+01,7.362982138586973181e-03,1.358807924855477545e+01,-2.103253630877361447e+07,-2.310297729492187369e+00
2.898585010169485956e+07,-1.977181957398388477e+05,-1.287303036281259265e+06,-2.053300500073984040e+03,6.025604782853789629e+02,2.357763452228328970e+04,1.821251982468930350e+02,2.650108090308219744e+01,2.502554689382157562e+02,1.936765646583379521e+03,2.476798551188303747e+02,2.134758241053832162e+00,1.153301645781104723e+00,5.462400708535195690e+02,2.051245093464755254e+00,1.596405613743834238e+03,7.122875700890572759e+00,2.055165627792328920e+00,5.042360306517636559e+01,8.517153704892064386e-03,1.330351387239950789e+01,-2.136155509604835138e+07,-2.292415161132812518e+00
2.886678879246198013e+07,-2.106859492067887331e+05,-1.346544639932323014e+06,-2.147793258168696411e+03,6.549545086166178862e+02,2.449720933490743118e+04,2.062187596471967197e+02,2.808680328485112199e+01,2.513696602842451000e+02,2.050296254000921635e+03,2.519556742627191568e+02,2.116153704121576773e+00,1.268601876438285592e+00,6.287281355655364905e+02,2.339231744057288509e+00,1.643017157023182790e+03,8.275436171857746714e+00,2.282637985708461326e+00,5.918379030296618026e+01,9.746955109262808725e-03,1.296027454234093668e+01,-2.161420587479365990e+07,-2.276583557128906143e+00
2.877279517908342183e+07,-2.243199708124600293e+05,-1.405401617306147935e+06,-2.241672521767445232e+03,7.071808414150819999e+02,2.529194206096363996e+04,2.314477611200281615e+02,2.957640288307926824e+01,2.513244365332990924e+02,2.153675255972238119e+03,2.546899918650713630e+02,2.081143213359051281e+00,1.386062052969046166e+00,7.162818041802728430e+02,2.641877575054664806e+00,1.678998453827121011e+03,9.521451391381077656e+00,2.512849225052759206e+00,6.876575349849041174e+01,1.104775941280649286e-02,1.257699299924966319e+01,-2.180022828116479889e+07,-2.262804260253906463e+00
2.870340922380855680e+07,-2.386883439471448655e+05,-1.463927107746483292e+06,-2.335023050276538015e+03,7.589588616428694650e+02,2.595983246772052371e+04,2.577055194488979737e+02,3.096117183794703465e+01,2.503911655590351870e+02,2.246035365753783481e+03,2.559518972107074717e+02,2.032709865263869986e+00,1.505710693462571470e+00,8.084778243191599358e+02,2.957954327658590454e+00,1.704637988272785833e+03,1.085834127909952329e+01,2.744244329449507358e+00,7.916434765604306278e+01,1.241508308024007884e-02,1.217052673123644269e+01,-2.192905647317440435e+07,-2.251028717041015703e+00
2.865708574655735120e+07,-2.538577703823173943e+05,-1.522178986940286122e+06,-2.427937157761600702e+03,8.101750742183762668e+02,2.650476838283013785e+04,2.849291257200618475e+02,3.223974953933731769e+01,2.488150602862914980e+02,2.327199183851954785e+03,2.558474938064308049e+02,1.973708545961379457e+00,1.627888717701637455e+00,9.049918251158724161e+02,3.286800536951377083e+00,1.720618426602309000e+03,1.228401475875371673e+01,2.975957795254920768e+00,9.037454645316742585e+01,1.384640692231051129e-02,1.175398832576008168e+01,-2.201337175940658897e+07,-2.241118164062500195e+00
2.863328847983054817e+07,-2.699029277593817096e+05,-1.580197457408451010e+06,-2.520478968872331734e+03,8.604842008056790519e+02,2.692421946201924584e+04,3.129814653254428549e+02,3.340149143976997692e+01,2.468074111463536155e+02,2.396269994017527097e+03,2.544353128195154170e+02,1.906737617459926426e+00,1.752606391796989405e+00,1.005242641384912531e+03,3.626983730032759645e+00,1.727230016832285401e+03,1.379381851627440803e+01,3.206173573849202096e+00,1.023761703382487127e+02,1.533657567603840394e-02,1.134108340925414460e+01,-2.205504832302380353e+07,-2.233018066406250224e+00
2.863060964605253190e+07,-2.868980856589816976e+05,-1.638027997961346060e+06,-2.612721024153916915e+03,9.097050971894577742e+02,2.722160883787521016e+04,3.417689783453425321e+02,3.444298097849819129e+01,2.445613129398697936e+02,2.453038909676084586e+03,2.518186580389885307e+02,1.834345272437072127e+00,1.880191832146059561e+00,1.108740661341927989e+03,3.977649041318869649e+00,1.725138625139185478e+03,1.538366008947115127e+01,3.433746125357397094e+00,1.151492966326232192e+02,1.688260760728958407e-02,1.094224903311847363e+01,-2.206358914827093482e+07,-2.226601348876953157e+00
2.864745725234140828e+07,-3.049198253237757017e+05,-1.695712629579195520e+06,-2.704730348772362959e+03,9.576896351876595190e+02,2.740168273470992426e+04,3.712055637309326812e+02,3.536237594779360904e+01,2.422357411914932754e+02,2.497493384301954393e+03,2.481074544920741687e+02,1.758816269166937563e+00,2.011061449600717754e+00,1.214986237702729795e+03,4.338116217554196297e+00,1.715073565430834151e+03,1.704913407140766424e+01,3.657678636403673966e+00,1.286703369362748788e+02,1.848225348256047479e-02,1.056566315762553288e+01,-2.204534737327829748e+07,-2.221726135253906165e+00
2.868218414929141104e+07,-3.240479655356707517e+05,-1.753289603570898529e+06,-2.796567955115179302e+03,1.004321230533206290e+03,2.747026201783868237e+04,4.012135409904135486e+02,3.615926642872210550e+01,2.399567165328079454e+02,2.529796782229555902e+03,2.434164336420251971e+02,1.682150684815999275e+00,2.145714625717286772e+00,1.323474660069080983e+03,4.707893851980720967e+00,1.697799437413906162e+03,1.878562317083279609e+01,3.877122062888212373e+00,1.429127728543805063e+02,2.013405037616128324e-02,1.021741894753689550e+01,-2.200602711286927387e+07,-2.218245971679687401e+00
2.873313030146409944e+07,-3.443660627979373676e+05,-1.810793276528858347e+06,-2.888288643339263217e+03,1.049514017984654629e+03,2.743399802251942310e+04,4.317246073408421125e+02,3.683455884718381412e+01,2.378191821992073471e+02,2.550268729757277015e+03,2.378629445599346752e+02,1.606049758844521058e+00,2.284727408713225660e+00,1.433702434632973564e+03,5.086689423291150369e+00,1.674090186975224469e+03,2.058839505247441082e+01,4.091378170095535616e+00,1.578478007177751863e+02,2.183736238003300412e-02,9.901691850433415709e+00,-2.195053859856222197e+07,-2.216013305664062738e+00
2.879868123189935461e+07,-3.659621066133431741e+05,-1.868254238061473938e+06,-2.979941205109399107e+03,1.093207272646382307e+03,2.730009145743087720e+04,4.626788675843753822e+02,3.739020766661271011e+01,2.358905250127624527e+02,2.559354232342307569e+03,2.315649547008867444e+02,1.531928773078826467e+00,2.428749928157479587e+00,1.545164628748036421e+03,5.474402412734973744e+00,1.644708172304789059e+03,2.245261892826686534e+01,4.299879093034288502e+00,1.734445795402580472e+02,2.359230997736571842e-02,9.621006248355918444e+00,-2.188263915523187816e+07,-2.214884399414062344e+00
2.887729237250532582e+07,-3.889290937545085908e+05,-1.925699374880293151e+06,-3.071568525819865499e+03,1.135362169657019649e+03,2.707606363529961891e+04,4.940244084272177929e+02,3.782904046312327040e+01,2.342140648171808834e+02,2.557599139070267483e+03,2.246392563004374949e+02,1.460928835378924484e+00,2.578501964244537259e+00,1.657355877340674169e+03,5.871118590482579336e+00,1.610386199936320963e+03,2.437340031257641471e+01,4.502178366425521716e+00,1.896704539511897281e+02,2.539971699570655467e-02,9.376480305477292276e+00,-2.180570457736961916e+07,-2.214721496582031435e+00
2.896751066138354316e+07,-4.133656456637964002e+05,-1.983152041714409133e+06,-3.163207857209820759e+03,1.175957902877909191e+03,2.676955460001902611e+04,5.257163570092357077e+02,3.815457524157479696e+01,2.328128966821175254e+02,2.545625528756715539e+03,2.171997850208376803e+02,1.393937414264329266e+00,2.734770308827966456e+00,1.769769348902405682e+03,6.277099024761104040e+00,1.571814490419723143e+03,2.634578601532812314e+01,4.697938427081829182e+00,2.064909862854181597e+02,2.726102089919857363e-02,9.168077927750161393e+00,-2.172230801494808495e+07,-2.215393981933593714e+00
2.906784558673000708e+07,-4.393777389485804597e+05,-2.040631153067493113e+06,-3.254889368678973824e+03,1.215067957227972784e+03,2.638903591726857849e+04,5.577480736427366992e+02,3.837332865787637814e+01,2.316836542463842079e+02,2.524265538241903414e+03,2.093484734651033250e+02,1.331380006743269284e+00,2.898416421219217387e+00,1.882049827228016966e+03,6.693044909089640448e+00,1.529637844590373334e+03,2.836619593742759093e+01,4.887294652738090051e+00,2.238795488344937894e+02,2.917988498419397253e-02,8.993791869917187043e+00,-2.163741185983053222e+07,-2.216768249511718913e+00
2.917728879059825465e+07,-4.670773875829399913e+05,-2.098154193929865025e+06,-3.346640949495317273e+03,1.252603215034129107e+03,2.594055969958729838e+04,5.900488415375782552e+02,3.848663373988561887e+01,2.308311187723415685e+02,2.494009491651688222e+03,2.011899991258627836e+02,1.273934392088984957e+00,3.070313318348143028e+00,1.993524398249504202e+03,7.119184802549787250e+00,1.484410183562371458e+03,3.042796284856214939e+01,5.069651054704447546e+00,2.417887803737935428e+02,3.115673827021219963e-02,8.853294994115911365e+00,-2.154587048194155470e+07,-2.218750061035156484e+00
2.929470506224794313e+07,-4.965834762058671331e+05,-2.155735575753369369e+06,-3.438485586508447795e+03,1.288576588085854837e+03,2.543140141447089263e+04,6.225876042791387590e+02,3.849923005743160331e+01,2.302408335697118673e+02,2.455594476206494164e+03,1.928262084549465385e+02,1.221915913125551700e+00,3.251456154501640938e+00,2.103666174945226885e+03,7.556225424051548067e+00,1.436665367379467170e+03,3.252583927065528968e+01,5.244924786950595497e+00,2.601779567065876222e+02,3.319417162125526399e-02,8.744496660516908548e+00,-2.145271735420025140e+07,-2.221234436035156357e+00
2.941908046076250449e+07,-5.280226738962359959e+05,-2.213387100144219585e+06,-3.530442103758436133e+03,1.323003511690137884e+03,2.486844566338249206e+04,6.553339340174109111e+02,3.841595893255140481e+01,2.298907650155129545e+02,2.409756048912300230e+03,1.843505176518074222e+02,1.175482644422403133e+00,3.442905723582525557e+00,2.211933624457970382e+03,8.004978948626000346e+00,1.386876715581733606e+03,3.465432377959344024e+01,5.413090626524284410e+00,2.790029081014980648e+02,3.529480209570055177e-02,8.664958844556933215e+00,-2.135827444080026075e+07,-2.224126037597656147e+00
2.954951869055157900e+07,-5.615297572050737217e+05,-2.271118193831510842e+06,-3.622525537260129113e+03,1.355901199269146900e+03,2.425818425775500145e+04,6.882572664063831098e+02,3.824173701962453720e+01,2.297542083947887477e+02,2.357220375284487091e+03,1.758481450309667764e+02,1.134663992790112541e+00,3.645793692067749614e+00,2.317771379931287811e+03,8.466353676778044957e+00,1.335461541252383086e+03,3.680764269861327875e+01,5.574182210851403418e+00,2.982157841508173988e+02,3.746114493958289937e-02,8.612062571058732630e+00,-2.126298233544991538e+07,-2.227338562011718981e+00
2.968523339446692914e+07,-5.972477656440981664e+05,-2.328936153019826859e+06,-3.714747524755455743e+03,1.387286643686402613e+03,2.360670401762156689e+04,7.213253320184265931e+02,3.798150083625742468e+01,2.298018353534233427e+02,2.298696129957638277e+03,1.673960585437467614e+02,1.099385059230756356e+00,3.861325979820967369e+00,2.420608257476164454e+03,8.941336629000012692e+00,1.282785489821797455e+03,3.897968067126452496e+01,5.728288088972306014e+00,3.177643985961137219e+02,3.969542978746583295e-02,8.583127044903992697e+00,-2.116698209559211507e+07,-2.230794982910156321e+00
