# tendency to change, top row gives equation number (where number 0 is the first equation), penultimate column is gas-particle partitioning and final column is gas-wall partitioning (molecules/cc.s (air))
2.300000000000000000e+01,3.000000000000000000e+01,4.400000000000000000e+01,0.000000000000000000e+00,0.000000000000000000e+00
0.000000000000000000e+00,0.000000000000000000e+00,-9.627558715688761324e+06,-4.649526004082528114e+09,-3.004171192432288080e+07
6.128540620561959222e+06,-2.238366441426559468e+05,-1.457190574689860083e+07,1.472658016947010346e+07,-3.192860267639160199e+00
7.871342431536765769e+06,-3.902296790538394707e+05,-1.917330888676481694e+07,-2.111680179374567792e+07,-2.959578979492187401e+00
9.365586567157832906e+06,-5.910503099853059975e+05,-2.342947184682515636e+07,-2.942710339853475615e+07,-2.731098693847656467e+00
1.058901490165300108e+07,-8.209435082712650765e+05,-2.734623288485483453e+07,-3.201267510631104186e+07,-2.505665618896484315e+00
1.151947734733750671e+07,-1.074897695968066808e+06,-3.092700524983318523e+07,-3.336681037235751003e+07,-2.281694854736328271e+00
1.213940725646079890e+07,-1.347935434167549713e+06,-3.417309636863841116e+07,-3.395179519391831011e+07,-2.058114685058593629e+00
1.244015578990038857e+07,-1.634878542324115057e+06,-3.708479489429099858e+07,-3.394258244735828787e+07,-1.834635269165039162e+00
1.242729579885181785e+07,-1.930280571077756584e+06,-3.966267459108643979e+07,-3.348597716926066577e+07,-1.612062042236328097e+00
1.212570813400467113e+07,-2.228588437257723417e+06,-4.190928618321204931e+07,-3.271660268867008761e+07,-1.392545364379882855e+00
1.158245905563180149e+07,-2.524576820841278415e+06,-4.383188549086346477e+07,-3.175785214024172723e+07,-1.179558288574218849e+00
1.086409967562386394e+07,-2.813803953287516721e+06,-4.544350740405486524e+07,-3.071362557505137846e+07,-9.775704345703125631e-01
1.004791415290767886e+07,-3.092957842872093432e+06,-4.676414061391025037e+07,-2.966766837635717168e+07,-7.912555847167969114e-01
9.208612142837844789e+06,-3.359821472470632289e+06,-4.782029650331158936e+07,-2.868198347351416573e+07,-6.245019531250000089e-01
8.405633272136760876e+06,-3.612902537033833563e+06,-4.864318080910964310e+07,-2.779870614724256471e+07,-4.796016540527343608e-01
7.676404608223858289e+06,-3.851038147475887090e+06,-4.926601916387056559e+07,-2.704271500595157593e+07,-3.569686279296875320e-01
7.037255927362759598e+06,-4.073277169249011669e+06,-4.972140009635993838e+07,-2.642296018136807159e+07,-2.554220581054687522e-01
6.489317373468559235e+06,-4.279050070234989747e+06,-5.003931894487562031e+07,-2.593300711486278847e+07,-1.727802429199218892e-01
6.025315183710784651e+06,-4.468406269691712223e+06,-5.024613259329702705e+07,-2.555203696462165192e+07,-1.064455261230468769e-01
5.634679528429057449e+06,-4.642116420340125449e+06,-5.036426846972186863e+07,-2.524985155293810740e+07,-5.381399536132812356e-02
5.306509976876677945e+06,-4.801610623532696627e+06,-5.041239666301646829e+07,-2.499045720863930881e+07,-1.249484252929687449e-02
4.915750891461847350e+06,-4.570516980628962629e+06,-4.769405206905788928e+07,-2.354882168478804454e+07,1.720813507080078075e+00
4.591285910194973461e+06,-4.363944948647710495e+06,-4.525610683209067583e+07,-2.231934993336294591e+07,1.541895904541015661e+00
4.319809171422991902e+06,-4.183370790962785482e+06,-4.307278256158430129e+07,-2.108760531488060951e+07,1.380532730102539185e+00
4.090221546026253607e+06,-4.026449598976287525e+06,-4.111891345955070853e+07,-1.988977218622780219e+07,1.235458358764648379e+00
3.894401561429513618e+06,-3.891211993064018898e+06,-3.937127280264517665e+07,-1.873739225570549816e+07,1.105355941772460993e+00
3.726217835864739958e+06,-3.775928749106450006e+06,-3.780845390731061995e+07,-1.763704636893237010e+07,9.889141845703125488e-01
3.580805824937031139e+06,-3.678777190204119775e+06,-3.640895782438778132e+07,-1.659071106656760536e+07,8.847097015380859242e-01
3.454633331497305539e+06,-3.598628559417520184e+06,-3.515706694540297240e+07,-1.560899840427875705e+07,7.917157745361328436e-01
3.344744394112869631e+06,-3.534232880493851379e+06,-3.403690704181701690e+07,-1.468799414468894340e+07,7.088397369384765723e-01
3.248705957583806477e+06,-3.484444133254781365e+06,-3.303407121306916699e+07,-1.382772545824695565e+07,6.350697631835937607e-01
3.164520377201101743e+06,-3.448230413830289617e+06,-3.213562888841343671e+07,-1.302693686551974714e+07,5.694833068847656721e-01
3.090504604177343659e+06,-3.424665280113159213e+06,-3.132994868601590768e+07,-1.228355543688188680e+07,5.112415466308594114e-01
3.025234821389700286e+06,-3.412917151089482475e+06,-3.060656742288898677e+07,-1.159483237166148052e+07,4.595833892822265843e-01
2.967491832928537857e+06,-3.412249509180793539e+06,-2.995610828887442499e+07,-1.095769875209359825e+07,4.138229064941406077e-01
2.916115814598907717e+06,-3.421771222992638592e+06,-2.936855650604416430e+07,-1.037007499926230684e+07,3.732084197998046804e-01
2.870338360322012100e+06,-3.441187195941610262e+06,-2.883821875005077198e+07,-9.826281775206601247e+06,3.373374633789062438e-01
2.829362511408194434e+06,-3.470013737848758232e+06,-2.835836805848385021e+07,-9.324091431982448325e+06,3.057154083251953369e-01
2.792495130231347866e+06,-3.507830402510287240e+06,-2.792296620589997992e+07,-8.860201797914398834e+06,2.778976135253906077e-01
2.759131050384616479e+06,-3.554282707587148994e+06,-2.752660795151973516e+07,-8.431513647929718718e+06,2.534865264892577907e-01
2.728741378741127905e+06,-3.609075098974366672e+06,-2.716444382574646175e+07,-8.035076664707705379e+06,2.321262664794921937e-01
2.700864124584689271e+06,-3.671968465187900234e+06,-2.683213130200050026e+07,-7.667969033162659034e+06,2.134990692138671875e-01
2.675096690556105226e+06,-3.742775300911515020e+06,-2.652578120197264850e+07,-7.327576081069998443e+06,1.973215789794921793e-01
2.651088727184328251e+06,-3.821355229965221137e+06,-2.624190826378450170e+07,-7.011411216730359010e+06,1.833412780761718708e-01
2.628517845919593237e+06,-3.907561834024517797e+06,-2.597698193644721806e+07,-6.717993740493141115e+06,1.712993774414062476e-01
2.607149897916882765e+06,-4.001411512015706394e+06,-2.572871798517268151e+07,-6.443256069634949788e+06,1.610391387939453245e-01
2.586752423033096362e+06,-4.102875321132040117e+06,-2.549458310910713673e+07,-6.186518125185149722e+06,1.523808288574218794e-01
2.567128651702232659e+06,-4.211953584896918386e+06,-2.527229890942506865e+07,-5.945884705945622176e+06,1.451639709472656303e-01
2.548111026787202805e+06,-4.328670590512319468e+06,-2.505981545888936147e+07,-5.719750426590000279e+06,1.392452697753906177e-01
2.529557601323680487e+06,-4.453068178421366960e+06,-2.485528594589762762e+07,-5.506645676473721862e+06,1.344964294433593777e-01
