# tendency to change, top row gives equation number (where number 0 is the first equation), penultimate column is gas-particle partitioning and final column is gas-wall partitioning (molecules/cc.s (air))
6.000000000000000000e+00,7.000000000000000000e+00,1.400000000000000000e+01,3.800000000000000000e+01,0.000000000000000000e+00,0.000000000000000000e+00
0.000000000000000000e+00,0.000000000000000000e+00,0.000000000000000000e+00,0.000000000000000000e+00,0.000000000000000000e+00,0.000000000000000000e+00
-4.840342724244765704e+05,-1.397978426854411373e+06,-1.693824619823935209e+05,2.052277771440509008e+06,2.127948748915015181e-06,-7.716266471266553356e-14
-6.915604007185071241e+05,-1.997351378092987929e+06,-2.420039454873266804e+05,2.930915723486816045e+06,-3.309027921707413496e-06,-1.034128204076278889e-13
-9.728341187123112613e+05,-2.809720691999003757e+06,-3.404325851012517815e+05,4.122987395907636266e+06,-5.301310314765898522e-06,-1.380384842888937688e-13
-1.341514058524523396e+06,-3.874534965768996160e+06,-4.694480693744235905e+05,5.685497093716725707e+06,-6.804702961058135564e-06,-1.784509224417307898e-13
-1.813252959176633041e+06,-5.237002137600436807e+06,-6.345279018854909809e+05,7.684782998719831929e+06,-8.465735921675780960e-06,-2.265470311346717989e-13
-2.408530623219744768e+06,-6.956271577246166766e+06,-8.428387639672710793e+05,1.020764096450048126e+07,-1.034209925130632309e-05,-2.845186742456151950e-13
-3.153144714678237215e+06,-9.106851599145729095e+06,-1.103408264006719925e+06,1.336340457790613361e+07,-1.245739341555962184e-05,-3.546973166568267910e-13
-4.078219969169246498e+06,-1.177863606291439384e+07,-1.427128160368026234e+06,1.728398419258749485e+07,-1.484393141672727765e-05,-4.392132595121278723e-13
-5.219078333814213052e+06,-1.507364113328142464e+07,-1.826358979448566213e+06,2.211907844668199122e+07,-1.754360064049405551e-05,-5.393258062369455385e-13
-6.611885568154329434e+06,-1.909632005769177526e+07,-2.313756530467197765e+06,2.802196215644889697e+07,-2.060296470659257452e-05,-6.544283032150488881e-13
-8.288090921583446674e+06,-2.393750395017616823e+07,-2.900326131863726769e+06,3.512592100375460088e+07,-2.406250870873645559e-05,-7.808663438080287531e-13
-1.026632884969484620e+07,-2.965101248508349434e+07,-3.592588706129662227e+06,4.350993004103500396e+07,-2.794503126396413918e-05,-9.113074045385972385e-13
-1.254428670759597234e+07,-3.623016632614986598e+07,-4.389734968653859571e+06,5.316418800252472609e+07,-3.224502391354622640e-05,-1.035420943429343702e-12
-1.509413022317491658e+07,-4.359457506683497876e+07,-5.282024622476228513e+06,6.397072991261398047e+07,-3.692677888402208329e-05,-1.142196393022487642e-12
-1.786443720034084842e+07,-5.159572211463313550e+07,-6.251463036437332630e+06,7.571162235155038536e+07,-4.193193204817148031e-05,-1.222933185274222107e-12
-2.078826028779974952e+07,-6.004025142395836115e+07,-7.274622722303891554e+06,8.810313443422700465e+07,-4.718925105974119814e-05,-1.273230951226445065e-12
-2.379367770221989229e+07,-6.872043989079359174e+07,-8.326335444127767347e+06,1.008404530373582542e+08,-5.261832661125631378e-05,-1.293116488887413561e-12
-2.681284379271247610e+07,-7.744033701803174615e+07,-9.382859363592822105e+06,1.136360401746514738e+08,-5.812470440687654555e-05,-1.285796719097120970e-12
-2.978757389568497241e+07,-8.603189498528048396e+07,-1.042383339844607748e+07,1.262433022798995227e+08,-6.359778075109647248e-05,-1.256114934289342890e-12
-3.267165813373580202e+07,-9.436165131809262931e+07,-1.143308691092166118e+07,1.384663963635320067e+08,-6.890790000902062107e-05,-1.209322086914710277e-12
-3.542027959711693972e+07,-1.023001666842651218e+08,-1.239493671688300371e+07,1.501153829995150268e+08,-7.434039475642147663e-05,-1.139450589437984708e-12
-3.799461129600878060e+07,-1.097353017225175798e+08,-1.329579573938574269e+07,1.610257087591136396e+08,-7.958271754820338880e-05,-1.063243354471055136e-12
-4.039199348276939243e+07,-1.166593746011365652e+08,-1.413473322819430754e+07,1.711861013141173124e+08,-8.391752158598348636e-05,-9.886102769751658605e-13
-4.261785388700221479e+07,-1.230880615838180333e+08,-1.491364855689956620e+07,1.806195640311234891e+08,-8.741136175734001994e-05,-9.170115500278798170e-13
-4.468029466723701358e+07,-1.290447631681730747e+08,-1.563537698665506952e+07,1.893604348267941475e+08,-9.009524361868640559e-05,-8.493339365145402432e-13
-4.658915164525370300e+07,-1.345578869844917059e+08,-1.630336045551085472e+07,1.974503990907320380e+08,-9.201472021600832270e-05,-7.861489792482245888e-13
-4.835713862002672255e+07,-1.396641527811516225e+08,-1.692204801672003418e+07,2.049433394247928858e+08,-9.322714118132889604e-05,-7.276041713577541631e-13
-4.999361359511040151e+07,-1.443905881630822420e+08,-1.749471440058091655e+07,2.118789161670482755e+08,-9.384264846721902299e-05,-6.738561098007523393e-13
-5.150967270932198316e+07,-1.487692407838726342e+08,-1.802524257871575281e+07,2.183041560815016031e+08,-9.391405873071111306e-05,-6.248254413865339230e-13
-5.291622854380707443e+07,-1.528316281493936777e+08,-1.851745128882202134e+07,2.242653079928123951e+08,-9.352331214519623876e-05,-5.803815206206763921e-13
-5.422373745118757337e+07,-1.566079500951152146e+08,-1.897499961950678751e+07,2.298066871746281981e+08,-9.274836530031003469e-05,-5.402825964395674410e-13
-5.544209363564180583e+07,-1.601267828702415824e+08,-1.940134993602483347e+07,2.349702264513538778e+08,-9.166206727119077878e-05,-5.042760653495292657e-13
-5.658058484501899034e+07,-1.634149511685329378e+08,-1.979975238356652856e+07,2.397952884070701599e+08,-9.032999384339879473e-05,-4.720693835835732142e-13
-5.764781029677800089e+07,-1.664972910835889280e+08,-2.017321616368926689e+07,2.443183175544000864e+08,-8.881061061703351077e-05,-4.433704514639203225e-13
-5.865332429982937127e+07,-1.694013971856731772e+08,-2.052508470167037472e+07,2.485798061978060603e+08,-8.717206104275746262e-05,-4.178091206341605317e-13
-5.960245794091606140e+07,-1.721426666164405942e+08,-2.085722355268986523e+07,2.526023481208865643e+08,-8.543016631409205584e-05,-3.951661775580817268e-13
-6.050176055554565042e+07,-1.747400150400733352e+08,-2.117192458465764299e+07,2.564137001912446618e+08,-8.363033905444978294e-05,-3.751868815626835680e-13
-6.135717190516455472e+07,-1.772105975607361197e+08,-2.147126635173937678e+07,2.600390358286712170e+08,-8.180226749387663166e-05,-3.576086649026422300e-13
-6.217402983482771367e+07,-1.795698308393098712e+08,-2.175711677407625318e+07,2.635009774592555761e+08,-7.997056561394026860e-05,-3.421846139772810602e-13
-6.295711882482881844e+07,-1.818315333192712963e+08,-2.203115012789459527e+07,2.668198022830047309e+08,-7.815477894577293897e-05,-3.286810268399165117e-13
-6.371069513143314421e+07,-1.840079978376713693e+08,-2.229485584323004633e+07,2.700135488232797384e+08,-7.636861578226717534e-05,-3.168830753352836226e-13
-6.443852623960420489e+07,-1.861101055717377365e+08,-2.254955230997726321e+07,2.730981841321730614e+08,-7.462316894435437641e-05,-3.065924181200330406e-13
-6.514393023018576205e+07,-1.881474397384085655e+08,-2.279640065400303900e+07,2.760877706333388686e+08,-7.292576815655558661e-05,-2.976263124843114947e-13
-6.583024316096051037e+07,-1.901296354752693474e+08,-2.303656829200020805e+07,2.789964469388421178e+08,-7.129137605185826491e-05,-2.897931339340687209e-13
-6.649944139728977531e+07,-1.920624008825439215e+08,-2.327074683126558736e+07,2.818325891215767860e+08,-6.969986045349748651e-05,-2.829702028250835869e-13
-6.715373560755385458e+07,-1.939521207699050903e+08,-2.349970986736796051e+07,2.846055662586518526e+08,-6.816534084336329439e-05,-2.770232931936789298e-13
-6.779502554943819344e+07,-1.958042819807683229e+08,-2.372412220314791054e+07,2.873234297469302416e+08,-6.668609943023335240e-05,-2.718261171708036078e-13
-6.842492727648010850e+07,-1.976235519697138667e+08,-2.394454935876156017e+07,2.899930286182640791e+08,-6.526077704215816548e-05,-2.672633225841991443e-13
-6.904480106352768838e+07,-1.994138594562571049e+08,-2.416146734743059799e+07,2.926201278802380562e+08,-6.388709551014461337e-05,-2.632303819360970408e-13
