# tendency to change, top row gives equation number (where number 0 is the first equation), penultimate column is gas-particle partitioning and final column is gas-wall partitioning (molecules/cc.s (air))
0.000000000000000000e+00,1.000000000000000000e+00,2.000000000000000000e+00,8.000000000000000000e+00,9.000000000000000000e+00,1.500000000000000000e+01,1.900000000000000000e+01,3.800000000000000000e+01,3.900000000000000000e+01,5.000000000000000000e+01,5.100000000000000000e+01,1.700000000000000000e+02,2.390000000000000000e+02,2.480000000000000000e+02,2.800000000000000000e+02,3.980000000000000000e+02,5.080000000000000000e+02,6.230000000000000000e+02,6.420000000000000000e+02,6.610000000000000000e+02,6.800000000000000000e+02,8.790000000000000000e+02,0.000000000000000000e+00,0.000000000000000000e+00
0.000000000000000000e+00,0.000000000000000000e+00,0.000000000000000000e+00,0.000000000000000000e+00,0.000000000000000000e+00,0.000000000000000000e+00,0.000000000000000000e+00,0.000000000000000000e+00,0.000000000000000000e+00,0.000000000000000000e+00,0.000000000000000000e+00,0.000000000000000000e+00,0.000000000000000000e+00,0.000000000000000000e+00,0.000000000000000000e+00,0.000000000000000000e+00,0.000000000000000000e+00,0.000000000000000000e+00,0.000000000000000000e+00,0.000000000000000000e+00,0.000000000000000000e+00,0.000000000000000000e+00,0.000000000000000000e+00,0.000000000000000000e+00
9.954656427054506540e+07,2.861396906684483960e+07,-1.110020267353016288e-01,-1.147401392184916884e+08,-1.731288276513809251e+04,-5.347300134987642650e+02,-8.625531863016232137e+01,-2.052277771440509008e+06,-5.056752956344214035e+05,-4.473894663703074912e+05,-2.982596442468716996e+05,1.131663563014442819e-01,1.058065908146116341e-01,2.644589662538582645e-02,3.595739197246273361e-02,8.180894635811029880e-02,2.095205838687250015e-04,2.419428535617058433e-08,5.877981527968340059e-03,5.372086492000615037e-04,2.116096073479322814e-04,1.794877409638597295e-10,3.102290693449383602e+06,-1.852298611132068618e+05
1.375601658774910569e+08,3.954071504216890037e+07,-2.190607212999399478e-01,-1.588422038132596314e+08,-3.414485290037100640e+04,-1.011836043604534552e+03,-1.672004657530042095e+02,-2.930915723486816045e+06,-7.221691408339323243e+05,-6.275180223656714661e+05,-4.183453482437810744e+05,4.419628850461316816e-01,2.050785611794715690e-01,5.125165773964143745e-02,1.448004948185486196e-01,1.564774267189434354e-01,1.833831793623411522e-03,2.559769558197313932e-07,2.563974465122971849e-02,1.795816408130537388e-03,1.808537508079277904e-03,5.282766551167160203e-09,-4.828415050801799633e+06,-2.439488563422222214e+05
1.857902578187640905e+08,5.340412026374934614e+07,-4.162013037108777680e-01,-2.144974006840417385e+08,-6.482032998450028390e+04,-1.764239514933613009e+03,-3.006286037590228375e+02,-4.122987395907636266e+06,-1.015892146441358840e+06,-8.626384801943225320e+05,-5.750923201295484323e+05,1.130432460970005382e+00,3.686609945858677628e-01,9.212014065380566552e-02,3.832478211668099433e-01,2.762585444203423668e-01,7.580125338801264011e-03,1.200438065367679734e-06,7.356354884467669608e-02,4.042526142307872362e-03,7.295128912058572446e-03,5.193710401068759424e-08,-7.745970580458702520e+06,-3.263381129562835558e+05
2.435052985041194260e+08,6.999390817821884155e+07,-7.522208191460265647e-01,-2.810251777563745975e+08,-1.170283949987971573e+05,-2.895128162778371461e+03,-5.123232186279014968e+02,-5.685497093716725707e+06,-1.400890008020626847e+06,-1.156693888553745812e+06,-7.711292590358307352e+05,2.378106272182474168e+00,6.282628977577198182e-01,1.569623292041728013e-01,8.373955142158633347e-01,4.600049311163260657e-01,2.238351498874227227e-02,4.076747617723349737e-06,1.744537137159762608e-01,7.811804758468591202e-03,2.095951819513043601e-02,3.244457422103092640e-07,-9.955894795631369576e+06,-4.224041695412673871e+05
3.098055771163507104e+08,8.905146315497979522e+07,-1.293568203486608725e+00,-3.569210109774262309e+08,-2.009799526120808150e+05,-4.530482525186667772e+03,-8.389385780050173480e+02,-7.684782998719831929e+06,-1.893508261328782421e+06,-1.512713883973713964e+06,-1.008475922649142914e+06,4.464798173669862535e+00,1.029151239690564656e+00,2.570652107222983762e-01,1.634208652829670427e+00,7.320713020211034872e-01,5.443318928429654452e-02,1.166181392837602292e-05,3.668102560214591135e-01,1.386963215122089324e-02,4.937133488328021569e-02,1.553762760012059278e-06,-1.240235851574228518e+07,-5.366362211727752583e+05
3.834911082949265242e+08,1.102318577297995538e+08,-2.126910310640200752e+00,-4.402254070018469095e+08,-3.299030680862014997e+05,-6.829575840186743335e+03,-1.334281234638299793e+03,-1.020764096450048126e+07,-2.515133153165099677e+06,-1.934448485216979869e+06,-1.289632323477986734e+06,7.786336425157037944e+00,1.637931651032287439e+00,4.090278361844507660e-01,2.957985802514928153e+00,1.124630109855376148e+00,1.166775711036429908e-01,2.998088941305549759e-05,7.078353450961125670e-01,2.327333512750322936e-02,1.019289625619376471e-01,6.181735016569738505e-06,-1.517078256364297494e+07,-6.742591042722015409e+05
4.629772018251045942e+08,1.330795836978752762e+08,-3.361593647746980107e+00,-5.284334714832296968e+08,-5.203315556342315977e+05,-9.992871815147382222e+03,-2.077648773350552347e+03,-1.336340457790613361e+07,-3.292704162493508309e+06,-2.425866386794944294e+06,-1.617244257863296429e+06,1.290129154436642622e+01,2.552583421911954975e+00,6.372553752256480131e-01,5.070761656618713253e+00,1.679332217135797833e+00,2.289377927753399877e-01,7.152396233990244057e-05,1.279412746623876940e+00,3.743716732517972379e-02,1.913337704260003047e-01,2.133431763374961054e-05,-1.829694331921687722e+07,-8.408586112306900322e+05
5.462396404520305395e+08,1.570127938569513261e+08,-5.129742506523908396e+00,-6.184705840992352962e+08,-7.919754443831993267e+05,-1.426809164504455657e+04,-3.185048242579611724e+03,-1.728398419258749485e+07,-4.258723618193563074e+06,-2.990165765116362832e+06,-1.993443843410908943e+06,2.058764964949661191e+01,3.915101860121235067e+00,9.770975876939218541e-01,8.335227516643772816e+00,2.447696271029909720e+00,4.206768449059077875e-01,1.610303394336059190e-04,2.194213001099458715e+00,5.817686494459436974e-02,3.337479849964995471e-01,6.558468885486677170e-05,-2.182958211854694039e+07,-1.041596532527847332e+06
6.308162094070008993e+08,1.813237416590289772e+08,-7.581207175607355353e+00,-7.067918371644870043e+08,-1.166732579334444134e+06,-1.995125526297172473e+04,-4.822720406032253777e+03,-2.211907844668199122e+07,-5.450076830894090235e+06,-3.628014985146050341e+06,-2.418676656764034182e+06,3.190164307082758199e+01,5.924550521857213425e+00,1.478082709443004905e+00,1.323584365418563813e+01,3.488417875003747781e+00,7.342040449411124658e-01,3.451854899346408403e-04,3.599947623067536018e+00,8.768423713979574263e-02,5.482531789428566338e-01,1.828175577426993507e-04,-2.583173825127797574e+07,-1.279639829953277716e+06
7.138990165399224758e+08,2.052053179917591810e+08,-1.086935610875593028e+01,-7.896558790046888590e+08,-1.666239507088560378e+06,-2.737666659857100967e+04,-7.219464854430989362e+03,-2.802196215644889697e+07,-6.904530271149809472e+06,-4.334713369535350241e+06,-2.889808913023567293e+06,4.821632641855930501e+01,8.843314702162221153e+00,2.205452839875766458e+00,2.038790175624894019e+01,4.858780604950446502e+00,1.227461639080557498e+00,7.070331092937556100e-04,5.677782946100982109e+00,1.283510230593106205e-01,8.551350740103690340e-01,4.673296154028870673e-04,-3.037359237175099552e+07,-1.553848510933593847e+06
7.925900462059090137e+08,2.278245083696530759e+08,-1.512672201560300600e+01,-8.636473895986038446e+08,-2.307878207586933393e+06,-3.689209339331802039e+04,-1.067065322143845151e+04,-3.512592100375460088e+07,-8.654925144727090374e+06,-5.096925854482566938e+06,-3.397950569655045401e+06,7.119942510985111994e+01,1.298393778217486272e+01,3.236868418962992600e+00,3.052104023397770760e+01,6.598588162180356598e+00,1.974743543743538776e+00,1.384182803701402599e-03,8.631083816399213404e+00,1.823776481230727775e-01,1.272827729146613907e+00,1.104197917653573042e-03,-3.551660848977269977e+07,-1.855887599939331179e+06
8.642606273156201839e+08,2.484257195305175781e+08,-2.043156366378886801e+01,-9.262756614809210300e+08,-3.099551969236387406e+06,-4.881272072719493008e+04,-1.552014992124946730e+04,-4.350993004103500396e+07,-1.072072067568615451e+07,-5.889592517361829057e+06,-3.926395011574553326e+06,1.026665549045667376e+02,1.865706119499299831e+01,4.649456179847033077e+00,4.441539768094504836e+01,8.707151668145820977e+00,3.062318235129025457e+00,2.584541351823388226e-03,1.265945123711473386e+01,2.511308759989691608e-01,1.813642299554035331e+00,2.424396709943323850e-03,-4.129629841643162817e+07,-2.168633807365295477e+06
9.269452560115209818e+08,2.664439810306976140e+08,-2.677575730657944675e+01,-9.764419390836070776e+08,-4.035019083506713621e+06,-6.335876583666082297e+04,-2.210710306929240323e+04,-5.316418800252472609e+07,-1.309950186054527014e+07,-6.675114806174252182e+06,-4.450076537449502386e+06,1.442585384808670312e+02,2.606982141171105738e+01,6.494583700110950097e+00,6.277653725834028364e+01,1.112085321188103926e+01,4.575897176108337128e+00,4.586346227743537396e-03,1.791841185034076389e+01,3.343764381812801001e-01,2.479232478935961659e+00,4.965338026375664369e-03,-4.770632955361895263e+07,-2.467596271417511161e+06
9.796123266853604317e+08,2.815827649972326159e+08,-3.404897472908129430e+01,-1.014505624587412000e+09,-5.092171480411719531e+06,-8.059334350365668070e+04,-3.067755766255451454e+04,-6.397072991261398047e+07,-1.576220247116217762e+07,-7.406556790841582231e+06,-4.937704527227722108e+06,1.969661810811483917e+02,3.519386675937398934e+01,8.765141944766918769e+00,8.606014797020199580e+01,1.370394542283337103e+01,6.579372698632233174e+00,7.705437379440322788e-03,2.447303753590219699e+01,4.296943566918349777e-01,3.257253292400423828e+00,9.515750303329864601e-03,-5.469546191431447864e+07,-2.726294298738830723e+06
1.022190701793552160e+09,2.938216234368985891e+08,-4.204970663365055117e+01,-1.041902440820235014e+09,-6.235718910136837512e+06,-1.003867718436567520e+05,-4.128706794193634414e+04,-7.571162235155038536e+07,-1.865512434445412830e+07,-8.034916483613075688e+06,-5.356610989075385034e+06,2.606528556801458762e+02,4.566300631672758215e+01,1.137021433876809873e+01,1.142989902089174592e+02,1.626295533654529635e+01,9.089949224422072760e+00,1.222196914659443197e-02,3.226208040473903083e+01,5.324502894734838288e-01,4.120691116522240627e+00,1.711732436121743764e-02,-6.217847277478806674e+07,-2.923433691627380438e+06
1.055359630725286603e+09,3.033558018727670312e+08,-5.051964951242096902e+01,-1.060549848420483708e+09,-7.423367124858796597e+06,-1.224265356700807897e+05,-5.373897077029458887e+04,-8.810313443422700465e+07,-2.170835701254798099e+07,-8.518015598653418943e+06,-5.678677065768946894e+06,3.337995592812796986e+02,5.677023216133989081e+01,1.413436354143981788e+01,1.470081922877099601e+02,1.858304491511015044e+01,1.205992177334582394e+01,1.828308992659923374e-02,4.108919008934245198e+01,6.364815369723656469e-01,5.030587842947235266e+00,2.900357606322573334e-02,-7.005050767077471316e+07,-3.047882816165100317e+06
1.080230248762113333e+09,3.105046884304686189e+08,-5.918608508486573072e+01,-1.072345712033943415e+09,-8.612790848164280877e+06,-1.462696942159584141e+05,-6.759120143367210403e+04,-1.008404530373582542e+08,-2.484679540517709032e+07,-8.827518056931314990e+06,-5.885012037954211235e+06,4.136195866537502184e+02,6.758687712225241739e+01,1.682710588986601508e+01,1.832187814770422847e+02,2.047198572937681504e+01,1.537451516678180141e+01,2.582133524511733697e-02,5.064655853174720335e+01,7.352679849795544786e-01,5.941607212261097892e+00,4.647959869456395887e-02,-7.819248530300565064e+07,-3.099209538508972153e+06
1.098059036236996651e+09,3.156294496619982123e+08,-6.779696826559553813e+01,-1.078904100675618649e+09,-9.766967378903599456e+06,-1.714153426978788339e+05,-8.222939162872340239e+04,-1.136360401746514738e+08,-2.799959099576866999e+07,-8.951944720329130068e+06,-5.967963146886087954e+06,4.965079500061320914e+02,7.715781607753979188e+01,1.921114956389596173e+01,2.216287161960643459e+02,2.179482170256795470e+01,1.886796378326747359e+01,3.452852823006597599e-02,6.056206323525884017e+01,8.231206168560487590e-01,6.808813772272578113e+00,7.077234629335475702e-02,-8.646382577604570985e+07,-3.084809736846313346e+06
1.110061470365337849e+09,3.190794660577606559e+08,-7.614192753943937930e+01,-1.081486404098856688e+09,-1.085697129601550288e+07,-1.973719496865490219e+05,-9.697491403408987389e+04,-1.262433022798995227e+08,-3.110598384420709312e+07,-8.895771265481173992e+06,-5.930514176987450570e+06,5.786493469669819660e+02,8.469329053366688242e+01,2.108981349867818267e+01,2.608133990796781632e+02,2.248976894936301107e+01,2.235185826603913029e+01,4.389915793214657636e-02,7.045375824231835793e+01,8.959970883748187287e-01,7.593740916517094597e+00,1.028938211849855927e-01,-9.469927026070453227e+07,-3.016144680739135947e+06
1.117321011688393354e+09,3.211661708313462734e+08,-8.406028291333241498e+01,-1.081037539838896990e+09,-1.186261082165094838e+07,-2.237059683811282157e+05,-1.111911094613979658e+05,-1.384663963635320067e+08,-3.411771880539111048e+07,-8.676056328011697158e+06,-5.784037552007799037e+06,6.565897029290041473e+02,8.969525306300927525e+01,2.233833499557336211e+01,2.994306568149365830e+02,2.256571030200996120e+01,2.564604312945794362e+01,5.332536892550757829e-02,7.997774512495851695e+01,9.518099099665102703e-01,8.268453127012607595e+00,1.435536850296476596e-01,-1.027045181957243681e+08,-2.905818328577758744e+06
1.120243805726038218e+09,3.220063076938765645e+08,-9.137055051030910136e+01,-1.079073320052020073e+09,-1.276169835469222255e+07,-2.440112732723761583e+05,-1.218674857549004373e+05,-1.501153829995150268e+08,-3.698799535516706109e+07,-8.325364692703024484e+06,-5.550243128468683921e+06,6.974522959671388662e+02,9.026377707986468124e+01,2.248133960609507653e+01,3.250405052441188332e+02,2.169119063099914868e+01,2.732629839960094031e+01,5.939766745849085067e-02,8.631591639569039387e+01,9.664795374750806412e-01,8.456367390942496343e+00,1.846822998213195344e-01,-1.109033058997160196e+08,-2.741163837662841659e+06
1.119478012598598719e+09,3.217861857738412619e+08,-9.794432537526016347e+01,-1.074396240464138746e+09,-1.354110246187448688e+07,-2.633788390197591507e+05,-1.309504818392703601e+05,-1.610257087591136396e+08,-3.967626800555024296e+07,-7.877852405384005979e+06,-5.251901603589338250e+06,7.289550570748691598e+02,8.869145342128318532e+01,2.208749216311667851e+01,3.477319542334746529e+02,2.049586720213502389e+01,2.841500939366203582e+01,6.383566535249345086e-02,9.177697298109352175e+01,9.689302293391242049e-01,8.495222638379269497e+00,2.301434363754290002e-01,-1.188282477811980844e+08,-2.558447493923339993e+06
1.115821895166589975e+09,3.207352601907148361e+08,-1.037843505488208820e+02,-1.066956287697472692e+09,-1.420533938900188729e+07,-2.820171500268800883e+05,-1.387374128726610506e+05,-1.711861013141173124e+08,-4.217975928753540665e+07,-7.363134034899142571e+06,-4.908756023266096599e+06,7.544271228281967296e+02,8.560064330559357870e+01,2.131086530656764566e+01,3.686709181455575504e+02,1.912548009902230817e+01,2.909889724668557065e+01,6.689739155616328259e-02,9.663748203164571748e+01,9.639619093953516460e-01,8.446589658271669521e+00,2.802225833212531603e-01,-1.254060570450205356e+08,-2.379227458917968906e+06
1.109853201324192762e+09,3.190196005672279000e+08,-1.089177899441609867e+02,-1.057226351887364030e+09,-1.476165179363283888e+07,-3.000053598692038213e+05,-1.453475246176052024e+05,-1.806195640311234891e+08,-4.450413716399123520e+07,-6.807409642916845158e+06,-4.538273095277898014e+06,7.751043190699919023e+02,8.140241295815191336e+01,2.025318251361270327e+01,3.881914234367379777e+02,1.766403502322535601e+01,2.947403723556007549e+01,6.873919757852363366e-02,1.009822732522979862e+02,9.538081729360573524e-01,8.340420347487619068e+00,3.349127811151829115e-01,-1.307326256128054708e+08,-2.207140083100463729e+06
1.102028516146597385e+09,3.167704491146371365e+08,-1.133836846925584467e+02,-1.045590264474624276e+09,-1.521844701921559684e+07,-3.174521452035019174e+05,-1.509468997028260783e+05,-1.893604348267941475e+08,-4.665786239807618409e+07,-6.232550959402650595e+06,-4.155033972935101483e+06,7.922071860056926198e+02,7.647321041687959564e+01,1.900789535132484787e+01,4.066844960032165091e+02,1.617844140039522571e+01,2.962493384140495323e+01,6.955457399375997163e-02,1.049110683260986434e+02,9.404851416138348963e-01,8.199980764373741238e+00,3.944113885803515185e-01,-1.348512879868733883e+08,-2.044356211281738244e+06
1.092713440778373241e+09,3.140928953447521925e+08,-1.172283878960871704e+02,-1.032353366931570530e+09,-1.558464843776124716e+07,-3.344848682530271471e+05,-1.557295466565893148e+05,-1.974503990907320380e+08,-4.865120614898923784e+07,-5.656161398297497071e+06,-3.770774265531665180e+06,8.069186748031060006e+02,7.113573659029768237e+01,1.765540471019339464e+01,4.245856997339605527e+02,1.471927253421045556e+01,2.962472364276392511e+01,6.955239130776988410e-02,1.085337665134467500e+02,9.257565388503296022e-01,8.043407749285060859e+00,4.591469615004228899e-01,-1.378275689933001995e+08,-1.892294083562500076e+06
1.082209059179014683e+09,3.110734837522687912e+08,-1.205073303084108005e+02,-1.017785682867277026e+09,-1.586981336483598500e+07,-3.512470075138980174e+05,-1.598899483146162238e+05,-2.049433394247928858e+08,-5.049744493368247896e+07,-5.090967148639222607e+06,-3.393978099092815537e+06,8.202764293890452336e+02,6.563403891793427647e+01,1.625684391170203114e+01,4.423182506318722744e+02,1.331921063617910406e+01,2.953213623087727413e+01,6.893390289074721733e-02,1.119574065999446901e+02,9.110039034584480611e-01,7.883895872484424139e+00,5.296942145542750113e-01,-1.397450819056433141e+08,-1.751366817423950182e+06
1.070739925220409513e+09,3.077767607893032432e+08,-1.232651280380796521e+02,-1.002079805627655983e+09,-1.608182225547532178e+07,-3.678711383537669317e+05,-1.636333563909880759e+05,-2.118789161670482755e+08,-5.220635094452599436e+07,-4.548001534252338111e+06,-3.032001022834892850e+06,8.333307301443163624e+02,6.017906532815668896e+01,1.486511751420382232e+01,4.603722746111904485e+02,1.200437480135796520e+01,2.939858387920532579e+01,6.788125946941513111e-02,1.152992043945471892e+02,8.975038813939647531e-01,7.732408963560268411e+00,6.070639117524444517e-01,-1.407669862938542962e+08,-1.621909770335815381e+06
1.058494684101453662e+09,3.042569512091193795e+08,-1.255507111175551813e+02,-9.854097585421845913e+08,-1.622866495189037547e+07,-3.844949725106495898e+05,-1.671518865717391600e+05,-2.183041560815016031e+08,-5.378951143989242613e+07,-4.034617770002895501e+06,-2.689745180001930799e+06,8.470013193678707921e+02,5.491507040879609747e+01,1.351661015797202481e+01,4.792243959116993892e+02,1.078865062933999752e+01,2.926487837433264971e+01,6.655481357511706941e-02,1.186699764436445861e+02,8.862477777398592993e-01,7.596930884093662684e+00,6.924861631094160197e-01,-1.409709611453524828e+08,-1.503789073223266518e+06
1.045626922129947424e+09,3.005582023300367594e+08,-1.274111235142362659e+02,-9.679169417974121571e+08,-1.631773986953197978e+07,-4.012518883541887044e+05,-1.706247616744825209e+05,-2.242653079928123951e+08,-5.525832199615447968e+07,-3.555664247757289093e+06,-2.370442831838192884e+06,8.621206623314888020e+02,4.993917689130011439e+01,1.223594445821679955e+01,4.993554860398762116e+02,9.678321108108502102e+00,2.916373944670506901e+01,6.508948784530821374e-02,1.221762877136311829e+02,8.780414730131522738e-01,7.483410197372576178e+00,7.875022420386915689e-01,-1.404787005634213388e+08,-1.396679063642578200e+06
1.032260518339154005e+09,2.967161223204719424e+08,-1.288903700909515635e+02,-9.497254560776360035e+08,-1.635575129584715888e+07,-4.182690442505829851e+05,-1.742148078831333551e+05,-2.298066871746281981e+08,-5.662370176831869781e+07,-3.113997827733524609e+06,-2.075998551822350128e+06,8.794344808773404338e+02,4.531024280909169732e+01,1.103812395473759267e+01,5.212468639184091899e+02,8.674098525614251542e+00,2.912072951833711087e+01,6.359353533229931965e-02,1.259189587560781831e+02,8.735353414507154302e-01,7.396188559023887166e+00,8.939939981715676609e-01,-1.394062669727941453e+08,-1.300020166356323287e+06
1.018496707962575793e+09,2.927598105457434058e+08,-1.300292198098058805e+02,-9.309380423535180092e+08,-1.634873414124071226e+07,-4.356672053910692921e+05,-1.780703940168020781e+05,-2.349702264513538778e+08,-5.789598288280227780e+07,-2.710871005279851146e+06,-1.807247336853234330e+06,8.996274549823884854e+02,4.105838772535688008e+01,9.930874859655739684e+00,5.453891740616105608e+02,7.772926100457686616e+00,2.915604819060440533e+01,6.215274748292376472e-02,1.299941893902965830e+02,8.732767064859234818e-01,7.338477145341997243e+00,1.014231710932117503e+00,-1.378623530737160742e+08,-1.213196370684814407e+06
1.004418160851282716e+09,2.887130298808294535e+08,-1.308650555782858476e+02,-9.116446983899065256e+08,-1.630207354690143280e+07,-4.535606335128730861e+05,-1.823249137331187958e+05,-2.397952884070701599e+08,-5.908486416625477374e+07,-2.346275000729027204e+06,-1.564183333819351625e+06,9.233284634622374369e+02,3.719185886443721500e+01,8.916337869239505665e+00,5.722825272332913755e+02,6.969189193371765789e+00,2.928532596734168436e+01,6.083281151712145035e-02,1.344930553054856830e+02,8.777346237487416714e-01,7.312612067933147664e+00,1.150916979174175570e+00,-1.359449829511132538e+08,-1.135528167906494113e+06
9.900930803477367163e+08,2.845953849032034874e+08,-1.314318273309818892e+02,-8.919225993254967928e+08,-1.622054314165513776e+07,-4.720576111962000141e+05,-1.870996483530757832e+05,-2.443183175544000864e+08,-6.019932544097480923e+07,-2.019269514590610517e+06,-1.346179676393740578e+06,9.511322653361485209e+02,3.370436886760003858e+01,7.992897511808628508e+00,6.024459349607085414e+02,6.255910793303998574e+00,2.952089241655146168e+01,5.968408327019274900e-02,1.395027916093509361e+02,8.873397662968607325e-01,7.320366108165638153e+00,1.307254939848766728e+00,-1.337417082499172091e+08,-1.066302868320556590e+06
9.755799233901561499e+08,2.804236786540773511e+08,-1.317641276561508619e+02,-8.718449162474955320e+08,-1.610871019582491182e+07,-4.912672360513266176e+05,-1.924832500228481949e+05,-2.485798061978060603e+08,-6.124934389344017208e+07,-1.727014370808255160e+06,-1.151342913872170262e+06,9.834848536135722270e+02,3.055835540150945207e+01,7.151010834343569655e+00,6.363465352164445221e+02,5.621628295679896858e+00,2.986728250405908724e+01,5.872859543480653255e-02,1.450948303830898851e+02,9.023297075565391845e-01,7.361833649672970381e+00,1.486747569507526956e+00,-1.313548575904449970e+08,-1.004663703071533237e+06
9.609227067331664562e+08,2.762105634441007376e+08,-1.318846742469070819e+02,-8.514665803006364107e+08,-1.596981974969841540e+07,-5.112823927421039552e+05,-1.985995354377541516e+05,-2.526023481208865643e+08,-6.224048656645555049e+07,-1.468791743989054579e+06,-9.791944959927031305e+05,1.021068773743552015e+03,2.775510744110103545e+01,6.390675064330332056e+00,6.746327334783456990e+02,5.062718540543144741e+00,3.033695350563925430e+01,5.800851867348802426e-02,1.513637281453843002e+02,9.233028316628252297e-01,7.439400997733406129e+00,1.694101843496220727e+00,-1.288081176393656731e+08,-9.500300917106934357e+05
9.461619253235919476e+08,2.719676792647117376e+08,-1.318181417571468899e+02,-8.308389653224765062e+08,-1.580713385646585561e+07,-5.321998800728332717e+05,-2.055480648573024955e+05,-2.564137001912446618e+08,-6.317959267176233977e+07,-1.242224615763447015e+06,-8.281497438422981650e+05,1.064467514958838137e+03,2.527104438191661373e+01,5.705593986514778670e+00,7.179339775912068262e+02,4.571821911892904211e+00,3.093697535117163255e+01,5.754945137781893039e-02,1.583921145960742081e+02,9.507278113468131675e-01,7.554264856347849388e+00,1.934592703595602758e+00,-1.261698555745505095e+08,-9.018151190625000745e+05
9.313323471008177996e+08,2.677050199188042879e+08,-1.315866183078552751e+02,-8.100110234385100603e+08,-1.562351895754613541e+07,-5.541140617533483310e+05,-2.134232744667920342e+05,-2.600390358286712170e+08,-6.407286486704754084e+07,-1.044749852620229358e+06,-6.964999017468197271e+05,1.114270257426761646e+03,2.308145445559046038e+01,5.089097278795877699e+00,7.669268036997751778e+02,4.141996650492302479e+00,3.167325049462310815e+01,5.737378632709305010e-02,1.662611156320915313e+02,9.851134051482980380e-01,7.707583822784687122e+00,2.214412793766207699e+00,-1.234848502116532326e+08,-8.593885062531738076e+05
9.164644262974120378e+08,2.634313392641839087e+08,-1.312098183469232708e+02,-7.890277596374717951e+08,-1.542149395198076777e+07,-5.771186232280610129e+05,-2.223182344560963393e+05,-2.635009774592555761e+08,-6.492587725254254788e+07,-8.737379909080428770e+05,-5.824919939386954065e+05,1.171092360049219678e+03,2.116248395525171588e+01,4.534638455695279013e+00,8.223513562460125286e+02,3.766938896133564807e+00,3.255122462143410189e+01,5.750374065412134500e-02,1.750523854833547830e+02,1.027034112721155301e+00,7.900635588369802065e+00,2.540848291536988324e+00,-1.207903069553641975e+08,-8.221532856711426284e+05
9.015851974444739819e+08,2.591544081892010570e+08,-1.307053373718841840e+02,-7.679312267548247576e+08,-1.520327557061525248e+07,-6.013076744527663104e+05,-2.323262501340178424e+05,-2.668198022830047309e+08,-6.574362607156827301e+07,-7.265668480380689725e+05,-4.843778986920460593e+05,1.235582293605096538e+03,1.949182497288366989e+01,4.035968039528549767e+00,8.850218128477624759e+02,3.441002075834796337e+00,3.357610222582422210e+01,5.796309756190538842e-02,1.848487194387940065e+02,1.077143559428278996e+00,8.134876085898103071e+00,2.922464047493824157e+00,-1.181158452928673774e+08,-7.895527579462890280e+05
8.867192634277914762e+08,2.548812986226363778e+08,-1.300888851772972714e+02,-7.467608055431801081e+08,-1.497082224772061966e+07,-6.267768052469260292e+05,-2.435432551233460254e+05,-2.700135488232797384e+08,-6.653055596400743723e+07,-6.006911113411142724e+05,-4.004607408940762980e+05,1.308433154702974662e+03,1.804949791027874539e+01,3.587332558040172703e+00,9.558406446244381414e+02,3.159251667275944087e+00,3.475323559141884289e+01,5.877959829010673265e-02,1.957348538720885358e+02,1.136193977475779215e+00,8.412035800771748839e+00,3.369331258621149683e+00,-1.154823169518623203e+08,-7.610677221528320806e+05
8.718893603980050087e+08,2.506185459132073522e+08,-1.293744993591469665e+02,-7.255539645947830677e+08,-1.472587057925641350e+07,-6.536239715230639558e+05,-2.560693617737075256e+05,-2.730981841321730614e+08,-6.729060116522508860e+07,-4.936868846951429150e+05,-3.291245897967619821e+05,1.390388684729811985e+03,1.681809741436171990e+01,3.183533095989433015e+00,1.035811627631326928e+03,2.917437408810160893e+00,3.608832595267384846e+01,5.998659133726021858e-02,2.077978440794441610e+02,1.205051353236586742e+00,8.734182371904729791e+00,3.893284512428007549e+00,-1.129066532168564349e+08,-7.362192597324218368e+05
8.571168667188720703e+08,2.463722951232145727e+08,-1.285747542878899594e+02,-7.043466112762061357e+08,-1.446996950300515816e+07,-6.819503480134884594e+05,-2.700104989558957168e+05,-2.760877706333388686e+08,-6.802722661565843225e+07,-4.032809136087107472e+05,-2.688539424058072036e+05,1.482249446329758484e+03,1.578283851295592655e+01,2.819932261509705107e+00,1.126054742992761703e+03,2.711944559985508096e+00,3.758763753396378604e+01,6.162480441783183688e-02,2.211273784009035808e+02,1.284712502466266448e+00,9.103789920999380669e+00,4.508221822062676409e+00,-1.104001195637065619e+08,-7.145679846162109170e+05
8.424191388089072704e+08,2.421475352347100377e+08,-1.277013208132079285e+02,-6.831710123603361845e+08,-1.420448913524607383e+07,-7.118679271057526348e+05,-2.854708932016368490e+05,-2.789964469388421178e+08,-6.874391602834831178e+07,-3.270395236530179973e+05,-2.180263491020120564e+05,1.584828296662273033e+03,1.492246794936574439e+01,2.490107650155736430e+00,1.227793677891404059e+03,2.538222319709432018e+00,3.925447524013359413e+01,6.372965059509204389e-02,2.358164834673921462e+02,1.376243678099503542e+00,9.523065370937404239e+00,5.230371058818655605e+00,-1.079855551518108994e+08,-6.956612403093262110e+05
8.278186559666838646e+08,2.379507277660669684e+08,-1.267637013801582810e+02,-6.620627234856383801e+08,-1.393068084127599932e+07,-7.434809894018616760e+05,-3.025855776355566923e+05,-2.818325891215767860e+08,-6.944273324338296056e+07,-2.634831694517139113e+05,-1.756554463011426269e+05,1.699123141487408247e+03,1.423828855501005108e+01,2.193281943121313304e+00,1.342477481693011441e+03,2.395618130393104561e+00,4.110003557755631221e+01,6.637581323680216694e-02,2.519634504133163091e+02,1.481066172870971975e+00,9.996215397648255063e+00,6.079079396464767804e+00,-1.056326689646348208e+08,-6.791857146071777679e+05
8.133350251500153542e+08,2.337875086012406349e+08,-1.257712439579022288e+02,-6.410543389217941761e+08,-1.364970870263165049e+07,-7.769040436846308876e+05,-3.214866497907410376e+05,-2.846055662586518526e+08,-7.012598677421164513e+07,-2.108472725154490909e+05,-1.405648483436327369e+05,1.826127599315356974e+03,1.372276174487417499e+01,1.926304447212699333e+00,1.471677030019917538e+03,2.282070499409640352e+00,4.313372435798831361e+01,6.963833326318599748e-02,2.696650429046693489e+02,1.600687684508143915e+00,1.052741332314373857e+01,7.076749922846628849e+00,-1.033630308326928914e+08,-6.648277185566406697e+05
7.989876427686113119e+08,2.296634531035948396e+08,-1.247324911550493880e+02,-6.201786959552371502e+08,-1.336264951385428756e+07,-8.122569877508593490e+05,-3.423168139449215378e+05,-2.873234297469302416e+08,-7.079566046168938279e+07,-1.675472579748053395e+05,-1.116981719832035742e+05,1.966895284243955530e+03,1.337040045271082178e+01,1.686411770797491938e+00,1.617146628978413446e+03,2.195918317344854209e+00,4.536620523132062743e+01,7.360773574900850158e-02,2.890185370342873625e+02,1.736826649180982063e+00,1.112154383506621969e+01,8.249526934337334083e+00,-1.011742249775770605e+08,-6.522815124980468536e+05
7.847958625248754025e+08,2.255841243605748713e+08,-1.236553053272256761e+02,-5.994683114047305584e+08,-1.307051105454487167e+07,-8.496651662486251444e+05,-3.652304766646696953e+05,-2.899930286182640791e+08,-7.145344188741691411e+07,-1.321733990890499845e+05,-8.811559939269999450e+04,2.122534634698585705e+03,1.317763966058311809e+01,1.471183680080646816e+00,1.780843459177859586e+03,2.135855757487221673e+00,4.780969293158471345e+01,7.839268074168222189e-02,3.101203555833814676e+02,1.891437736671110148e+00,1.178431132048223517e+01,9.627843191695903968e+00,-9.906437061425495148e+07,-6.412693709489746252e+05
7.707791208790494204e+08,2.215551092477921844e+08,-1.225469845655492804e+02,-5.789554990073988438e+08,-1.277424824574484304e+07,-8.892591930570027325e+05,-3.903942479998145136e+05,-2.926201278802380562e+08,-7.210075153255681694e+07,-1.034810536788228201e+05,-6.898736911921523279e+04,2.294196599397476348e+03,1.314261625709466053e+01,1.278479026643909222e+00,1.964944880771574844e+03,2.100878468195185533e+00,5.047818985651041856e+01,8.412281640221164203e-02,3.330638186389010684e+02,2.066736258865450981e+00,1.252234537572545747e+01,1.124699420415448792e+01,-9.703018433267360926e+07,-6.315404273344726535e+05
