# tendency to change, top row gives equation number (where number 0 is the first equation), penultimate column is gas-particle partitioning and final column is gas-wall partitioning (molecules/cc.s (air))
0.000000000000000000e+00,1.000000000000000000e+00,2.000000000000000000e+00,3.000000000000000000e+00,4.000000000000000000e+00,5.000000000000000000e+00,6.000000000000000000e+00,7.000000000000000000e+00,3.200000000000000000e+01,3.900000000000000000e+01,4.100000000000000000e+01,4.300000000000000000e+01,0.000000000000000000e+00,0.000000000000000000e+00
0.000000000000000000e+00,0.000000000000000000e+00,0.000000000000000000e+00,0.000000000000000000e+00,0.000000000000000000e+00,0.000000000000000000e+00,0.000000000000000000e+00,0.000000000000000000e+00,0.000000000000000000e+00,0.000000000000000000e+00,1.068756138046920449e+08,0.000000000000000000e+00,0.000000000000000000e+00,0.000000000000000000e+00
-9.954656427054506540e+07,-2.861396906684483960e+07,-1.110020267353016288e-01,-2.868812081100030809e+03,-1.004768604915079322e+03,-2.072923123003658930e+02,4.840342724244765704e+05,1.397978426854411373e+06,0.000000000000000000e+00,5.056752956344214035e+05,1.257768898793272078e+08,3.792775835880173219e+01,1.513950643749543357e+00,-4.808952462553861890e-08
-1.375601658774910569e+08,-3.954071504216890037e+07,-2.190607212999399478e-01,-3.842836069556119128e+03,-1.917437162541600628e+03,-3.955836012088516327e+02,6.915604007185071241e+05,1.997351378092987929e+06,0.000000000000000000e+00,7.221691408339323243e+05,1.736958810764716268e+08,7.696967011033255801e+01,-2.277001908273114328e+00,-6.399448238880723260e-08
-1.857902578187640905e+08,-5.340412026374934614e+07,-4.162013037108777680e-01,-4.982296376147479350e+03,-3.494851300315779099e+03,-7.210175593112084016e+02,9.728341187123112613e+05,2.809720691999003757e+06,0.000000000000000000e+00,1.015892146441358840e+06,2.344049805099741220e+08,1.516158687919197234e+02,-3.502416243821611097e+00,-7.857202581362798789e-08
-2.435052985041194260e+08,-6.999390817821884155e+07,-7.522208191460265647e-01,-6.204142999474320277e+03,-5.997051202003709477e+03,-1.237242689078750800e+03,1.341514058524523396e+06,3.874534965768996160e+06,0.000000000000000000e+00,1.400890008020626847e+06,3.068954231487670541e+08,2.865229659084285458e+02,-4.272900165577879328e+00,-9.200417889587697478e-08
-3.098055771163507104e+08,-8.905146315497979522e+07,-1.293568203486608725e+00,-7.416966748884325170e+03,-9.694309856538053282e+03,-2.000018607754811683e+03,1.813252959176633041e+06,5.237002137600436807e+06,0.000000000000000000e+00,1.893508261328782421e+06,3.899318728406531811e+08,5.198603821058115955e+02,-5.003753869267889343e+00,-1.039058251990354624e-07
-3.834911082949265242e+08,-1.102318577297995538e+08,-2.126910310640200752e+00,-8.525141785983489171e+03,-1.482937341954695148e+04,-3.059425912659044570e+03,2.408530623219744768e+06,6.956271577246166766e+06,0.000000000000000000e+00,2.515133153165099677e+06,4.818685397938986421e+08,9.104478518584195399e+02,-5.696553910237962093e+00,-1.137666286012972703e-07
-4.629772018251045942e+08,-1.330795836978752762e+08,-3.361593647746980107e+00,-9.436901059189338412e+03,-2.156895913675902557e+04,-4.449859790104376771e+03,3.153144714678237215e+06,9.106851599145729095e+06,0.000000000000000000e+00,3.292704162493508309e+06,5.805379999181842804e+08,1.547934330216343142e+03,-6.327661977878712207e+00,-1.209667534567415837e-07
-5.462396404520305395e+08,-1.570127938569513261e+08,-5.129742506523908396e+00,-1.007523062210551325e+04,-2.994729519913706463e+04,-6.178381807118108554e+03,4.078219969169246498e+06,1.177863606291439384e+07,0.000000000000000000e+00,4.258723618193563074e+06,6.831804979223133326e+08,2.566617072845229359e+03,-6.877995614528535917e+00,-1.248332373506855133e-07
-6.308162094070008993e+08,-1.813237416590289772e+08,-7.581207175607355353e+00,-1.039020066349474655e+04,-3.981197061044740258e+04,-8.213548278383312208e+03,5.219078333814213052e+06,1.507364113328142464e+07,0.000000000000000000e+00,5.450076830894090235e+06,7.864514199050651789e+08,4.162004928030259180e+03,-7.335473183266714159e+00,-1.247600375791080239e-07
-7.138990165399224758e+08,-2.052053179917591810e+08,-1.086935610875593028e+01,-1.036985560055478891e+04,-5.079046666532994277e+04,-1.047850542539666640e+04,6.611885568154329434e+06,1.909632005769177526e+07,0.000000000000000000e+00,6.904530271149809472e+06,8.865566463124005795e+08,6.605726044770805856e+03,-7.695583298739359535e+00,-1.203911961056291962e-07
-7.925900462059090137e+08,-2.278245083696530759e+08,-1.512672201560300600e+01,-1.004509278751927559e+04,-6.230749827272994298e+04,-1.285456703904165261e+04,8.288090921583446674e+06,2.393750395017616823e+07,0.000000000000000000e+00,8.654925144727090374e+06,9.796090094499953985e+08,1.025083711752448289e+04,-7.960409004106421271e+00,-1.118329437304055346e-07
-8.642606273156201839e+08,-2.484257195305175781e+08,-2.043156366378886801e+01,-9.484035932702248829e+03,-7.366510295109402796e+04,-1.519773752073731521e+04,1.026632884969484620e+07,2.965101248508349434e+07,0.000000000000000000e+00,1.072072067568615451e+07,1.062131140594994545e+09,1.551462089899452258e+04,-8.138315699256427393e+00,-9.978525667975191292e-08
-9.269452560115209818e+08,-2.664439810306976140e+08,-2.677575730657944675e+01,-8.775622236147448348e+03,-8.417575651924901467e+04,-1.736617478208574539e+04,1.254428670759597234e+07,3.623016632614986598e+07,0.000000000000000000e+00,1.309950186054527014e+07,1.131602797924663782e+09,2.283118430255384737e+04,-8.242732423468774883e+00,-8.547970355721190561e-08
-9.796123266853604317e+08,-2.815827649972326159e+08,-3.404897472908129430e+01,-8.007998604796571271e+03,-9.330018172390667314e+04,-1.924862133727551918e+04,1.509413022317491658e+07,4.359457506683497876e+07,0.000000000000000000e+00,1.576220247116217762e+07,1.186832194883389950e+09,3.258205562240653671e+04,-8.290638245680490570e+00,-7.038477815513033219e-08
-1.022190701793552160e+09,-2.938216234368985891e+08,-4.204970663365055117e+01,-7.250918498590100171e+03,-1.007308359403959475e+05,-2.078162852610056143e+04,1.786443720034084842e+07,5.159572211463313550e+07,0.000000000000000000e+00,1.865512434445412830e+07,1.227980816737720728e+09,4.503198428682130179e+04,-8.300186522723082660e+00,-5.581262666964903273e-08
-1.055359630725286603e+09,-3.033558018727670312e+08,-5.051964951242096902e+01,-6.548424109308399238e+03,-1.063938663868976000e+05,-2.194995989129276859e+04,2.078826028779974952e+07,6.004025142395836115e+07,0.000000000000000000e+00,2.170835701254798099e+07,1.256253209708473921e+09,6.029824825671926374e+04,-8.287543202060689396e+00,-4.264538438292220028e-08
-1.080230248762113333e+09,-3.105046884304686189e+08,-5.918608508486573072e+01,-5.921244033087004937e+03,-1.103905714051699179e+05,-2.277451414265710628e+04,2.379367770221989229e+07,6.872043989079359174e+07,0.000000000000000000e+00,2.484679540517709032e+07,1.273434810516420841e+09,7.836015695680549834e+04,-8.264035624664087365e+00,-3.128920434392057116e-08
-1.098059036236996651e+09,-3.156294496619982123e+08,-6.779696826559553813e+01,-5.373893270153243975e+03,-1.129213001764935761e+05,-2.329662502096931712e+04,2.681284379271247610e+07,7.744033701803174615e+07,0.000000000000000000e+00,2.799959099576866999e+07,1.281478281682420254e+09,9.909269650005435687e+04,-8.234627496756225185e+00,-2.179459261242300222e-08
-1.110061470365337849e+09,-3.190794660577606559e+08,-7.614192753943937930e+01,-4.901808504346317022e+03,-1.142230904280390532e+05,-2.356519542618788182e+04,2.978757389568497241e+07,8.603189498528048396e+07,0.000000000000000000e+00,3.110598384420709312e+07,1.282235946925489902e+09,1.223034401566621673e+05,-8.198874578706305982e+00,-1.401309782522730557e-08
-1.117321011688393354e+09,-3.211661708313462734e+08,-8.406028291333241498e+01,-4.496462192222869817e+03,-1.145302986292022688e+05,-2.362857509197883337e+04,3.267165813373580202e+07,9.436165131809262931e+07,0.000000000000000000e+00,3.411771880539111048e+07,1.277331133236694574e+09,1.477606596879265271e+05,-8.152224989266592559e+00,-7.719667337369173381e-09
-1.120243805726038218e+09,-3.220063076938765645e+08,-9.137055051030910136e+01,-4.150829568449106773e+03,-1.139468599713826698e+05,-2.350820673266383528e+04,3.542027959711693972e+07,1.023001666842651218e+08,0.000000000000000000e+00,3.698799535516706109e+07,1.267508502017109871e+09,1.748670746764303185e+05,-8.133656310678203383e+00,-1.351119863102212654e-09
-1.119478012598598719e+09,-3.217861857738412619e+08,-9.794432537526016347e+01,-3.850183452216545447e+03,-1.126369565217248310e+05,-2.323796250564328147e+04,3.799461129600878060e+07,1.097353017225175798e+08,0.000000000000000000e+00,3.967626800555024296e+07,1.253794641942522049e+09,2.031983470295809384e+05,-8.111715596649544224e+00,3.430366632528603136e-09
-1.115821895166589975e+09,-3.207352601907148361e+08,-1.037843505488208820e+02,-3.584838535506512926e+03,-1.107859092146280309e+05,-2.285607569649293873e+04,4.039199348276939243e+07,1.166593746011365652e+08,0.000000000000000000e+00,4.217975928753540665e+07,1.237230785034606695e+09,2.325733360335419129e+05,-8.019598557518090587e+00,7.243819709401577493e-09
-1.109853201324192762e+09,-3.190196005672279000e+08,-1.089177899441609867e+02,-3.348615810432242142e+03,-1.085281101051026635e+05,-2.239027252964062791e+04,4.261785388700221479e+07,1.230880615838180333e+08,0.000000000000000000e+00,4.450413716399123520e+07,1.218534337186718225e+09,2.627876690737705794e+05,-7.874849049064599704e+00,1.029799750540405515e-08
-1.102028516146597385e+09,-3.167704491146371365e+08,-1.133836846925584467e+02,-3.136618615104207947e+03,-1.059693965426605573e+05,-2.186238815081117718e+04,4.468029466723701358e+07,1.290447631681730747e+08,0.000000000000000000e+00,4.665786239807618409e+07,1.198253480613400698e+09,2.936458088321690448e+05,-7.687392521852419947e+00,1.274772148462943735e-08
-1.092713440778373241e+09,-3.140928953447521925e+08,-1.172283878960871704e+02,-2.944918241447864148e+03,-1.031933742074090551e+05,-2.128967112317237843e+04,4.658915164525370300e+07,1.345578869844917059e+08,0.000000000000000000e+00,4.865120614898923784e+07,1.176810673127950191e+09,3.249629552497350378e+05,-7.465848646553197909e+00,1.471863288315944456e-08
-1.082209059179014683e+09,-3.110734837522687912e+08,-1.205073303084108005e+02,-2.770322239162033384e+03,-1.002664664791074174e+05,-2.068582515513405815e+04,4.835713862002672255e+07,1.396641527811516225e+08,0.000000000000000000e+00,5.049744493368247896e+07,1.154531045068174601e+09,3.566041473877323442e+05,-7.217608592280294388e+00,1.630626866244711045e-08
-1.070739925220409513e+09,-3.077767607893032432e+08,-1.232651280380796521e+02,-2.610328460650206125e+03,-9.723845414071097912e+04,-2.006112044578131827e+04,4.999361359511040151e+07,1.443905881630822420e+08,0.000000000000000000e+00,5.220635094452599436e+07,1.131657796233149767e+09,3.883697005895170732e+05,-6.952966158084297632e+00,1.758353391778655284e-08
-1.058494684101453662e+09,-3.042569512091193795e+08,-1.255507111175551813e+02,-2.462862298313928477e+03,-9.414906377234903630e+04,-1.942375292660972264e+04,5.150967270932198316e+07,1.487692407838726342e+08,0.000000000000000000e+00,5.378951143989242613e+07,1.108379270813065767e+09,4.201002212177163456e+05,-6.676223852388606161e+00,1.860821430454961985e-08
-1.045626922129947424e+09,-3.005582023300367594e+08,-1.274111235142362659e+02,-2.326212288535364678e+03,-9.102929922043911938e+04,-1.878011895493245538e+04,5.291622854380707443e+07,1.528316281493936777e+08,0.000000000000000000e+00,5.525832199615447968e+07,1.084839558260354042e+09,4.516499536283290363e+05,-6.393050584125949065e+00,1.943113602465018815e-08
-1.032260518339154005e+09,-2.967161223204719424e+08,-1.288903700909515635e+02,-2.198980245821448079e+03,-8.790299794648292300e+04,-1.813513640187912461e+04,5.422373745118757337e+07,1.566079500951152146e+08,0.000000000000000000e+00,5.662370176831869781e+07,1.061146731281657934e+09,4.828854498401767923e+05,-6.108105374149732647e+00,2.008837691391818432e-08
-1.018496707962575793e+09,-2.927598105457434058e+08,-1.300292198098058805e+02,-2.080003982417561474e+03,-8.478859911122929770e+04,-1.749260942320242248e+04,5.544209363564180583e+07,1.601267828702415824e+08,0.000000000000000000e+00,5.789598288280227780e+07,1.037382460095303059e+09,5.136896315360066947e+05,-5.825189284002416201e+00,2.061125996988266680e-08
-1.004418160851282716e+09,-2.887130298808294535e+08,-1.308650555782858476e+02,-1.968321861318769606e+03,-8.170023265053947398e+04,-1.685545314489554221e+04,5.658058484501899034e+07,1.634149511685329378e+08,0.000000000000000000e+00,5.908486416625477374e+07,1.013607480778797388e+09,5.439639989712879760e+05,-5.547272408517246234e+00,2.102336293319240276e-08
-9.900930803477367163e+08,-2.845953849032034874e+08,-1.314318273309818892e+02,-1.863132573518061690e+03,-7.864876778967003338e+04,-1.622590998061006940e+04,5.764781029677800089e+07,1.664972910835889280e+08,0.000000000000000000e+00,6.019932544097480923e+07,9.898672779119279385e+08,5.736291027099492494e+05,-5.276652016579494564e+00,2.134406713594216787e-08
-9.755799233901561499e+08,-2.804236786540773511e+08,-1.317641276561508619e+02,-1.763733009650231907e+03,-7.564222792201620177e+04,-1.560563522467074108e+04,5.865332429982937127e+07,1.694013971856731772e+08,0.000000000000000000e+00,6.124934389344017208e+07,9.661899771159105301e+08,6.027022448824641760e+05,-5.015889099123405082e+00,2.159247378585860086e-08
-9.609227067331664562e+08,-2.762105634441007376e+08,-1.318846742469070819e+02,-1.669610909403947971e+03,-7.268714669340314867e+04,-1.499597682380303013e+04,5.960245794091606140e+07,1.721426666164405942e+08,0.000000000000000000e+00,6.224048656645555049e+07,9.426060776905133724e+08,6.310653116618170170e+05,-4.764704006345688470e+00,2.177440183004364255e-08
-9.461619253235919476e+08,-2.719676792647117376e+08,-1.318181417571468899e+02,-1.580293276374761717e+03,-6.978850690056484018e+04,-1.439796277136944627e+04,6.050176055554565042e+07,1.747400150400733352e+08,0.000000000000000000e+00,6.317959267176233977e+07,9.191354354402983189e+08,6.586987874306830345e+05,-4.524407370511546844e+00,2.190116174460854577e-08
-9.313323471008177996e+08,-2.677050199188042879e+08,-1.315866183078552751e+02,-1.495387216494356380e+03,-6.695014670087632840e+04,-1.381238491189354500e+04,6.135717190516455472e+07,1.772105975607361197e+08,0.000000000000000000e+00,6.407286486704754084e+07,8.957935195174038410e+08,6.856019980039229849e+05,-4.295414552922658835e+00,2.198010770371183920e-08
-9.164644262974120378e+08,-2.634313392641839087e+08,-1.312098183469232708e+02,-1.414562883936916705e+03,-6.417507183089003956e+04,-1.323986335440050061e+04,6.217402983482771367e+07,1.795698308393098712e+08,0.000000000000000000e+00,6.492587725254254788e+07,8.725931953933762312e+08,7.117922715800805017e+05,-4.077905440744681087e+00,2.201690767833497500e-08
-9.015851974444739819e+08,-2.591544081892010570e+08,-1.307053373718841840e+02,-1.337542643115486271e+03,-6.146564118224345293e+04,-1.268088475830582865e+04,6.295711882482881844e+07,1.818315333192712963e+08,0.000000000000000000e+00,6.574362607156827301e+07,8.495456375885988474e+08,7.373039255286691478e+05,-3.871844039668283166e+00,2.201565985160414309e-08
-8.867192634277914762e+08,-2.548812986226363778e+08,-1.300888851772972714e+02,-1.264092039467344875e+03,-5.882375912231181428e+04,-1.213584201080242019e+04,6.371069513143314421e+07,1.840079978376713693e+08,0.000000000000000000e+00,6.653055596400743723e+07,8.266614808539607525e+08,7.621853687169911573e+05,-3.676961708119232952e+00,2.197964204242452924e-08
-8.718893603980050087e+08,-2.506185459132073522e+08,-1.293744993591469665e+02,-1.194012516787143568e+03,-5.625097818048569025e+04,-1.160505541191329030e+04,6.443852623960420489e+07,1.861101055717377365e+08,0.000000000000000000e+00,6.729060116522508860e+07,8.039513549411201477e+08,7.864971395431659184e+05,-3.492929782995141785e+00,2.191117164329625642e-08
-8.571168667188720703e+08,-2.463722951232145727e+08,-1.285747542878899594e+02,-1.127134895225923401e+03,-5.374858328323255409e+04,-1.108879005290152054e+04,6.514393023018576205e+07,1.881474397384085655e+08,0.000000000000000000e+00,6.802722661565843225e+07,7.814263479247242212e+08,8.103097445604095701e+05,-3.319307489401698508e+00,2.181189120165072371e-08
-8.424191388089072704e+08,-2.421475352347100377e+08,-1.277013208132079285e+02,-1.063299420991012084e+03,-5.131705270750791533e+04,-1.058714460637246520e+04,6.583024316096051037e+07,1.901296354752693474e+08,0.000000000000000000e+00,6.874391602834831178e+07,7.590922388048853874e+08,8.337351046241100412e+05,-3.156022944490279425e+00,2.168351602449547687e-08
-8.278186559666838646e+08,-2.379507277660669684e+08,-1.267637013801582810e+02,-1.002396934373368595e+03,-4.895791069467490161e+04,-1.010043353628839577e+04,6.649944139728977531e+07,1.920624008825439215e+08,0.000000000000000000e+00,6.944273324338296056e+07,7.369681798540998697e+08,8.568151975828669965e+05,-3.001577143651181778e+00,2.152548950107302668e-08
-8.133350251500153542e+08,-2.337875086012406349e+08,-1.257712439579022288e+02,-9.443163816761723410e+02,-4.667195604217260552e+04,-9.628821641357593762e+03,6.715373560755385458e+07,1.939521207699050903e+08,0.000000000000000000e+00,7.012598677421164513e+07,7.150684196088526249e+08,8.796411990718044108e+05,-2.856033503972248866e+00,2.133882117050234160e-08
-7.989876427686113119e+08,-2.296634531035948396e+08,-1.247324911550493880e+02,-8.889604887919676912e+02,-4.445986425034427521e+04,-9.172448283048383018e+03,6.779502554943819344e+07,1.958042819807683229e+08,0.000000000000000000e+00,7.079566046168938279e+07,6.934084668287400007e+08,9.023064067379138432e+05,-2.718804237092505183e+00,2.112363836204167593e-08
-7.847958625248754025e+08,-2.255841243605748713e+08,-1.236553053272256761e+02,-8.362419926113220754e+02,-4.232220144693753537e+04,-8.731430258332018639e+03,6.842492727648010850e+07,1.976235519697138667e+08,0.000000000000000000e+00,7.145344188741691411e+07,6.720051722917906046e+08,9.249063462125246879e+05,-2.589375231170342406e+00,2.087983921228442360e-08
-7.707791208790494204e+08,-2.215551092477921844e+08,-1.225469845655492804e+02,-7.860814063050787581e+02,-4.025943094054878748e+04,-8.305863151714012929e+03,6.904480106352768838e+07,1.994138594562571049e+08,0.000000000000000000e+00,7.210075153255681694e+07,6.508767533030050993e+08,9.475380595332792727e+05,-2.467246219383726569e+00,2.060717633867170821e-08
