# particle number concentration assuming water not removed from particles (#/cc (air)), with time changing with rows (corresponding times given in the time output file) and size bin changing with columns with size bin numbers given in the second row of the header
# 12
1.200000000000000000e+05,8.123716880680734098e-134
1.153158201753000321e+05,0.000000000000000000e+00
1.109868253501142026e+05,0.000000000000000000e+00
1.069745003143715876e+05,0.000000000000000000e+00
1.032450913335071236e+05,0.000000000000000000e+00
9.976947896805546770e+04,0.000000000000000000e+00
9.652243374054905144e+04,0.000000000000000000e+00
9.348198210434091743e+04,0.000000000000000000e+00
9.062889030791197729e+04,0.000000000000000000e+00
8.794624303598061670e+04,0.000000000000000000e+00
8.541909743652066390e+04,0.000000000000000000e+00
8.303419828535041597e+04,0.000000000000000000e+00
8.077974235041419161e+04,0.000000000000000000e+00
7.864518260314887448e+04,0.000000000000000000e+00
7.662106448926993471e+04,0.000000000000000000e+00
7.469888795572219533e+04,0.000000000000000000e+00
7.287099039760373125e+04,0.000000000000000000e+00
7.113044692275376292e+04,0.000000000000000000e+00
6.947098519944156578e+04,0.000000000000000000e+00
6.788691247411016957e+04,0.000000000000000000e+00
6.637305282060478930e+04,0.000000000000000000e+00
6.492467805345062516e+04,0.000000000000000000e+00
6.353746606356692791e+04,0.000000000000000000e+00
6.220747954570287402e+04,0.000000000000000000e+00
6.093112594039698888e+04,0.000000000000000000e+00
5.970512016963148199e+04,0.000000000000000000e+00
5.852645175186723645e+04,0.000000000000000000e+00
5.739235603861742129e+04,0.000000000000000000e+00
5.630028801659965393e+04,0.000000000000000000e+00
5.524790030937700067e+04,0.000000000000000000e+00
5.423302348165788135e+04,0.000000000000000000e+00
5.325364864365004905e+04,0.000000000000000000e+00
5.230791211469501286e+04,0.000000000000000000e+00
5.139408187150114099e+04,0.000000000000000000e+00
5.051054556609245628e+04,0.000000000000000000e+00
4.965579973196758510e+04,0.000000000000000000e+00
4.882844057094573509e+04,0.000000000000000000e+00
4.802715546763844031e+04,0.000000000000000000e+00
4.725071544941863249e+04,0.000000000000000000e+00
4.649796842644925346e+04,0.000000000000000000e+00
4.576783311470162880e+04,0.000000000000000000e+00
4.505929356862655550e+04,0.000000000000000000e+00
4.437139423526871542e+04,0.000000000000000000e+00
4.370323547510331991e+04,0.000000000000000000e+00
4.305396939339561504e+04,0.000000000000000000e+00
4.242279634178793640e+04,0.000000000000000000e+00
4.180896144243091840e+04,0.000000000000000000e+00
4.121175149081857671e+04,0.000000000000000000e+00
4.063049212057219120e+04,0.000000000000000000e+00
4.006454520034817688e+04,0.000000000000000000e+00
4.006454520034817688e+04,0.000000000000000000e+00
