# particle number concentration assuming water not removed from particles (#/cc (air)), with time changing with rows (corresponding times given in the time output file) and size bin changing with columns with size bin numbers given in the second row of the header
# 
0.000000000000000000e+00,0.000000000000000000e+00,0.000000000000000000e+00,0.000000000000000000e+00,0.000000000000000000e+00,0.000000000000000000e+00,0.000000000000000000e+00,0.000000000000000000e+00,0.000000000000000000e+00,0.000000000000000000e+00,0.000000000000000000e+00,0.000000000000000000e+00,0.000000000000000000e+00,0.000000000000000000e+00,0.000000000000000000e+00,0.000000000000000000e+00,0.000000000000000000e+00,0.000000000000000000e+00,0.000000000000000000e+00,0.000000000000000000e+00,0.000000000000000000e+00,0.000000000000000000e+00,0.000000000000000000e+00,0.000000000000000000e+00
0.000000000000000000e+00,0.000000000000000000e+00,0.000000000000000000e+00,0.000000000000000000e+00,0.000000000000000000e+00,0.000000000000000000e+00,0.000000000000000000e+00,0.000000000000000000e+00,0.000000000000000000e+00,0.000000000000000000e+00,0.000000000000000000e+00,0.000000000000000000e+00,0.000000000000000000e+00,0.000000000000000000e+00,0.000000000000000000e+00,0.000000000000000000e+00,0.000000000000000000e+00,0.000000000000000000e+00,0.000000000000000000e+00,0.000000000000000000e+00,0.000000000000000000e+00,0.000000000000000000e+00,0.000000000000000000e+00,0.000000000000000000e+00
0.000000000000000000e+00,0.000000000000000000e+00,0.000000000000000000e+00,0.000000000000000000e+00,0.000000000000000000e+00,0.000000000000000000e+00,0.000000000000000000e+00,0.000000000000000000e+00,0.000000000000000000e+00,0.000000000000000000e+00,0.000000000000000000e+00,0.000000000000000000e+00,0.000000000000000000e+00,0.000000000000000000e+00,0.000000000000000000e+00,0.000000000000000000e+00,0.000000000000000000e+00,0.000000000000000000e+00,0.000000000000000000e+00,0.000000000000000000e+00,0.000000000000000000e+00,0.000000000000000000e+00,0.000000000000000000e+00,0.000000000000000000e+00
0.000000000000000000e+00,0.000000000000000000e+00,3.999999999999992724e+03,0.000000000000000000e+00,0.000000000000000000e+00,0.000000000000000000e+00,0.000000000000000000e+00,3.948758124245272938e+03,1.361955572377724077e-01,0.000000000000000000e+00,3.939741139480083348e+03,3.936460804417083637e+03,6.168633069928778356e-01,7.868189945530722980e+03,7.853193404922264563e+03,1.583042073529185245e+00,1.134375033769696966e-04,0.000000000000000000e+00,0.000000000000000000e+00,0.000000000000000000e+00,0.000000000000000000e+00,0.000000000000000000e+00,0.000000000000000000e+00,0.000000000000000000e+00
3.984902311792400724e+03,0.000000000000000000e+00,0.000000000000000000e+00,3.399549164278218541e+03,0.000000000000000000e+00,1.577879839216063118e+00,0.000000000000000000e+00,0.000000000000000000e+00,0.000000000000000000e+00,0.000000000000000000e+00,3.790795401860009861e+03,1.639419303813620443e+00,3.796733867238897346e+03,3.815562484976178894e+03,3.833856196384087525e+03,7.694796619634203125e+03,7.723355672161783332e+03,5.112694405953683408e+00,6.856706864459529739e-03,0.000000000000000000e+00,0.000000000000000000e+00,0.000000000000000000e+00,0.000000000000000000e+00,0.000000000000000000e+00
1.506025773322471650e+01,2.823508047173980231e+03,1.460330914291573912e+00,0.000000000000000000e+00,0.000000000000000000e+00,0.000000000000000000e+00,0.000000000000000000e+00,3.121818889208310793e+03,2.680175476521676092e+00,1.627289066574936832e-03,0.000000000000000000e+00,3.643296739720074584e+03,3.672894319098454162e+03,3.718172142165262358e+03,3.747749128261359147e+03,7.537265395222414554e+03,7.603804303562845234e+03,2.002153575188055612e+01,3.887733226353664445e-02,2.435031047985028167e-08,0.000000000000000000e+00,0.000000000000000000e+00,0.000000000000000000e+00,0.000000000000000000e+00
0.000000000000000000e+00,1.018344760680314920e+01,1.916980191202683568e-05,0.000000000000000000e+00,0.000000000000000000e+00,2.500858512951864213e+03,2.134560136489454862e+00,1.155114513226691668e-03,0.000000000000000000e+00,2.937045259218635238e+03,9.980554086012549675e-01,3.411381965851331536e-04,3.516534236175037222e+03,3.565838304858488755e+03,7.285162600684961035e+03,7.390276328685402405e+03,7.479174437616784417e+03,4.835469003707321178e+01,1.225463007621290651e-01,3.378183862741941588e-07,0.000000000000000000e+00,0.000000000000000000e+00,0.000000000000000000e+00,0.000000000000000000e+00
0.000000000000000000e+00,0.000000000000000000e+00,0.000000000000000000e+00,0.000000000000000000e+00,8.863447280544004769e+00,1.705971157856246522e-05,1.060664990829147293e-05,2.306531283119969885e+03,1.995511738674119684e+00,6.635630902223935701e-01,2.790515967614687270e+03,1.804083087697588184e+00,3.401369322154032488e+03,3.466595566381058688e+03,7.118461474989013368e+03,7.241666688236155096e+03,7.363232395165497110e+03,7.968653433735599378e+01,2.734209326412663232e-01,2.310211849290303506e-04,0.000000000000000000e+00,0.000000000000000000e+00,0.000000000000000000e+00,0.000000000000000000e+00
0.000000000000000000e+00,0.000000000000000000e+00,0.000000000000000000e+00,0.000000000000000000e+00,0.000000000000000000e+00,0.000000000000000000e+00,0.000000000000000000e+00,8.088493521426061150e+00,8.347816736438220622e-06,2.165720780813313013e+03,2.667338516553592854e+03,3.117083687926191171e+00,7.472407839531584051e-01,3.298471402656799455e+03,3.377581577916014339e+03,1.404510923782898681e+04,7.260296982091786958e+03,1.058072591967050755e+02,4.841003161097889418e+00,3.153395908579022591e-03,0.000000000000000000e+00,0.000000000000000000e+00,0.000000000000000000e+00,0.000000000000000000e+00
0.000000000000000000e+00,0.000000000000000000e+00,0.000000000000000000e+00,0.000000000000000000e+00,0.000000000000000000e+00,0.000000000000000000e+00,0.000000000000000000e+00,0.000000000000000000e+00,7.531128373287954147e+00,2.050517144741073025e+03,3.767812990516357027e-03,2.559263197011830016e+03,5.554201798998897210e+00,3.201707703934048823e+03,3.293872143593035162e+03,1.374688329309168694e+04,7.143150542003314513e+03,1.468392217606813972e+02,9.309276903164825256e+00,3.250476577825293228e-03,0.000000000000000000e+00,0.000000000000000000e+00,0.000000000000000000e+00,0.000000000000000000e+00
0.000000000000000000e+00,0.000000000000000000e+00,0.000000000000000000e+00,0.000000000000000000e+00,0.000000000000000000e+00,0.000000000000000000e+00,0.000000000000000000e+00,0.000000000000000000e+00,0.000000000000000000e+00,7.088590014693594732e+00,1.952676440533181449e+03,2.462576105790106794e+03,6.393504990512782982e+00,3.110650167517700083e+03,3.215252275217183978e+03,1.345323333176998312e+04,7.032591675242098972e+03,1.896310459369226749e+02,1.368805407013499043e+01,1.588131982741806600e-02,1.323601335057730952e-08,0.000000000000000000e+00,0.000000000000000000e+00,0.000000000000000000e+00
0.000000000000000000e+00,0.000000000000000000e+00,0.000000000000000000e+00,0.000000000000000000e+00,0.000000000000000000e+00,0.000000000000000000e+00,0.000000000000000000e+00,0.000000000000000000e+00,0.000000000000000000e+00,6.717366945668798550e+00,0.000000000000000000e+00,1.866919917771213477e+03,2.380813095184131271e+03,3.026072284449133349e+03,3.138959301849354688e+03,1.316536460602841362e+04,6.927460814208715419e+03,2.333434377888813742e+02,1.812302325453005736e+01,3.299448868397548279e-02,6.391899188244953744e-08,0.000000000000000000e+00,0.000000000000000000e+00,0.000000000000000000e+00
0.000000000000000000e+00,0.000000000000000000e+00,0.000000000000000000e+00,0.000000000000000000e+00,0.000000000000000000e+00,0.000000000000000000e+00,0.000000000000000000e+00,0.000000000000000000e+00,0.000000000000000000e+00,0.000000000000000000e+00,6.395192509667091407e+00,1.790151647618713923e+03,2.299649240418049885e+03,1.325145395003807236e+00,6.010626985120203244e+03,1.289095509690241852e+04,2.695313065024665988e+01,7.073577253595617549e+03,2.181734731796952431e+01,5.403207625135732217e-02,1.798000668074020060e-07,0.000000000000000000e+00,0.000000000000000000e+00,0.000000000000000000e+00
0.000000000000000000e+00,0.000000000000000000e+00,0.000000000000000000e+00,0.000000000000000000e+00,0.000000000000000000e+00,0.000000000000000000e+00,0.000000000000000000e+00,0.000000000000000000e+00,0.000000000000000000e+00,0.000000000000000000e+00,6.109160669162268853e+00,1.720400486859821058e+03,2.223957697403595375e+03,2.329800990361211799e+00,5.863935803185434452e+03,5.168306420187136041e+00,1.267603484908841892e+04,6.973329503157043291e+03,4.000709890885744358e+01,8.605609712234642272e-02,4.543585796046785905e-07,0.000000000000000000e+00,0.000000000000000000e+00,0.000000000000000000e+00
0.000000000000000000e+00,0.000000000000000000e+00,0.000000000000000000e+00,0.000000000000000000e+00,0.000000000000000000e+00,0.000000000000000000e+00,0.000000000000000000e+00,0.000000000000000000e+00,0.000000000000000000e+00,0.000000000000000000e+00,0.000000000000000000e+00,1.662181462683841346e+03,2.153170426577551098e+03,3.218710679829019927e+00,5.721764082896806940e+03,1.178519921181203500e+01,1.244185434188163708e+04,6.875345407052167502e+03,5.730251029242055694e+01,1.356024554625830658e-01,1.161596233011080480e-06,0.000000000000000000e+00,0.000000000000000000e+00,0.000000000000000000e+00
0.000000000000000000e+00,0.000000000000000000e+00,0.000000000000000000e+00,0.000000000000000000e+00,0.000000000000000000e+00,0.000000000000000000e+00,0.000000000000000000e+00,0.000000000000000000e+00,0.000000000000000000e+00,0.000000000000000000e+00,0.000000000000000000e+00,0.000000000000000000e+00,1.602588982527305461e+03,2.089990252343628072e+03,5.586212133779800752e+03,1.535054630835944778e+01,1.221725640883564665e+04,6.779482309967673245e+03,7.376022326535732532e+01,2.010653923532701726e-01,2.630666297253608545e-06,0.000000000000000000e+00,0.000000000000000000e+00,0.000000000000000000e+00
0.000000000000000000e+00,0.000000000000000000e+00,0.000000000000000000e+00,0.000000000000000000e+00,0.000000000000000000e+00,0.000000000000000000e+00,0.000000000000000000e+00,0.000000000000000000e+00,0.000000000000000000e+00,0.000000000000000000e+00,0.000000000000000000e+00,0.000000000000000000e+00,1.547016094511904612e+03,2.027263697137740110e+03,5.456036195709185449e+03,1.857022693129039581e+01,1.198687521539591944e+04,6.696781478271754168e+03,8.944055513824628179e+01,2.810471030156321826e-01,5.267431299680066546e-06,0.000000000000000000e+00,0.000000000000000000e+00,0.000000000000000000e+00
0.000000000000000000e+00,0.000000000000000000e+00,0.000000000000000000e+00,0.000000000000000000e+00,0.000000000000000000e+00,0.000000000000000000e+00,0.000000000000000000e+00,0.000000000000000000e+00,0.000000000000000000e+00,0.000000000000000000e+00,0.000000000000000000e+00,0.000000000000000000e+00,1.494914357612296271e+03,1.967790389461695895e+03,5.330784977873039679e+03,2.149007196310831347e+01,1.176330964595860496e+04,6.615242024558875528e+03,1.043964241151057877e+02,3.743320004293285153e-01,9.534439467278193415e-06,0.000000000000000000e+00,0.000000000000000000e+00,0.000000000000000000e+00
0.000000000000000000e+00,0.000000000000000000e+00,0.000000000000000000e+00,0.000000000000000000e+00,0.000000000000000000e+00,0.000000000000000000e+00,0.000000000000000000e+00,0.000000000000000000e+00,0.000000000000000000e+00,0.000000000000000000e+00,0.000000000000000000e+00,0.000000000000000000e+00,1.445852210848607228e+03,1.911035734204124765e+03,5.210267479112061665e+03,2.414242740471186011e+01,1.154614009578795958e+04,6.534803699793702435e+03,1.186901154391928657e+02,4.797536427553294458e-01,1.593491496761167243e-05,0.000000000000000000e+00,0.000000000000000000e+00,0.000000000000000000e+00
0.000000000000000000e+00,0.000000000000000000e+00,0.000000000000000000e+00,0.000000000000000000e+00,0.000000000000000000e+00,0.000000000000000000e+00,0.000000000000000000e+00,0.000000000000000000e+00,0.000000000000000000e+00,0.000000000000000000e+00,0.000000000000000000e+00,0.000000000000000000e+00,1.399482966835054185e+03,1.856929583182091164e+03,9.499655813817275973e-01,5.119604055467471881e+03,1.133497739186862600e+04,6.455474976297065950e+03,1.323048692551192573e+02,5.962202700151615353e-01,2.499728021509166448e-05,0.000000000000000000e+00,0.000000000000000000e+00,0.000000000000000000e+00
0.000000000000000000e+00,0.000000000000000000e+00,0.000000000000000000e+00,0.000000000000000000e+00,0.000000000000000000e+00,0.000000000000000000e+00,0.000000000000000000e+00,0.000000000000000000e+00,0.000000000000000000e+00,0.000000000000000000e+00,0.000000000000000000e+00,0.000000000000000000e+00,1.355522977600399372e+03,1.805232892253669661e+03,1.811909479746439455e+00,5.008570516057553505e+03,1.112950995311476800e+04,6.377208940941484798e+03,1.452973092062215414e+02,7.227070038134051355e-01,3.726170711590885096e-05,0.000000000000000000e+00,0.000000000000000000e+00,0.000000000000000000e+00
0.000000000000000000e+00,0.000000000000000000e+00,0.000000000000000000e+00,0.000000000000000000e+00,0.000000000000000000e+00,0.000000000000000000e+00,0.000000000000000000e+00,0.000000000000000000e+00,0.000000000000000000e+00,0.000000000000000000e+00,0.000000000000000000e+00,0.000000000000000000e+00,1.313736621715920364e+03,1.755742546300821914e+03,2.334510170503425908e+00,4.901333279223593308e+03,1.092944203452671900e+04,6.299977726492031252e+03,1.574208643279584408e+02,1.121389697032415977e+00,5.587393492353497098e-05,0.000000000000000000e+00,0.000000000000000000e+00,0.000000000000000000e+00
0.000000000000000000e+00,0.000000000000000000e+00,0.000000000000000000e+00,0.000000000000000000e+00,0.000000000000000000e+00,0.000000000000000000e+00,0.000000000000000000e+00,0.000000000000000000e+00,0.000000000000000000e+00,0.000000000000000000e+00,0.000000000000000000e+00,0.000000000000000000e+00,0.000000000000000000e+00,2.982810258053182679e+03,3.052553657200676618e+00,4.797147269524542935e+03,1.073450707450018490e+04,6.223756718660098159e+03,1.689662459851847416e+02,1.540317880291345087e+00,8.495845677932539178e-05,0.000000000000000000e+00,0.000000000000000000e+00,0.000000000000000000e+00
0.000000000000000000e+00,0.000000000000000000e+00,0.000000000000000000e+00,0.000000000000000000e+00,0.000000000000000000e+00,0.000000000000000000e+00,0.000000000000000000e+00,0.000000000000000000e+00,0.000000000000000000e+00,0.000000000000000000e+00,0.000000000000000000e+00,0.000000000000000000e+00,0.000000000000000000e+00,2.899752901210826167e+03,3.708779811634658419e+00,4.696092627296226965e+03,1.054446289574855291e+04,6.148523204035417621e+03,1.799598962157232620e+02,1.977020922111761836e+00,1.260759611067849392e-04,0.000000000000000000e+00,0.000000000000000000e+00,0.000000000000000000e+00
0.000000000000000000e+00,0.000000000000000000e+00,0.000000000000000000e+00,0.000000000000000000e+00,0.000000000000000000e+00,0.000000000000000000e+00,0.000000000000000000e+00,0.000000000000000000e+00,0.000000000000000000e+00,0.000000000000000000e+00,0.000000000000000000e+00,0.000000000000000000e+00,0.000000000000000000e+00,2.820041091194437286e+03,3.625326141807134306e+00,4.598682780121699579e+03,1.035908868168954177e+04,6.069267013538795254e+03,1.950367362419355857e+02,2.435077252096119249e+00,1.814032617226357625e-04,0.000000000000000000e+00,0.000000000000000000e+00,0.000000000000000000e+00
0.000000000000000000e+00,0.000000000000000000e+00,0.000000000000000000e+00,0.000000000000000000e+00,0.000000000000000000e+00,0.000000000000000000e+00,0.000000000000000000e+00,0.000000000000000000e+00,0.000000000000000000e+00,0.000000000000000000e+00,0.000000000000000000e+00,0.000000000000000000e+00,0.000000000000000000e+00,2.743439769586754664e+03,3.544477596129047559e+00,4.501944739077309350e+03,1.018026175185901411e+04,5.991209849232790475e+03,2.093674773615613276e+02,2.917515345635422364e+00,2.537621222223401460e-04,0.000000000000000000e+00,0.000000000000000000e+00,0.000000000000000000e+00
0.000000000000000000e+00,0.000000000000000000e+00,0.000000000000000000e+00,0.000000000000000000e+00,0.000000000000000000e+00,0.000000000000000000e+00,0.000000000000000000e+00,0.000000000000000000e+00,0.000000000000000000e+00,0.000000000000000000e+00,0.000000000000000000e+00,0.000000000000000000e+00,0.000000000000000000e+00,2.669740927827631822e+03,3.466094245136341900e+00,4.407969337138410992e+03,1.000556957549278559e+04,5.914321132378971924e+03,2.229868891252929473e+02,3.421384320360139064e+00,3.452844072240265905e-04,0.000000000000000000e+00,0.000000000000000000e+00,0.000000000000000000e+00
0.000000000000000000e+00,0.000000000000000000e+00,0.000000000000000000e+00,0.000000000000000000e+00,0.000000000000000000e+00,0.000000000000000000e+00,0.000000000000000000e+00,0.000000000000000000e+00,0.000000000000000000e+00,0.000000000000000000e+00,0.000000000000000000e+00,0.000000000000000000e+00,0.000000000000000000e+00,2.598759442472210139e+03,0.000000000000000000e+00,4.320012203315216539e+03,9.829471407055514646e+03,5.843472035904755103e+03,2.359361670625965246e+02,3.943926003340937125e+00,4.579995402604858747e-04,0.000000000000000000e+00,0.000000000000000000e+00,0.000000000000000000e+00
0.000000000000000000e+00,0.000000000000000000e+00,0.000000000000000000e+00,0.000000000000000000e+00,0.000000000000000000e+00,0.000000000000000000e+00,0.000000000000000000e+00,0.000000000000000000e+00,0.000000000000000000e+00,0.000000000000000000e+00,0.000000000000000000e+00,0.000000000000000000e+00,0.000000000000000000e+00,2.530329776856400713e+03,0.000000000000000000e+00,4.231098637942568530e+03,9.657546402692203628e+03,5.773406940780636432e+03,2.482467862035440476e+02,4.482616988258347313e+00,5.938198596916686436e-04,0.000000000000000000e+00,0.000000000000000000e+00,0.000000000000000000e+00
0.000000000000000000e+00,0.000000000000000000e+00,0.000000000000000000e+00,0.000000000000000000e+00,0.000000000000000000e+00,0.000000000000000000e+00,0.000000000000000000e+00,0.000000000000000000e+00,0.000000000000000000e+00,0.000000000000000000e+00,0.000000000000000000e+00,0.000000000000000000e+00,0.000000000000000000e+00,2.464302375302827386e+03,0.000000000000000000e+00,4.141890730221969534e+03,9.490117588886963858e+03,5.704672185596674353e+03,2.602467618173865844e+02,5.035506545906931031e+00,7.546251333209899690e-04,0.000000000000000000e+00,0.000000000000000000e+00,0.000000000000000000e+00
0.000000000000000000e+00,0.000000000000000000e+00,0.000000000000000000e+00,0.000000000000000000e+00,0.000000000000000000e+00,0.000000000000000000e+00,0.000000000000000000e+00,0.000000000000000000e+00,0.000000000000000000e+00,0.000000000000000000e+00,0.000000000000000000e+00,0.000000000000000000e+00,0.000000000000000000e+00,2.400543110857386182e+03,0.000000000000000000e+00,4.055150087399445965e+03,9.326512239867932294e+03,5.629634523600010652e+03,2.786864141179994476e+02,5.608843554406012011e+00,9.447618718602216218e-04,0.000000000000000000e+00,0.000000000000000000e+00,0.000000000000000000e+00
0.000000000000000000e+00,0.000000000000000000e+00,0.000000000000000000e+00,0.000000000000000000e+00,0.000000000000000000e+00,0.000000000000000000e+00,0.000000000000000000e+00,0.000000000000000000e+00,0.000000000000000000e+00,0.000000000000000000e+00,0.000000000000000000e+00,0.000000000000000000e+00,0.000000000000000000e+00,2.338929218903223045e+03,0.000000000000000000e+00,3.970769292272445909e+03,9.166590399427888769e+03,5.555684269282366586e+03,2.961884440214501524e+02,6.207638974796291009e+00,1.169718064784987200e-03,0.000000000000000000e+00,0.000000000000000000e+00,0.000000000000000000e+00
0.000000000000000000e+00,0.000000000000000000e+00,0.000000000000000000e+00,0.000000000000000000e+00,0.000000000000000000e+00,0.000000000000000000e+00,0.000000000000000000e+00,0.000000000000000000e+00,0.000000000000000000e+00,0.000000000000000000e+00,0.000000000000000000e+00,0.000000000000000000e+00,0.000000000000000000e+00,0.000000000000000000e+00,2.279348434821863520e+03,3.888648489040393088e+03,9.010220727047302717e+03,5.482802017346262801e+03,3.127947043686424990e+02,6.828579534567309928e+00,1.432317702946193233e-03,0.000000000000000000e+00,0.000000000000000000e+00,0.000000000000000000e+00
0.000000000000000000e+00,0.000000000000000000e+00,0.000000000000000000e+00,0.000000000000000000e+00,0.000000000000000000e+00,0.000000000000000000e+00,0.000000000000000000e+00,0.000000000000000000e+00,0.000000000000000000e+00,0.000000000000000000e+00,0.000000000000000000e+00,0.000000000000000000e+00,0.000000000000000000e+00,0.000000000000000000e+00,2.221698384673952660e+03,3.808695165589845601e+03,8.857280410649886107e+03,5.410969046183070532e+03,3.285447286227948211e+02,7.468600547860566152e+00,1.735202162386848251e-03,0.000000000000000000e+00,0.000000000000000000e+00,0.000000000000000000e+00
0.000000000000000000e+00,0.000000000000000000e+00,0.000000000000000000e+00,0.000000000000000000e+00,0.000000000000000000e+00,0.000000000000000000e+00,0.000000000000000000e+00,0.000000000000000000e+00,0.000000000000000000e+00,0.000000000000000000e+00,0.000000000000000000e+00,0.000000000000000000e+00,0.000000000000000000e+00,0.000000000000000000e+00,2.165884461621789796e+03,3.730822591060714331e+03,8.707653313507587882e+03,5.340166942691245822e+03,3.434759745709908429e+02,8.124869151619753538e+00,2.080810676694643674e-03,0.000000000000000000e+00,0.000000000000000000e+00,0.000000000000000000e+00
0.000000000000000000e+00,0.000000000000000000e+00,0.000000000000000000e+00,0.000000000000000000e+00,0.000000000000000000e+00,0.000000000000000000e+00,0.000000000000000000e+00,0.000000000000000000e+00,0.000000000000000000e+00,0.000000000000000000e+00,0.000000000000000000e+00,0.000000000000000000e+00,0.000000000000000000e+00,0.000000000000000000e+00,2.111819901827900139e+03,3.654950083240340518e+03,8.561230469655791239e+03,5.270377961340604998e+03,3.576239102874912419e+02,8.794764975089055525e+00,2.471365591970550810e-03,0.000000000000000000e+00,0.000000000000000000e+00,0.000000000000000000e+00
0.000000000000000000e+00,0.000000000000000000e+00,0.000000000000000000e+00,0.000000000000000000e+00,0.000000000000000000e+00,0.000000000000000000e+00,0.000000000000000000e+00,0.000000000000000000e+00,0.000000000000000000e+00,0.000000000000000000e+00,0.000000000000000000e+00,0.000000000000000000e+00,0.000000000000000000e+00,0.000000000000000000e+00,2.059423979250822413e+03,3.581001613117387933e+03,8.417908382254099706e+03,5.201584632840887025e+03,3.710222204004807622e+02,9.475866732040898910e+00,2.908863349703667313e-03,0.000000000000000000e+00,0.000000000000000000e+00,0.000000000000000000e+00
0.000000000000000000e+00,0.000000000000000000e+00,0.000000000000000000e+00,0.000000000000000000e+00,0.000000000000000000e+00,0.000000000000000000e+00,0.000000000000000000e+00,0.000000000000000000e+00,0.000000000000000000e+00,0.000000000000000000e+00,0.000000000000000000e+00,0.000000000000000000e+00,0.000000000000000000e+00,0.000000000000000000e+00,2.008622089292992541e+03,3.508906016754443954e+03,8.277589410494465483e+03,5.133770044465116371e+03,3.837028804876034656e+02,1.016593607882888683e+01,3.395068491481536676e-03,0.000000000000000000e+00,0.000000000000000000e+00,0.000000000000000000e+00
0.000000000000000000e+00,0.000000000000000000e+00,0.000000000000000000e+00,0.000000000000000000e+00,0.000000000000000000e+00,0.000000000000000000e+00,0.000000000000000000e+00,0.000000000000000000e+00,0.000000000000000000e+00,0.000000000000000000e+00,0.000000000000000000e+00,0.000000000000000000e+00,0.000000000000000000e+00,0.000000000000000000e+00,1.959344852973673369e+03,3.438596328877868928e+03,8.140180985970626352e+03,5.066917712228936580e+03,3.956962915211281597e+02,1.086290514379893501e+01,3.931511547565114291e-03,0.000000000000000000e+00,0.000000000000000000e+00,0.000000000000000000e+00
0.000000000000000000e+00,0.000000000000000000e+00,0.000000000000000000e+00,0.000000000000000000e+00,0.000000000000000000e+00,0.000000000000000000e+00,0.000000000000000000e+00,0.000000000000000000e+00,0.000000000000000000e+00,0.000000000000000000e+00,0.000000000000000000e+00,0.000000000000000000e+00,0.000000000000000000e+00,0.000000000000000000e+00,1.911527334420357874e+03,3.370009185513099055e+03,8.005594898347600974e+03,5.001011453801847892e+03,4.070313982675432385e+02,1.155645642816614505e+01,1.263694661459003818e-02,1.180042425632781442e-08,0.000000000000000000e+00,0.000000000000000000e+00
0.000000000000000000e+00,0.000000000000000000e+00,0.000000000000000000e+00,0.000000000000000000e+00,0.000000000000000000e+00,0.000000000000000000e+00,0.000000000000000000e+00,0.000000000000000000e+00,0.000000000000000000e+00,0.000000000000000000e+00,0.000000000000000000e+00,0.000000000000000000e+00,0.000000000000000000e+00,0.000000000000000000e+00,1.865109106064063781e+03,3.303084967746281109e+03,7.873747560772282668e+03,4.936035587915469478e+03,4.177357521072772215e+02,1.225291685141619524e+01,2.171766202999015141e-02,3.794805950448020955e-08,0.000000000000000000e+00,0.000000000000000000e+00
0.000000000000000000e+00,0.000000000000000000e+00,0.000000000000000000e+00,0.000000000000000000e+00,0.000000000000000000e+00,0.000000000000000000e+00,0.000000000000000000e+00,0.000000000000000000e+00,0.000000000000000000e+00,0.000000000000000000e+00,0.000000000000000000e+00,0.000000000000000000e+00,0.000000000000000000e+00,0.000000000000000000e+00,1.820033434933856597e+03,3.237767142726521342e+03,7.744559189591609538e+03,4.871974744849479066e+03,4.278356220651319290e+02,1.295067489976072750e+01,3.116196176901053078e-02,8.056448675537943821e-08,0.000000000000000000e+00,0.000000000000000000e+00
0.000000000000000000e+00,0.000000000000000000e+00,0.000000000000000000e+00,0.000000000000000000e+00,0.000000000000000000e+00,0.000000000000000000e+00,0.000000000000000000e+00,0.000000000000000000e+00,0.000000000000000000e+00,0.000000000000000000e+00,0.000000000000000000e+00,0.000000000000000000e+00,0.000000000000000000e+00,0.000000000000000000e+00,1.776247079864090210e+03,3.174002140239229448e+03,7.617953692827785744e+03,4.808813912454327692e+03,4.373560642256601909e+02,1.364824749176290908e+01,4.095717861368059626e-02,1.418335048623531250e-07,0.000000000000000000e+00,0.000000000000000000e+00
0.000000000000000000e+00,0.000000000000000000e+00,0.000000000000000000e+00,0.000000000000000000e+00,0.000000000000000000e+00,0.000000000000000000e+00,0.000000000000000000e+00,0.000000000000000000e+00,0.000000000000000000e+00,0.000000000000000000e+00,0.000000000000000000e+00,0.000000000000000000e+00,0.000000000000000000e+00,0.000000000000000000e+00,1.733699976326741307e+03,3.111739118357073494e+03,7.493858402382748864e+03,4.746538419039225118e+03,4.463209941706195423e+02,1.434427114077717214e+01,5.108981749886500751e-02,2.239915171201388716e-07,0.000000000000000000e+00,0.000000000000000000e+00
0.000000000000000000e+00,0.000000000000000000e+00,0.000000000000000000e+00,0.000000000000000000e+00,0.000000000000000000e+00,0.000000000000000000e+00,0.000000000000000000e+00,0.000000000000000000e+00,0.000000000000000000e+00,0.000000000000000000e+00,0.000000000000000000e+00,0.000000000000000000e+00,0.000000000000000000e+00,0.000000000000000000e+00,1.692344980708280218e+03,3.050929774782464847e+03,7.372203861724025046e+03,4.685133928168484999e+03,4.547532523596441933e+02,1.503749370364193894e+01,6.154568877265488569e-02,3.293145364966568873e-07,0.000000000000000000e+00,0.000000000000000000e+00
0.000000000000000000e+00,0.000000000000000000e+00,0.000000000000000000e+00,0.000000000000000000e+00,0.000000000000000000e+00,0.000000000000000000e+00,0.000000000000000000e+00,0.000000000000000000e+00,0.000000000000000000e+00,0.000000000000000000e+00,0.000000000000000000e+00,0.000000000000000000e+00,0.000000000000000000e+00,0.000000000000000000e+00,1.652137608953051085e+03,2.991528145207588295e+03,7.252123144979260360e+03,4.625387021990892208e+03,4.610874159733841680e+02,1.731434958252720691e+01,7.289279864679883147e-02,4.669864823198034550e-07,0.000000000000000000e+00,0.000000000000000000e+00
0.000000000000000000e+00,0.000000000000000000e+00,0.000000000000000000e+00,0.000000000000000000e+00,0.000000000000000000e+00,0.000000000000000000e+00,0.000000000000000000e+00,0.000000000000000000e+00,0.000000000000000000e+00,0.000000000000000000e+00,0.000000000000000000e+00,0.000000000000000000e+00,0.000000000000000000e+00,0.000000000000000000e+00,1.613035828685477554e+03,2.933490444728259263e+03,7.134397064428728299e+03,4.566439120892651772e+03,4.669901613691819762e+02,1.952669029168005110e+01,8.564614256298942740e-02,6.521504220430703766e-07,0.000000000000000000e+00,0.000000000000000000e+00
0.000000000000000000e+00,0.000000000000000000e+00,0.000000000000000000e+00,0.000000000000000000e+00,0.000000000000000000e+00,0.000000000000000000e+00,0.000000000000000000e+00,0.000000000000000000e+00,0.000000000000000000e+00,0.000000000000000000e+00,0.000000000000000000e+00,0.000000000000000000e+00,0.000000000000000000e+00,0.000000000000000000e+00,1.574999561282829063e+03,2.876774626988637010e+03,7.018961982670659381e+03,4.508278836680065069e+03,4.724795892158961124e+02,2.168963311140254291e+01,8.631356336161298548e-02,8.775370813989100682e-07,0.000000000000000000e+00,0.000000000000000000e+00
0.000000000000000000e+00,0.000000000000000000e+00,0.000000000000000000e+00,0.000000000000000000e+00,0.000000000000000000e+00,0.000000000000000000e+00,0.000000000000000000e+00,0.000000000000000000e+00,0.000000000000000000e+00,0.000000000000000000e+00,0.000000000000000000e+00,0.000000000000000000e+00,0.000000000000000000e+00,0.000000000000000000e+00,1.537991447638902628e+03,2.821341138984028930e+03,6.905757675950866542e+03,4.450895255035717128e+03,4.775729846234308411e+02,2.379102578466228834e+01,8.713460509413434307e-02,1.127503100044853598e-06,0.000000000000000000e+00,0.000000000000000000e+00
0.000000000000000000e+00,0.000000000000000000e+00,0.000000000000000000e+00,0.000000000000000000e+00,0.000000000000000000e+00,0.000000000000000000e+00,0.000000000000000000e+00,0.000000000000000000e+00,0.000000000000000000e+00,0.000000000000000000e+00,0.000000000000000000e+00,0.000000000000000000e+00,0.000000000000000000e+00,0.000000000000000000e+00,1.501975677360580221e+03,2.767151835938070235e+03,6.794725836345104653e+03,4.394277444628111880e+03,4.822868997007707890e+02,2.583177793310608195e+01,8.810624274197602357e-02,1.402086264611052351e-06,0.000000000000000000e+00,0.000000000000000000e+00
0.000000000000000000e+00,0.000000000000000000e+00,0.000000000000000000e+00,0.000000000000000000e+00,0.000000000000000000e+00,0.000000000000000000e+00,0.000000000000000000e+00,0.000000000000000000e+00,0.000000000000000000e+00,0.000000000000000000e+00,0.000000000000000000e+00,0.000000000000000000e+00,0.000000000000000000e+00,0.000000000000000000e+00,1.466918288680274600e+03,2.714170284811014881e+03,6.685810512473845847e+03,4.338414666688171565e+03,4.866371747398595176e+02,2.781281602403909758e+01,8.922509989909201134e-02,1.701426054123468805e-06,0.000000000000000000e+00,0.000000000000000000e+00
0.000000000000000000e+00,0.000000000000000000e+00,0.000000000000000000e+00,0.000000000000000000e+00,0.000000000000000000e+00,0.000000000000000000e+00,0.000000000000000000e+00,0.000000000000000000e+00,0.000000000000000000e+00,0.000000000000000000e+00,0.000000000000000000e+00,0.000000000000000000e+00,0.000000000000000000e+00,0.000000000000000000e+00,1.432786944176401221e+03,2.662361567568414557e+03,6.578957847651342490e+03,4.283296324164467478e+03,4.906389782717990897e+02,2.973508137763101544e+01,9.048749104649096708e-02,2.025751996038228799e-06,0.000000000000000000e+00,0.000000000000000000e+00
0.000000000000000000e+00,0.000000000000000000e+00,0.000000000000000000e+00,0.000000000000000000e+00,0.000000000000000000e+00,0.000000000000000000e+00,0.000000000000000000e+00,0.000000000000000000e+00,0.000000000000000000e+00,0.000000000000000000e+00,0.000000000000000000e+00,0.000000000000000000e+00,0.000000000000000000e+00,0.000000000000000000e+00,1.399550861792400156e+03,2.611692230695889521e+03,6.474116022312397945e+03,4.228911982799383622e+03,4.943068394937557173e+02,3.159952708790035203e+01,9.188946089221627922e-02,2.375372173518083377e-06,0.000000000000000000e+00,0.000000000000000000e+00
0.000000000000000000e+00,0.000000000000000000e+00,0.000000000000000000e+00,0.000000000000000000e+00,0.000000000000000000e+00,0.000000000000000000e+00,0.000000000000000000e+00,0.000000000000000000e+00,0.000000000000000000e+00,0.000000000000000000e+00,0.000000000000000000e+00,0.000000000000000000e+00,0.000000000000000000e+00,0.000000000000000000e+00,1.367180707071275719e+03,2.562130195275646201e+03,6.371235139086028539e+03,4.174099947258940119e+03,4.987190607712623205e+02,3.340760214138533968e+01,9.342911770977610497e-02,2.750669673722899189e-06,0.000000000000000000e+00,0.000000000000000000e+00
0.000000000000000000e+00,0.000000000000000000e+00,0.000000000000000000e+00,0.000000000000000000e+00,0.000000000000000000e+00,0.000000000000000000e+00,0.000000000000000000e+00,0.000000000000000000e+00,0.000000000000000000e+00,0.000000000000000000e+00,0.000000000000000000e+00,0.000000000000000000e+00,0.000000000000000000e+00,0.000000000000000000e+00,1.335648495812295323e+03,2.513644692858913004e+03,6.270267174595158394e+03,4.120058941745382072e+03,5.027706481598526125e+02,3.516071004343728390e+01,9.510489252188884801e-02,3.152102014902190636e-06,0.000000000000000000e+00,0.000000000000000000e+00
0.000000000000000000e+00,0.000000000000000000e+00,0.000000000000000000e+00,0.000000000000000000e+00,0.000000000000000000e+00,0.000000000000000000e+00,0.000000000000000000e+00,0.000000000000000000e+00,0.000000000000000000e+00,0.000000000000000000e+00,0.000000000000000000e+00,0.000000000000000000e+00,0.000000000000000000e+00,0.000000000000000000e+00,1.304927453987134186e+03,2.466206101639671942e+03,6.171165689024631320e+03,4.066776433570758854e+03,5.064768241323621396e+02,3.685973943137439335e+01,9.691248123953495608e-02,3.580185672289254290e-06,0.000000000000000000e+00,0.000000000000000000e+00
0.000000000000000000e+00,0.000000000000000000e+00,0.000000000000000000e+00,0.000000000000000000e+00,0.000000000000000000e+00,0.000000000000000000e+00,0.000000000000000000e+00,0.000000000000000000e+00,0.000000000000000000e+00,0.000000000000000000e+00,0.000000000000000000e+00,0.000000000000000000e+00,0.000000000000000000e+00,0.000000000000000000e+00,1.274992029724973690e+03,2.419785988544580505e+03,6.073885930690216810e+03,4.014240186348433326e+03,5.098521676263790141e+02,3.850558838517473248e+01,9.884738498102725590e-02,4.035477288072261583e-06,0.000000000000000000e+00,0.000000000000000000e+00
0.000000000000000000e+00,0.000000000000000000e+00,0.000000000000000000e+00,0.000000000000000000e+00,0.000000000000000000e+00,0.000000000000000000e+00,0.000000000000000000e+00,0.000000000000000000e+00,0.000000000000000000e+00,0.000000000000000000e+00,0.000000000000000000e+00,0.000000000000000000e+00,0.000000000000000000e+00,0.000000000000000000e+00,1.245817734343302391e+03,2.374356960819044161e+03,5.978384630566589294e+03,3.962438200345735368e+03,5.129106497621198741e+02,4.009916318188983553e+01,1.009049414688501234e-01,4.518564155413141082e-06,0.000000000000000000e+00,0.000000000000000000e+00
0.000000000000000000e+00,0.000000000000000000e+00,0.000000000000000000e+00,0.000000000000000000e+00,0.000000000000000000e+00,0.000000000000000000e+00,0.000000000000000000e+00,0.000000000000000000e+00,0.000000000000000000e+00,0.000000000000000000e+00,0.000000000000000000e+00,0.000000000000000000e+00,0.000000000000000000e+00,0.000000000000000000e+00,1.217381145694184852e+03,2.329892677752616692e+03,5.884620027233112523e+03,3.911358745205974628e+03,5.156656602047244178e+02,4.164137574473285497e+01,1.030803533475265488e-01,5.030055048853238219e-06,0.000000000000000000e+00,0.000000000000000000e+00
0.000000000000000000e+00,0.000000000000000000e+00,0.000000000000000000e+00,0.000000000000000000e+00,0.000000000000000000e+00,0.000000000000000000e+00,0.000000000000000000e+00,0.000000000000000000e+00,0.000000000000000000e+00,0.000000000000000000e+00,0.000000000000000000e+00,0.000000000000000000e+00,0.000000000000000000e+00,0.000000000000000000e+00,1.189659793213596231e+03,2.286367743034487830e+03,5.792551717718838518e+03,3.860990319684612587e+03,5.181300372782801560e+02,4.313314240343585482e+01,1.053687147998953189e-01,5.570571683515681661e-06,0.000000000000000000e+00,0.000000000000000000e+00
0.000000000000000000e+00,0.000000000000000000e+00,0.000000000000000000e+00,0.000000000000000000e+00,0.000000000000000000e+00,0.000000000000000000e+00,0.000000000000000000e+00,0.000000000000000000e+00,0.000000000000000000e+00,0.000000000000000000e+00,0.000000000000000000e+00,0.000000000000000000e+00,0.000000000000000000e+00,0.000000000000000000e+00,1.162632114138716815e+03,2.243757667242668049e+03,5.702140609239176229e+03,3.811321651222302535e+03,5.203160933503922934e+02,4.457538216526837971e+01,1.077650357492443145e-01,6.140740645517305340e-06,0.000000000000000000e+00,0.000000000000000000e+00
0.000000000000000000e+00,0.000000000000000000e+00,0.000000000000000000e+00,0.000000000000000000e+00,0.000000000000000000e+00,0.000000000000000000e+00,0.000000000000000000e+00,0.000000000000000000e+00,0.000000000000000000e+00,0.000000000000000000e+00,0.000000000000000000e+00,0.000000000000000000e+00,0.000000000000000000e+00,0.000000000000000000e+00,1.136277439649722737e+03,2.202038859968222823e+03,5.613348913738957890e+03,3.762341712198500318e+03,5.222356380843834813e+02,4.596901491249045080e+01,1.102642638321485596e-01,6.741185819108927857e-06,0.000000000000000000e+00,0.000000000000000000e+00
0.000000000000000000e+00,0.000000000000000000e+00,0.000000000000000000e+00,0.000000000000000000e+00,0.000000000000000000e+00,0.000000000000000000e+00,0.000000000000000000e+00,0.000000000000000000e+00,0.000000000000000000e+00,0.000000000000000000e+00,0.000000000000000000e+00,0.000000000000000000e+00,0.000000000000000000e+00,0.000000000000000000e+00,1.110575906770837264e+03,2.161188546333595241e+03,5.526140031484669635e+03,3.714039688925622158e+03,5.239000031607425854e+02,4.731496041515287487e+01,1.128613050050752686e-01,7.372521457841268407e-06,0.000000000000000000e+00,0.000000000000000000e+00
0.000000000000000000e+00,0.000000000000000000e+00,0.000000000000000000e+00,0.000000000000000000e+00,0.000000000000000000e+00,0.000000000000000000e+00,0.000000000000000000e+00,0.000000000000000000e+00,0.000000000000000000e+00,0.000000000000000000e+00,0.000000000000000000e+00,0.000000000000000000e+00,0.000000000000000000e+00,0.000000000000000000e+00,1.085508397807302117e+03,2.121184709740114613e+03,5.440478471445103423e+03,3.666404964255235882e+03,5.253200643905012157e+02,4.861413722053288922e+01,1.155510423505964057e-01,8.035345793583933876e-06,0.000000000000000000e+00,0.000000000000000000e+00
0.000000000000000000e+00,0.000000000000000000e+00,0.000000000000000000e+00,0.000000000000000000e+00,0.000000000000000000e+00,0.000000000000000000e+00,0.000000000000000000e+00,0.000000000000000000e+00,0.000000000000000000e+00,0.000000000000000000e+00,0.000000000000000000e+00,0.000000000000000000e+00,0.000000000000000000e+00,0.000000000000000000e+00,1.061056546425167426e+03,2.082006102556965743e+03,5.356329871656548676e+03,3.619427141339750960e+03,5.265062608388132048e+02,4.986746110588499903e+01,1.183283527273323449e-01,8.730235085987708999e-06,0.000000000000000000e+00,0.000000000000000000e+00
0.000000000000000000e+00,0.000000000000000000e+00,0.000000000000000000e+00,0.000000000000000000e+00,0.000000000000000000e+00,0.000000000000000000e+00,0.000000000000000000e+00,0.000000000000000000e+00,0.000000000000000000e+00,0.000000000000000000e+00,0.000000000000000000e+00,0.000000000000000000e+00,0.000000000000000000e+00,0.000000000000000000e+00,1.037202685224865263e+03,2.043632196699348924e+03,5.273660930783889853e+03,3.573096029304027525e+03,5.274686149169154987e+02,5.107584417337351823e+01,1.211881223259984874e-01,9.457738290944329797e-06,0.000000000000000000e+00,0.000000000000000000e+00
0.000000000000000000e+00,0.000000000000000000e+00,0.000000000000000000e+00,0.000000000000000000e+00,0.000000000000000000e+00,0.000000000000000000e+00,0.000000000000000000e+00,0.000000000000000000e+00,0.000000000000000000e+00,0.000000000000000000e+00,0.000000000000000000e+00,0.000000000000000000e+00,0.000000000000000000e+00,0.000000000000000000e+00,1.013929797956864832e+03,2.006043138125301994e+03,5.192439344671326580e+03,3.527401629891428456e+03,5.282167511558841397e+02,5.224019400400796798e+01,1.241252608375215671e-01,1.021837226132683395e-05,0.000000000000000000e+00,0.000000000000000000e+00
0.000000000000000000e+00,0.000000000000000000e+00,0.000000000000000000e+00,0.000000000000000000e+00,0.000000000000000000e+00,0.000000000000000000e+00,0.000000000000000000e+00,0.000000000000000000e+00,0.000000000000000000e+00,0.000000000000000000e+00,0.000000000000000000e+00,0.000000000000000000e+00,0.000000000000000000e+00,0.000000000000000000e+00,9.912214757773765541e+02,1.969219704633372203e+03,5.112633746928833716e+03,3.482334124737411912e+03,5.287599137658889958e+02,5.336141286919093574e+01,1.271347143250414202e-01,1.101261746745200491e-05,0.000000000000000000e+00,0.000000000000000000e+00
0.000000000000000000e+00,0.000000000000000000e+00,0.000000000000000000e+00,0.000000000000000000e+00,0.000000000000000000e+00,0.000000000000000000e+00,0.000000000000000000e+00,0.000000000000000000e+00,0.000000000000000000e+00,0.000000000000000000e+00,0.000000000000000000e+00,0.000000000000000000e+00,0.000000000000000000e+00,0.000000000000000000e+00,9.690619068393299358e+02,1.933143298131343727e+03,5.034213700764064924e+03,3.437883883821561540e+03,5.291069826694606490e+02,5.444039676781808623e+01,1.302114765456292012e-01,1.184091414837193436e-05,0.000000000000000000e+00,0.000000000000000000e+00
0.000000000000000000e+00,0.000000000000000000e+00,0.000000000000000000e+00,0.000000000000000000e+00,0.000000000000000000e+00,0.000000000000000000e+00,0.000000000000000000e+00,0.000000000000000000e+00,0.000000000000000000e+00,0.000000000000000000e+00,0.000000000000000000e+00,0.000000000000000000e+00,0.000000000000000000e+00,0.000000000000000000e+00,9.474358434597213545e+02,1.897795913303721363e+03,4.957149655357554366e+03,3.394041458133448032e+03,5.292664893062648162e+02,5.547803474220090436e+01,1.333505993364128561e-01,1.270365898369772898e-05,0.000000000000000000e+00,0.000000000000000000e+00
0.000000000000000000e+00,0.000000000000000000e+00,0.000000000000000000e+00,0.000000000000000000e+00,0.000000000000000000e+00,0.000000000000000000e+00,0.000000000000000000e+00,0.000000000000000000e+00,0.000000000000000000e+00,0.000000000000000000e+00,0.000000000000000000e+00,0.000000000000000000e+00,0.000000000000000000e+00,0.000000000000000000e+00,9.263285763036503795e+02,1.863160113121816039e+03,4.881412911993303169e+03,3.350797575773188328e+03,5.292466315111379345e+02,5.647520821965967031e+01,1.365472018839322121e-01,1.360120221419755105e-05,0.000000000000000000e+00,0.000000000000000000e+00
0.000000000000000000e+00,0.000000000000000000e+00,0.000000000000000000e+00,0.000000000000000000e+00,0.000000000000000000e+00,0.000000000000000000e+00,0.000000000000000000e+00,0.000000000000000000e+00,0.000000000000000000e+00,0.000000000000000000e+00,0.000000000000000000e+00,0.000000000000000000e+00,0.000000000000000000e+00,0.000000000000000000e+00,9.057258987218175434e+02,1.829218993787518002e+03,4.806975574122180660e+03,3.308143130494462639e+03,5.290552877693447726e+02,5.743279049739193454e+01,1.397964791329474044e-01,1.453384523018075052e-05,0.000000000000000000e+00,0.000000000000000000e+00
0.000000000000000000e+00,0.000000000000000000e+00,0.000000000000000000e+00,0.000000000000000000e+00,0.000000000000000000e+00,0.000000000000000000e+00,0.000000000000000000e+00,0.000000000000000000e+00,0.000000000000000000e+00,0.000000000000000000e+00,0.000000000000000000e+00,0.000000000000000000e+00,0.000000000000000000e+00,0.000000000000000000e+00,8.856140885810797272e+02,1.795956167619435746e+03,4.733810523928558723e+03,3.266069181010559987e+03,5.287000305029445144e+02,5.835164616259944381e+01,1.430937090978111059e-01,1.550183854036615117e-05,0.000000000000000000e+00,0.000000000000000000e+00
0.000000000000000000e+00,0.000000000000000000e+00,0.000000000000000000e+00,0.000000000000000000e+00,0.000000000000000000e+00,0.000000000000000000e+00,0.000000000000000000e+00,0.000000000000000000e+00,0.000000000000000000e+00,0.000000000000000000e+00,0.000000000000000000e+00,0.000000000000000000e+00,0.000000000000000000e+00,0.000000000000000000e+00,8.659798581927128680e+02,1.763355711607870035e+03,4.661891346478169908e+03,3.224566926819439686e+03,5.281881388807846633e+02,5.923263079711264112e+01,1.464342597420524306e-01,1.650538023638998018e-05,0.000000000000000000e+00,0.000000000000000000e+00
0.000000000000000000e+00,0.000000000000000000e+00,0.000000000000000000e+00,0.000000000000000000e+00,0.000000000000000000e+00,0.000000000000000000e+00,0.000000000000000000e+00,0.000000000000000000e+00,0.000000000000000000e+00,0.000000000000000000e+00,0.000000000000000000e+00,0.000000000000000000e+00,0.000000000000000000e+00,0.000000000000000000e+00,8.468104214011034401e+02,1.731402241320316080e+03,4.591192444584942677e+03,3.183627767121571651e+03,5.275266105328294088e+02,6.007658993414248272e+01,1.498135935295408783e-01,1.754461446814533485e-05,0.000000000000000000e+00,0.000000000000000000e+00
0.000000000000000000e+00,0.000000000000000000e+00,0.000000000000000000e+00,0.000000000000000000e+00,0.000000000000000000e+00,0.000000000000000000e+00,0.000000000000000000e+00,0.000000000000000000e+00,0.000000000000000000e+00,0.000000000000000000e+00,0.000000000000000000e+00,0.000000000000000000e+00,0.000000000000000000e+00,0.000000000000000000e+00,8.280933853245492173e+02,1.700080796959990266e+03,4.521688867635383758e+03,3.143243234090015449e+03,5.267221737164816204e+02,6.088435930971498067e+01,1.532272735070618341e-01,1.861963079621962623e-05,0.000000000000000000e+00,0.000000000000000000e+00
0.000000000000000000e+00,0.000000000000000000e+00,0.000000000000000000e+00,0.000000000000000000e+00,0.000000000000000000e+00,0.000000000000000000e+00,0.000000000000000000e+00,0.000000000000000000e+00,0.000000000000000000e+00,0.000000000000000000e+00,0.000000000000000000e+00,0.000000000000000000e+00,0.000000000000000000e+00,0.000000000000000000e+00,8.098167617849761655e+02,1.669376857084747826e+03,4.453356334252681336e+03,3.103405010343808044e+03,5.257812980466312638e+02,6.165676429893031241e+01,1.566709672120639996e-01,1.973046353067535279e-05,0.000000000000000000e+00,0.000000000000000000e+00
0.000000000000000000e+00,0.000000000000000000e+00,0.000000000000000000e+00,0.000000000000000000e+00,0.000000000000000000e+00,0.000000000000000000e+00,0.000000000000000000e+00,0.000000000000000000e+00,0.000000000000000000e+00,0.000000000000000000e+00,0.000000000000000000e+00,0.000000000000000000e+00,0.000000000000000000e+00,0.000000000000000000e+00,7.919689533821402847e+02,1.639276325178569323e+03,4.386171213627103498e+03,3.064104928022779859e+03,5.247102050037002527e+02,6.239461959330522944e+01,1.601404502581426914e-01,2.087709144323608075e-05,0.000000000000000000e+00,0.000000000000000000e+00
0.000000000000000000e+00,0.000000000000000000e+00,0.000000000000000000e+00,0.000000000000000000e+00,0.000000000000000000e+00,0.000000000000000000e+00,0.000000000000000000e+00,0.000000000000000000e+00,0.000000000000000000e+00,0.000000000000000000e+00,0.000000000000000000e+00,0.000000000000000000e+00,0.000000000000000000e+00,0.000000000000000000e+00,7.745387272366552907e+02,1.609765502609374380e+03,4.320110485688577683e+03,3.025334958055714196e+03,5.235148778850250437e+02,6.309872899723658435e+01,1.636316095309058583e-01,2.205943781342829959e-05,0.000000000000000000e+00,0.000000000000000000e+00
0.000000000000000000e+00,0.000000000000000000e+00,0.000000000000000000e+00,0.000000000000000000e+00,0.000000000000000000e+00,0.000000000000000000e+00,0.000000000000000000e+00,0.000000000000000000e+00,0.000000000000000000e+00,0.000000000000000000e+00,0.000000000000000000e+00,0.000000000000000000e+00,0.000000000000000000e+00,0.000000000000000000e+00,7.575152056871306741e+02,1.580831079836677191e+03,4.255151729169415376e+03,2.987087211395963550e+03,5.222010713267241044e+02,6.376988515465775720e+01,1.671404456113413928e-01,2.327737067849905555e-05,0.000000000000000000e+00,0.000000000000000000e+00
0.000000000000000000e+00,0.000000000000000000e+00,0.000000000000000000e+00,0.000000000000000000e+00,0.000000000000000000e+00,0.000000000000000000e+00,0.000000000000000000e+00,0.000000000000000000e+00,0.000000000000000000e+00,0.000000000000000000e+00,0.000000000000000000e+00,0.000000000000000000e+00,0.000000000000000000e+00,0.000000000000000000e+00,7.408878507071204922e+02,1.552460120670383503e+03,4.191273098847157598e+03,2.949353935121569066e+03,5.207743203887664549e+02,6.440886935543458947e+01,1.706630747989320851e-01,2.453070334832279441e-05,0.000000000000000000e+00,0.000000000000000000e+00
0.000000000000000000e+00,0.000000000000000000e+00,0.000000000000000000e+00,0.000000000000000000e+00,0.000000000000000000e+00,0.000000000000000000e+00,0.000000000000000000e+00,0.000000000000000000e+00,0.000000000000000000e+00,0.000000000000000000e+00,0.000000000000000000e+00,0.000000000000000000e+00,0.000000000000000000e+00,0.000000000000000000e+00,7.246464506131671897e+02,1.524640048907559958e+03,4.128453306327422069e+03,2.912127509779021693e+03,5.192399492391895137e+02,6.501645136231221045e+01,1.741957306513886305e-01,2.581919513417701674e-05,0.000000000000000000e+00,0.000000000000000000e+00
0.000000000000000000e+00,0.000000000000000000e+00,0.000000000000000000e+00,0.000000000000000000e+00,0.000000000000000000e+00,0.000000000000000000e+00,0.000000000000000000e+00,0.000000000000000000e+00,0.000000000000000000e+00,0.000000000000000000e+00,0.000000000000000000e+00,0.000000000000000000e+00,0.000000000000000000e+00,0.000000000000000000e+00,7.087810931328616562e+02,1.497358619645707677e+03,4.066671576706739415e+03,2.875400435501678658e+03,5.176030791840748861e+02,6.559338933661764770e+01,1.777347653426538387e-01,2.714255235011793336e-05,0.000000000000000000e+00,0.000000000000000000e+00
0.000000000000000000e+00,0.000000000000000000e+00,0.000000000000000000e+00,0.000000000000000000e+00,0.000000000000000000e+00,0.000000000000000000e+00,0.000000000000000000e+00,0.000000000000000000e+00,0.000000000000000000e+00,0.000000000000000000e+00,0.000000000000000000e+00,0.000000000000000000e+00,0.000000000000000000e+00,0.000000000000000000e+00,6.932821944679250237e+02,1.470603952667670910e+03,4.005907702063881061e+03,2.839165361525920162e+03,5.158686372797641297e+02,6.614042950884791594e+01,1.812766497106119978e-01,2.850042922315218019e-05,0.000000000000000000e+00,0.000000000000000000e+00
0.000000000000000000e+00,0.000000000000000000e+00,0.000000000000000000e+00,0.000000000000000000e+00,0.000000000000000000e+00,0.000000000000000000e+00,0.000000000000000000e+00,0.000000000000000000e+00,0.000000000000000000e+00,0.000000000000000000e+00,0.000000000000000000e+00,0.000000000000000000e+00,0.000000000000000000e+00,0.000000000000000000e+00,6.781404463501571627e+02,1.444364474886161588e+03,3.946141953052942426e+03,2.803415051530770597e+03,5.140413633247521830e+02,6.665830630877331942e+01,1.848179743072264902e-01,2.989242935982586535e-05,0.000000000000000000e+00,0.000000000000000000e+00
0.000000000000000000e+00,0.000000000000000000e+00,0.000000000000000000e+00,0.000000000000000000e+00,0.000000000000000000e+00,0.000000000000000000e+00,0.000000000000000000e+00,0.000000000000000000e+00,0.000000000000000000e+00,0.000000000000000000e+00,0.000000000000000000e+00,0.000000000000000000e+00,0.000000000000000000e+00,0.000000000000000000e+00,6.633468184402350971e+02,1.418628923813208758e+03,3.887355085345047883e+03,2.768142391324299297e+03,5.121258172632873311e+02,6.714774221854172254e+01,1.883554492377786660e-01,3.131810710644512618e-05,0.000000000000000000e+00,0.000000000000000000e+00
0.000000000000000000e+00,0.000000000000000000e+00,0.000000000000000000e+00,0.000000000000000000e+00,0.000000000000000000e+00,0.000000000000000000e+00,0.000000000000000000e+00,0.000000000000000000e+00,0.000000000000000000e+00,0.000000000000000000e+00,0.000000000000000000e+00,0.000000000000000000e+00,0.000000000000000000e+00,0.000000000000000000e+00,6.488925473297670123e+02,1.393386336175912220e+03,3.829528322890925665e+03,2.733340385885853721e+03,5.101263861037884340e+02,6.760944772437071038e+01,1.918859039260751853e-01,3.277696910072490594e-05,0.000000000000000000e+00,0.000000000000000000e+00
0.000000000000000000e+00,0.000000000000000000e+00,0.000000000000000000e+00,0.000000000000000000e+00,0.000000000000000000e+00,0.000000000000000000e+00,0.000000000000000000e+00,0.000000000000000000e+00,0.000000000000000000e+00,0.000000000000000000e+00,0.000000000000000000e+00,0.000000000000000000e+00,0.000000000000000000e+00,0.000000000000000000e+00,6.347691241063243979e+02,1.368626034813751403e+03,3.772643338362183840e+03,2.699002154873054678e+03,5.080472904745573146e+02,6.804412129358247796e+01,1.954062866450668179e-01,3.426847594917309002e-05,0.000000000000000000e+00,0.000000000000000000e+00
0.000000000000000000e+00,0.000000000000000000e+00,0.000000000000000000e+00,0.000000000000000000e+00,0.000000000000000000e+00,0.000000000000000000e+00,0.000000000000000000e+00,0.000000000000000000e+00,0.000000000000000000e+00,0.000000000000000000e+00,0.000000000000000000e+00,0.000000000000000000e+00,0.000000000000000000e+00,0.000000000000000000e+00,6.209683006469653037e+02,1.344337636754866708e+03,3.716682267096561645e+03,2.665120943278404411e+03,5.058925914639332291e+02,6.845244930165951303e+01,1.989136634692210970e-01,3.579204388701156387e-05,0.000000000000000000e+00,0.000000000000000000e+00
0.000000000000000000e+00,0.000000000000000000e+00,0.000000000000000000e+00,0.000000000000000000e+00,0.000000000000000000e+00,0.000000000000000000e+00,0.000000000000000000e+00,0.000000000000000000e+00,0.000000000000000000e+00,0.000000000000000000e+00,0.000000000000000000e+00,0.000000000000000000e+00,0.000000000000000000e+00,0.000000000000000000e+00,6.074820579124412916e+02,1.320511018137520750e+03,3.661627652574040440e+03,2.631690100508331398e+03,5.036661960727453220e+02,6.883510612815531715e+01,2.024052177026589294e-01,3.734704675730762049e-05,0.000000000000000000e+00,0.000000000000000000e+00
0.000000000000000000e+00,0.000000000000000000e+00,0.000000000000000000e+00,0.000000000000000000e+00,0.000000000000000000e+00,0.000000000000000000e+00,0.000000000000000000e+00,0.000000000000000000e+00,0.000000000000000000e+00,0.000000000000000000e+00,0.000000000000000000e+00,0.000000000000000000e+00,0.000000000000000000e+00,0.000000000000000000e+00,5.943026067121794540e+02,1.297136315767790165e+03,3.607462449756977094e+03,2.598703085705265039e+03,5.013718632686664023e+02,6.919275413116810114e+01,2.058782485319732569e-01,3.893281787168459521e-05,0.000000000000000000e+00,0.000000000000000000e+00
0.000000000000000000e+00,0.000000000000000000e+00,0.000000000000000000e+00,0.000000000000000000e+00,0.000000000000000000e+00,0.000000000000000000e+00,0.000000000000000000e+00,0.000000000000000000e+00,0.000000000000000000e+00,0.000000000000000000e+00,0.000000000000000000e+00,0.000000000000000000e+00,0.000000000000000000e+00,0.000000000000000000e+00,5.814223798252163533e+02,1.274203918895017068e+03,3.554170012944645805e+03,2.566153465834135204e+03,4.990132095857034642e+02,6.952604367732111257e+01,2.093301696574709769e-01,4.054865197891663396e-05,0.000000000000000000e+00,0.000000000000000000e+00
0.000000000000000000e+00,0.000000000000000000e+00,0.000000000000000000e+00,0.000000000000000000e+00,0.000000000000000000e+00,0.000000000000000000e+00,0.000000000000000000e+00,0.000000000000000000e+00,0.000000000000000000e+00,0.000000000000000000e+00,0.000000000000000000e+00,0.000000000000000000e+00,0.000000000000000000e+00,0.000000000000000000e+00,5.688340243335584319e+02,1.251704461165327302e+03,3.501734083839007781e+03,2.534034913686982691e+03,4.965937144897476969e+02,6.983561318552885666e+01,2.127585077665059832e-01,4.219380728038831050e-05,0.000000000000000000e+00,0.000000000000000000e+00
0.000000000000000000e+00,0.000000000000000000e+00,0.000000000000000000e+00,0.000000000000000000e+00,0.000000000000000000e+00,0.000000000000000000e+00,0.000000000000000000e+00,0.000000000000000000e+00,0.000000000000000000e+00,0.000000000000000000e+00,0.000000000000000000e+00,0.000000000000000000e+00,0.000000000000000000e+00,0.000000000000000000e+00,5.565303927649180196e+02,1.229628811070126858e+03,3.450138777048983684e+03,2.502341204501465654e+03,4.941167254458457592e+02,7.012208918599542073e+01,2.161609008948641442e-01,4.386750749344280308e-05,0.000000000000000000e+00,0.000000000000000000e+00
0.000000000000000000e+00,0.000000000000000000e+00,0.000000000000000000e+00,0.000000000000000000e+00,0.000000000000000000e+00,0.000000000000000000e+00,0.000000000000000000e+00,0.000000000000000000e+00,0.000000000000000000e+00,0.000000000000000000e+00,0.000000000000000000e+00,0.000000000000000000e+00,0.000000000000000000e+00,0.000000000000000000e+00,5.445045385866519609e+02,1.207968067488361612e+03,3.399368573847047173e+03,2.471066216294110745e+03,4.915854629657583246e+02,7.038608637980523497e+01,2.195350965792641496e-01,4.556894390692323952e-05,0.000000000000000000e+00,0.000000000000000000e+00
0.000000000000000000e+00,0.000000000000000000e+00,0.000000000000000000e+00,0.000000000000000000e+00,0.000000000000000000e+00,0.000000000000000000e+00,0.000000000000000000e+00,0.000000000000000000e+00,0.000000000000000000e+00,0.000000000000000000e+00,0.000000000000000000e+00,0.000000000000000000e+00,0.000000000000000000e+00,0.000000000000000000e+00,5.327497078674134627e+02,1.186713550683308085e+03,3.349408308495008896e+03,2.440203926568844508e+03,4.890030252781122044e+02,7.062820772023782467e+01,2.228789499796894058e-01,4.729727748352625314e-05,0.000000000000000000e+00,0.000000000000000000e+00
0.000000000000000000e+00,0.000000000000000000e+00,0.000000000000000000e+00,0.000000000000000000e+00,0.000000000000000000e+00,0.000000000000000000e+00,0.000000000000000000e+00,0.000000000000000000e+00,0.000000000000000000e+00,0.000000000000000000e+00,0.000000000000000000e+00,0.000000000000000000e+00,0.000000000000000000e+00,0.000000000000000000e+00,5.212593329158693223e+02,1.165856795543174485e+03,3.300243158126758317e+03,2.409748410533127299e+03,4.863723928744373666e+02,7.084904449785166491e+01,2.261904218709537839e-01,4.905164095625138719e-05,0.000000000000000000e+00,0.000000000000000000e+00
0.000000000000000000e+00,0.000000000000000000e+00,0.000000000000000000e+00,0.000000000000000000e+00,0.000000000000000000e+00,0.000000000000000000e+00,0.000000000000000000e+00,0.000000000000000000e+00,0.000000000000000000e+00,0.000000000000000000e+00,0.000000000000000000e+00,0.000000000000000000e+00,0.000000000000000000e+00,0.000000000000000000e+00,5.100270257534108964e+02,1.145389544510880341e+03,3.251858631996078202e+03,2.379693838854114347e+03,4.836964328388352214e+02,7.104917643430192697e+01,2.294675765603415019e-01,5.083114092824034524e-05,0.000000000000000000e+00,0.000000000000000000e+00
0.000000000000000000e+00,0.000000000000000000e+00,0.000000000000000000e+00,0.000000000000000000e+00,0.000000000000000000e+00,0.000000000000000000e+00,0.000000000000000000e+00,0.000000000000000000e+00,0.000000000000000000e+00,0.000000000000000000e+00,0.000000000000000000e+00,0.000000000000000000e+00,0.000000000000000000e+00,0.000000000000000000e+00,4.990465743609323681e+02,1.125303743885754557e+03,3.204240566324485371e+03,2.350034477969076761e+03,4.809779031695377967e+02,7.122917178148676953e+01,2.327085796776194315e-01,5.263485993783473791e-05,0.000000000000000000e+00,0.000000000000000000e+00
0.000000000000000000e+00,0.000000000000000000e+00,0.000000000000000000e+00,0.000000000000000000e+00,0.000000000000000000e+00,0.000000000000000000e+00,0.000000000000000000e+00,0.000000000000000000e+00,0.000000000000000000e+00,0.000000000000000000e+00,0.000000000000000000e+00,0.000000000000000000e+00,0.000000000000000000e+00,0.000000000000000000e+00,4.883119353979143966e+02,1.105591535814897270e+03,3.157375111962460323e+03,2.320764686855643049e+03,4.782194567207133105e+02,7.138958743357576964e+01,2.359116959827164128e-01,5.446185854247185583e-05,0.000000000000000000e+00,0.000000000000000000e+00
0.000000000000000000e+00,0.000000000000000000e+00,0.000000000000000000e+00,0.000000000000000000e+00,0.000000000000000000e+00,0.000000000000000000e+00,0.000000000000000000e+00,0.000000000000000000e+00,0.000000000000000000e+00,0.000000000000000000e+00,0.000000000000000000e+00,0.000000000000000000e+00,0.000000000000000000e+00,0.000000000000000000e+00,4.778172260000927167e+02,1.086245249200304443e+03,3.111248720291363043e+03,2.291878912862307516e+03,4.754236449090237215e+02,7.153096904298740810e+01,2.390752871412190339e-01,5.631117739259855227e-05,0.000000000000000000e+00,0.000000000000000000e+00
0.000000000000000000e+00,0.000000000000000000e+00,0.000000000000000000e+00,0.000000000000000000e+00,0.000000000000000000e+00,0.000000000000000000e+00,0.000000000000000000e+00,0.000000000000000000e+00,0.000000000000000000e+00,0.000000000000000000e+00,0.000000000000000000e+00,0.000000000000000000e+00,0.000000000000000000e+00,0.000000000000000000e+00,4.675567204896537419e+02,1.067257396259116149e+03,3.065848138166386434e+03,2.263371691642872065e+03,4.725929215039474798e+02,7.165385113550975404e+01,2.421978093686848188e-01,5.818183923760271556e-05,0.000000000000000000e+00,0.000000000000000000e+00
0.000000000000000000e+00,0.000000000000000000e+00,0.000000000000000000e+00,0.000000000000000000e+00,0.000000000000000000e+00,0.000000000000000000e+00,0.000000000000000000e+00,0.000000000000000000e+00,0.000000000000000000e+00,0.000000000000000000e+00,0.000000000000000000e+00,0.000000000000000000e+00,0.000000000000000000e+00,0.000000000000000000e+00,4.575248456221260085e+02,1.048620667449756411e+03,3.021160400302865582e+03,2.235237645829874054e+03,4.697296462156335792e+02,7.175875723463303757e+01,2.452778110708078996e-01,6.007285091031175177e-05,0.000000000000000000e+00,0.000000000000000000e+00
0.000000000000000000e+00,0.000000000000000000e+00,0.000000000000000000e+00,0.000000000000000000e+00,0.000000000000000000e+00,0.000000000000000000e+00,0.000000000000000000e+00,0.000000000000000000e+00,0.000000000000000000e+00,0.000000000000000000e+00,0.000000000000000000e+00,0.000000000000000000e+00,0.000000000000000000e+00,0.000000000000000000e+00,4.477161758410655352e+02,1.030327926311037118e+03,2.977172821410587858e+03,2.207471483465387337e+03,4.668360881225977437e+02,7.184619999039922789e+01,2.483139304648607493e-01,6.198320527714293272e-05,0.000000000000000000e+00,0.000000000000000000e+00
0.000000000000000000e+00,0.000000000000000000e+00,0.000000000000000000e+00,0.000000000000000000e+00,0.000000000000000000e+00,0.000000000000000000e+00,0.000000000000000000e+00,0.000000000000000000e+00,0.000000000000000000e+00,0.000000000000000000e+00,0.000000000000000000e+00,0.000000000000000000e+00,0.000000000000000000e+00,0.000000000000000000e+00,4.381254286267827069e+02,1.012372204403226078e+03,2.933872988482797609e+03,2.180067996415288690e+03,4.639144289658933076e+02,7.191668131243598339e+01,2.513048931846499912e-01,6.391188314722586004e-05,0.000000000000000000e+00,0.000000000000000000e+00
0.000000000000000000e+00,0.000000000000000000e+00,0.000000000000000000e+00,0.000000000000000000e+00,0.000000000000000000e+00,0.000000000000000000e+00,0.000000000000000000e+00,0.000000000000000000e+00,0.000000000000000000e+00,0.000000000000000000e+00,0.000000000000000000e+00,0.000000000000000000e+00,0.000000000000000000e+00,0.000000000000000000e+00,4.287474601074654288e+02,9.947466965373108678e+02,2.891248753528842826e+03,2.153022058902898152e+03,4.609667663232689279e+02,7.197069250657538930e+01,2.542495098729384284e-01,6.585785513548426365e-05,0.000000000000000000e+00,0.000000000000000000e+00
0.000000000000000000e+00,0.000000000000000000e+00,0.000000000000000000e+00,0.000000000000000000e+00,0.000000000000000000e+00,0.000000000000000000e+00,0.000000000000000000e+00,0.000000000000000000e+00,0.000000000000000000e+00,0.000000000000000000e+00,0.000000000000000000e+00,0.000000000000000000e+00,0.000000000000000000e+00,0.000000000000000000e+00,4.195772607793804809e+02,9.774447560689841339e+02,2.849288226339564517e+03,2.126328625958468365e+03,4.579951166512976215e+02,7.200871441437595877e+01,2.571466737722131746e-01,6.782008347906804346e-05,0.000000000000000000e+00,0.000000000000000000e+00
0.000000000000000000e+00,0.000000000000000000e+00,0.000000000000000000e+00,0.000000000000000000e+00,0.000000000000000000e+00,0.000000000000000000e+00,0.000000000000000000e+00,0.000000000000000000e+00,0.000000000000000000e+00,0.000000000000000000e+00,0.000000000000000000e+00,0.000000000000000000e+00,0.000000000000000000e+00,0.000000000000000000e+00,4.106099518721684944e+02,9.604598910086566548e+02,2.807979768641028841e+03,2.099982732468450649e+03,4.550014182605092969e+02,7.203121755650221303e+01,2.599953583052405093e-01,6.979752379576596645e-05,0.000000000000000000e+00,0.000000000000000000e+00
0.000000000000000000e+00,0.000000000000000000e+00,0.000000000000000000e+00,0.000000000000000000e+00,0.000000000000000000e+00,0.000000000000000000e+00,0.000000000000000000e+00,0.000000000000000000e+00,0.000000000000000000e+00,0.000000000000000000e+00,0.000000000000000000e+00,0.000000000000000000e+00,0.000000000000000000e+00,0.000000000000000000e+00,4.018407808413425073e+02,9.437857590113334254e+02,2.767311986321462427e+03,2.073979491210819560e+03,4.519875340978804843e+02,7.203866227717135473e+01,2.627946146835260510e-01,7.178912680163113895e-05,0.000000000000000000e+00,0.000000000000000000e+00
0.000000000000000000e+00,0.000000000000000000e+00,0.000000000000000000e+00,0.000000000000000000e+00,0.000000000000000000e+00,0.000000000000000000e+00,0.000000000000000000e+00,0.000000000000000000e+00,0.000000000000000000e+00,0.000000000000000000e+00,0.000000000000000000e+00,0.000000000000000000e+00,0.000000000000000000e+00,0.000000000000000000e+00,3.932651171673085173e+02,9.274161626892845334e+02,2.727273722139772872e+03,2.048314091035736965e+03,4.489552544254694908e+02,7.203149888972335191e+01,2.655435695239963811e-01,7.379383997275875046e-05,0.000000000000000000e+00,0.000000000000000000e+00
0.000000000000000000e+00,0.000000000000000000e+00,0.000000000000000000e+00,0.000000000000000000e+00,0.000000000000000000e+00,0.000000000000000000e+00,0.000000000000000000e+00,0.000000000000000000e+00,0.000000000000000000e+00,0.000000000000000000e+00,0.000000000000000000e+00,0.000000000000000000e+00,0.000000000000000000e+00,0.000000000000000000e+00,3.848784489869846084e+02,9.113450459439881115e+02,2.687854050132735210e+03,2.022981795796434653e+03,4.459062994551051133e+02,7.201016782491008428e+01,2.682414224664220193e-01,7.581060914133800482e-05,0.000000000000000000e+00,0.000000000000000000e+00
0.000000000000000000e+00,0.000000000000000000e+00,0.000000000000000000e+00,0.000000000000000000e+00,0.000000000000000000e+00,0.000000000000000000e+00,0.000000000000000000e+00,0.000000000000000000e+00,0.000000000000000000e+00,0.000000000000000000e+00,0.000000000000000000e+00,0.000000000000000000e+00,0.000000000000000000e+00,0.000000000000000000e+00,3.766763796413096657e+02,8.955664901548909711e+02,2.649042269738572486e+03,1.997977943069763796e+03,4.428423218669532844e+02,7.197509978039872180e+01,2.708874438156879672e-01,7.783838003643802446e-05,0.000000000000000000e+00,0.000000000000000000e+00
0.000000000000000000e+00,0.000000000000000000e+00,0.000000000000000000e+00,0.000000000000000000e+00,0.000000000000000000e+00,0.000000000000000000e+00,0.000000000000000000e+00,0.000000000000000000e+00,0.000000000000000000e+00,0.000000000000000000e+00,0.000000000000000000e+00,0.000000000000000000e+00,0.000000000000000000e+00,0.000000000000000000e+00,3.686546255981099875e+02,8.800747120612161325e+02,2.610827902752850605e+03,1.973297944184724429e+03,4.397649093474552160e+02,7.192671587535232902e+01,2.734809721842088037e-01,7.987609974873609146e-05,0.000000000000000000e+00,0.000000000000000000e+00
0.000000000000000000e+00,0.000000000000000000e+00,0.000000000000000000e+00,0.000000000000000000e+00,0.000000000000000000e+00,0.000000000000000000e+00,0.000000000000000000e+00,0.000000000000000000e+00,0.000000000000000000e+00,0.000000000000000000e+00,0.000000000000000000e+00,0.000000000000000000e+00,0.000000000000000000e+00,0.000000000000000000e+00,3.608090104896162984e+02,8.648640568054361211e+02,2.573200682125655021e+03,1.948937280239917300e+03,4.366755866923512031e+02,7.186542779514802248e+01,2.760214122357051991e-01,8.192271818774047199e-05,0.000000000000000000e+00,0.000000000000000000e+00
0.000000000000000000e+00,0.000000000000000000e+00,0.000000000000000000e+00,0.000000000000000000e+00,0.000000000000000000e+00,0.000000000000000000e+00,0.000000000000000000e+00,0.000000000000000000e+00,0.000000000000000000e+00,0.000000000000000000e+00,0.000000000000000000e+00,0.000000000000000000e+00,0.000000000000000000e+00,0.000000000000000000e+00,3.531354633041437410e+02,8.499289960885565733e+02,2.536150549310306360e+03,1.924891502188444747e+03,4.335758181599825889e+02,7.179163794565216961e+01,2.785082323802854365e-01,8.397718942692213170e-05,0.000000000000000000e+00,0.000000000000000000e+00
0.000000000000000000e+00,0.000000000000000000e+00,0.000000000000000000e+00,0.000000000000000000e+00,0.000000000000000000e+00,0.000000000000000000e+00,0.000000000000000000e+00,0.000000000000000000e+00,0.000000000000000000e+00,0.000000000000000000e+00,0.000000000000000000e+00,0.000000000000000000e+00,0.000000000000000000e+00,0.000000000000000000e+00,3.456300156728446495e+02,8.352641252011273991e+02,2.499667649719014662e+03,1.901156229957751975e+03,4.304670096655786438e+02,7.170573960674613545e+01,2.809409625218272089e-01,8.603847300031643706e-05,0.000000000000000000e+00,0.000000000000000000e+00
0.000000000000000000e+00,0.000000000000000000e+00,0.000000000000000000e+00,0.000000000000000000e+00,0.000000000000000000e+00,0.000000000000000000e+00,0.000000000000000000e+00,0.000000000000000000e+00,0.000000000000000000e+00,0.000000000000000000e+00,0.000000000000000000e+00,0.000000000000000000e+00,0.000000000000000000e+00,0.000000000000000000e+00,3.382887983790781163e+02,8.208641590440140590e+02,2.463742326429801778e+03,1.877727150659356994e+03,4.273505108114647442e+02,7.160811708284144572e+01,2.833191918562776301e-01,8.810553515128331098e-05,0.000000000000000000e+00,0.000000000000000000e+00
0.000000000000000000e+00,0.000000000000000000e+00,0.000000000000000000e+00,0.000000000000000000e+00,0.000000000000000000e+00,0.000000000000000000e+00,0.000000000000000000e+00,0.000000000000000000e+00,0.000000000000000000e+00,0.000000000000000000e+00,0.000000000000000000e+00,0.000000000000000000e+00,0.000000000000000000e+00,0.000000000000000000e+00,3.311080390302086585e+02,8.067239296113809814e+02,2.428365116371934164e+03,1.854600017956018519e+03,4.242276169436413511e+02,7.149914585705468539e+01,2.856425666849052303e-01,9.017735000512962966e-05,0.000000000000000000e+00,0.000000000000000000e+00
0.000000000000000000e+00,0.000000000000000000e+00,0.000000000000000000e+00,0.000000000000000000e+00,0.000000000000000000e+00,0.000000000000000000e+00,0.000000000000000000e+00,0.000000000000000000e+00,0.000000000000000000e+00,0.000000000000000000e+00,0.000000000000000000e+00,0.000000000000000000e+00,0.000000000000000000e+00,0.000000000000000000e+00,3.240840589824339304e+02,7.928383825060172967e+02,2.393526744839329240e+03,1.831770650561410548e+03,4.210995710541246240e+02,7.137919274208070419e+01,2.879107882812585451e-01,9.225290069385136773e-05,0.000000000000000000e+00,0.000000000000000000e+00
0.000000000000000000e+00,0.000000000000000000e+00,0.000000000000000000e+00,0.000000000000000000e+00,0.000000000000000000e+00,0.000000000000000000e+00,0.000000000000000000e+00,0.000000000000000000e+00,0.000000000000000000e+00,0.000000000000000000e+00,0.000000000000000000e+00,0.000000000000000000e+00,0.000000000000000000e+00,0.000000000000000000e+00,3.172132709325258588e+02,7.792025742713268528e+02,2.359218121365356183e+03,1.809234931353334559e+03,4.179675656669430168e+02,7.124861603283177658e+01,2.901236107871926206e-01,9.433118041307791165e-05,0.000000000000000000e+00,0.000000000000000000e+00
0.000000000000000000e+00,0.000000000000000000e+00,0.000000000000000000e+00,0.000000000000000000e+00,0.000000000000000000e+00,0.000000000000000000e+00,0.000000000000000000e+00,0.000000000000000000e+00,0.000000000000000000e+00,0.000000000000000000e+00,0.000000000000000000e+00,0.000000000000000000e+00,0.000000000000000000e+00,0.000000000000000000e+00,3.104921762121620077e+02,7.658116693352604898e+02,2.325430334923960345e+03,1.786988806112975681e+03,4.148327446199875794e+02,7.110776565698215279e+01,2.922808391560562380e-01,9.641119342552622901e-05,0.000000000000000000e+00,0.000000000000000000e+00
0.000000000000000000e+00,0.000000000000000000e+00,0.000000000000000000e+00,0.000000000000000000e+00,0.000000000000000000e+00,0.000000000000000000e+00,0.000000000000000000e+00,0.000000000000000000e+00,0.000000000000000000e+00,0.000000000000000000e+00,0.000000000000000000e+00,0.000000000000000000e+00,0.000000000000000000e+00,0.000000000000000000e+00,3.039173618649102195e+02,7.526609366536025618e+02,2.292154648592065769e+03,1.765028281953423630e+03,4.116962047473078314e+02,7.095698332282967158e+01,2.943823271419876431e-01,9.849195601128558702e-05,0.000000000000000000e+00,0.000000000000000000e+00
0.000000000000000000e+00,0.000000000000000000e+00,0.000000000000000000e+00,0.000000000000000000e+00,0.000000000000000000e+00,0.000000000000000000e+00,0.000000000000000000e+00,0.000000000000000000e+00,0.000000000000000000e+00,0.000000000000000000e+00,0.000000000000000000e+00,0.000000000000000000e+00,0.000000000000000000e+00,0.000000000000000000e+00,2.974854990165640629e+02,7.397457479903664535e+02,2.259382496995126075e+03,1.743349427067774968e+03,4.085589976253972964e+02,7.079660267231636794e+01,2.964279753105078519e-01,1.005724973416463261e-04,0.000000000000000000e+00,0.000000000000000000e+00
0.000000000000000000e+00,0.000000000000000000e+00,0.000000000000000000e+00,0.000000000000000000e+00,0.000000000000000000e+00,0.000000000000000000e+00,0.000000000000000000e+00,0.000000000000000000e+00,0.000000000000000000e+00,0.000000000000000000e+00,0.000000000000000000e+00,0.000000000000000000e+00,0.000000000000000000e+00,0.000000000000000000e+00,2.911933404990505210e+02,7.270615752230582984e+02,2.227105482064236185e+03,1.721948369611765429e+03,4.054221311764868005e+02,7.062694942976528978e+01,2.984177291088504491e-01,1.026518603096329848e-04,0.000000000000000000e+00,0.000000000000000000e+00
0.000000000000000000e+00,0.000000000000000000e+00,0.000000000000000000e+00,0.000000000000000000e+00,0.000000000000000000e+00,0.000000000000000000e+00,0.000000000000000000e+00,0.000000000000000000e+00,0.000000000000000000e+00,0.000000000000000000e+00,0.000000000000000000e+00,0.000000000000000000e+00,0.000000000000000000e+00,0.000000000000000000e+00,2.850377182811094485e+02,7.146039874043218560e+02,2.195315368375848266e+03,1.700821296343379800e+03,4.022865711861819591e+02,7.044834154762381218e+01,3.003515769818674297e-01,1.047291023089030280e-04,0.000000000000000000e+00,0.000000000000000000e+00
0.000000000000000000e+00,0.000000000000000000e+00,0.000000000000000000e+00,0.000000000000000000e+00,0.000000000000000000e+00,0.000000000000000000e+00,0.000000000000000000e+00,0.000000000000000000e+00,0.000000000000000000e+00,0.000000000000000000e+00,0.000000000000000000e+00,0.000000000000000000e+00,0.000000000000000000e+00,0.000000000000000000e+00,2.790155411031382187e+02,7.023686480430312713e+02,2.164004078826376372e+03,1.679964451384198810e+03,3.991532427731925736e+02,7.026108935128290511e+01,3.022295485311084495e-01,1.068032959577555093e-04,0.000000000000000000e+00,0.000000000000000000e+00
0.000000000000000000e+00,0.000000000000000000e+00,0.000000000000000000e+00,0.000000000000000000e+00,0.000000000000000000e+00,0.000000000000000000e+00,0.000000000000000000e+00,0.000000000000000000e+00,0.000000000000000000e+00,0.000000000000000000e+00,0.000000000000000000e+00,0.000000000000000000e+00,0.000000000000000000e+00,0.000000000000000000e+00,2.731237927870944304e+02,6.903513132536157855e+02,2.133163691794766692e+03,1.659374135677263439e+03,3.960230318749922844e+02,7.006549568625537461e+01,3.040517127076228787e-01,1.088735297596295416e-04,0.000000000000000000e+00,0.000000000000000000e+00
0.000000000000000000e+00,0.000000000000000000e+00,0.000000000000000000e+00,0.000000000000000000e+00,0.000000000000000000e+00,0.000000000000000000e+00,0.000000000000000000e+00,0.000000000000000000e+00,0.000000000000000000e+00,0.000000000000000000e+00,0.000000000000000000e+00,0.000000000000000000e+00,0.000000000000000000e+00,0.000000000000000000e+00,2.673595299833226022e+02,6.785478291580496943e+02,2.102786437001056129e+03,1.639046705771025017e+03,3.928967866126711215e+02,6.986185606057313180e+01,3.058181760612139755e-01,1.109389087230644758e-04,0.000000000000000000e+00,0.000000000000000000e+00
0.000000000000000000e+00,0.000000000000000000e+00,0.000000000000000000e+00,0.000000000000000000e+00,0.000000000000000000e+00,0.000000000000000000e+00,0.000000000000000000e+00,0.000000000000000000e+00,0.000000000000000000e+00,0.000000000000000000e+00,0.000000000000000000e+00,0.000000000000000000e+00,0.000000000000000000e+00,0.000000000000000000e+00,2.617198804375129271e+02,6.669541299571626496e+02,2.072864692509939687e+03,1.618978573132610563e+03,3.897753186585269418e+02,6.965045878841061722e+01,3.075290810257808594e-01,1.129985549231918209e-04,0.000000000000000000e+00,0.000000000000000000e+00
0.000000000000000000e+00,0.000000000000000000e+00,0.000000000000000000e+00,0.000000000000000000e+00,0.000000000000000000e+00,0.000000000000000000e+00,0.000000000000000000e+00,0.000000000000000000e+00,0.000000000000000000e+00,0.000000000000000000e+00,0.000000000000000000e+00,0.000000000000000000e+00,0.000000000000000000e+00,0.000000000000000000e+00,2.562020409481144156e+02,6.555662355833285346e+02,2.043390980996121016e+03,1.599166203066586149e+03,3.866594045136982913e+02,6.943158512997268872e+01,3.091846042560714714e-01,1.150516080211824949e-04,0.000000000000000000e+00,0.000000000000000000e+00
0.000000000000000000e+00,0.000000000000000000e+00,0.000000000000000000e+00,0.000000000000000000e+00,0.000000000000000000e+00,0.000000000000000000e+00,0.000000000000000000e+00,0.000000000000000000e+00,0.000000000000000000e+00,0.000000000000000000e+00,0.000000000000000000e+00,0.000000000000000000e+00,0.000000000000000000e+00,0.000000000000000000e+00,2.508032755570096413e+02,6.443802496410130516e+02,2.014357966491334309e+03,1.579606113840437274e+03,3.835497867596086508e+02,6.920550943093230956e+01,3.107849550065580613e-01,1.170972257335236097e-04,0.000000000000000000e+00,0.000000000000000000e+00
0.000000000000000000e+00,0.000000000000000000e+00,0.000000000000000000e+00,0.000000000000000000e+00,0.000000000000000000e+00,0.000000000000000000e+00,0.000000000000000000e+00,0.000000000000000000e+00,0.000000000000000000e+00,0.000000000000000000e+00,0.000000000000000000e+00,0.000000000000000000e+00,0.000000000000000000e+00,0.000000000000000000e+00,2.455209137703832312e+02,6.333923573766279560e+02,1.985758451170889657e+03,1.560294875800463615e+03,3.804471752625604495e+02,6.897249926007441445e+01,3.123303735550166382e-01,1.191345842558931925e-04,0.000000000000000000e+00,0.000000000000000000e+00
0.000000000000000000e+00,0.000000000000000000e+00,0.000000000000000000e+00,0.000000000000000000e+00,0.000000000000000000e+00,0.000000000000000000e+00,0.000000000000000000e+00,0.000000000000000000e+00,0.000000000000000000e+00,0.000000000000000000e+00,0.000000000000000000e+00,0.000000000000000000e+00,0.000000000000000000e+00,0.000000000000000000e+00,2.403523489897661989e+02,6.225988239127731276e+02,1.957585372585777577e+03,1.541229110678990310e+03,3.773522483549754725e+02,6.873281554645070912e+01,3.138211296679715434e-01,1.211628786397748049e-04,0.000000000000000000e+00,0.000000000000000000e+00
0.000000000000000000e+00,0.000000000000000000e+00,0.000000000000000000e+00,0.000000000000000000e+00,0.000000000000000000e+00,0.000000000000000000e+00,0.000000000000000000e+00,0.000000000000000000e+00,0.000000000000000000e+00,0.000000000000000000e+00,0.000000000000000000e+00,0.000000000000000000e+00,0.000000000000000000e+00,0.000000000000000000e+00,2.352950364735644655e+02,6.119959918520172550e+02,1.929831799791504636e+03,1.522405490333387888e+03,3.742656539129148996e+02,6.848671271113921932e+01,3.152575211187013671e-01,1.231813231363778564e-04,0.000000000000000000e+00,0.000000000000000000e+00
0.000000000000000000e+00,0.000000000000000000e+00,0.000000000000000000e+00,0.000000000000000000e+00,0.000000000000000000e+00,0.000000000000000000e+00,0.000000000000000000e+00,0.000000000000000000e+00,0.000000000000000000e+00,0.000000000000000000e+00,0.000000000000000000e+00,0.000000000000000000e+00,0.000000000000000000e+00,0.000000000000000000e+00,2.303464919082200026e+02,6.015802796707303060e+02,1.902490930831368360e+03,1.503820736123538836e+03,3.711880104601517587e+02,6.823443880095538816e+01,3.166398722388286124e-01,1.251891514886231021e-04,0.000000000000000000e+00,0.000000000000000000e+00
0.000000000000000000e+00,0.000000000000000000e+00,0.000000000000000000e+00,0.000000000000000000e+00,0.000000000000000000e+00,0.000000000000000000e+00,0.000000000000000000e+00,0.000000000000000000e+00,0.000000000000000000e+00,0.000000000000000000e+00,0.000000000000000000e+00,0.000000000000000000e+00,0.000000000000000000e+00,0.000000000000000000e+00,2.255042898464751886e+02,5.913481799277784603e+02,1.875556089890018029e+03,1.485471618104216304e+03,3.681199082137158030e+02,6.797623561933744440e+01,3.179685325165782506e-01,1.271856171869149745e-04,0.000000000000000000e+00,0.000000000000000000e+00
0.000000000000000000e+00,0.000000000000000000e+00,0.000000000000000000e+00,0.000000000000000000e+00,0.000000000000000000e+00,0.000000000000000000e+00,0.000000000000000000e+00,0.000000000000000000e+00,0.000000000000000000e+00,0.000000000000000000e+00,0.000000000000000000e+00,0.000000000000000000e+00,0.000000000000000000e+00,0.000000000000000000e+00,2.207660621931046592e+02,5.812962575240209162e+02,1.849020724524832758e+03,1.467354954233394665e+03,3.650619100935117558e+02,6.771233885557548149e+01,3.192438752382192879e-01,1.291699936869215610e-04,0.000000000000000000e+00,0.000000000000000000e+00
0.000000000000000000e+00,0.000000000000000000e+00,0.000000000000000000e+00,0.000000000000000000e+00,0.000000000000000000e+00,0.000000000000000000e+00,0.000000000000000000e+00,0.000000000000000000e+00,0.000000000000000000e+00,0.000000000000000000e+00,0.000000000000000000e+00,0.000000000000000000e+00,0.000000000000000000e+00,0.000000000000000000e+00,2.161294967283138249e+02,5.714211480046116094e+02,1.822878402962115842e+03,1.449467609588328969e+03,3.620145526953689341e+02,6.744297821195999632e+01,3.204662961705254109e-01,1.311415745905043914e-04,0.000000000000000000e+00,0.000000000000000000e+00
0.000000000000000000e+00,0.000000000000000000e+00,0.000000000000000000e+00,0.000000000000000000e+00,0.000000000000000000e+00,0.000000000000000000e+00,0.000000000000000000e+00,0.000000000000000000e+00,0.000000000000000000e+00,0.000000000000000000e+00,0.000000000000000000e+00,0.000000000000000000e+00,0.000000000000000000e+00,0.000000000000000000e+00,2.115923356654850522e+02,5.617195558955236265e+02,1.797122811441233807e+03,1.431806495583028664e+03,3.589783472285861876e+02,6.716837752895966673e+01,3.216362122847000737e-01,1.330996737917596582e-04,0.000000000000000000e+00,0.000000000000000000e+00
0.000000000000000000e+00,0.000000000000000000e+00,0.000000000000000000e+00,0.000000000000000000e+00,0.000000000000000000e+00,0.000000000000000000e+00,0.000000000000000000e+00,0.000000000000000000e+00,0.000000000000000000e+00,0.000000000000000000e+00,0.000000000000000000e+00,0.000000000000000000e+00,0.000000000000000000e+00,0.000000000000000000e+00,2.071523741953755575e+02,5.521882530089869761e+02,1.771747751498586013e+03,1.414368569140563750e+03,3.559537804158191534e+02,6.688875490859787476e+01,3.227540605242676941e-01,1.350436255912399451e-04,0.000000000000000000e+00,0.000000000000000000e+00
0.000000000000000000e+00,0.000000000000000000e+00,0.000000000000000000e+00,0.000000000000000000e+00,0.000000000000000000e+00,0.000000000000000000e+00,0.000000000000000000e+00,0.000000000000000000e+00,0.000000000000000000e+00,0.000000000000000000e+00,0.000000000000000000e+00,0.000000000000000000e+00,0.000000000000000000e+00,0.000000000000000000e+00,2.028074591482730682e+02,5.428240769015638989e+02,1.746747137502270107e+03,1.397150831960285814e+03,3.529413153673914962e+02,6.660432283561415545e+01,3.238202966076374478e-01,1.369727847753852360e-04,0.000000000000000000e+00,0.000000000000000000e+00
0.000000000000000000e+00,0.000000000000000000e+00,0.000000000000000000e+00,0.000000000000000000e+00,0.000000000000000000e+00,0.000000000000000000e+00,0.000000000000000000e+00,0.000000000000000000e+00,0.000000000000000000e+00,0.000000000000000000e+00,0.000000000000000000e+00,0.000000000000000000e+00,0.000000000000000000e+00,0.000000000000000000e+00,1.985554876090668017e+02,5.336239292534826291e+02,1.722114994047290566e+03,1.380150329707680157e+03,3.499413924185218434e+02,6.631528829711160711e+01,3.248353938763963167e-01,1.388865266685167796e-04,0.000000000000000000e+00,0.000000000000000000e+00
0.000000000000000000e+00,0.000000000000000000e+00,0.000000000000000000e+00,0.000000000000000000e+00,0.000000000000000000e+00,0.000000000000000000e+00,0.000000000000000000e+00,0.000000000000000000e+00,0.000000000000000000e+00,0.000000000000000000e+00,0.000000000000000000e+00,0.000000000000000000e+00,0.000000000000000000e+00,0.000000000000000000e+00,1.943944057371820122e+02,5.245847745179287358e+02,1.697845453806693968e+03,1.363364151401715617e+03,3.469544299552862299e+02,6.602185290081190772e+01,3.257998421756491125e-01,1.407842471509011708e-04,0.000000000000000000e+00,0.000000000000000000e+00
0.000000000000000000e+00,0.000000000000000000e+00,0.000000000000000000e+00,0.000000000000000000e+00,0.000000000000000000e+00,0.000000000000000000e+00,0.000000000000000000e+00,0.000000000000000000e+00,0.000000000000000000e+00,0.000000000000000000e+00,0.000000000000000000e+00,0.000000000000000000e+00,0.000000000000000000e+00,0.000000000000000000e+00,1.903222075315415793e+02,5.157036384867734569e+02,1.673932755232839327e+03,1.346789428715510439e+03,3.439808252028466882e+02,6.572421299116109594e+01,3.267141467758472584e-01,1.426653626514734843e-04,0.000000000000000000e+00,0.000000000000000000e+00
0.000000000000000000e+00,0.000000000000000000e+00,0.000000000000000000e+00,0.000000000000000000e+00,0.000000000000000000e+00,0.000000000000000000e+00,0.000000000000000000e+00,0.000000000000000000e+00,0.000000000000000000e+00,0.000000000000000000e+00,0.000000000000000000e+00,0.000000000000000000e+00,0.000000000000000000e+00,0.000000000000000000e+00,1.863369335855248039e+02,5.069776068348389231e+02,1.650371240212460634e+03,1.330423335236306457e+03,3.410209549798611874e+02,6.542255976299169618e+01,3.275788273319628630e-01,1.445293101150821715e-04,0.000000000000000000e+00,0.000000000000000000e+00
0.000000000000000000e+00,0.000000000000000000e+00,0.000000000000000000e+00,0.000000000000000000e+00,0.000000000000000000e+00,0.000000000000000000e+00,0.000000000000000000e+00,0.000000000000000000e+00,0.000000000000000000e+00,0.000000000000000000e+00,0.000000000000000000e+00,0.000000000000000000e+00,0.000000000000000000e+00,0.000000000000000000e+00,1.824366699252635442e+02,4.984038237671378511e+02,1.627155351893967463e+03,1.314263085794803601e+03,3.380751764334451082e+02,6.511707937378955080e+01,3.283944168787554796e-01,1.463755469437362261e-04,0.000000000000000000e+00,0.000000000000000000e+00
0.000000000000000000e+00,0.000000000000000000e+00,0.000000000000000000e+00,0.000000000000000000e+00,0.000000000000000000e+00,0.000000000000000000e+00,0.000000000000000000e+00,0.000000000000000000e+00,0.000000000000000000e+00,0.000000000000000000e+00,0.000000000000000000e+00,0.000000000000000000e+00,0.000000000000000000e+00,0.000000000000000000e+00,1.786195468719439248e+02,4.899794906908655321e+02,1.604279632550315227e+03,1.298305935796000995e+03,3.351438277474466645e+02,6.480795305392720707e+01,3.291614608615992532e-01,1.482035509143075718e-04,0.000000000000000000e+00,0.000000000000000000e+00
0.000000000000000000e+00,0.000000000000000000e+00,0.000000000000000000e+00,0.000000000000000000e+00,0.000000000000000000e+00,0.000000000000000000e+00,0.000000000000000000e+00,0.000000000000000000e+00,0.000000000000000000e+00,0.000000000000000000e+00,0.000000000000000000e+00,0.000000000000000000e+00,0.000000000000000000e+00,0.000000000000000000e+00,1.748837379620963759e+02,4.817018649578275813e+02,1.581738721556744167e+03,1.282549180590823653e+03,3.322272288294919917e+02,6.449535721516896558e+01,3.298805162014839532e-01,1.500128200731424904e-04,0.000000000000000000e+00,0.000000000000000000e+00
0.000000000000000000e+00,0.000000000000000000e+00,0.000000000000000000e+00,0.000000000000000000e+00,0.000000000000000000e+00,0.000000000000000000e+00,0.000000000000000000e+00,0.000000000000000000e+00,0.000000000000000000e+00,0.000000000000000000e+00,0.000000000000000000e+00,0.000000000000000000e+00,0.000000000000000000e+00,0.000000000000000000e+00,1.712274588339147670e+02,4.735682585536547435e+02,1.559527353271661013e+03,1.266990154788328709e+03,3.293256819669400670e+02,6.417946355693146643e+01,3.305521503961081353e-01,1.518028726113694550e-04,0.000000000000000000e+00,0.000000000000000000e+00
0.000000000000000000e+00,0.000000000000000000e+00,0.000000000000000000e+00,0.000000000000000000e+00,0.000000000000000000e+00,0.000000000000000000e+00,0.000000000000000000e+00,0.000000000000000000e+00,0.000000000000000000e+00,0.000000000000000000e+00,0.000000000000000000e+00,0.000000000000000000e+00,0.000000000000000000e+00,0.000000000000000000e+00,1.676489661598320424e+02,4.655760368417390964e+02,1.537640355005972424e+03,1.251626231597516153e+03,3.264394724620816532e+02,6.386043917077196141e+01,3.311769406539933902e-01,1.535732467200435938e-04,0.000000000000000000e+00,0.000000000000000000e+00
0.000000000000000000e+00,0.000000000000000000e+00,0.000000000000000000e+00,0.000000000000000000e+00,0.000000000000000000e+00,0.000000000000000000e+00,0.000000000000000000e+00,0.000000000000000000e+00,0.000000000000000000e+00,0.000000000000000000e+00,0.000000000000000000e+00,0.000000000000000000e+00,0.000000000000000000e+00,0.000000000000000000e+00,1.641465566593573726e+02,4.577226174086137576e+02,1.516072645160524644e+03,1.236454822236231166e+03,3.235688692512848661e+02,6.352711557547820576e+01,3.430602208164700295e-01,1.553702027773777594e-04,0.000000000000000000e+00,0.000000000000000000e+00
