# particle number concentration assuming water removed from particles (#/cc (air)), with time changing with rows (corresponding times given in the time output file) and size bin changing with columns with size bin numbers given in the second row of the header
# 
0.000000000000000000e+00,0.000000000000000000e+00,0.000000000000000000e+00,0.000000000000000000e+00,0.000000000000000000e+00,0.000000000000000000e+00,0.000000000000000000e+00,0.000000000000000000e+00,0.000000000000000000e+00,0.000000000000000000e+00,0.000000000000000000e+00,0.000000000000000000e+00,0.000000000000000000e+00,0.000000000000000000e+00,0.000000000000000000e+00,0.000000000000000000e+00,0.000000000000000000e+00,0.000000000000000000e+00,0.000000000000000000e+00,0.000000000000000000e+00,0.000000000000000000e+00,0.000000000000000000e+00,0.000000000000000000e+00,0.000000000000000000e+00
0.000000000000000000e+00,0.000000000000000000e+00,0.000000000000000000e+00,0.000000000000000000e+00,0.000000000000000000e+00,0.000000000000000000e+00,0.000000000000000000e+00,0.000000000000000000e+00,0.000000000000000000e+00,0.000000000000000000e+00,0.000000000000000000e+00,0.000000000000000000e+00,0.000000000000000000e+00,0.000000000000000000e+00,0.000000000000000000e+00,0.000000000000000000e+00,0.000000000000000000e+00,0.000000000000000000e+00,0.000000000000000000e+00,0.000000000000000000e+00,0.000000000000000000e+00,0.000000000000000000e+00,0.000000000000000000e+00,0.000000000000000000e+00
0.000000000000000000e+00,0.000000000000000000e+00,0.000000000000000000e+00,0.000000000000000000e+00,0.000000000000000000e+00,0.000000000000000000e+00,0.000000000000000000e+00,0.000000000000000000e+00,0.000000000000000000e+00,0.000000000000000000e+00,0.000000000000000000e+00,0.000000000000000000e+00,0.000000000000000000e+00,0.000000000000000000e+00,0.000000000000000000e+00,0.000000000000000000e+00,0.000000000000000000e+00,0.000000000000000000e+00,0.000000000000000000e+00,0.000000000000000000e+00,0.000000000000000000e+00,0.000000000000000000e+00,0.000000000000000000e+00,0.000000000000000000e+00
0.000000000000000000e+00,0.000000000000000000e+00,3.999999999999992724e+03,0.000000000000000000e+00,0.000000000000000000e+00,0.000000000000000000e+00,0.000000000000000000e+00,3.948758124245272938e+03,1.361955572377724077e-01,0.000000000000000000e+00,3.939741139480083348e+03,3.936460804417083637e+03,6.168633069928778356e-01,7.868189945530722980e+03,7.853193404922264563e+03,1.583042073529185245e+00,1.134375033769696966e-04,0.000000000000000000e+00,0.000000000000000000e+00,0.000000000000000000e+00,0.000000000000000000e+00,0.000000000000000000e+00,0.000000000000000000e+00,0.000000000000000000e+00
3.984902311792400724e+03,0.000000000000000000e+00,0.000000000000000000e+00,3.399549164278218541e+03,0.000000000000000000e+00,1.577879839216063118e+00,0.000000000000000000e+00,0.000000000000000000e+00,0.000000000000000000e+00,0.000000000000000000e+00,3.790795401860009861e+03,1.639419303813620443e+00,3.796733867238897346e+03,3.815562484976178894e+03,3.833856196384087525e+03,1.541815229179598646e+04,0.000000000000000000e+00,5.112694405953683408e+00,6.856706864459529739e-03,0.000000000000000000e+00,0.000000000000000000e+00,0.000000000000000000e+00,0.000000000000000000e+00,0.000000000000000000e+00
1.506025773322471650e+01,2.823508047173980231e+03,1.460330914291573912e+00,0.000000000000000000e+00,0.000000000000000000e+00,0.000000000000000000e+00,0.000000000000000000e+00,3.121818889208310793e+03,2.680175476521676092e+00,1.627289066574936832e-03,0.000000000000000000e+00,3.643296739720074584e+03,3.672894319098454162e+03,3.718172142165262358e+03,3.747749128261359147e+03,7.537265395222414554e+03,7.603804303562845234e+03,2.002153575188055612e+01,3.887733226353664445e-02,2.435031047985028167e-08,0.000000000000000000e+00,0.000000000000000000e+00,0.000000000000000000e+00,0.000000000000000000e+00
0.000000000000000000e+00,1.018344760680314920e+01,1.916980191202683568e-05,0.000000000000000000e+00,0.000000000000000000e+00,2.500858512951864213e+03,2.134560136489454862e+00,1.155114513226691668e-03,0.000000000000000000e+00,2.937045259218635238e+03,9.980554086012549675e-01,3.411381965851331536e-04,3.516534236175037222e+03,3.565838304858488755e+03,7.285162600684961035e+03,7.390276328685402405e+03,7.479174437616784417e+03,4.835469003707321178e+01,1.225463007621290651e-01,3.378183862741941588e-07,0.000000000000000000e+00,0.000000000000000000e+00,0.000000000000000000e+00,0.000000000000000000e+00
0.000000000000000000e+00,0.000000000000000000e+00,0.000000000000000000e+00,0.000000000000000000e+00,8.863447280544004769e+00,1.705971157856246522e-05,1.060664990829147293e-05,2.306531283119969885e+03,1.995511738674119684e+00,6.635630902223935701e-01,2.790515967614687270e+03,1.804083087697588184e+00,3.401369322154032488e+03,3.466595566381058688e+03,7.118461474989013368e+03,7.241666688236155096e+03,7.363232395165497110e+03,7.968653433735599378e+01,2.736519538261953377e-01,0.000000000000000000e+00,0.000000000000000000e+00,0.000000000000000000e+00,0.000000000000000000e+00,0.000000000000000000e+00
0.000000000000000000e+00,0.000000000000000000e+00,0.000000000000000000e+00,0.000000000000000000e+00,0.000000000000000000e+00,0.000000000000000000e+00,0.000000000000000000e+00,8.088493521426061150e+00,8.347816736438220622e-06,2.165720780813313013e+03,2.667338516553592854e+03,3.117083687926191171e+00,7.472407839531584051e-01,6.676052980572813794e+03,0.000000000000000000e+00,1.404510923782898681e+04,7.260296982091786958e+03,1.058072591967050755e+02,4.841003161097889418e+00,3.153395908579022591e-03,0.000000000000000000e+00,0.000000000000000000e+00,0.000000000000000000e+00,0.000000000000000000e+00
0.000000000000000000e+00,0.000000000000000000e+00,0.000000000000000000e+00,0.000000000000000000e+00,0.000000000000000000e+00,0.000000000000000000e+00,0.000000000000000000e+00,0.000000000000000000e+00,7.531128373287954147e+00,2.050517144741073025e+03,3.767812990516357027e-03,2.559263197011830016e+03,5.554201798998897210e+00,3.201707703934048823e+03,3.293872143593035162e+03,1.374688329309168694e+04,7.143150542003314513e+03,1.468392217606813972e+02,9.309276903164825256e+00,3.250476577825293228e-03,0.000000000000000000e+00,0.000000000000000000e+00,0.000000000000000000e+00,0.000000000000000000e+00
0.000000000000000000e+00,0.000000000000000000e+00,0.000000000000000000e+00,0.000000000000000000e+00,0.000000000000000000e+00,0.000000000000000000e+00,0.000000000000000000e+00,0.000000000000000000e+00,0.000000000000000000e+00,7.088590014693594732e+00,1.952676440533181449e+03,2.462576105790106794e+03,6.393504990512782982e+00,3.110650167517700083e+03,3.215252275217183978e+03,1.345323333176998312e+04,7.032591675242098972e+03,1.896310459369226749e+02,1.368805407013499043e+01,1.588131982741806600e-02,1.323601335057730952e-08,0.000000000000000000e+00,0.000000000000000000e+00,0.000000000000000000e+00
0.000000000000000000e+00,0.000000000000000000e+00,0.000000000000000000e+00,0.000000000000000000e+00,0.000000000000000000e+00,0.000000000000000000e+00,0.000000000000000000e+00,0.000000000000000000e+00,0.000000000000000000e+00,6.717366945668798550e+00,1.866919917771213477e+03,0.000000000000000000e+00,2.380813095184131271e+03,3.026072284449133349e+03,3.138959301849354688e+03,1.316536460602841362e+04,6.927460814208715419e+03,2.333434377888813742e+02,1.812302325453005736e+01,3.299448868397548279e-02,6.391899188244953744e-08,0.000000000000000000e+00,0.000000000000000000e+00,0.000000000000000000e+00
0.000000000000000000e+00,0.000000000000000000e+00,0.000000000000000000e+00,0.000000000000000000e+00,0.000000000000000000e+00,0.000000000000000000e+00,0.000000000000000000e+00,0.000000000000000000e+00,0.000000000000000000e+00,0.000000000000000000e+00,6.395192509667091407e+00,1.790151647618713923e+03,2.299649240418049885e+03,1.325145395003807236e+00,6.010626985120203244e+03,1.289095509690241852e+04,7.100530384245864298e+03,0.000000000000000000e+00,2.181734731796952431e+01,5.403207625135732217e-02,1.798000668074020060e-07,0.000000000000000000e+00,0.000000000000000000e+00,0.000000000000000000e+00
0.000000000000000000e+00,0.000000000000000000e+00,0.000000000000000000e+00,0.000000000000000000e+00,0.000000000000000000e+00,0.000000000000000000e+00,0.000000000000000000e+00,0.000000000000000000e+00,0.000000000000000000e+00,0.000000000000000000e+00,6.109160669162268853e+00,1.720400486859821058e+03,2.223957697403595375e+03,2.329800990361211799e+00,5.863935803185434452e+03,5.168306420187136041e+00,1.267603484908841892e+04,6.973329503157043291e+03,4.000709890885744358e+01,8.605609712234642272e-02,4.543585796046785905e-07,0.000000000000000000e+00,0.000000000000000000e+00,0.000000000000000000e+00
0.000000000000000000e+00,0.000000000000000000e+00,0.000000000000000000e+00,0.000000000000000000e+00,0.000000000000000000e+00,0.000000000000000000e+00,0.000000000000000000e+00,0.000000000000000000e+00,0.000000000000000000e+00,0.000000000000000000e+00,0.000000000000000000e+00,1.662181462683841346e+03,2.153170426577551098e+03,3.218710679829019927e+00,5.721764082896806940e+03,1.178519921181203500e+01,1.244185434188163708e+04,6.875345407052167502e+03,5.730251029242055694e+01,1.356024554625830658e-01,1.161596233011080480e-06,0.000000000000000000e+00,0.000000000000000000e+00,0.000000000000000000e+00
0.000000000000000000e+00,0.000000000000000000e+00,0.000000000000000000e+00,0.000000000000000000e+00,0.000000000000000000e+00,0.000000000000000000e+00,0.000000000000000000e+00,0.000000000000000000e+00,0.000000000000000000e+00,0.000000000000000000e+00,0.000000000000000000e+00,0.000000000000000000e+00,1.602588982527305461e+03,2.089990252343628072e+03,5.586212133779800752e+03,1.535054630835944778e+01,1.221725640883564665e+04,6.779482309967673245e+03,7.376022326535732532e+01,2.010653923532701726e-01,2.630666297253608545e-06,0.000000000000000000e+00,0.000000000000000000e+00,0.000000000000000000e+00
0.000000000000000000e+00,0.000000000000000000e+00,0.000000000000000000e+00,0.000000000000000000e+00,0.000000000000000000e+00,0.000000000000000000e+00,0.000000000000000000e+00,0.000000000000000000e+00,0.000000000000000000e+00,0.000000000000000000e+00,0.000000000000000000e+00,0.000000000000000000e+00,1.547016094511904612e+03,2.027263697137740110e+03,5.456036195709185449e+03,1.857022693129039581e+01,1.198687521539591944e+04,6.696781478271754168e+03,8.944055513824628179e+01,2.810471030156321826e-01,5.267431299680066546e-06,0.000000000000000000e+00,0.000000000000000000e+00,0.000000000000000000e+00
0.000000000000000000e+00,0.000000000000000000e+00,0.000000000000000000e+00,0.000000000000000000e+00,0.000000000000000000e+00,0.000000000000000000e+00,0.000000000000000000e+00,0.000000000000000000e+00,0.000000000000000000e+00,0.000000000000000000e+00,0.000000000000000000e+00,0.000000000000000000e+00,1.494914357612296271e+03,1.967790389461695895e+03,5.330784977873039679e+03,2.149007196310831347e+01,1.176330964595860496e+04,6.615242024558875528e+03,1.043964241151057877e+02,3.743320004293285153e-01,9.534439467278193415e-06,0.000000000000000000e+00,0.000000000000000000e+00,0.000000000000000000e+00
0.000000000000000000e+00,0.000000000000000000e+00,0.000000000000000000e+00,0.000000000000000000e+00,0.000000000000000000e+00,0.000000000000000000e+00,0.000000000000000000e+00,0.000000000000000000e+00,0.000000000000000000e+00,0.000000000000000000e+00,0.000000000000000000e+00,0.000000000000000000e+00,1.445852210848607228e+03,1.911035734204124765e+03,5.210267479112061665e+03,2.414242740471186011e+01,1.154614009578795958e+04,6.534803699793702435e+03,1.186901154391928657e+02,4.797536427553294458e-01,1.593491496761167243e-05,0.000000000000000000e+00,0.000000000000000000e+00,0.000000000000000000e+00
0.000000000000000000e+00,0.000000000000000000e+00,0.000000000000000000e+00,0.000000000000000000e+00,0.000000000000000000e+00,0.000000000000000000e+00,0.000000000000000000e+00,0.000000000000000000e+00,0.000000000000000000e+00,0.000000000000000000e+00,0.000000000000000000e+00,0.000000000000000000e+00,1.399482966835054185e+03,1.856929583182091164e+03,5.120554021048853429e+03,0.000000000000000000e+00,1.133497739186862600e+04,6.455474976297065950e+03,1.323048692551192573e+02,5.962202700151615353e-01,2.499728021509166448e-05,0.000000000000000000e+00,0.000000000000000000e+00,0.000000000000000000e+00
0.000000000000000000e+00,0.000000000000000000e+00,0.000000000000000000e+00,0.000000000000000000e+00,0.000000000000000000e+00,0.000000000000000000e+00,0.000000000000000000e+00,0.000000000000000000e+00,0.000000000000000000e+00,0.000000000000000000e+00,0.000000000000000000e+00,0.000000000000000000e+00,1.355522977600399372e+03,1.805232892253669661e+03,1.811909479746439455e+00,5.008570516057553505e+03,1.112950995311476800e+04,6.377208940941484798e+03,1.452973092062215414e+02,7.227070038134051355e-01,3.726170711590885096e-05,0.000000000000000000e+00,0.000000000000000000e+00,0.000000000000000000e+00
0.000000000000000000e+00,0.000000000000000000e+00,0.000000000000000000e+00,0.000000000000000000e+00,0.000000000000000000e+00,0.000000000000000000e+00,0.000000000000000000e+00,0.000000000000000000e+00,0.000000000000000000e+00,0.000000000000000000e+00,0.000000000000000000e+00,0.000000000000000000e+00,1.313736621715920364e+03,1.755742546300821914e+03,2.334510170503425908e+00,4.901333279223593308e+03,1.092944203452671900e+04,6.299977726492031252e+03,1.574208643279584408e+02,1.121389697032415977e+00,5.587393492353497098e-05,0.000000000000000000e+00,0.000000000000000000e+00,0.000000000000000000e+00
0.000000000000000000e+00,0.000000000000000000e+00,0.000000000000000000e+00,0.000000000000000000e+00,0.000000000000000000e+00,0.000000000000000000e+00,0.000000000000000000e+00,0.000000000000000000e+00,0.000000000000000000e+00,0.000000000000000000e+00,0.000000000000000000e+00,0.000000000000000000e+00,0.000000000000000000e+00,2.982810258053182679e+03,3.052553657200676618e+00,4.797147269524542935e+03,1.073450707450018490e+04,6.223756718660098159e+03,1.689662459851847416e+02,1.540317880291345087e+00,8.495845677932539178e-05,0.000000000000000000e+00,0.000000000000000000e+00,0.000000000000000000e+00
0.000000000000000000e+00,0.000000000000000000e+00,0.000000000000000000e+00,0.000000000000000000e+00,0.000000000000000000e+00,0.000000000000000000e+00,0.000000000000000000e+00,0.000000000000000000e+00,0.000000000000000000e+00,0.000000000000000000e+00,0.000000000000000000e+00,0.000000000000000000e+00,0.000000000000000000e+00,2.899752901210826167e+03,3.708779811634658419e+00,4.696092627296226965e+03,1.054446289574855291e+04,6.148523204035417621e+03,1.799598962157232620e+02,1.977020922111761836e+00,1.260759611067849392e-04,0.000000000000000000e+00,0.000000000000000000e+00,0.000000000000000000e+00
0.000000000000000000e+00,0.000000000000000000e+00,0.000000000000000000e+00,0.000000000000000000e+00,0.000000000000000000e+00,0.000000000000000000e+00,0.000000000000000000e+00,0.000000000000000000e+00,0.000000000000000000e+00,0.000000000000000000e+00,0.000000000000000000e+00,0.000000000000000000e+00,0.000000000000000000e+00,2.820041091194437286e+03,3.625326141807134306e+00,4.598682780121699579e+03,1.035908868168954177e+04,6.069267013538795254e+03,1.950367362419355857e+02,2.435077252096119249e+00,1.814032617226357625e-04,0.000000000000000000e+00,0.000000000000000000e+00,0.000000000000000000e+00
0.000000000000000000e+00,0.000000000000000000e+00,0.000000000000000000e+00,0.000000000000000000e+00,0.000000000000000000e+00,0.000000000000000000e+00,0.000000000000000000e+00,0.000000000000000000e+00,0.000000000000000000e+00,0.000000000000000000e+00,0.000000000000000000e+00,0.000000000000000000e+00,0.000000000000000000e+00,2.743439769586754664e+03,3.544477596129047559e+00,4.501944739077309350e+03,1.018026175185901411e+04,5.991209849232790475e+03,2.093674773615613276e+02,2.917515345635422364e+00,2.537621222223401460e-04,0.000000000000000000e+00,0.000000000000000000e+00,0.000000000000000000e+00
0.000000000000000000e+00,0.000000000000000000e+00,0.000000000000000000e+00,0.000000000000000000e+00,0.000000000000000000e+00,0.000000000000000000e+00,0.000000000000000000e+00,0.000000000000000000e+00,0.000000000000000000e+00,0.000000000000000000e+00,0.000000000000000000e+00,0.000000000000000000e+00,0.000000000000000000e+00,2.669740927827631822e+03,3.466094245136341900e+00,4.407969337138410992e+03,1.000556957549278559e+04,5.914321132378971924e+03,2.229868891252929473e+02,3.421384320360139064e+00,3.452844072240265905e-04,0.000000000000000000e+00,0.000000000000000000e+00,0.000000000000000000e+00
0.000000000000000000e+00,0.000000000000000000e+00,0.000000000000000000e+00,0.000000000000000000e+00,0.000000000000000000e+00,0.000000000000000000e+00,0.000000000000000000e+00,0.000000000000000000e+00,0.000000000000000000e+00,0.000000000000000000e+00,0.000000000000000000e+00,0.000000000000000000e+00,0.000000000000000000e+00,2.598759442472210139e+03,0.000000000000000000e+00,4.320012203315216539e+03,9.829471407055514646e+03,5.843472035904755103e+03,2.359361670625965246e+02,3.943926003340937125e+00,4.579995402604858747e-04,0.000000000000000000e+00,0.000000000000000000e+00,0.000000000000000000e+00
0.000000000000000000e+00,0.000000000000000000e+00,0.000000000000000000e+00,0.000000000000000000e+00,0.000000000000000000e+00,0.000000000000000000e+00,0.000000000000000000e+00,0.000000000000000000e+00,0.000000000000000000e+00,0.000000000000000000e+00,0.000000000000000000e+00,0.000000000000000000e+00,0.000000000000000000e+00,2.530329776856400713e+03,0.000000000000000000e+00,4.231098637942568530e+03,9.657546402692203628e+03,5.773406940780636432e+03,2.482467862035440476e+02,4.482616988258347313e+00,5.938198596916686436e-04,0.000000000000000000e+00,0.000000000000000000e+00,0.000000000000000000e+00
0.000000000000000000e+00,0.000000000000000000e+00,0.000000000000000000e+00,0.000000000000000000e+00,0.000000000000000000e+00,0.000000000000000000e+00,0.000000000000000000e+00,0.000000000000000000e+00,0.000000000000000000e+00,0.000000000000000000e+00,0.000000000000000000e+00,0.000000000000000000e+00,0.000000000000000000e+00,2.464302375302827386e+03,0.000000000000000000e+00,4.141890730221969534e+03,9.490117588886963858e+03,5.704672185596674353e+03,2.602467618173865844e+02,5.035506545906931031e+00,7.546251333209899690e-04,0.000000000000000000e+00,0.000000000000000000e+00,0.000000000000000000e+00
0.000000000000000000e+00,0.000000000000000000e+00,0.000000000000000000e+00,0.000000000000000000e+00,0.000000000000000000e+00,0.000000000000000000e+00,0.000000000000000000e+00,0.000000000000000000e+00,0.000000000000000000e+00,0.000000000000000000e+00,0.000000000000000000e+00,0.000000000000000000e+00,0.000000000000000000e+00,2.400543110857386182e+03,0.000000000000000000e+00,4.055150087399445965e+03,9.326512239867932294e+03,5.629634523600010652e+03,2.786864141179994476e+02,5.608843554406012011e+00,9.447618718602216218e-04,0.000000000000000000e+00,0.000000000000000000e+00,0.000000000000000000e+00
