# particle radii (um) per size_bin (including water contribution to size), with size bins represented by columns and their number (starting from 1) given in second line of header, per time step which is represented by rows and corresponding times given in the time output file 
# 
5.465033770110374993e-03,6.481603873268357643e-03,7.687269747487561478e-03,9.117205760499392381e-03,1.081312918757022443e-02,1.282451728068476071e-02,1.521005072903776519e-02,1.803932562267557271e-02,2.139488386450019014e-02,2.537462126633306669e-02,3.009464358337539044e-02,3.569265380965744305e-02,4.233196955619724505e-02,5.020628771576368665e-02,5.954533541964683596e-02,7.062157214872095967e-02,8.375813852769764534e-02,9.933828370248262707e-02,1.178165463370664801e-01,1.397320154268704429e-01,1.657240578025019895e-01,1.965509711616570399e-01,2.331121068169215715e-01,2.764741075734998832e-01
5.465033770110374993e-03,6.481603873268357643e-03,7.687269747487561478e-03,9.117205760499392381e-03,1.081312918757022443e-02,1.282451728068476071e-02,1.521005072903776519e-02,1.803932562267557271e-02,2.139488386450019014e-02,2.537462126633306669e-02,3.009464358337539044e-02,3.569265380965744305e-02,4.233196955619724505e-02,5.020628771576368665e-02,5.954533541964683596e-02,7.062157214872095967e-02,8.375813852769764534e-02,9.933828370248262707e-02,1.178165463370664801e-01,1.397320154268704429e-01,1.657240578025019895e-01,1.965509711616570399e-01,2.331121068169215715e-01,2.764741075734998832e-01
5.465033770110374993e-03,6.481603873268357643e-03,7.687269747487561478e-03,9.117205760499392381e-03,1.081312918757022443e-02,1.282451728068476071e-02,1.521005072903776519e-02,1.803932562267557271e-02,2.139488386450019014e-02,2.537462126633306669e-02,3.009464358337539044e-02,3.569265380965744305e-02,4.233196955619724505e-02,5.020628771576368665e-02,5.954533541964683596e-02,7.062157214872095967e-02,8.375813852769764534e-02,9.933828370248262707e-02,1.178165463370664801e-01,1.397320154268704429e-01,1.657240578025019895e-01,1.965509711616570399e-01,2.331121068169215715e-01,2.764741075734998832e-01
5.465033770110376728e-03,6.481603873268359378e-03,7.271071483042093782e-03,9.117205760499394115e-03,1.081312918757022616e-02,1.282451728068476418e-02,1.521005072903776865e-02,1.724571563611434349e-02,1.966177046264279762e-02,2.537462126633307363e-02,2.802630839456309725e-02,3.778638617007932382e-02,4.134895007090353541e-02,5.008751253247620272e-02,6.356002499716849330e-02,7.389103279389322432e-02,8.427399541947760975e-02,9.933828370248264095e-02,1.178165463370664801e-01,1.397320154268704429e-01,1.657240578025019895e-01,1.965509711616570676e-01,2.331121068169215715e-01,2.764741075734998832e-01
2.000000000000000475e-03,6.528199739813436361e-03,7.742533074629047093e-03,9.778349654818972031e-03,1.089086413318093687e-02,1.231994856333868890e-02,1.531939488331986350e-02,1.816900926667980309e-02,2.154869041806159805e-02,2.555703791648261322e-02,3.035189343125396441e-02,3.807998073895586810e-02,3.988755442236099208e-02,4.829327239390387300e-02,5.588987645315218050e-02,6.581325410128772979e-02,7.720315864776741699e-02,9.730454547702394041e-02,1.104557666807392674e-01,1.407365406138781916e-01,1.669154382434637762e-01,1.979639644578573277e-01,2.347879359529908838e-01,2.381101577952296939e+05
2.000000000000000909e-03,6.619172797819916458e-03,8.339635140864854260e-03,9.182748812988656556e-03,1.089086413318093687e-02,1.291671197622614418e-02,1.531939488331986350e-02,1.762101376655300644e-02,2.119988389570724371e-02,2.394129594668359742e-02,3.031099219454492025e-02,3.656867178958656678e-02,4.521416902171955521e-02,5.297067514968217122e-02,6.010237993495996800e-02,6.952570508922720216e-02,8.047441143032378619e-02,9.795228301999833742e-02,1.126633287636145953e-01,1.346897729173417435e-01,1.669154382434637762e-01,1.979639644578573277e-01,2.347879359529908838e-01,2.381101577952296939e+05
1.523845580460766458e-01,6.071716084086892402e-03,7.649882903326346226e-03,9.182748812988656556e-03,1.089086413318093687e-02,1.290465800566482565e-02,1.550649369653882975e-02,1.762561979200113690e-02,2.154869041806159805e-02,2.388450633226929173e-02,3.017363928991681141e-02,3.405806620500484438e-02,4.103911492333225941e-02,4.908541298822351184e-02,6.002063769754072131e-02,7.229206656151741794e-02,8.292456920788815466e-02,9.791046423090987716e-02,1.140577847785548549e-01,1.358792147200323375e-01,1.669154382434637762e-01,1.979639644578573277e-01,2.347879359529908838e-01,2.381101577952296939e+05
4.706697725794448117e-03,6.528199739813436361e-03,7.742533074629047093e-03,9.182748812988656556e-03,1.150390859321817442e-02,1.341509215435357331e-02,1.449402205524989197e-02,1.870459051146074886e-02,2.111457056078135455e-02,2.356926228232930284e-02,2.869832181468213311e-02,3.532313611678333104e-02,4.452634348300665151e-02,5.214018137967160738e-02,6.262546259121636039e-02,7.452234244259263451e-02,8.490797241715081212e-02,9.897470201094328568e-02,1.150466954959405985e-01,1.292893432042730717e-01,1.529468659729616986e-01,1.979639644578573277e-01,2.347879359529908838e-01,2.381101577952296939e+05
4.706697725794448117e-03,6.528199739813436361e-03,7.742533074629047093e-03,9.182748812988656556e-03,1.089086413318093687e-02,1.291671197622614418e-02,1.531939488331986350e-02,1.672665495684916639e-02,2.107426467446268589e-02,2.336898881521386195e-02,3.249216157661796722e-02,3.761075444421091429e-02,4.094732233261450666e-02,4.735521267041500199e-02,5.465286250183438999e-02,7.110585915670077084e-02,8.656006601382515431e-02,9.975810152102697337e-02,1.098613017162696076e-01,1.306105452323474692e-01,1.560481680732468956e-01,1.979639644578573277e-01,2.347879359529908838e-01,2.381101577952296939e+05
4.706697725794448117e-03,6.528199739813436361e-03,7.742533074629047093e-03,9.182748812988656556e-03,1.089086413318093687e-02,1.291671197622614418e-02,1.531939488331986350e-02,1.816900926667980309e-02,2.102757313202222728e-02,2.710102930652278155e-02,3.079444510387648049e-02,3.556811398742184410e-02,4.140066930556169505e-02,4.970095046149566181e-02,5.674912625619002449e-02,7.278213751040940593e-02,8.796000343640361652e-02,9.980546340182766540e-02,1.111927890427551885e-01,1.318131168238939055e-01,1.540378180039832512e-01,1.979639644578573277e-01,2.347879359529908838e-01,2.381101577952296939e+05
4.706697725794448117e-03,6.528199739813436361e-03,7.742533074629047093e-03,9.182748812988656556e-03,1.089086413318093687e-02,1.291671197622614418e-02,1.531939488331986350e-02,1.816900926667980309e-02,2.154869041806159805e-02,2.453620097617102355e-02,3.016034911020298512e-02,3.812985465753687686e-02,4.370691888512435314e-02,5.169068689159049546e-02,5.853805861689705126e-02,7.422798231460325802e-02,8.916035787257726997e-02,1.001925222279369254e-01,1.124415401575413198e-01,1.295132600756064289e-01,1.553482382590232747e-01,1.979639644578573277e-01,2.347879359529908838e-01,2.381101577952296939e+05
1.819170860561278580e-01,6.528199739813436361e-03,7.742533074629047093e-03,9.182748812988656556e-03,1.089086413318093687e-02,1.291671197622614418e-02,1.531939488331986350e-02,1.816900926667980309e-02,2.154869041806159805e-02,2.744363111207782230e-02,3.031099219454492025e-02,3.272164102666448582e-02,4.032056183191667920e-02,5.340467224974397575e-02,6.008685313566517611e-02,7.548869998463532405e-02,9.020150046627055385e-02,1.006886529930848678e-01,1.135283470772558839e-01,1.302243417144562376e-01,1.546674735508836163e-01,1.979639644578573277e-01,2.347879359529908838e-01,2.381101577952296939e+05
1.816604151117664212e-01,6.528199739813436361e-03,7.742533074629047093e-03,9.182748812988656556e-03,1.089086413318093687e-02,1.291671197622614418e-02,1.531939488331986350e-02,1.816900926667980309e-02,2.154869041806159805e-02,2.555703791648261322e-02,2.989561162977692754e-02,3.490302409031795228e-02,4.219377064577240627e-02,5.063353604766542004e-02,5.841725342917773733e-02,7.659928341904774507e-02,8.341719473198561108e-02,9.158974176552028834e-02,1.145402318417428761e-01,1.311092743217391332e-01,1.552881140022914219e-01,1.979639644578573277e-01,2.347879359529908838e-01,2.381101577952296939e+05
1.824725594818183971e-01,6.528199739813436361e-03,7.742533074629047093e-03,9.182748812988656556e-03,1.089086413318093687e-02,1.291671197622614418e-02,1.531939488331986350e-02,1.816900926667980309e-02,2.154869041806159805e-02,2.555703791648261322e-02,3.199401315337240675e-02,3.678553359497765962e-02,4.382539480009349508e-02,5.117772734441728560e-02,5.966846227985228568e-02,7.149670850291063584e-02,7.761920026577726062e-02,9.245527495964282749e-02,1.128297598312577033e-01,1.320352125568974577e-01,1.561561103065326195e-01,1.979639644578573277e-01,2.347879359529908838e-01,2.381101577952296939e+05
1.835143920083301405e-01,6.528199739813436361e-03,7.742533074629047093e-03,9.182748812988656556e-03,1.089086413318093687e-02,1.291671197622614418e-02,1.531939488331986350e-02,1.816900926667980309e-02,2.154869041806159805e-02,2.555703791648261322e-02,3.031099219454492025e-02,3.841485685793800953e-02,4.526121867461820741e-02,5.230847839464044385e-02,6.078078713461338572e-02,7.173995617135646430e-02,7.851920696108605213e-02,9.323433968126954019e-02,1.127210574376684843e-01,1.322373768352223256e-01,1.562805323757465170e-01,1.979639644578573277e-01,2.347879359529908838e-01,2.381101577952296939e+05
1.836519269950833699e-01,6.528199739813436361e-03,7.742533074629047093e-03,9.182748812988656556e-03,1.089086413318093687e-02,1.291671197622614418e-02,1.531939488331986350e-02,1.816900926667980309e-02,2.154869041806159805e-02,2.555703791648261322e-02,3.031099219454492025e-02,3.594924618495110025e-02,3.986408484020545484e-02,4.654741739339691986e-02,6.177570720818589128e-02,7.165219618838918059e-02,7.933008197907702452e-02,9.393946159679945895e-02,1.129990491179171386e-01,1.324616012230298012e-01,1.563617687149251867e-01,1.979639644578573277e-01,2.347879359529908838e-01,2.381101577952296939e+05
1.837709983265596037e-01,6.528199739813436361e-03,7.742533074629047093e-03,9.182748812988656556e-03,1.089086413318093687e-02,1.291671197622614418e-02,1.531939488331986350e-02,1.816900926667980309e-02,2.154869041806159805e-02,2.555703791648261322e-02,3.031099219454492025e-02,3.594924618495110025e-02,4.115137539409936818e-02,4.768533878569964496e-02,6.267117421787953002e-02,7.194524969750169807e-02,8.005260681333663253e-02,9.457535600944372289e-02,1.134060059650836699e-01,1.327746859176929528e-01,1.565493445215462853e-01,1.979639644578573277e-01,2.347879359529908838e-01,2.381101577952296939e+05
1.840193673044751566e-01,6.528199739813436361e-03,7.742533074629047093e-03,9.182748812988656556e-03,1.089086413318093687e-02,1.291671197622614418e-02,1.531939488331986350e-02,1.816900926667980309e-02,2.154869041806159805e-02,2.555703791648261322e-02,3.031099219454492025e-02,3.594924618495110025e-02,4.230242472099659395e-02,4.870769247109391770e-02,6.348100965406296148e-02,7.239477671935366787e-02,8.070889263277421233e-02,9.515628339063196550e-02,1.138542658992369588e-01,1.331473614306605824e-01,1.568352420146804926e-01,1.979639644578573277e-01,2.347879359529908838e-01,2.381101577952296939e+05
1.843762801327823997e-01,6.528199739813436361e-03,7.742533074629047093e-03,9.182748812988656556e-03,1.089086413318093687e-02,1.291671197622614418e-02,1.531939488331986350e-02,1.816900926667980309e-02,2.154869041806159805e-02,2.555703791648261322e-02,3.031099219454492025e-02,3.594924618495110025e-02,4.333747511474325687e-02,4.963023746889515253e-02,6.421614786893058147e-02,7.290380408587293637e-02,8.130732207687117741e-02,9.568872599907012055e-02,1.143079421855755923e-01,1.335505334629330798e-01,1.571856250459053583e-01,1.979639644578573277e-01,2.347879359529908838e-01,2.381101577952296939e+05
1.848013622210663842e-01,6.528199739813436361e-03,7.742533074629047093e-03,9.182748812988656556e-03,1.089086413318093687e-02,1.291671197622614418e-02,1.531939488331986350e-02,1.816900926667980309e-02,2.154869041806159805e-02,2.555703791648261322e-02,3.031099219454492025e-02,3.594924618495110025e-02,4.427274719439878298e-02,5.046677189916869838e-02,6.041705012908480527e-02,6.493722595354135818e-02,8.185478531154022352e-02,9.617836769160083288e-02,1.147541038061210689e-01,1.339644824676281820e-01,1.575723039826317229e-01,1.979639644578573277e-01,2.347879359529908838e-01,2.381101577952296939e+05
1.852630950459117631e-01,6.528199739813436361e-03,7.742533074629047093e-03,9.182748812988656556e-03,1.089086413318093687e-02,1.291671197622614418e-02,1.531939488331986350e-02,1.816900926667980309e-02,2.154869041806159805e-02,2.555703791648261322e-02,3.031099219454492025e-02,3.594924618495110025e-02,4.512143065996599561e-02,5.122819479347234806e-02,6.132251320617093659e-02,6.555509640912941804e-02,8.235707134877189028e-02,9.662987482413083751e-02,1.151841621672251015e-01,1.343775043862189544e-01,1.579763805117221920e-01,1.979639644578573277e-01,2.347879359529908838e-01,2.381101577952296939e+05
1.857409532016694453e-01,6.528199739813436361e-03,7.742533074629047093e-03,9.182748812988656556e-03,1.089086413318093687e-02,1.291671197622614418e-02,1.531939488331986350e-02,1.816900926667980309e-02,2.154869041806159805e-02,2.555703791648261322e-02,3.031099219454492025e-02,3.594924618495110025e-02,4.589445789023342825e-02,5.192362273756073732e-02,6.169904591416724288e-02,6.612202200353355097e-02,8.281913754166060626e-02,9.704730042648401778e-02,1.155785277180953058e-01,1.333083285087552916e-01,1.583956891375401244e-01,1.979639644578573277e-01,2.347879359529908838e-01,2.381101577952296939e+05
1.854724365812134845e-01,6.528199739813436361e-03,7.742533074629047093e-03,9.182748812988656556e-03,1.089086413318093687e-02,1.291671197622614418e-02,1.531939488331986350e-02,1.816900926667980309e-02,2.154869041806159805e-02,2.555703791648261322e-02,3.031099219454492025e-02,3.594924618495110025e-02,4.263629157935664576e-02,5.018215340029257704e-02,6.253338100911164099e-02,6.664356357547805698e-02,8.324518811452320810e-02,9.743409301366931508e-02,1.159532983357241948e-01,1.329844993143316223e-01,1.584636198909066263e-01,1.979639644578573277e-01,2.347879359529908838e-01,2.381101577952296939e+05
1.853286715078028557e-01,6.528199739813436361e-03,7.742533074629047093e-03,9.182748812988656556e-03,1.089086413318093687e-02,1.291671197622614418e-02,1.531939488331986350e-02,1.816900926667980309e-02,2.154869041806159805e-02,2.555703791648261322e-02,3.031099219454492025e-02,3.594924618495110025e-02,4.263629157935664576e-02,5.078920320245550180e-02,6.325862272228499616e-02,6.712431099007667989e-02,8.363875749149393690e-02,9.779315690389278615e-02,1.163083824564131452e-01,1.329375283486777248e-01,1.584918720785889745e-01,1.979639644578573277e-01,2.347879359529908838e-01,2.381101577952296939e+05
1.853005413651202249e-01,6.528199739813436361e-03,7.742533074629047093e-03,9.182748812988656556e-03,1.089086413318093687e-02,1.291671197622614418e-02,1.531939488331986350e-02,1.816900926667980309e-02,2.154869041806159805e-02,2.555703791648261322e-02,3.031099219454492025e-02,3.594924618495110025e-02,4.263629157935664576e-02,5.134885739410362943e-02,6.373826461853805692e-02,6.756806892996575220e-02,8.400308316495426475e-02,9.811912434631685220e-02,1.164516988230529376e-01,1.330175549125843792e-01,1.585584883553345370e-01,1.979639644578573277e-01,2.347879359529908838e-01,2.381101577952296939e+05
1.853684129447164541e-01,6.528199739813436361e-03,7.742533074629047093e-03,9.182748812988656556e-03,1.089086413318093687e-02,1.291671197622614418e-02,1.531939488331986350e-02,1.816900926667980309e-02,2.154869041806159805e-02,2.555703791648261322e-02,3.031099219454492025e-02,3.594924618495110025e-02,4.263629157935664576e-02,5.186491394968235219e-02,6.416649280233120700e-02,6.797423096768116790e-02,8.433955901441726744e-02,9.842242027495788637e-02,1.166133222650679729e-01,1.331372413888047002e-01,1.586410192599684854e-01,1.979639644578573277e-01,2.347879359529908838e-01,2.381101577952296939e+05
4.706697725794448117e-03,6.528199739813436361e-03,7.742533074629047093e-03,9.182748812988656556e-03,1.089086413318093687e-02,1.291671197622614418e-02,1.531939488331986350e-02,1.816900926667980309e-02,2.154869041806159805e-02,2.555703791648261322e-02,3.031099219454492025e-02,3.594924618495110025e-02,4.263629157935664576e-02,5.234170839363425087e-02,6.456290038727541258e-02,6.835059861306684581e-02,8.465208897343316774e-02,9.870512796278382850e-02,1.167833803779566720e-01,1.332806389351584020e-01,1.587441897910869815e-01,1.854706295948852779e-01,2.347879359529908838e-01,2.381101577952296939e+05
4.706697725794448117e-03,6.528199739813436361e-03,7.742533074629047093e-03,9.182748812988656556e-03,1.089086413318093687e-02,1.291671197622614418e-02,1.531939488331986350e-02,1.816900926667980309e-02,2.154869041806159805e-02,2.555703791648261322e-02,3.031099219454492025e-02,3.594924618495110025e-02,4.263629157935664576e-02,5.278300961307670625e-02,5.997340331099678540e-02,6.869711984644387426e-02,8.493936843494181987e-02,9.896307444052003521e-02,1.169566504674993401e-01,1.334380526730498950e-01,1.588653888250280144e-01,1.856019006374890756e-01,2.347879359529908838e-01,2.381101577952296939e+05
4.706697725794448117e-03,6.528199739813436361e-03,7.742533074629047093e-03,9.182748812988656556e-03,1.089086413318093687e-02,1.291671197622614418e-02,1.531939488331986350e-02,1.816900926667980309e-02,2.154869041806159805e-02,2.555703791648261322e-02,3.031099219454492025e-02,3.594924618495110025e-02,4.263629157935664576e-02,5.319213392104013560e-02,5.997340331099678540e-02,6.902181606397295166e-02,8.520670428557572396e-02,9.920413099760438946e-02,1.171295997337894051e-01,1.336030134180141993e-01,1.590004031175723254e-01,1.857552200618119709e-01,2.347879359529908838e-01,2.381101577952296939e+05
4.706697725794448117e-03,6.528199739813436361e-03,7.742533074629047093e-03,9.182748812988656556e-03,1.089086413318093687e-02,1.291671197622614418e-02,1.531939488331986350e-02,1.816900926667980309e-02,2.154869041806159805e-02,2.555703791648261322e-02,3.031099219454492025e-02,3.594924618495110025e-02,4.263629157935664576e-02,5.357170303722987720e-02,5.997340331099678540e-02,6.932377099246005148e-02,8.545554432403332235e-02,9.942938326660609449e-02,1.172920946273206810e-01,1.337714503128500931e-01,1.591451134387425470e-01,1.859238744323588044e-01,2.347879359529908838e-01,2.381101577952296939e+05
4.706697725794448117e-03,6.528199739813436361e-03,7.742533074629047093e-03,9.182748812988656556e-03,1.089086413318093687e-02,1.291671197622614418e-02,1.531939488331986350e-02,1.816900926667980309e-02,2.154869041806159805e-02,2.555703791648261322e-02,3.031099219454492025e-02,3.594924618495110025e-02,4.263629157935664576e-02,5.392489841704903308e-02,5.997340331099678540e-02,6.960535864704341102e-02,8.568787493955064283e-02,9.962905159928789334e-02,1.172321725309272283e-01,1.339395581659678369e-01,1.592947361933901018e-01,1.861030638279162763e-01,2.347879359529908838e-01,2.381101577952296939e+05
