# chamber environmental conditions throughout the simulation, with rows corresponding to the time points in the time output file, first column is temperature (K), second is pressure (Pa), third is relative humidity (fraction (0-1), fourth is transmission factor of light (0-1))
291.2,1013.25,0.5000001694638058,1.0
291.2,1013.25,0.4995114086144444,1.0
294.1,1013.25,0.39960912551430133,1.0
295.4,1013.25,0.30000008956240165,1.0
295.8,1013.25,0.3000000884892819,1.0
295.6,1013.25,0.30000008752601415,1.0
295.7,1013.25,0.30000010117037534,1.0
295.9,1013.25,0.30000011906159024,1.0
296.0,1013.25,0.300000135235369,1.0
296.5,1013.25,0.3000001859879426,1.0
296.9,1013.25,0.30000018640857795,1.0
297.9,1013.25,0.3000000297390376,1.0
298.6,1013.25,0.30000005452144823,1.0
298.8,1013.25,0.3000000468093894,1.0
299.4,1013.25,0.30000006745601165,1.0
299.8,1013.25,0.3000002311449716,1.0
299.9,1013.25,0.200000384543354,1.0
300.3,1013.25,0.2000002080330162,1.0
300.7,1013.25,0.2000000208259942,1.0
300.5,1013.25,0.19999995795123782,1.0
301.3,1013.25,0.20000000750253594,1.0
300.8,1013.25,0.1999999635353652,1.0
301.5,1013.25,0.1999999796218936,1.0
301.8,1013.25,0.20000002252047533,1.0
301.9,1013.25,0.20000003005516506,1.0
301.7,1013.25,0.20000001799835754,1.0
302.1,1013.25,0.20000002559435867,1.0
302.1,1013.25,0.2000000292166353,1.0
302.0,1013.25,0.20000003563713836,1.0
301.5,1013.25,0.20000001015633823,1.0
302.3,1013.25,0.20000002343920498,1.0
302.4,1013.25,0.2000000176181166,1.0
302.7,1013.25,0.20000002828839483,1.0
303.1,1013.25,0.20000002824942417,1.0
303.2,1013.25,0.20000002429610422,1.0
303.6,1013.25,0.2000000277207518,1.0
303.7,1013.25,0.2000000242349101,1.0
303.9,1013.25,0.2000000274612124,1.0
303.9,1013.25,0.2000000260292409,1.0
303.9,1013.25,0.20000008174632672,1.0
304.0,1013.25,0.19999998478403336,1.0
303.9,1013.25,0.20000003539200395,1.0
304.3,1013.25,0.20000004300305452,1.0
304.1,1013.25,0.20000004337030577,1.0
303.7,1013.25,0.20000004684867922,1.0
303.7,1013.25,0.20000004413025171,1.0
303.8,1013.25,0.20000004360075854,1.0
303.9,1013.25,0.2000000432761104,1.0
303.7,1013.25,0.2000000391616161,1.0
304.2,1013.25,0.2000000394055195,1.0
304.5,1013.25,0.20000004444823255,1.0
304.3,1013.25,0.20000002681082593,1.0
305.1,1013.25,0.20000003810730552,1.0
305.0,1013.25,0.2000000446226635,1.0
304.9,1013.25,0.20000004610769878,1.0
304.8,1013.25,0.20000004202448796,1.0
305.1,1013.25,0.20000011965143083,1.0
304.3,1013.25,0.2000001271285811,1.0
304.4,1013.25,0.20000004142381747,1.0
305.3,1013.25,0.20000004194923834,1.0
305.2,1013.25,0.20000004405338695,1.0
305.1,1013.25,0.2000001293584477,1.0
304.4,1013.25,0.20000014626454543,1.0
303.7,1013.25,0.20000015760842996,1.0
303.5,1013.25,0.2000001661646733,1.0
303.3,1013.25,0.20000017929685676,1.0
302.9,1013.25,0.20000018400581573,1.0
303.0,1013.25,0.20000015737891158,1.0
303.9,1013.25,0.20000013327776806,1.0
304.6,1013.25,0.2000001318644167,1.0
304.7,1013.25,0.2000001419993908,1.0
304.8,1013.25,0.20000014269566463,1.0
304.8,1013.25,0.20000004008962013,1.0
306.0,1013.25,0.20000004259685908,1.0
306.2,1013.25,0.20000003931475208,1.0
306.5,1013.25,0.20000003759007629,1.0
306.7,1013.25,0.20000002774233944,1.0
307.2,1013.25,0.2000000400993108,1.0
306.7,1013.25,0.20000003764796617,1.0
306.8,1013.25,0.2000000325411946,1.0
306.9,1013.25,0.20000003163393137,1.0
307.0,1013.25,0.20000003072386735,1.0
307.1,1013.25,0.20000004346923128,1.0
306.4,1013.25,0.20000004073936584,1.0
306.2,1013.25,0.20000013262975888,1.0
305.3,1013.25,0.20000016352192004,1.0
304.3,1013.25,0.20000017333279874,1.0
304.3,1013.25,0.2000001895531653,1.0
304.1,1013.25,0.20000019347356968,1.0
304.0,1013.25,0.20000019141795028,1.0
304.2,1013.25,0.20000018753791693,1.0
