# particle size bin bounds (um), with size bins represented by columns and their number (starting at 1 and in line with the lower bound) given in second line of header, per time step which is is represented by rows and corresponding times given in the time output file 
# 1[2 2 2 2 2 2 2 2 2 2 2 2 2 2 2 2 2 2 2 2 2 2 2 2 2 2 2 2 2 2 2 2 2 2 2 2 2
#  2 2 2 2 2 2 2 2 2 2 2 2 2 2 2 2 2 2 2 2 2 2 2 2 2 2 2 2 2 2 2 2 2 2 2 2 2
#  2 2 2 2 2 2 2 2 2 2 2 2 2 2 2 2 2 2 2 2 2 2 2 2 2 2 2 2 2 2 2 2 2 2 2 2 2
#  2 2 2 2 2 2 2 2 2 2 2 2 2 2 2 2 2 2 2 2 2 2 2 2 2 2 2 2 2 2 2 2 2 2 2 2 2
#  2 2 2 2 2 2 2 2 2 2 2 2 2 2 2 2 2 2 2 2 2 2 2 2 2 2 2 2 2 2 2 2 2 2 2 2 2
#  2 2 2 2 2 2 2 2 2 2 2 2 2 2 2 2 2 2 2 2 2 2 2 2 2 2 2 2 2 2 2 2 2 2 2 2 2
#  2 2 2 2 2 2 2 2 2 2 2 2 2 2 2 2 2 2 2 2 2 2 2 2 2 2 2 2 2 2 2 2 2 2 2 2 2
#  2 2 2 2 2 2 2 2 2 2 2 2 2 2 2 2 2 2 2 2 2 2 2 2 2 2 2 2 2 2 2 2 2 2 2 2 2
#  2 2 2 2 2 2 2 2 2 2 2 2 2 2 2 2 2 2 2 2 2 2 2 2 2 2 2 2 2 2 2 2 2 2 2 2 2]
1.000000000000000021e-03,1.949358868961792793e-02,3.800000000000000044e-01
1.000000000000000021e-03,1.949358868961792793e-02,3.800000000000000044e-01
1.000000000000000021e-03,1.949358868961792793e-02,3.800000000000000044e-01
1.000000000000000021e-03,1.949358868961792793e-02,3.800000000000000044e-01
1.000000000000000021e-03,1.949358868961792793e-02,3.800000000000000044e-01
1.000000000000000021e-03,1.949358868961792793e-02,3.800000000000000044e-01
1.000000000000000021e-03,1.949358868961792793e-02,3.800000000000000044e-01
