# tendency to change, top row gives equation number (where number 0 is the first equation), 3rd column from end is gas-particle partitioning, 2nd column from end is gas-wall partitioning, final column is dilution (molecules/cm3/s (air))
5.300000000000000000e+01,9.300000000000000000e+01,9.400000000000000000e+01,9.500000000000000000e+01,9.600000000000000000e+01,0.000000000000000000e+00,0.000000000000000000e+00,0.000000000000000000e+00
0.000000000000000000e+00,0.000000000000000000e+00,0.000000000000000000e+00,0.000000000000000000e+00,0.000000000000000000e+00,0.000000000000000000e+00,0.000000000000000000e+00,0.000000000000000000e+00
8.058163877757635899e+06,-5.030056093004782269e+01,-1.036191555158985011e+03,-4.443216215487558429e+02,-1.458716266971386801e+02,0.000000000000000000e+00,-3.665708367203081725e+05,-7.005794341537401124e+03
2.557751364696965218e+09,-5.210151555322291330e+06,-1.073291220396392047e+08,-4.602300540534691513e+07,-1.510943951043464430e+07,0.000000000000000000e+00,-1.066561099498503059e+08,-2.222951215575411450e+06
2.784241967069968700e+09,-1.156155579112317041e+07,-2.381680492971373200e+08,-1.021270761549213529e+08,-3.352851179425719008e+07,0.000000000000000000e+00,-1.445965857139724493e+08,-4.402636373916103505e+06
2.687258124789783955e+09,-1.647014698262075894e+07,-3.392850278419876099e+08,-1.454862983464834094e+08,-4.776342624960020185e+07,0.000000000000000000e+00,-1.449758496697508693e+08,-6.307898214684114791e+06
2.578861164924676895e+09,-2.059152794404990226e+07,-4.241854756474279761e+08,-1.818918301724408269e+08,-5.971543103774471581e+07,0.000000000000000000e+00,-1.434679350554320514e+08,-7.969937329248165712e+06
2.434781908035367012e+09,-2.361164859912562743e+07,-4.863999611419879198e+08,-2.085695626256097257e+08,-6.847378093746431172e+07,0.000000000000000000e+00,-1.249500179755976498e+08,-9.408150545908000320e+06
2.266629283938060284e+09,-2.552599877558249235e+07,-5.258355747769993544e+08,-2.254796558509787321e+08,-7.402539644918923080e+07,0.000000000000000000e+00,-1.011613448205517679e+08,-1.065306341214807704e+07
2.114697446165849447e+09,-2.691881364857696742e+07,-5.545275611606855392e+08,-2.377828538957632780e+08,-7.806455958087320626e+07,0.000000000000000000e+00,-8.585087734677417576e+07,-1.173356870114050061e+07
2.024293514167937279e+09,-2.859898229794299230e+07,-5.891390353376256227e+08,-2.526243436318297982e+08,-8.293704866403467953e+07,0.000000000000000000e+00,-4.086682314332538098e+07,-1.268091361357256956e+07
1.955457288107792616e+09,-3.030361501095311344e+07,-6.242544692256342173e+08,-2.676819325967525542e+08,-8.788048353176403046e+07,0.000000000000000000e+00,-5.425480516815661639e+07,-1.353489935235768929e+07
1.852129751363778830e+09,-3.115037664979646727e+07,-6.416977589858071804e+08,-2.751616604065355062e+08,-9.033609228440974653e+07,0.000000000000000000e+00,-3.911046560478891432e+07,-1.428246085315323807e+07
1.778207159057307005e+09,-3.216280613640612364e+07,-6.625538064099662304e+08,-2.841047875382541418e+08,-9.327213779557776451e+07,0.000000000000000000e+00,-1.636794243812710512e+06,-1.496505650000382401e+07
1.692469459234180927e+09,-3.266976672819159552e+07,-6.729971946007468700e+08,-2.885829394323591590e+08,-9.474232351175563037e+07,0.000000000000000000e+00,7.518766180584022775e+06,-1.555554329458550178e+07
1.624002997855239391e+09,-3.321981457118862122e+07,-6.843281801664856672e+08,-2.934416953788328767e+08,-9.633746225644700229e+07,0.000000000000000000e+00,-6.721484945287889801e+06,-1.604403812347925454e+07
1.558803350704204082e+09,-3.365354131164616346e+07,-6.932629510199109316e+08,-2.972729482528744936e+08,-9.759526980377386510e+07,0.000000000000000000e+00,1.659422084934830107e+07,-1.646868514203654043e+07
1.496037534579899073e+09,-3.396392820399224013e+07,-6.996569210022401810e+08,-3.000146991352648139e+08,-9.849539179157748818e+07,0.000000000000000000e+00,1.794524577375621721e+07,-1.682926781055622548e+07
1.417553155635773659e+09,-3.367443299607750028e+07,-6.936933197191965580e+08,-2.974574914653513432e+08,-9.765585568862475455e+07,0.000000000000000000e+00,2.005237645176328253e+06,-1.711797986584359035e+07
1.365638209030484438e+09,-3.377911489918081462e+07,-6.958497669231246710e+08,-2.983821816094305515e+08,-9.795943320762434602e+07,0.000000000000000000e+00,2.808533118894342706e+07,-1.735284131441734731e+07
1.317453383597936869e+09,-3.388185121615788341e+07,-6.979661350528523922e+08,-2.992896857427279949e+08,-9.825736852685785294e+07,0.000000000000000000e+00,4.274939132690551877e+07,-1.755238147177225351e+07
1.282572328402262926e+09,-3.424402838299774379e+07,-7.054269846897535324e+08,-3.024889173831468225e+08,-9.930768231069345772e+07,0.000000000000000000e+00,4.522683218468531966e+06,-1.771393243993576616e+07
1.225617604003221273e+09,-3.386538161084989458e+07,-6.976268611835078001e+08,-2.991442042291740775e+08,-9.820960667146468163e+07,0.000000000000000000e+00,-8.388346351189920679e+06,-1.780585107560997456e+07
1.187602218163229704e+09,-3.400655304628953338e+07,-7.005349927535643578e+08,-3.003912185755575895e+08,-9.861900383423963189e+07,0.000000000000000000e+00,2.159858432755607367e+07,-1.790702973548350483e+07
1.158527306571947813e+09,-3.412652629035438597e+07,-7.030064415813003778e+08,-3.014509822314637899e+08,-9.896692624202771485e+07,0.000000000000000000e+00,-1.532501525668308139e+07,-1.791686990850556642e+07
1.146209671701642990e+09,-3.475106556100223958e+07,-7.158719505566461086e+08,-3.069677457888531685e+08,-1.007780901269064844e+08,0.000000000000000000e+00,2.782898149863847718e+07,-1.793843758292094246e+07
1.129843503465009451e+09,-3.522489782864287496e+07,-7.256328952700432539e+08,-3.111532641530120969e+08,-1.021522037030643374e+08,0.000000000000000000e+00,2.205317746831447259e+07,-1.792980053950417787e+07
1.111198865775566578e+09,-3.557767619376506656e+07,-7.329001295915603638e+08,-3.142694730449247956e+08,-1.031752609619186819e+08,0.000000000000000000e+00,1.241973340516880155e+07,-1.788267762189179659e+07
1.066471110453183293e+09,-3.502410386579179019e+07,-7.214965396353107691e+08,-3.093795841478275061e+08,-1.015699012107961774e+08,0.000000000000000000e+00,-8.894969279840808362e+06,-1.779856598986774683e+07
1.037759361609463096e+09,-3.489309801993385702e+07,-7.187978192106374502e+08,-3.082223658427491188e+08,-1.011899842578081936e+08,0.000000000000000000e+00,3.633130034852755815e+07,-1.769815669245325029e+07
1.002894074981938004e+09,-3.431074443095214665e+07,-7.068013352776141167e+08,-3.030782424734106660e+08,-9.950115884976121783e+07,0.000000000000000000e+00,1.092711256885835901e+07,-1.759074813878655806e+07
9.823885679199219942e+08,-3.417360909656950831e+07,-7.039763473893318176e+08,-3.018668803530306816e+08,-9.910346638005156815e+07,0.000000000000000000e+00,6.564089380108435638e+06,-1.746210873889964074e+07
9.238500963466176987e+08,-3.266627177513576299e+07,-6.729251985677967072e+08,-2.885520673470326066e+08,-9.473218814789371192e+07,0.000000000000000000e+00,3.584338582047903445e+06,-1.731852653548985347e+07
8.489176325495001078e+08,-3.048146050383815914e+07,-6.279180863790661097e+08,-2.692529011172370911e+08,-8.839623546113066375e+07,0.000000000000000000e+00,-8.288105208597108722e+06,-1.714895841738699749e+07
8.624947450974199772e+08,-3.153811700298124179e+07,-6.496852102614135742e+08,-2.785867001930010319e+08,-9.146053930864560604e+07,0.000000000000000000e+00,2.950590609240585938e+07,-1.701839052639338374e+07
8.954178335022308826e+08,-3.317587373206315935e+07,-6.834229988805011511e+08,-2.930535512998912930e+08,-9.621003382298316061e+07,0.000000000000000000e+00,1.527693347781385481e+07,-1.684872652542810515e+07
9.173899081017963886e+08,-3.436677422738254070e+07,-7.079555490840803385e+08,-3.035731723418791890e+08,-9.966364525940936804e+07,0.000000000000000000e+00,2.220130994710925221e+07,-1.666448817215361819e+07
9.084616425659915209e+08,-3.441068148047614843e+07,-7.088600384978086948e+08,-3.039610197442060709e+08,-9.979097629338082671e+07,0.000000000000000000e+00,3.077544457753163576e+07,-1.647461317053660378e+07
9.005982384630273581e+08,-3.447300179530433565e+07,-7.101438369832692146e+08,-3.045115158585216403e+08,-9.997170520638255775e+07,0.000000000000000000e+00,1.781861031911786646e+07,-1.626944273872051015e+07
8.841232832254611254e+08,-3.419927219511210173e+07,-7.045050072193093300e+08,-3.020935710568236113e+08,-9.917788936582508683e+07,0.000000000000000000e+00,3.912902516101246327e+07,-1.605790724800098315e+07
8.649559046978499889e+08,-3.380437670965345204e+07,-6.963701602188611031e+08,-2.986053276019388437e+08,-9.803269245799499750e+07,0.000000000000000000e+00,2.129182395811975747e+07,-1.584293270575720258e+07
8.535327776054029465e+08,-3.359231431108818948e+07,-6.920016748084166050e+08,-2.967321097479457259e+08,-9.741771150215573609e+07,0.000000000000000000e+00,9.986027727781936526e+06,-1.561692230920472369e+07
8.339882826992173195e+08,-3.306711891485619545e+07,-6.811826496460375786e+08,-2.920928837478964329e+08,-9.589464485308295488e+07,0.000000000000000000e+00,1.109045316244872287e+07,-1.539318824737223797e+07
8.120350178257100582e+08,-3.242446670691864938e+07,-6.679440141625242233e+08,-2.864161225777814388e+08,-9.403095345006407797e+07,0.000000000000000000e+00,8.539598993881959468e+06,-1.515985260590892285e+07
7.826070072891510725e+08,-3.148411666767457873e+07,-6.485728033540964127e+08,-2.781096972311255336e+08,-9.130393833625628054e+07,0.000000000000000000e+00,8.091214003555784933e+06,-1.492890681835338287e+07
7.449876107212183475e+08,-3.021130183232826740e+07,-6.223528177459622622e+08,-2.668664995188997388e+08,-8.761277531375196576e+07,0.000000000000000000e+00,1.077813623197479360e+07,-1.470118045673661679e+07
7.101596039422602654e+08,-2.897459118631992117e+07,-5.968765784381903410e+08,-2.559422221458260119e+08,-8.402631444032776356e+07,0.000000000000000000e+00,4.904557282652158290e+06,-1.447137584119326994e+07
6.925433124849869013e+08,-2.841226108129747212e+07,-5.852925782747279406e+08,-2.509749728847943842e+08,-8.239555713576266170e+07,0.000000000000000000e+00,2.307741600747557729e+07,-1.425455173112153448e+07
6.740835887303227186e+08,-2.779988966916102916e+07,-5.726777271847171783e+08,-2.455656920775891244e+08,-8.061968004056698084e+07,0.000000000000000000e+00,-4.329846716225674754e+04,-1.403077861399645545e+07
6.590109228222723007e+08,-2.731007506686097383e+07,-5.625875463773360252e+08,-2.412389964239386320e+08,-7.919921769389681518e+07,0.000000000000000000e+00,-1.737765902338141948e+07,-1.379888143417874351e+07
6.474503992300660610e+08,-2.696776262750447169e+07,-5.555359101265921593e+08,-2.382152365429562032e+08,-7.820651161976295710e+07,0.000000000000000000e+00,4.429589459671217948e+06,-1.356775287654584832e+07
6.394105080309776068e+08,-2.679272098617212102e+07,-5.519300523151457310e+08,-2.366690353778538108e+08,-7.769889085989914834e+07,0.000000000000000000e+00,7.271153805974158458e+06,-1.334590436501882784e+07
6.334531604960068464e+08,-2.653098367392465100e+07,-5.465382636828477383e+08,-2.343570224530011117e+08,-7.693985265438148379e+07,0.000000000000000000e+00,8.913207081847356632e+06,-1.312708688596121408e+07
6.352601800173232555e+08,-2.659309621100839227e+07,-5.478177819467729330e+08,-2.349056831972408593e+08,-7.711997901192434132e+07,0.000000000000000000e+00,9.364854479547698051e+06,-1.290777181958069094e+07
6.302721491827372313e+08,-2.635549996380998194e+07,-5.429232992544856071e+08,-2.328069163469882309e+08,-7.643094989504894614e+07,0.000000000000000000e+00,4.199213307456537150e+06,-1.268130036122065596e+07
6.329382767216628790e+08,-2.647489949171996489e+07,-5.453829295294313431e+08,-2.338616121768597364e+08,-7.677720852598789334e+07,0.000000000000000000e+00,1.810110191987076774e+07,-1.247264062247718871e+07
6.272307527781013250e+08,-2.624368437752626836e+07,-5.406198981770411730e+08,-2.318192120014820993e+08,-7.610668469482617080e+07,0.000000000000000000e+00,1.642331234189070389e+07,-1.226370491741002724e+07
6.240269683777863979e+08,-2.609283385659845173e+07,-5.375123774459280968e+08,-2.304866990666196942e+08,-7.566921818413551152e+07,0.000000000000000000e+00,1.877121845052068122e+06,-1.204343773068410531e+07
6.251580459332886934e+08,-2.614569090287441388e+07,-5.386012325992128849e+08,-2.309536029753907025e+08,-7.582250361833579838e+07,0.000000000000000000e+00,3.813735074044348300e+07,-1.183800569246613234e+07
6.249459884215331078e+08,-2.611636862505839765e+07,-5.379971936762030125e+08,-2.306945895213492215e+08,-7.573746901266935468e+07,0.000000000000000000e+00,5.197253500744900666e+06,-1.162975362411953509e+07
6.191389508818296194e+08,-2.583435035342920572e+07,-5.321876172806416154e+08,-2.282034281219580173e+08,-7.491961602494469285e+07,0.000000000000000000e+00,4.787372405456102570e+05,-1.141338391570050456e+07
6.155319308659416437e+08,-2.564918972236969694e+07,-5.283733082808157802e+08,-2.265678425475990474e+08,-7.438265019487212598e+07,0.000000000000000000e+00,6.016103331071071327e+06,-1.119956720463720337e+07
6.136215477297108173e+08,-2.553666751062378660e+07,-5.260553507188500762e+08,-2.255738963438435197e+08,-7.405633578080898523e+07,0.000000000000000000e+00,5.777960669463070109e+06,-1.098698750780007057e+07
6.061809453335475922e+08,-2.522306393711486459e+07,-5.195951171045662165e+08,-2.228037314445146620e+08,-7.314688541763310134e+07,0.000000000000000000e+00,9.265714451516183093e+06,-1.078713477891992405e+07
5.985012783704851866e+08,-2.480294349372176826e+07,-5.109406359706684351e+08,-2.190926675278756618e+08,-7.192853613179312646e+07,0.000000000000000000e+00,-3.918703365062081721e+06,-1.056465833871068247e+07
5.951017464223835468e+08,-2.459532722842508182e+07,-5.066637409055567384e+08,-2.172587238510882854e+08,-7.132644896243274212e+07,0.000000000000000000e+00,7.130714506064263172e+06,-1.036288985005123168e+07
5.986234001814242601e+08,-2.472206346583065391e+07,-5.092745073961114287e+08,-2.183782272815041542e+08,-7.169398405090889335e+07,0.000000000000000000e+00,2.444362801384900138e+07,-1.018196052968345582e+07
5.940465330807688236e+08,-2.448225518801339716e+07,-5.043344568730759621e+08,-2.162599208274517059e+08,-7.099854004523883760e+07,0.000000000000000000e+00,5.344043044334455393e+06,-9.988188970828218386e+06
5.871657096881628036e+08,-2.414134383515802026e+07,-4.973116830042551756e+08,-2.132485372105625570e+08,-7.000989712195825577e+07,0.000000000000000000e+00,2.785882023574156221e+06,-9.792241679156469181e+06
5.523764022943755388e+08,-2.265866741764274985e+07,-4.667685488034406304e+08,-2.001515621891776621e+08,-6.571013551116397232e+07,0.000000000000000000e+00,-2.231286010494018719e+07,-9.597800845130937174e+06
5.410683777524331808e+08,-2.215125734394557774e+07,-4.563159012852789164e+08,-1.956694398715192974e+08,-6.423864629744216800e+07,0.000000000000000000e+00,-3.244069047220066190e+07,-9.407419773949217051e+06
5.362541151956642270e+08,-2.192036679645874351e+07,-4.515595560070500970e+08,-1.936299067020522654e+08,-6.356906370973035693e+07,0.000000000000000000e+00,8.128634086390307639e+05,-9.221654352820655331e+06
5.292818955892796516e+08,-2.162677697799716517e+07,-4.455116057467415929e+08,-1.910365299723083079e+08,-6.271765323619177192e+07,0.000000000000000000e+00,3.601879851392905228e+06,-9.046778029249431565e+06
5.162283027060717940e+08,-2.109535268416158110e+07,-4.345642652937285304e+08,-1.863422820434273183e+08,-6.117652278406857699e+07,0.000000000000000000e+00,3.471851344416737091e+06,-8.876383933506267145e+06
4.980135513623924851e+08,-2.035479423020008579e+07,-4.193087611421217322e+08,-1.798006823667674363e+08,-5.902890326758024096e+07,0.000000000000000000e+00,-5.105312476460391917e+04,-8.706767314113698900e+06
4.909216428872852921e+08,-2.000017512591803446e+07,-4.120036075939115286e+08,-1.766682136122759879e+08,-5.800050786516229808e+07,0.000000000000000000e+00,6.809485703821000643e+06,-8.549340096054216847e+06
5.033799037287224531e+08,-2.043063175770588219e+07,-4.208710142087411880e+08,-1.804705805264019966e+08,-5.924883209734705836e+07,0.000000000000000000e+00,2.369275272418872267e+07,-8.408975183117754757e+06
5.140435423194141388e+08,-2.078178669525060058e+07,-4.281048059221624136e+08,-1.835724491413803399e+08,-6.026718141622673720e+07,0.000000000000000000e+00,2.353250038351428509e+07,-8.268264338721932843e+06
5.229395332332519293e+08,-2.103079883945663646e+07,-4.332344560928066969e+08,-1.857720564152003229e+08,-6.098931663442424685e+07,0.000000000000000000e+00,9.974778085734922439e+06,-8.117757409551892430e+06
5.257646284479779601e+08,-2.102315996483373642e+07,-4.330770952755749822e+08,-1.857045796893647015e+08,-6.096716389801783115e+07,0.000000000000000000e+00,8.950083845860755071e+06,-7.964582305228387006e+06
5.212879500150194168e+08,-2.072121200059403107e+07,-4.268569672122370601e+08,-1.830373726719139814e+08,-6.009151480172269046e+07,0.000000000000000000e+00,5.282365236886349507e+06,-7.814134589122097008e+06
5.185597759143639207e+08,-2.044602179757095501e+07,-4.211880490299617052e+08,-1.806065258785434961e+08,-5.929346321295577288e+07,0.000000000000000000e+00,4.707444144537518732e+06,-7.668315290636081249e+06
5.178473145618740916e+08,-2.031436578547615558e+07,-4.184759351808087826e+08,-1.794435644383727312e+08,-5.891166077788084745e+07,0.000000000000000000e+00,9.567075456687107682e+06,-7.547231190758706070e+06
5.170582620319609046e+08,-2.014108536722947657e+07,-4.149063585649272203e+08,-1.779129207438603938e+08,-5.840914756496547163e+07,0.000000000000000000e+00,5.324173328228638507e+06,-7.412661057740986347e+06
5.135560383340039253e+08,-1.987268810416323692e+07,-4.093773749457626343e+08,-1.755420782534419596e+08,-5.763079550207338482e+07,0.000000000000000000e+00,5.726225525787384249e+06,-7.282684988615020178e+06
5.186884410652631521e+08,-1.993744436399395391e+07,-4.107113538982754350e+08,-1.761140918819466233e+08,-5.781858865558245778e+07,0.000000000000000000e+00,5.309701537648815662e+06,-7.153586552054790780e+06
5.107424226105685234e+08,-1.948840804812980816e+07,-4.014612057914741039e+08,-1.721476044251466990e+08,-5.651638333957644552e+07,0.000000000000000000e+00,8.481543640867123380e+06,-7.033427957056461833e+06
5.083237228507634997e+08,-1.920831431097906828e+07,-3.956912748061687946e+08,-1.696734430803151131e+08,-5.570411150183929503e+07,0.000000000000000000e+00,-3.517646157294111326e+06,-6.907748724455112591e+06
5.056510206943604350e+08,-1.894262209928428009e+07,-3.902180152452561855e+08,-1.673264952103444934e+08,-5.493360408792441338e+07,0.000000000000000000e+00,4.411853185982945375e+06,-6.791125140494793653e+06
4.973142926284449697e+08,-1.848801972798826918e+07,-3.808532063965583444e+08,-1.633108409305630624e+08,-5.361525721116597950e+07,0.000000000000000000e+00,5.451833889279953204e+06,-6.682610794413247146e+06
4.969683310908890367e+08,-1.834469550504443049e+07,-3.779007274039152861e+08,-1.620448102945591509e+08,-5.319961696462884545e+07,0.000000000000000000e+00,6.183160253292161971e+06,-6.579175725027687848e+06
4.963603990803127289e+08,-1.820013062922194600e+07,-3.749226909619720578e+08,-1.607678205581271946e+08,-5.278037882474363595e+07,0.000000000000000000e+00,2.769540949353682343e+06,-6.479452518691532314e+06
5.068209301948825121e+08,-1.844358646374711394e+07,-3.799378811531905532e+08,-1.629183470964328647e+08,-5.348640074486663193e+07,0.000000000000000000e+00,2.804258376903753728e+06,-6.382085666870784014e+06
4.933790710352951288e+08,-1.780379193541384116e+07,-3.667581138695251346e+08,-1.572668287628223002e+08,-5.163099661270013452e+07,0.000000000000000000e+00,-3.161937402348090545e+05,-6.280429504394814372e+06
4.618370313899019361e+08,-1.656055284904091060e+07,-3.411473886902427673e+08,-1.462848834998614192e+08,-4.802560326221863925e+07,0.000000000000000000e+00,9.684318160863394151e+05,-6.193040385310456157e+06
4.483697450495700240e+08,-1.596749893944299407e+07,-3.289304781525256634e+08,-1.410462406317464709e+08,-4.630574692438468337e+07,0.000000000000000000e+00,-5.393666285991166718e+06,-6.103132868617826141e+06
4.453962373403006196e+08,-1.575394883970609121e+07,-3.245313460979455113e+08,-1.391598814174038470e+08,-4.568645163514766842e+07,0.000000000000000000e+00,-1.054438918891617656e+07,-6.014551172235871665e+06
4.387176803293671012e+08,-1.546728831849899516e+07,-3.186261393610792756e+08,-1.366277134800744653e+08,-4.485513612364708632e+07,0.000000000000000000e+00,8.055721809542508563e+05,-5.939044347240102477e+06
4.633794975920613408e+08,-1.631826864842119999e+07,-3.361563341574767232e+08,-1.441447063943872750e+08,-4.732297908042147756e+07,0.000000000000000000e+00,-1.773284370039809728e+06,-5.865248982967090793e+06
5.020101967131938934e+08,-1.764968674594571441e+07,-3.635835469664816856e+08,-1.559055662558538318e+08,-5.118409156324256957e+07,0.000000000000000000e+00,-4.846306427633960266e+05,-5.788666326192551292e+06
5.364117087168077230e+08,-1.882262051162931323e+07,-3.877459825395638347e+08,-1.662664811860589385e+08,-5.458559948372500390e+07,0.000000000000000000e+00,8.549963139384400100e+06,-5.710611734276602045e+06
5.421545186641441584e+08,-1.898573326897434518e+07,-3.911061053408715129e+08,-1.677073105426067412e+08,-5.505862648002559692e+07,0.000000000000000000e+00,3.462385783745883964e+06,-5.632385111777987331e+06
