# the total concentration (ug/m3) of injected (through initial gas-phase concentration, instantaneous and/or continuous gas-phase influx) components, with component index (relative to all components) in the first row and its cumulative injected concentrations in following rows
1.300000000000000000e+01,1.000000000000000000e+00,2.100000000000000000e+01,3.500000000000000000e+01,2.000000000000000000e+00,3.000000000000000000e+00,3.700000000000000000e+01
2.154478512438809737e-02,3.475058426898962693e+01,2.210378874759438986e+03,6.096251126988765812e+00,4.419585891741426309e+01,8.097664037512764423e+01,3.120074522908120151e+00
2.154478512438809737e-02,3.475058426898962693e+01,2.210378874759438986e+03,6.096251126988765812e+00,4.419585891741426309e+01,8.097664037512764423e+01,3.120074522908120151e+00
2.154478512438809737e-02,3.475058426898962693e+01,2.210378874759438986e+03,6.096251126988765812e+00,4.419585891741426309e+01,8.097664037512764423e+01,3.120074522908120151e+00
2.154478512438809737e-02,3.475058426898962693e+01,2.210378874759438986e+03,6.096251126988765812e+00,4.419585891741426309e+01,8.097664037512764423e+01,3.120074522908120151e+00
2.154478512438809737e-02,3.475058426898962693e+01,2.210378874759438986e+03,6.096251126988765812e+00,4.419585891741426309e+01,8.097664037512764423e+01,3.120074522908120151e+00
2.154478512438809737e-02,3.475058426898962693e+01,2.210378874759438986e+03,6.096251126988765812e+00,4.419585891741426309e+01,8.097664037512764423e+01,3.120074522908120151e+00
2.154478512438809737e-02,3.475058426898962693e+01,2.210378874759438986e+03,6.096251126988765812e+00,4.419585891741426309e+01,8.097664037512764423e+01,3.120074522908120151e+00
2.154478512438809737e-02,3.475058426898962693e+01,2.210378874759438986e+03,6.096251126988765812e+00,4.419585891741426309e+01,8.097664037512764423e+01,3.120074522908120151e+00
2.154478512438809737e-02,3.475058426898962693e+01,2.210378874759438986e+03,6.096251126988765812e+00,4.419585891741426309e+01,8.097664037512764423e+01,3.120074522908120151e+00
2.154478512438809737e-02,3.475058426898962693e+01,2.210378874759438986e+03,6.096251126988765812e+00,4.419585891741426309e+01,8.097664037512764423e+01,3.120074522908120151e+00
2.154478512438809737e-02,3.475058426898962693e+01,2.210378874759438986e+03,6.096251126988765812e+00,4.419585891741426309e+01,8.097664037512764423e+01,3.120074522908120151e+00
2.154478512438809737e-02,3.475058426898962693e+01,2.210378874759438986e+03,6.096251126988765812e+00,4.419585891741426309e+01,8.097664037512764423e+01,3.120074522908120151e+00
2.154478512438809737e-02,3.475058426898962693e+01,2.210378874759438986e+03,6.096251126988765812e+00,4.419585891741426309e+01,8.097664037512764423e+01,3.120074522908120151e+00
2.154478512438809737e-02,3.475058426898962693e+01,2.210378874759438986e+03,6.096251126988765812e+00,4.419585891741426309e+01,8.097664037512764423e+01,3.120074522908120151e+00
2.154478512438809737e-02,3.475058426898962693e+01,2.210378874759438986e+03,6.096251126988765812e+00,4.419585891741426309e+01,8.097664037512764423e+01,3.120074522908120151e+00
2.154478512438809737e-02,3.475058426898962693e+01,2.210378874759438986e+03,6.096251126988765812e+00,4.419585891741426309e+01,8.097664037512764423e+01,3.120074522908120151e+00
2.154478512438809737e-02,3.475058426898962693e+01,2.210378874759438986e+03,6.096251126988765812e+00,4.419585891741426309e+01,8.097664037512764423e+01,3.120074522908120151e+00
2.154478512438809737e-02,3.475058426898962693e+01,2.210378874759438986e+03,6.096251126988765812e+00,4.419585891741426309e+01,8.097664037512764423e+01,3.120074522908120151e+00
2.154478512438809737e-02,3.475058426898962693e+01,2.210378874759438986e+03,6.096251126988765812e+00,4.419585891741426309e+01,8.097664037512764423e+01,3.120074522908120151e+00
2.154478512438809737e-02,3.475058426898962693e+01,2.210378874759438986e+03,6.096251126988765812e+00,4.419585891741426309e+01,8.097664037512764423e+01,3.120074522908120151e+00
2.154478512438809737e-02,3.475058426898962693e+01,2.210378874759438986e+03,6.096251126988765812e+00,4.419585891741426309e+01,8.097664037512764423e+01,3.120074522908120151e+00
2.154478512438809737e-02,3.475058426898962693e+01,2.210378874759438986e+03,6.096251126988765812e+00,4.419585891741426309e+01,8.097664037512764423e+01,3.120074522908120151e+00
2.154478512438809737e-02,3.475058426898962693e+01,2.210378874759438986e+03,6.096251126988765812e+00,4.419585891741426309e+01,8.097664037512764423e+01,3.120074522908120151e+00
2.154478512438809737e-02,3.475058426898962693e+01,2.210378874759438986e+03,6.096251126988765812e+00,4.419585891741426309e+01,8.097664037512764423e+01,3.120074522908120151e+00
2.154478512438809737e-02,3.475058426898962693e+01,2.210378874759438986e+03,6.096251126988765812e+00,4.419585891741426309e+01,8.097664037512764423e+01,3.120074522908120151e+00
2.154478512438809737e-02,3.475058426898962693e+01,2.210378874759438986e+03,6.096251126988765812e+00,4.419585891741426309e+01,8.097664037512764423e+01,3.120074522908120151e+00
2.154478512438809737e-02,3.475058426898962693e+01,2.210378874759438986e+03,6.096251126988765812e+00,4.419585891741426309e+01,8.097664037512764423e+01,3.120074522908120151e+00
2.154478512438809737e-02,3.475058426898962693e+01,2.210378874759438986e+03,6.096251126988765812e+00,4.419585891741426309e+01,8.097664037512764423e+01,3.120074522908120151e+00
2.154478512438809737e-02,3.475058426898962693e+01,2.210378874759438986e+03,6.096251126988765812e+00,4.419585891741426309e+01,8.097664037512764423e+01,3.120074522908120151e+00
2.154478512438809737e-02,3.475058426898962693e+01,2.210378874759438986e+03,6.096251126988765812e+00,4.419585891741426309e+01,8.097664037512764423e+01,3.120074522908120151e+00
2.154478512438809737e-02,3.475058426898962693e+01,2.210378874759438986e+03,6.096251126988765812e+00,4.419585891741426309e+01,8.097664037512764423e+01,3.120074522908120151e+00
2.154478512438809737e-02,3.475058426898962693e+01,2.210378874759438986e+03,6.096251126988765812e+00,4.419585891741426309e+01,8.097664037512764423e+01,3.120074522908120151e+00
2.154478512438809737e-02,3.475058426898962693e+01,2.210378874759438986e+03,6.096251126988765812e+00,4.419585891741426309e+01,8.097664037512764423e+01,3.120074522908120151e+00
2.154478512438809737e-02,3.475058426898962693e+01,2.210378874759438986e+03,6.096251126988765812e+00,4.419585891741426309e+01,8.097664037512764423e+01,3.120074522908120151e+00
2.154478512438809737e-02,3.475058426898962693e+01,2.210378874759438986e+03,6.096251126988765812e+00,4.419585891741426309e+01,8.097664037512764423e+01,3.120074522908120151e+00
2.154478512438809737e-02,3.475058426898962693e+01,2.210378874759438986e+03,6.096251126988765812e+00,4.419585891741426309e+01,8.097664037512764423e+01,3.120074522908120151e+00
2.154478512438809737e-02,3.475058426898962693e+01,2.210378874759438986e+03,6.096251126988765812e+00,4.419585891741426309e+01,8.097664037512764423e+01,3.120074522908120151e+00
2.154478512438809737e-02,3.475058426898962693e+01,2.210378874759438986e+03,6.096251126988765812e+00,4.419585891741426309e+01,8.097664037512764423e+01,3.120074522908120151e+00
2.154478512438809737e-02,3.475058426898962693e+01,2.210378874759438986e+03,6.096251126988765812e+00,4.419585891741426309e+01,8.097664037512764423e+01,3.120074522908120151e+00
2.154478512438809737e-02,3.475058426898962693e+01,2.210378874759438986e+03,6.096251126988765812e+00,4.419585891741426309e+01,8.097664037512764423e+01,3.120074522908120151e+00
2.154478512438809737e-02,3.475058426898962693e+01,2.210378874759438986e+03,6.096251126988765812e+00,4.419585891741426309e+01,8.097664037512764423e+01,3.120074522908120151e+00
2.154478512438809737e-02,3.475058426898962693e+01,2.210378874759438986e+03,6.096251126988765812e+00,4.419585891741426309e+01,8.097664037512764423e+01,3.120074522908120151e+00
2.154478512438809737e-02,3.475058426898962693e+01,2.210378874759438986e+03,6.096251126988765812e+00,4.419585891741426309e+01,8.097664037512764423e+01,3.120074522908120151e+00
2.154478512438809737e-02,3.475058426898962693e+01,2.210378874759438986e+03,6.096251126988765812e+00,4.419585891741426309e+01,8.097664037512764423e+01,3.120074522908120151e+00
2.154478512438809737e-02,3.475058426898962693e+01,2.210378874759438986e+03,6.096251126988765812e+00,4.419585891741426309e+01,8.097664037512764423e+01,3.120074522908120151e+00
2.154478512438809737e-02,3.475058426898962693e+01,2.210378874759438986e+03,6.096251126988765812e+00,4.419585891741426309e+01,8.097664037512764423e+01,3.120074522908120151e+00
2.154478512438809737e-02,3.475058426898962693e+01,2.210378874759438986e+03,6.096251126988765812e+00,4.419585891741426309e+01,8.097664037512764423e+01,3.120074522908120151e+00
2.154478512438809737e-02,3.475058426898962693e+01,2.210378874759438986e+03,6.096251126988765812e+00,4.419585891741426309e+01,8.097664037512764423e+01,3.120074522908120151e+00
2.154478512438809737e-02,3.475058426898962693e+01,2.210378874759438986e+03,6.096251126988765812e+00,4.419585891741426309e+01,8.097664037512764423e+01,3.120074522908120151e+00
2.154478512438809737e-02,3.475058426898962693e+01,2.210378874759438986e+03,6.096251126988765812e+00,4.419585891741426309e+01,8.097664037512764423e+01,3.120074522908120151e+00
2.154478512438809737e-02,3.475058426898962693e+01,2.210378874759438986e+03,6.096251126988765812e+00,4.419585891741426309e+01,8.097664037512764423e+01,3.120074522908120151e+00
2.154478512438809737e-02,3.475058426898962693e+01,2.210378874759438986e+03,6.096251126988765812e+00,4.419585891741426309e+01,8.097664037512764423e+01,3.120074522908120151e+00
2.154478512438809737e-02,3.475058426898962693e+01,2.210378874759438986e+03,6.096251126988765812e+00,4.419585891741426309e+01,8.097664037512764423e+01,3.120074522908120151e+00
2.154478512438809737e-02,3.475058426898962693e+01,2.210378874759438986e+03,6.096251126988765812e+00,4.419585891741426309e+01,8.097664037512764423e+01,3.120074522908120151e+00
2.154478512438809737e-02,3.475058426898962693e+01,2.210378874759438986e+03,6.096251126988765812e+00,4.419585891741426309e+01,8.097664037512764423e+01,3.120074522908120151e+00
2.154478512438809737e-02,3.475058426898962693e+01,2.210378874759438986e+03,6.096251126988765812e+00,4.419585891741426309e+01,8.097664037512764423e+01,3.120074522908120151e+00
2.154478512438809737e-02,3.475058426898962693e+01,2.210378874759438986e+03,6.096251126988765812e+00,4.419585891741426309e+01,8.097664037512764423e+01,3.120074522908120151e+00
2.154478512438809737e-02,3.475058426898962693e+01,2.210378874759438986e+03,6.096251126988765812e+00,4.419585891741426309e+01,8.097664037512764423e+01,3.120074522908120151e+00
2.154478512438809737e-02,3.475058426898962693e+01,2.210378874759438986e+03,6.096251126988765812e+00,4.419585891741426309e+01,8.097664037512764423e+01,3.120074522908120151e+00
2.154478512438809737e-02,3.475058426898962693e+01,2.210378874759438986e+03,6.096251126988765812e+00,4.419585891741426309e+01,8.097664037512764423e+01,3.120074522908120151e+00
2.154478512438809737e-02,3.475058426898962693e+01,2.210378874759438986e+03,6.096251126988765812e+00,4.419585891741426309e+01,8.097664037512764423e+01,3.120074522908120151e+00
2.154478512438809737e-02,3.475058426898962693e+01,2.210378874759438986e+03,6.096251126988765812e+00,4.419585891741426309e+01,8.097664037512764423e+01,3.120074522908120151e+00
2.154478512438809737e-02,3.475058426898962693e+01,2.210378874759438986e+03,6.096251126988765812e+00,4.419585891741426309e+01,8.097664037512764423e+01,3.120074522908120151e+00
2.154478512438809737e-02,3.475058426898962693e+01,2.210378874759438986e+03,6.096251126988765812e+00,4.419585891741426309e+01,8.097664037512764423e+01,3.120074522908120151e+00
2.154478512438809737e-02,3.475058426898962693e+01,2.210378874759438986e+03,6.096251126988765812e+00,4.419585891741426309e+01,8.097664037512764423e+01,3.120074522908120151e+00
2.154478512438809737e-02,3.475058426898962693e+01,2.210378874759438986e+03,6.096251126988765812e+00,4.419585891741426309e+01,8.097664037512764423e+01,3.120074522908120151e+00
2.154478512438809737e-02,3.475058426898962693e+01,2.210378874759438986e+03,6.096251126988765812e+00,4.419585891741426309e+01,8.097664037512764423e+01,3.120074522908120151e+00
2.154478512438809737e-02,3.475058426898962693e+01,2.210378874759438986e+03,6.096251126988765812e+00,4.419585891741426309e+01,8.097664037512764423e+01,3.120074522908120151e+00
2.154478512438809737e-02,3.475058426898962693e+01,2.210378874759438986e+03,6.096251126988765812e+00,4.419585891741426309e+01,8.097664037512764423e+01,3.120074522908120151e+00
2.154478512438809737e-02,3.475058426898962693e+01,2.210378874759438986e+03,6.096251126988765812e+00,4.419585891741426309e+01,8.097664037512764423e+01,3.120074522908120151e+00
2.154478512438809737e-02,3.475058426898962693e+01,2.210378874759438986e+03,6.096251126988765812e+00,4.419585891741426309e+01,8.097664037512764423e+01,3.120074522908120151e+00
2.154478512438809737e-02,3.475058426898962693e+01,2.210378874759438986e+03,6.096251126988765812e+00,4.419585891741426309e+01,8.097664037512764423e+01,3.120074522908120151e+00
2.154478512438809737e-02,3.475058426898962693e+01,2.210378874759438986e+03,6.096251126988765812e+00,4.419585891741426309e+01,8.097664037512764423e+01,3.120074522908120151e+00
2.154478512438809737e-02,3.475058426898962693e+01,2.210378874759438986e+03,6.096251126988765812e+00,4.419585891741426309e+01,8.097664037512764423e+01,3.120074522908120151e+00
2.154478512438809737e-02,3.475058426898962693e+01,2.210378874759438986e+03,6.096251126988765812e+00,4.419585891741426309e+01,8.097664037512764423e+01,3.120074522908120151e+00
2.154478512438809737e-02,3.475058426898962693e+01,2.210378874759438986e+03,6.096251126988765812e+00,4.419585891741426309e+01,8.097664037512764423e+01,3.120074522908120151e+00
2.154478512438809737e-02,3.475058426898962693e+01,2.210378874759438986e+03,6.096251126988765812e+00,4.419585891741426309e+01,8.097664037512764423e+01,3.120074522908120151e+00
2.154478512438809737e-02,3.475058426898962693e+01,2.210378874759438986e+03,6.096251126988765812e+00,4.419585891741426309e+01,8.097664037512764423e+01,3.120074522908120151e+00
2.154478512438809737e-02,3.475058426898962693e+01,2.210378874759438986e+03,6.096251126988765812e+00,4.419585891741426309e+01,8.097664037512764423e+01,3.120074522908120151e+00
2.154478512438809737e-02,3.475058426898962693e+01,2.210378874759438986e+03,6.096251126988765812e+00,4.419585891741426309e+01,8.097664037512764423e+01,3.120074522908120151e+00
2.154478512438809737e-02,3.475058426898962693e+01,2.210378874759438986e+03,6.096251126988765812e+00,4.419585891741426309e+01,8.097664037512764423e+01,3.120074522908120151e+00
2.154478512438809737e-02,3.475058426898962693e+01,2.210378874759438986e+03,6.096251126988765812e+00,4.419585891741426309e+01,8.097664037512764423e+01,3.120074522908120151e+00
2.154478512438809737e-02,3.475058426898962693e+01,2.210378874759438986e+03,6.096251126988765812e+00,4.419585891741426309e+01,8.097664037512764423e+01,3.120074522908120151e+00
2.154478512438809737e-02,3.475058426898962693e+01,2.210378874759438986e+03,6.096251126988765812e+00,4.419585891741426309e+01,8.097664037512764423e+01,3.120074522908120151e+00
2.154478512438809737e-02,3.475058426898962693e+01,2.210378874759438986e+03,6.096251126988765812e+00,4.419585891741426309e+01,8.097664037512764423e+01,3.120074522908120151e+00
2.154478512438809737e-02,3.475058426898962693e+01,2.210378874759438986e+03,6.096251126988765812e+00,4.419585891741426309e+01,8.097664037512764423e+01,3.120074522908120151e+00
2.154478512438809737e-02,3.475058426898962693e+01,2.210378874759438986e+03,6.096251126988765812e+00,4.419585891741426309e+01,8.097664037512764423e+01,3.120074522908120151e+00
2.154478512438809737e-02,3.475058426898962693e+01,2.210378874759438986e+03,6.096251126988765812e+00,4.419585891741426309e+01,8.097664037512764423e+01,3.120074522908120151e+00
2.154478512438809737e-02,3.475058426898962693e+01,2.210378874759438986e+03,6.096251126988765812e+00,4.419585891741426309e+01,8.097664037512764423e+01,3.120074522908120151e+00
2.154478512438809737e-02,3.475058426898962693e+01,2.210378874759438986e+03,6.096251126988765812e+00,4.419585891741426309e+01,8.097664037512764423e+01,3.120074522908120151e+00
2.154478512438809737e-02,3.475058426898962693e+01,2.210378874759438986e+03,6.096251126988765812e+00,4.419585891741426309e+01,8.097664037512764423e+01,3.120074522908120151e+00
2.154478512438809737e-02,3.475058426898962693e+01,2.210378874759438986e+03,6.096251126988765812e+00,4.419585891741426309e+01,8.097664037512764423e+01,3.120074522908120151e+00
2.154478512438809737e-02,3.475058426898962693e+01,2.210378874759438986e+03,6.096251126988765812e+00,4.419585891741426309e+01,8.097664037512764423e+01,3.120074522908120151e+00
2.154478512438809737e-02,3.475058426898962693e+01,2.210378874759438986e+03,6.096251126988765812e+00,4.419585891741426309e+01,8.097664037512764423e+01,3.120074522908120151e+00
2.154478512438809737e-02,3.475058426898962693e+01,2.210378874759438986e+03,6.096251126988765812e+00,4.419585891741426309e+01,8.097664037512764423e+01,3.120074522908120151e+00
2.154478512438809737e-02,3.475058426898962693e+01,2.210378874759438986e+03,6.096251126988765812e+00,4.419585891741426309e+01,8.097664037512764423e+01,3.120074522908120151e+00
2.154478512438809737e-02,3.475058426898962693e+01,2.210378874759438986e+03,6.096251126988765812e+00,4.419585891741426309e+01,8.097664037512764423e+01,3.120074522908120151e+00
2.154478512438809737e-02,3.475058426898962693e+01,2.210378874759438986e+03,6.096251126988765812e+00,4.419585891741426309e+01,8.097664037512764423e+01,3.120074522908120151e+00
2.154478512438809737e-02,3.475058426898962693e+01,2.210378874759438986e+03,6.096251126988765812e+00,4.419585891741426309e+01,8.097664037512764423e+01,3.120074522908120151e+00
2.154478512438809737e-02,3.475058426898962693e+01,2.210378874759438986e+03,6.096251126988765812e+00,4.419585891741426309e+01,8.097664037512764423e+01,3.120074522908120151e+00
2.154478512438809737e-02,3.475058426898962693e+01,2.210378874759438986e+03,6.096251126988765812e+00,4.419585891741426309e+01,8.097664037512764423e+01,3.120074522908120151e+00
