# tendency to change, top row gives equation number (where number 0 is the first equation), penultimate column is gas-particle partitioning and final column is gas-wall partitioning (molecules/cc.s (air))
4.800000000000000000e+01,4.900000000000000000e+01,5.000000000000000000e+01,5.100000000000000000e+01,5.200000000000000000e+01,5.300000000000000000e+01,5.400000000000000000e+01,0.000000000000000000e+00,0.000000000000000000e+00
0.000000000000000000e+00,0.000000000000000000e+00,0.000000000000000000e+00,0.000000000000000000e+00,0.000000000000000000e+00,0.000000000000000000e+00,0.000000000000000000e+00,-3.286982199320087051e+10,-9.012513577296863794e+08
-2.591834055539278779e+03,-1.395602952982688294e+03,-4.556838626465771813e+05,-3.037892417643848457e+05,-2.452974029017103463e+07,-1.513810895529785939e+07,-3.216312100983964279e+06,6.563439250821649283e+07,1.491745481378906174e+06
-5.190445345540750168e+03,-2.794855186060403412e+03,-6.409351730413950281e+05,-4.272901153609300964e+05,-3.074011496703036502e+07,-1.897073528559741378e+07,-4.030609479942792561e+06,-6.962808970674328506e+07,1.899763672157592839e+06
-9.821387738958865157e+03,-5.288439551747079349e+03,-8.731999266593217617e+05,-5.821332844395479187e+05,-3.637461418977949768e+07,-2.244796994579049572e+07,-4.769398713694863953e+06,-7.749088003728702664e+07,2.265034938789917156e+06
-1.755383765169808248e+04,-9.452066427837427909e+03,-1.153696060631925706e+06,-7.691307070879505482e+05,-4.141299281648673862e+07,-2.555731899339129403e+07,-5.430025281882002950e+06,-7.011804841403205693e+07,2.596644486392700113e+06
-2.980447688752270551e+04,-1.604856447789683807e+04,-1.482088354019225109e+06,-9.880589026794836391e+05,-4.582550472119914740e+07,-2.828042511640437320e+07,-6.008588905751636252e+06,-6.245536226410013437e+07,2.892837236428222619e+06
-4.842420274844702362e+04,-2.607457071070223537e+04,-1.857934227452654857e+06,-1.238622818301770138e+06,-4.957933039912906289e+07,-3.059703431974224001e+07,-6.500786328557132743e+06,-5.534262323669157177e+07,3.151670659974609502e+06
-7.576685437073488720e+04,-4.079753696885723912e+04,-2.280144741542814765e+06,-1.520096494361876743e+06,-5.264214452841523290e+07,-3.248719758484366909e+07,-6.902379090264234692e+06,-4.884849019299524277e+07,3.371199947995971888e+06
-1.147129207815875270e+05,-6.176849580547019286e+04,-2.746228953893418424e+06,-1.830819302595612593e+06,-5.498708028566616774e+07,-3.393433451195832342e+07,-7.209844443050634116e+06,-4.298739988259267807e+07,3.549734586561767850e+06
-1.685698853241809702e+05,-9.076839978994357807e+04,-3.251122094650539570e+06,-2.167414729767026845e+06,-5.659957841339639574e+07,-3.492946010477085412e+07,-7.421273393364911899e+06,-3.775954573658738285e+07,3.686182812781738583e+06
-2.407838663318063773e+05,-1.296528511017418787e+05,-3.786021274817360565e+06,-2.524014183211574331e+06,-5.748283763634155691e+07,-3.547454840144855529e+07,-7.537085354415413924e+06,-3.314547547083475441e+07,3.780316116803344805e+06
-3.322797607944822521e+05,-1.789198711970288714e+05,-4.331773269969378598e+06,-2.887848846646253020e+06,-5.548939660468120873e+07,-3.424433042211969942e+07,-7.275707596767640673e+06,-2.934685571402731910e+07,3.710178659252807498e+06
-4.411934250799875008e+05,-2.375656904276855348e+05,-4.855692060405022465e+06,-3.237128040270015597e+06,-5.342351844337924570e+07,-3.296940910928824544e+07,-7.004831963729796000e+06,-2.624135491538768262e+07,3.619709492012329400e+06
-5.659675660367100500e+05,-3.047517663274591905e+05,-5.340275588549160399e+06,-3.560183725699441042e+06,-5.129346913006366789e+07,-3.165488566942740604e+07,-6.725542281039816327e+06,-2.346798349427992851e+07,3.524032027065368835e+06
-7.036112552112322301e+05,-3.788675989598942106e+05,-5.770248900491658598e+06,-3.846832600327773020e+06,-4.909296730884754658e+07,-3.029688367136920616e+07,-6.437014944341897964e+06,-2.099986333811590448e+07,3.421609510958191007e+06
-8.497603255869207205e+05,-4.575632522391110542e+05,-6.131721133884018287e+06,-4.087814089256012812e+06,-4.682242932278905809e+07,-2.889566005409884453e+07,-6.139304544071991928e+06,-1.879594682206746191e+07,3.311372358372680843e+06
-9.990579943240963621e+05,-5.379543046360517619e+05,-6.413598107824984938e+06,-4.275732071883323602e+06,-4.448786947086334974e+07,-2.745492643918665126e+07,-5.833199668382432312e+06,-1.682125656537409127e+07,3.192699342888061423e+06
-1.145695926585331326e+06,-6.169131912382552400e+05,-6.608644160715281963e+06,-4.405762773810188286e+06,-4.210049386685437709e+07,-2.598159848776153103e+07,-5.520169650374262594e+06,-1.504718069499742240e+07,3.065488332013671752e+06
-1.283982299864752451e+06,-6.913750845425588777e+05,-6.713990118123127148e+06,-4.475993412082085386e+06,-3.967624156126880646e+07,-2.448551271176204830e+07,-5.202304400516014546e+06,-1.344784593585823663e+07,2.930191905152893160e+06
-1.408840575438063825e+06,-7.586064636974188033e+05,-6.731027329109014943e+06,-4.487351552739343606e+06,-3.723453453792175651e+07,-2.297865505574541911e+07,-4.882150507594635710e+06,-1.200275627054451592e+07,2.787771053633545060e+06
