# tendency to change, top row gives equation number (where number 0 is the first equation), penultimate column is gas-particle partitioning and final column is gas-wall partitioning (molecules/cc.s (air))
2.400000000000000000e+01,3.100000000000000000e+01,3.500000000000000000e+01,4.500000000000000000e+01,1.530000000000000000e+02,1.600000000000000000e+02,2.060000000000000000e+02,3.650000000000000000e+02,3.770000000000000000e+02,4.100000000000000000e+02,4.270000000000000000e+02,5.510000000000000000e+02,6.030000000000000000e+02,6.060000000000000000e+02,7.600000000000000000e+02,7.690000000000000000e+02,7.720000000000000000e+02,7.870000000000000000e+02,8.350000000000000000e+02,8.370000000000000000e+02,8.750000000000000000e+02,0.000000000000000000e+00,0.000000000000000000e+00
0.000000000000000000e+00,0.000000000000000000e+00,0.000000000000000000e+00,0.000000000000000000e+00,0.000000000000000000e+00,0.000000000000000000e+00,0.000000000000000000e+00,0.000000000000000000e+00,0.000000000000000000e+00,0.000000000000000000e+00,0.000000000000000000e+00,0.000000000000000000e+00,0.000000000000000000e+00,0.000000000000000000e+00,0.000000000000000000e+00,0.000000000000000000e+00,0.000000000000000000e+00,0.000000000000000000e+00,0.000000000000000000e+00,0.000000000000000000e+00,0.000000000000000000e+00,0.000000000000000000e+00,0.000000000000000000e+00
5.757084148141412297e+05,-2.316697847545160016e+01,-9.187997742278938631e+02,-1.953733152527262762e+00,9.045286735834311490e-05,1.172558312535437047e-01,5.666110167098007015e-08,2.279107386373061975e-07,3.516990956338203293e-04,2.644667306613458107e-04,8.035828075559613159e-05,3.167967975485094390e-08,9.973304510234281240e-11,1.435094057525025093e-09,3.442279661915576659e-12,4.851768338629700787e-04,1.137203235850522925e-10,7.082847279997546873e-12,1.319602470224109816e-10,0.000000000000000000e+00,8.764250922183620550e-05,3.791539924633010378e+04,-4.786426636576652377e-02
1.017467029555801186e+06,-8.395242502320084554e+01,-2.603714351963023546e+03,-5.536530582428566660e+00,5.518677146574673667e-04,4.944900336582745415e-01,9.429560796581445325e-07,4.945100292838642335e-06,1.670555287670338505e-03,2.035462677598563232e-03,7.362115918588925867e-04,3.648402179778464620e-07,3.442315270087300209e-09,4.817461320677150104e-08,1.656959772566672468e-10,3.611615617694300534e-03,3.867559748966583154e-09,4.173495432220311089e-10,4.816974397718800810e-09,1.108671051614463009e-11,4.109877424586233096e-04,-1.162514117350550077e+05,-8.450664627552031960e-02
1.652164363016242161e+06,-2.128791696079587155e+02,-5.440919229587467271e+03,-1.156955473568879889e+01,2.225219986686708968e-03,1.478849210263850855e+00,6.948956734900008770e-06,3.983073318043599682e-05,5.386180821714538387e-03,9.182148902527411533e-03,3.478202601427537229e-03,2.008295821147615699e-06,3.781769704479842868e-08,5.772383151373824193e-07,2.171240273886873933e-09,1.612755261879553897e-02,4.341641561573913933e-08,6.750397794966208406e-09,6.020006945317785540e-08,9.481631957883085536e-11,1.302294522784020131e-03,-2.771025987750921049e+05,-1.371144649982452557e-01
2.507331110715139192e+06,-4.533191456641940817e+02,-9.875147199712342626e+03,-2.099848412172045187e+01,7.274959168792375155e-03,3.722385483879836254e+00,3.535784031080289533e-05,2.039498013840361523e-04,1.463848975154377445e-02,3.176566981916272708e-02,1.207649329689872153e-02,8.142242646677777613e-06,2.495401581369630973e-07,4.439388831222971303e-06,1.774084136029561076e-08,5.556214835518564349e-02,3.000426378051848235e-07,6.104940399292557024e-08,4.692780368195442400e-07,5.243976210315890548e-10,3.462892458279446910e-03,-4.687323227220691624e+05,-2.079397079944610705e-01
3.602628529990518931e+06,-8.627586622493436153e+02,-1.640089983032195960e+04,-3.487482542832124466e+01,2.063987333696697124e-02,8.358235218367974895e+00,1.432560109653286599e-04,7.920095058702724148e-04,3.565947317322349513e-02,9.247630311189765362e-02,3.464595446238722537e-02,2.762784067568503223e-05,1.209881787478388276e-06,2.597702792995404332e-05,1.082485650247157885e-07,1.612202321184847409e-01,1.548660630736851333e-06,3.875859748924591643e-07,2.737398895312418523e-06,2.287659595900896356e-09,8.215348904637294683e-03,-7.177200608074564952e+05,-2.985737376213074001e-01
4.947316589521195740e+06,-1.512944251396531854e+03,-2.554368911528894387e+04,-5.431602582219562692e+01,5.265352258654131673e-02,1.725702963064536632e+01,4.953714085502391963e-04,2.538646847898934963e-03,8.014250520671813149e-02,2.376997599482422174e-01,8.696852482488431901e-02,8.298075138001989798e-05,4.744471465782190239e-06,1.248239693463005281e-04,5.356094582755560262e-07,4.125640293543733628e-01,6.533351147606982029e-06,1.924858083518572284e-06,1.300210167487700217e-05,8.489703762595453661e-09,1.789653807314002185e-02,-1.030300086292241118e+06,-4.097380294799805034e-01
6.537337509412019514e+06,-2.488338613120246009e+03,-3.783295686318315711e+04,-8.044788881652597468e+01,1.234499895877743669e-01,3.337670187223100271e+01,1.521303770347994487e-03,7.047172376141006347e-03,1.690062846420336273e-01,5.553321779933534375e-01,1.974515099943295049e-01,2.271314773053984568e-04,1.589161840040591287e-05,5.140676049254205154e-04,2.252295501330874472e-06,9.576179482313172953e-01,2.368831028709810293e-05,7.946629335896753435e-06,5.272618244626945999e-05,2.790662390562341591e-08,3.640524185132501533e-02,-1.407957969876296120e+06,-5.410437231063842667e-01
8.352654795767602511e+06,-3.882999365380853760e+03,-5.377495331205827097e+04,-1.143469034367818864e+02,2.698786045796460198e-01,6.120708012789590668e+01,4.254459531747612454e-03,1.746008495304282940e-02,3.380559993876774971e-01,1.201667731472941592e+00,4.139913227496335169e-01,5.760884181927056072e-04,4.706532346543476647e-05,1.866741305429837124e-03,8.302652069033542316e-06,2.053448827523773446e+00,7.618485249983842310e-05,2.834794138607015898e-05,1.882405179220070397e-04,8.330948988438403844e-08,6.989495042855284335e-02,-1.850093495076353429e+06,-6.907725906372070845e-01
1.035570013455314562e+07,-5.794568160870115207e+03,-7.380709276778537605e+04,-1.569431861835776658e+02,5.553237959493053655e-01,1.072577897859239329e+02,1.100456347308541652e-02,3.936714950090773601e-02,6.456960940986281594e-01,2.438201697857092398e+00,8.123669745625258232e-01,1.366686795757985967e-03,1.260161153786435774e-04,6.087801236578959871e-03,2.736878808266486431e-05,4.117019261109118311e+00,2.216664412631649253e-04,8.954104093686289685e-05,6.033200674839703063e-04,2.294241191834643040e-07,1.274934942971233109e-01,-2.354864612964967731e+06,-8.557520618438720916e-01
1.249275152598733082e+07,-8.317958969658882779e+03,-9.826893970715087198e+04,-2.089587859671621572e+02,1.082159318597883502e+00,1.804757875582058091e+02,2.659035954368959426e-02,8.184470425229203872e-02,1.182145766538468701e+00,4.676444069895694611e+00,1.504799827601294160e+00,3.048338604438545919e-03,3.096426609670160923e-04,1.806261626279843588e-02,8.180415122363416509e-05,7.779005294606863075e+00,5.912311485758652658e-04,2.546417403957529574e-04,1.759586542607154570e-03,5.887049581260299888e-07,2.217902792954040692e-01,-2.920263162421463523e+06,-1.031472993850708120e+00
1.409097769247241132e+07,-1.103507805701761936e+04,-1.267394014872622356e+05,-2.694982926233396370e+02,1.984114552616317972e+00,2.891337925987339190e+02,5.928543263691174459e-02,1.563466787542841796e-01,2.062129610129851631e+00,8.414817441865524827e+00,2.601598430162674447e+00,6.288872006614288149e-03,6.901385752661354797e-04,4.816670257496358937e-02,2.192127720764828938e-04,1.377629732663669415e+01,1.433621235419819213e-03,6.458865956568688024e-04,4.627396361677621646e-03,1.399243665394515106e-06,3.660771300071181122e-01,-3.551708710061237216e+06,-1.161975261688232397e+00
1.559612623364266753e+07,-1.419453446853876630e+04,-1.584873715390542347e+05,-3.370070832820580904e+02,3.411816488085152255e+00,4.396382304501624958e+02,1.212529881597303738e-01,2.744610922672500175e-01,3.407156891784101305e+00,1.417287026476702749e+01,4.184779960751724204e+00,1.194877337156419021e-02,1.390571416698860264e-03,1.149687589961557177e-01,5.241697976297921870e-04,2.282491951161673072e+01,3.150961047067372435e-03,1.457894215307409432e-03,1.096299404705410908e-02,3.030431102148295761e-06,5.710145794122345464e-01,-4.241123593532487750e+06,-1.284420066833496188e+00
1.699847912697606161e+07,-1.780942220665269633e+04,-1.932993995815302478e+05,-4.110312778901256365e+02,5.553088137232525590e+00,6.402646461923737888e+02,2.308262682831473678e-01,4.492435939822221336e-01,5.353356720585384032e+00,2.260185751586375957e+01,6.357831277810886306e+00,2.119812418814822838e-02,2.584513912050447840e-03,2.503719092288154702e-01,1.140893297312664100e-03,3.574163898469751643e+01,6.378439403425562558e-03,2.988494689289109257e-03,2.381633238607368946e-02,6.088999735122918087e-06,8.459331713159028432e-01,-4.954157449456266128e+06,-1.398015682220459022e+00
1.828559661258013546e+07,-2.188325228240084471e+04,-2.309320423863168689e+05,-4.910532194787743947e+02,8.615683531103114134e+00,8.983498969630585407e+02,4.133667578473849136e-01,6.934084595944586260e-01,8.030580900080559914e+00,3.439654806198101511e+01,9.214385544048768750e+00,3.539119643631833539e-02,4.494673668456156124e-03,5.045585834884093179e-01,2.294119553269980891e-03,5.330122993341061033e+01,1.203791231285004752e-02,5.649996502980383049e-03,4.803524780173770020e-02,1.148493921928937356e-05,1.195784812507932671e+00,-5.688794597036977299e+06,-1.501746994018554826e+00
1.944983906493207067e+07,-2.641306934943459419e+04,-2.711206937950231368e+05,-5.765102502867465546e+02,1.281356775231842171e+01,1.219366854881840482e+03,7.019101866049669569e-01,1.018100299770248629e+00,1.154281029023639249e+01,5.023857663749837599e+01,1.282614415084102788e+01,5.591387926029518091e-02,7.389754749649649762e-03,9.509443892218143457e-01,4.308603106600004257e-03,7.614502570272684068e+01,2.138367657914093389e-02,9.970020323633674991e-03,9.079328386591202504e-02,2.050092735221512328e-05,1.619616218823513698e+00,-6.440950409536318853e+06,-1.595000732421875123e+00
2.048800790057998896e+07,-3.138959546044203671e+04,-3.135897850514313322e+05,-6.668164017168296596e+02,1.835190596604885727e+01,1.606259180865046801e+03,1.137137342248521144e+00,1.431881543052436312e+00,1.594934169892377440e+01,7.073654929211278386e+01,1.723273511137071523e+01,8.398115985294979380e-02,1.157545276667367590e-02,1.690047867114447877e+00,7.622306595888967209e-03,1.047015861968584858e+02,3.602862250626407553e-02,1.657717933263778975e-02,1.620454391243324743e-01,3.484278705628721193e-05,2.110035345357221370e+00,-7.206720838456625119e+06,-1.677534683227539070e+00
2.140081929014552385e+07,-3.679800533936556894e+04,-3.580616742392153828e+05,-7.613812968102209879e+02,2.541316118429399040e+01,2.059104003088646095e+03,1.766585744833844007e+00,1.940093519763475660e+00,2.125103904767270890e+01,9.637196330064793415e+01,2.243513652343408893e+01,1.204264312159944866e-01,1.737999970373536873e-02,2.851409465707037239e+00,1.278962598876559088e-02,1.391335221124617192e+02,5.794738662727139805e-02,2.617294355567691480e-02,2.748363470921871832e-01,5.665840921436534743e-05,2.653781640594444990e+00,-7.982638302164102904e+06,-1.749432937622070305e+00
2.219229579635344446e+07,-4.261951326111648086e+04,-4.042648336273175664e+05,-8.596275597937888051e+02,3.414616229826327753e+01,2.575106031859599625e+03,2.643175488983976251e+00,2.544628602973844078e+00,2.738464982325086439e+01,1.274580729250889135e+02,2.839348340020397288e+01,1.655306544271248625e-01,2.513577369001617282e-02,4.593049905585749215e+00,2.047299016648211276e-02,1.793165909638007349e+02,8.945782753498364437e-02,3.949424354301001028e-02,4.454148937043829748e-01,8.851791385881267228e-05,3.233174398544662598e+00,-8.764128221551539376e+06,-1.811054557800293008e+00
2.286913200399949029e+07,-4.883313253777446516e+04,-4.519395496428346378e+05,-9.610029364857463179e+02,4.465944012311012301e+01,3.148902002277478914e+03,3.823214591260528206e+00,3.244095721942493071e+00,3.422663421284529761e+01,1.641169743997125750e+02,3.502964986956872906e+01,2.189307231988562585e-01,3.515921248212175443e-02,7.098282089159721586e+00,3.142291803332340761e-02,2.248526179073325011e+02,1.331839683881708425e-01,5.727238155107465534e-02,6.931318366824141819e-01,1.333539255249328794e-04,3.828106825079303110e+00,-9.546764699346464127e+06,-1.862979980468750130e+00
