# tendency to change, top row gives equation number (where number 0 is the first equation), penultimate column is gas-particle partitioning and final column is gas-wall partitioning (molecules/cc.s (air))
2.300000000000000000e+01,3.000000000000000000e+01,4.400000000000000000e+01,0.000000000000000000e+00,0.000000000000000000e+00
0.000000000000000000e+00,0.000000000000000000e+00,-1.203444839461095445e+07,-5.811907505103159904e+09,-3.755213990540360659e+07
7.016704657025742345e+06,-2.961029612702886807e+05,-1.680933783591865748e+07,1.705053219994280115e+07,-3.083234474182129148e+00
8.690975306587221101e+06,-4.787003613340538577e+05,-2.125104138938229159e+07,-2.331666740456965938e+07,-2.855734306335449446e+00
1.012736581787415035e+07,-6.930930955419638194e+05,-2.535636847926553339e+07,-3.172643941282087564e+07,-2.633377960205077972e+00
1.131030594376057945e+07,-9.342737255968468962e+05,-2.913198128064978123e+07,-3.396280753871472180e+07,-2.414837127685546925e+00
1.222492535398270935e+07,-1.197438496375821065e+06,-3.258276486469394714e+07,-3.501189268752209097e+07,-2.198958724975585977e+00
1.286089608045523055e+07,-1.477741763247419149e+06,-3.571211834347684681e+07,-3.536107743364427239e+07,-1.985057876586914016e+00
1.321551672502003424e+07,-1.770117049721572082e+06,-3.852291673843528330e+07,-3.518513169737748802e+07,-1.773095199584960868e+00
1.329706364220992848e+07,-2.069228836084648501e+06,-4.101829600579199195e+07,-3.462613013764986396e+07,-1.563878646850585863e+00
1.312795536600580998e+07,-2.369671430226640310e+06,-4.320375813667853922e+07,-3.381391081152123213e+07,-1.359129562377929812e+00
1.274554085459662788e+07,-2.666267275052600075e+06,-4.508785233833105862e+07,-3.285987568634781986e+07,-1.161468322753906213e+00
1.175768420626699366e+07,-2.673131909277131781e+06,-4.394535760896716267e+07,-3.019504812277392298e+07,7.577640838623046493e-01
1.084018898773182742e+07,-2.679441281009741593e+06,-4.282270761293819547e+07,-2.809028463894233853e+07,7.424295349121093901e-01
1.000138442575221509e+07,-2.685779551302581560e+06,-4.172606291550817341e+07,-2.620858332210104167e+07,7.230342102050781872e-01
9.243958636045675725e+06,-2.691864453023531474e+06,-4.066135877198787034e+07,-2.454246969995585456e+07,6.998068084716797532e-01
8.567310956529630348e+06,-2.697540513122167904e+06,-3.963402161042303592e+07,-2.306543430938250944e+07,6.732001037597656889e-01
7.967819796677242965e+06,-2.702725270207121037e+06,-3.864866182288217545e+07,-2.175328046244876459e+07,6.438426055908202938e-01
7.439696695350494236e+06,-2.707407139966738410e+06,-3.770886842933322489e+07,-2.058530628671722114e+07,6.124564666748046893e-01
6.976020186225846410e+06,-2.711666108976812102e+06,-3.681714114877355099e+07,-1.954029726944489032e+07,5.797745666503906214e-01
6.569482865691243671e+06,-2.715673097368751187e+06,-3.597490242831792682e+07,-1.860070320198668540e+07,5.464831390380859855e-01
