# tendency to change, top row gives equation number (where number 0 is the first equation), penultimate column is gas-particle partitioning and final column is gas-wall partitioning (molecules/cc.s (air))
6.000000000000000000e+00,7.000000000000000000e+00,1.400000000000000000e+01,3.800000000000000000e+01,0.000000000000000000e+00,0.000000000000000000e+00
0.000000000000000000e+00,0.000000000000000000e+00,0.000000000000000000e+00,0.000000000000000000e+00,0.000000000000000000e+00,0.000000000000000000e+00
-6.419787071381767746e+05,-1.854150489352154545e+06,-2.246533769458130409e+05,2.721953186906666029e+06,2.832737692613653280e-06,-1.061261013964032229e-13
-9.218000993276761146e+05,-2.662325223950774875e+06,-3.225737921888487763e+05,3.906699114095913712e+06,-4.393996776409327762e-06,-1.369302353795842595e-13
-1.287847405830991920e+06,-3.719535977099755779e+06,-4.506680153910333174e+05,5.458051398444622755e+06,-6.991235488097494404e-06,-1.769880492163977767e-13
-1.753490834914871026e+06,-5.064398325803264044e+06,-6.136148047744961223e+05,7.431503965553150512e+06,-8.857692630986380527e-06,-2.223434058395978904e-13
-2.332795741960471496e+06,-6.737535557520694099e+06,-8.163361764844289282e+05,9.886667476035041735e+06,-1.084741328953508843e-05,-2.744798815318416896e-13
-3.043387188618417364e+06,-8.789852034532295540e+06,-1.064999826717901975e+06,1.289823904994849488e+07,-1.302374792747643594e-05,-3.349004198960337033e-13
-3.906216056740405038e+06,-1.128185768871860020e+07,-1.366937285762169631e+06,1.655501103137092106e+07,-1.539997976454958442e-05,-4.049127005911756762e-13
-4.944832479085569270e+06,-1.428156955817469768e+07,-1.730389663238505600e+06,2.095679170065451041e+07,-1.799550984944720667e-05,-4.852990995174444669e-13
-6.183456131521655247e+06,-1.785893844245642051e+07,-2.163832367960708681e+06,2.620622694209505990e+07,-2.083823874908828506e-05,-5.758735606431475313e-13
-7.644227062155840918e+06,-2.207790880043094978e+07,-2.675013065912182909e+06,3.239714892865217477e+07,-2.395923455739329262e-05,-6.749081501999931691e-13
-9.319823686147728935e+06,-2.691733457232447341e+07,-3.261369649119110778e+06,3.949852790773919225e+07,-2.750745819324984076e-05,-7.538628193914931985e-13
-1.116177759280935675e+07,-3.223723023152066395e+07,-3.905941131081155036e+06,4.730494895557136834e+07,-3.141484563671798606e-05,-8.209216917354211749e-13
-1.315252529613214545e+07,-3.798686925731807202e+07,-4.602581363283122890e+06,5.574197591693715751e+07,-3.540601767958740780e-05,-8.807324730630839340e-13
-1.527183273356498033e+07,-4.410781202148046345e+07,-5.344209658371192403e+06,6.472385441368268430e+07,-3.946247498025030399e-05,-9.304753911809626646e-13
-1.749334579059590027e+07,-5.052394308002898842e+07,-6.121603684209001251e+06,7.413889255518552661e+07,-4.353723647600978773e-05,-9.679182594313218760e-13
-1.978664535887423903e+07,-5.714740655237614363e+07,-6.924118608829692006e+06,8.385817052054870129e+07,-4.757812623206365165e-05,-9.918433574451768903e-13
-2.211973102931218967e+07,-6.388577947571974248e+07,-7.740556241478763521e+06,9.374606674713826180e+07,-5.153491227438671419e-05,-1.002123176108149583e-12
-2.446137790560968965e+07,-7.064887870829670131e+07,-8.559989773546248674e+06,1.036702463882940710e+08,-5.535354599703956938e-05,-9.994814004210540145e-13
-2.678291755268867314e+07,-7.735390463021634519e+07,-9.372387002337586135e+06,1.135092091858838201e+08,-5.898736573606801399e-05,-9.853765858824913644e-13
