# tendency to change, top row gives equation number (where number 0 is the first equation), penultimate column is gas-particle partitioning and final column is gas-wall partitioning (molecules/cc.s (air))
0.000000000000000000e+00,1.000000000000000000e+00,2.000000000000000000e+00,8.000000000000000000e+00,9.000000000000000000e+00,1.500000000000000000e+01,1.900000000000000000e+01,3.800000000000000000e+01,3.900000000000000000e+01,5.000000000000000000e+01,5.100000000000000000e+01,1.700000000000000000e+02,2.390000000000000000e+02,2.480000000000000000e+02,2.800000000000000000e+02,3.980000000000000000e+02,5.080000000000000000e+02,6.230000000000000000e+02,6.420000000000000000e+02,6.610000000000000000e+02,6.800000000000000000e+02,8.790000000000000000e+02,0.000000000000000000e+00,0.000000000000000000e+00
0.000000000000000000e+00,0.000000000000000000e+00,0.000000000000000000e+00,0.000000000000000000e+00,0.000000000000000000e+00,0.000000000000000000e+00,0.000000000000000000e+00,0.000000000000000000e+00,0.000000000000000000e+00,0.000000000000000000e+00,0.000000000000000000e+00,0.000000000000000000e+00,0.000000000000000000e+00,0.000000000000000000e+00,0.000000000000000000e+00,0.000000000000000000e+00,0.000000000000000000e+00,0.000000000000000000e+00,0.000000000000000000e+00,0.000000000000000000e+00,0.000000000000000000e+00,0.000000000000000000e+00,0.000000000000000000e+00,0.000000000000000000e+00
1.023122398347198814e+08,2.940894331454614922e+07,-1.164653604588174740e-01,-1.169442135920902193e+08,-1.804024337314689546e+04,-6.260030124986657256e+02,-1.009057624660241714e+02,-2.721953186906666029e+06,-5.858742692565801553e+05,-4.556838626465771813e+05,-3.037892417643848457e+05,1.750658964927106764e-01,1.236009040275282828e-01,3.089345514730082107e-02,5.465276236619833611e-02,9.549434188718478045e-02,3.827009546927708883e-04,3.747775094191195272e-08,7.681339446387641830e-03,6.438342524664221467e-04,3.849465672171983920e-04,3.049783475491252184e-10,3.178694709547640756e+06,-1.962586363805542060e+05
1.415296239198457003e+08,4.068170820921967924e+07,-2.312308883405345405e-01,-1.625743311441750526e+08,-3.578475753082655137e+04,-1.148939415625770152e+03,-1.897485392365389032e+02,-3.906699114095913712e+06,-8.408794463057585526e+05,-6.409351730413950281e+05,-4.272901153609300964e+05,6.163639667553003632e-01,2.319951901377628467e-01,5.797812521192050039e-02,2.011711867414419097e-01,1.768181401967395816e-01,2.926330960797081642e-03,3.602743993373777810e-07,3.313286949022736794e-02,2.083386468156144498e-03,2.878818190405498662e-03,8.464554774824791532e-09,-4.934992406070982106e+06,-2.490821181871433218e+05
1.895928529533474743e+08,5.449714984595562518e+07,-4.327609982005939937e-01,-2.181155530543660522e+08,-6.690177819113756414e+04,-1.947806297964676787e+03,-3.312517562724304412e+02,-5.458051398444622755e+06,-1.174793119150820654e+06,-8.731999266593217617e+05,-5.821332844395479187e+05,1.473288458121996714e+00,4.040030988468260587e-01,1.009505128049432154e-01,5.017569410826260290e-01,3.024690058702408924e-01,1.104555783977074525e-02,1.584515247522255072e-06,9.299623212634766656e-02,4.566097006632189453e-03,1.061493039834833681e-02,7.966168197006995857e-08,-7.862683835997289978e+06,-3.225501137118148617e+05
2.455600442666894197e+08,7.058453058815574646e+07,-7.631729132000575344e-01,-2.826857961595992446e+08,-1.178244979673797643e+05,-3.111604948800995317e+03,-5.478356596352475663e+02,-7.431503965553150512e+06,-1.599559822056970093e+06,-1.153696060631925706e+06,-7.691307070879505482e+05,2.948025064846518273e+00,6.661736545526993902e-01,1.664328192066908962e-01,1.048004947365213102e+00,4.877876170301688741e-01,3.047259167173600736e-02,5.104521076826592146e-06,2.145753104572385717e-01,8.588170231079529648e-03,2.853135976298351237e-02,4.755851368135724164e-07,-9.975112135005915537e+06,-4.056740196659011999e+05
3.083951229048876762e+08,8.864603788015747070e+07,-1.275105032523951021e+00,-3.547218132162401080e+08,-1.965420300977060688e+05,-4.743717696213599993e+03,-8.695158804938337198e+02,-9.886667476035041735e+06,-2.128010176944840699e+06,-1.482088354019225109e+06,-9.880589026794836391e+05,5.311526160704672428e+00,1.053675653983961347e+00,2.631920289672144975e-01,1.968838555586425620e+00,7.510246075774259511e-01,7.010810396037368830e-02,1.388945352597740533e-05,4.380072148871317350e-01,1.481103251891724253e-02,6.371998900972315749e-02,2.167909870065322804e-06,-1.223188981112086587e+07,-5.011644836131973425e+05
3.768690805501099229e+08,1.083284018100653440e+08,-2.032869316297997386e+00,-4.323901077201923132e+08,-3.127292455237313407e+05,-6.968141855770986695e+03,-1.337476606007272494e+03,-1.289823904994849488e+07,-2.776222021170408931e+06,-1.857934227452654857e+06,-1.238622818301770138e+06,8.924021459332045936e+00,1.614099193183408110e+00,4.030853763706406245e-01,3.440856702743487983e+00,1.114179979768391116e+00,1.431138169977927976e-01,3.392095837728693436e-05,8.195910891373388019e-01,2.407748733185779977e-02,1.257079722859683057e-01,8.187209663516133753e-06,-1.470498661917638034e+07,-6.118014890979004558e+05
4.495174611981715560e+08,1.292106746625006050e+08,-3.112179027290973732e+00,-5.135560312895671725e+08,-4.776379948806138709e+05,-9.931524632740643938e+03,-2.007795314255678022e+03,-1.655501103137092106e+07,-3.563307053624077700e+06,-2.280144741542814765e+06,-1.520096494361876743e+06,1.425601176667950298e+01,2.410898549950576175e+00,6.019145198826789667e-01,5.698171416605659623e+00,1.602740490707391885e+00,2.681731029781200260e-01,7.661578177878261759e-05,1.434803545460868301e+00,3.741488897067593578e-02,2.265050796641747410e-01,2.676435388897233236e-05,-1.741013278275393322e+07,-7.400300572367553832e+05
5.246295167163333297e+08,1.508011137589482367e+08,-4.597969106592802113e+00,-5.958084675344601870e+08,-7.036711254737892887e+05,-1.380255004096120319e+04,-2.955385825653413121e+03,-2.095679170065451041e+07,-4.510748047631404363e+06,-2.746228953893418424e+06,-1.830819302595612593e+06,2.190494142224659768e+01,3.526110659696594762e+00,8.800975256869635333e-01,9.039171189284308738e+00,2.244169212282680625e+00,4.707275255795014268e-01,1.626428339137039924e-04,2.380017291400132962e+00,5.600547327364594624e-02,3.802027053331645812e-01,7.787310784782793579e-05,-2.037004076843888313e+07,-8.873538012814178364e+05
6.002640614170186520e+08,1.725417387449446023e+08,-6.578628633265674708e+00,-6.765377220397874117e+08,-1.003387451631622273e+06,-1.876613042948906877e+04,-4.276845219084939345e+03,-2.620622694209505990e+07,-5.640638543501338921e+06,-3.251122094650539570e+06,-2.167414729767026845e+06,3.259798840527948727e+01,5.060056656179338752e+00,1.262588282561009301e+00,1.382485405495134323e+01,3.064236733404278823e+00,7.837102326562936927e-01,3.272577784722543385e-04,3.770775709742042903e+00,8.109264679839610357e-02,6.018363131626085494e-01,2.052195560594376189e-04,-2.361713434884446487e+07,-1.053556172817504965e+06
6.743527334605177641e+08,1.938380133636716902e+08,-9.136554423985183249e+00,-7.531438994502937794e+08,-1.387944400969626615e+06,-2.501235315530689331e+04,-6.090569571082213770e+03,-3.239714892865217477e+07,-6.973175014865354635e+06,-3.786021274817360565e+06,-2.524014183211574331e+06,4.716886910965738622e+01,7.125341867392521955e+00,1.777377135024239330e+00,2.046466515413157694e+01,4.081007671376041479e+00,1.247186801875616924e+00,6.268431838830652164e-04,5.735427042981248391e+00,1.138096384653296267e-01,9.054580822368338833e-01,4.959134584322002484e-04,-2.718754217393745109e+07,-1.235613704820739804e+06
7.429408380030370951e+08,2.135531880270515680e+08,-1.227223526291616373e+01,-8.234786584723594189e+08,-1.855521359726927476e+06,-3.136836795178562170e+04,-8.186002320817469808e+03,-3.949852790773919225e+07,-8.501678605632402003e+06,-4.331773269969378598e+06,-2.887848846646253020e+06,6.126691328115223456e+01,9.437492002918627776e+00,2.353389294916156782e+00,2.731751886384624584e+01,5.093785861008588434e+00,1.746199808141519982e+00,1.046733035464893604e-03,7.895653943742126479e+00,1.468682670680419022e-01,1.196647481610374264e+00,1.014170013228712398e-03,-3.125131083168327063e+07,-1.384315118335876381e+06
8.036308103833173513e+08,2.309980994118118882e+08,-1.589833661179332047e+01,-8.839553843168350458e+08,-2.391137262135016266e+06,-3.864384443324177118e+04,-1.077645396411924776e+04,-4.730494895557136834e+07,-1.018193572721260786e+07,-4.855692060405022465e+06,-3.237128040270015597e+06,7.796299573119873116e+01,1.220044259446997792e+01,3.041426930718363675e+00,3.559401392195539415e+01,6.197358305650721100e+00,2.348586085909108334e+00,1.661825138515407281e-03,1.052242664754931845e+01,1.850543016263390128e-01,1.517057008227886028e+00,1.917601712867222615e-03,-3.573228585130516440e+07,-1.508651372465271037e+06
8.563918305150027275e+08,2.461638884980147481e+08,-1.996380899241704654e+01,-9.341928945188645124e+08,-2.985250496213981882e+06,-4.684345722075962840e+04,-1.390952232812875263e+04,-5.574197591693715751e+07,-1.199792471242572367e+07,-5.340275588549160399e+06,-3.560183725699441042e+06,9.758093680636672218e+01,1.540155000076029523e+01,3.838326792421632216e+00,4.545459650235830651e+01,7.359149984504519182e+00,3.064399912954888450e+00,2.530360148444809991e-03,1.364867788976565066e+01,2.277795141684839098e-01,1.864687586809919306e+00,3.401963759877431413e-03,-4.031792204219433665e+07,-1.619833304767150898e+06
9.013529167955515385e+08,2.590876407286483049e+08,-2.439763735873613371e+01,-9.747833435392267704e+08,-3.625379835566852242e+06,-5.594216875548378448e+04,-1.760480072462845419e+04,-6.472385441368268430e+07,-1.393118775535571761e+07,-5.770248900491658598e+06,-3.846832600327773020e+06,1.202195615271176052e+02,1.897948394608076939e+01,4.728819699793142206e+00,5.697163985921963558e+01,8.535073634026648648e+00,3.897359829138504761e+00,3.705270253947145088e-03,1.728024688317816526e+01,2.739625917901531427e-01,2.234944280735696509e+00,5.717351680018843176e-03,-4.498706387480254471e+07,-1.712695328623840353e+06
9.388661986347862482e+08,2.698705732588602901e+08,-2.910974018319383916e+01,-1.006578905324297905e+09,-4.296487776483303867e+06,-6.587938783589871309e+04,-2.184791537119396889e+04,-7.413889255518552661e+07,-1.595768424975150824e+07,-6.131721133884018287e+06,-4.087814089256012812e+06,1.457945719147727175e+02,2.282454633653318155e+01,5.685611354574540144e+00,7.014460338066888312e+01,9.674832708821973881e+00,4.844614313208715828e+00,5.225899262355706600e-03,2.139953203664579107e+01,3.222297491888328480e-01,2.621689904406911520e+00,9.167357661034485072e-03,-4.968594573612622172e+07,-1.783038893612152198e+06
9.694512643468053341e+08,2.786620381437019110e+08,-3.399851089928602477e+01,-1.030562843321126461e+09,-4.982289781220817938e+06,-7.656256076318057603e+04,-2.658745389951329707e+04,-8.385817052054870129e+07,-1.804966544290712103e+07,-6.413598107824984938e+06,-4.275732071883323602e+06,1.740341283652188906e+02,2.678565784615596357e+01,6.671111535871436793e+00,8.489513357420916861e+01,1.072744818758967966e+01,5.895760740200325145e+00,7.108979196474190729e-03,2.596530779364937658e+01,3.710376167921856094e-01,3.017513828807470766e+00,1.410155188765306773e-02,-5.435463035521724075e+07,-1.828509776250671363e+06
9.937317222032892704e+08,2.856412872531544566e+08,-3.895926366025203436e+01,-1.047744163241811752e+09,-5.666627872158889659e+06,-8.787528598251123913e+04,-3.173790530443413809e+04,-9.374606674713826180e+07,-2.017794009660222009e+07,-6.608644160715281963e+06,-4.405762773810188286e+06,2.045004353017677090e+02,3.068609979729162163e+01,7.641330148965706393e+00,1.010728604709560443e+02,1.164701676847187528e+01,7.033099962334751432e+00,9.342217999140327647e-03,3.091581671388968999e+01,4.188304178948202838e-01,3.414285262477775085e+00,2.090271900482417941e-02,-5.893515768889432400e+07,-1.848779331089294516e+06
1.012374685940150023e+09,2.910000778009733558e+08,-4.389185531443438748e+01,-1.059089695765257835e+09,-6.334633895649061538e+06,-9.968823524658662791e+04,-3.718792838004026271e+04,-1.036702463882940710e+08,-2.231402440664900839e+07,-6.713990118123127148e+06,-4.475993412082085386e+06,2.366343127840974319e+02,3.434432868400621430e+01,8.551029508009619917e+00,1.184710703295074978e+02,1.239746010508775598e+01,8.233060865646322668e+00,1.188249087457347343e-02,3.617449636320615269e+01,4.641936363805069243e-01,3.803851372364503991e+00,2.997150013223623746e-02,-6.336498380024378002e+07,-1.845083898576232838e+06
1.026047857750687718e+09,2.949303361489065886e+08,-4.870653635606566922e+01,-1.065470552076919556e+09,-6.973554862167132087e+06,-1.118697299481924420e+05,-4.281212825742248970e+04,-1.135092091858838201e+08,-2.443176660993482545e+07,-6.731027329109014943e+06,-4.487351552739343606e+06,2.698156656680744732e+02,3.759515677034067238e+01,9.358972874420611987e+00,1.368495568092785959e+02,1.295538036179624619e+01,9.468552188614509646e+00,1.465934105274180332e-02,4.165730800545428991e+01,5.059803029048299816e-01,4.178729104892116908e+00,4.171050854176934497e-02,-6.758981468594217300e+07,-1.820086696109924465e+06
