# tendency to change, top row gives equation number (where number 0 is the first equation), penultimate column is gas-particle partitioning and final column is gas-wall partitioning (molecules/cc.s (air))
0.000000000000000000e+00,1.000000000000000000e+00,2.000000000000000000e+00,3.000000000000000000e+00,4.000000000000000000e+00,5.000000000000000000e+00,6.000000000000000000e+00,7.000000000000000000e+00,3.200000000000000000e+01,3.900000000000000000e+01,4.100000000000000000e+01,4.300000000000000000e+01,0.000000000000000000e+00,0.000000000000000000e+00
0.000000000000000000e+00,0.000000000000000000e+00,0.000000000000000000e+00,0.000000000000000000e+00,0.000000000000000000e+00,0.000000000000000000e+00,0.000000000000000000e+00,0.000000000000000000e+00,0.000000000000000000e+00,0.000000000000000000e+00,1.070919141305471659e+08,0.000000000000000000e+00,0.000000000000000000e+00,0.000000000000000000e+00
-1.023122398347198814e+08,-2.940894331454614922e+07,-1.164653604588174740e-01,-2.943758873153632521e+03,-1.054085472016733320e+03,-2.174668015976063487e+02,6.419787071381767746e+05,1.854150489352154545e+06,0.000000000000000000e+00,5.858742692565801553e+05,1.286433570693746060e+08,3.960491402136612749e+01,1.561757925669723601e+00,-5.077235073258634736e-08
-1.415296239198457003e+08,-4.068170820921967924e+07,-2.312308883405345405e-01,-3.944263491048078322e+03,-2.015217669487353760e+03,-4.157565517603870262e+02,9.218000993276761146e+05,2.662325223950774875e+06,0.000000000000000000e+00,8.408794463057585526e+05,1.777926238911232054e+08,8.093294821292136021e+01,-2.333838107592483446e+00,-6.482006210717372289e-08
-1.895928529533474743e+08,-5.449714984595562518e+07,-4.327609982005939937e-01,-5.073965740641287994e+03,-3.612505331530151579e+03,-7.452905870138882847e+02,1.287847405830991920e+06,3.719535977099755779e+06,0.000000000000000000e+00,1.174793119150820654e+06,2.379171038243538439e+08,1.570441153501515714e+02,-3.560507238303203259e+00,-7.720074381722952229e-08
-2.455600442666894197e+08,-7.058453058815574646e+07,-7.631729132000575344e-01,-6.255492845835466142e+03,-6.052058008291322039e+03,-1.248591061243087324e+03,1.753490834914871026e+06,5.064398325803264044e+06,0.000000000000000000e+00,1.599559822056970093e+06,3.077403962358167171e+08,2.892559236474393742e+02,-4.291164803801853722e+00,-8.817085836199112734e-08
-3.083951229048876762e+08,-8.864603788015747070e+07,-1.275105032523951021e+00,-7.410065121459238981e+03,-9.530144953866965807e+03,-1.966149991531347496e+03,2.332795741960471496e+06,6.737535557520694099e+06,0.000000000000000000e+00,2.128010176944840699e+06,3.858612213380620480e+08,5.086068635165120213e+02,-4.960864480489894035e+00,-9.747876720211934341e-08
-3.768690805501099229e+08,-1.083284018100653440e+08,-2.032869316297997386e+00,-8.460818741322938877e+03,-1.420414439165618023e+04,-2.930435844423640901e+03,3.043387188618417364e+06,8.789852034532295540e+06,0.000000000000000000e+00,2.776222021170408931e+06,4.706127617960977554e+08,8.599782063311668026e+02,-5.579170974069619149e+00,-1.048021513270214276e-07
-4.495174611981715560e+08,-1.292106746625006050e+08,-3.112179027290973732e+00,-9.338593705751036396e+03,-2.016055358913081363e+04,-4.159293742164223659e+03,3.906216056740405038e+06,1.128185768871860020e+07,0.000000000000000000e+00,3.563307053624077700e+06,5.600090127446545362e+08,1.407249797711977635e+03,-6.130711002238729890e+00,-1.097731028494308702e-07
-5.246295167163333297e+08,-1.508011137589482367e+08,-4.597969106592802113e+00,-9.988750160918885740e+03,-2.738319694215713389e+04,-5.649386519989655426e+03,4.944832479085569270e+06,1.428156955817469768e+07,0.000000000000000000e+00,4.510748047631404363e+06,6.517342704041405916e+08,2.239366993989473031e+03,-6.604891251434796828e+00,-1.120284232456469942e-07
-6.002640614170186520e+08,-1.725417387449446023e+08,-6.578628633265674708e+00,-1.037782676118300333e+04,-3.572670838459322113e+04,-7.370723921602949304e+03,6.183456131521655247e+06,1.785893844245642051e+07,0.000000000000000000e+00,5.640638543501338921e+06,7.431727763380401134e+08,3.475970559449316625e+03,-6.997975910724631099e+00,-1.112894442485412587e-07
-6.743527334605177641e+08,-1.938380133636716902e+08,-9.136554423985183249e+00,-1.049868360323076740e+04,-4.490956972126424080e+04,-9.265226348032811075e+03,7.644227062155840918e+06,2.207790880043094978e+07,0.000000000000000000e+00,6.973175014865354635e+06,8.315548510780135393e+08,5.270793552626285418e+03,-7.311842997278747092e+00,-1.074624760803999364e-07
-7.429408380030370951e+08,-2.135531880270515680e+08,-1.227223526291616373e+01,-1.037294857527268687e+04,-5.425325187115358858e+04,-1.119290747657873908e+04,9.319823686147728935e+06,2.691733457232447341e+07,0.000000000000000000e+00,8.501678605632402003e+06,9.118232727371255159e+08,7.750754159645009167e+03,-7.585729581209128547e+00,-9.565394066157750362e-08
-8.036308103833173513e+08,-2.309980994118118882e+08,-1.589833661179332047e+01,-1.005673256579358167e+04,-6.314529592207197857e+04,-1.302741182252948965e+04,1.116177759280935675e+07,3.223723023152066395e+07,0.000000000000000000e+00,1.018193572721260786e+07,9.811232188091822863e+08,1.099535746737217232e+04,-7.824534900452285058e+00,-8.394350334128831260e-08
-8.563918305150027275e+08,-2.461638884980147481e+08,-1.996380899241704654e+01,-9.611767814270766394e+03,-7.129473031162320694e+04,-1.470870947682171391e+04,1.315252529613214545e+07,3.798686925731807202e+07,0.000000000000000000e+00,1.199792471242572367e+07,1.039498924684651375e+09,1.511245822646690794e+04,-7.975186366665796278e+00,-7.224754153867252393e-08
-9.013529167955515385e+08,-2.590876407286483049e+08,-2.439763735873613371e+01,-9.091073121662393532e+03,-7.848208024435407424e+04,-1.619152092174497739e+04,1.527183273356498033e+07,4.410781202148046345e+07,0.000000000000000000e+00,1.393118775535571761e+07,1.087213326372031689e+09,2.018958924649956316e+04,-8.057279259072668509e+00,-6.091872273827902729e-08
-9.388661986347862482e+08,-2.698705732588602901e+08,-2.910974018319383916e+01,-8.536542151626577834e+03,-8.457805326004666858e+04,-1.744917202266721870e+04,1.749334579059590027e+07,5.052394308002898842e+07,0.000000000000000000e+00,1.595768424975150824e+07,1.124846109586599827e+09,2.628361092535435455e+04,-8.083362775049774740e+00,-5.025009522796608370e-08
-9.694512643468053341e+08,-2.786620381437019110e+08,-3.399851089928602477e+01,-7.978690763841639637e+03,-8.953566763855620229e+04,-1.847197005097707006e+04,1.978664535887423903e+07,5.714740655237614363e+07,0.000000000000000000e+00,1.804966544290712103e+07,1.153212190342431545e+09,3.341636610172843939e+04,-8.064204352763702843e+00,-4.044320667162537395e-08
-9.937317222032892704e+08,-2.856412872531544566e+08,-3.895926366025203436e+01,-7.437858358681412938e+03,-9.337428445733555418e+04,-1.926390936168741973e+04,2.211973102931218967e+07,6.388577947571974248e+07,0.000000000000000000e+00,2.017794009660222009e+07,1.173268099582862139e+09,4.157525639578067057e+04,-8.009238782597677186e+00,-3.160388405376579920e-08
-1.012374685940150023e+09,-2.910000778009733558e+08,-4.389185531443438748e+01,-6.926222588059532427e+03,-9.616015656754732481e+04,-1.983865848170765094e+04,2.446137790560968965e+07,7.064887870829670131e+07,0.000000000000000000e+00,2.231402440664900839e+07,1.186022734938768387e+09,5.071744301109121443e+04,-7.925126035169102856e+00,-2.376380507485009889e-08
-1.026047857750687718e+09,-2.949303361489065886e+08,-4.870653635606566922e+01,-6.449922942736317054e+03,-9.798897997176492936e+04,-2.021596031060121459e+04,2.678291755268867314e+07,7.735390463021634519e+07,0.000000000000000000e+00,2.443176660993482545e+07,1.192473532586120129e+09,6.077661039952182909e+04,-7.817522209721606608e+00,-1.689001510385423901e-08
