# the total concentration (ug/m3) of injected (through initial gas-phase concentration, instantaneous and/or continuous gas-phase influx) components, with component index (relative to all components) in the first row and its cumulative injected concentrations in following rows
1.000000000000000000e+00,2.000000000000000000e+01,7.000000000000000000e+00,1.000000000000000000e+01,2.900000000000000000e+01,2.000000000000000000e+00,3.000000000000000000e+00,1.200000000000000000e+01,5.600000000000000000e+01
0.000000000000000000e+00,2.038828357094070896e+02,0.000000000000000000e+00,1.864825860108366271e+02,1.333808527245032337e+03,4.145368697840541472e+01,3.825007399125279761e+00,2.931607457668090166e+00,0.000000000000000000e+00
0.000000000000000000e+00,2.038828357094070896e+02,0.000000000000000000e+00,1.864825860108366271e+02,1.333808527245032337e+03,4.145368697840541472e+01,3.825007399125279761e+00,2.931607457668090166e+00,0.000000000000000000e+00
0.000000000000000000e+00,2.038828357094070896e+02,0.000000000000000000e+00,1.864825860108366271e+02,1.333808527245032337e+03,4.145368697840541472e+01,3.825007399125279761e+00,2.931607457668090166e+00,0.000000000000000000e+00
0.000000000000000000e+00,2.038828357094070896e+02,0.000000000000000000e+00,1.864825860108366271e+02,1.333808527245032337e+03,4.145368697840541472e+01,3.825007399125279761e+00,2.931607457668090166e+00,0.000000000000000000e+00
0.000000000000000000e+00,2.038828357094070896e+02,0.000000000000000000e+00,1.864825860108366271e+02,1.333808527245032337e+03,4.145368697840541472e+01,3.825007399125279761e+00,2.931607457668090166e+00,0.000000000000000000e+00
0.000000000000000000e+00,2.038828357094070896e+02,0.000000000000000000e+00,1.864825860108366271e+02,1.333808527245032337e+03,4.145368697840541472e+01,3.825007399125279761e+00,2.931607457668090166e+00,0.000000000000000000e+00
0.000000000000000000e+00,2.038828357094070896e+02,0.000000000000000000e+00,1.864825860108366271e+02,1.333808527245032337e+03,4.145368697840541472e+01,3.825007399125279761e+00,2.931607457668090166e+00,0.000000000000000000e+00
0.000000000000000000e+00,2.038828357094070896e+02,0.000000000000000000e+00,1.864825860108366271e+02,1.333808527245032337e+03,4.145368697840541472e+01,3.825007399125279761e+00,2.931607457668090166e+00,0.000000000000000000e+00
0.000000000000000000e+00,2.038828357094070896e+02,0.000000000000000000e+00,1.864825860108366271e+02,1.333808527245032337e+03,4.145368697840541472e+01,3.825007399125279761e+00,2.931607457668090166e+00,0.000000000000000000e+00
0.000000000000000000e+00,2.038828357094070896e+02,0.000000000000000000e+00,1.864825860108366271e+02,1.333808527245032337e+03,4.145368697840541472e+01,3.825007399125279761e+00,2.931607457668090166e+00,0.000000000000000000e+00
0.000000000000000000e+00,2.038828357094070896e+02,0.000000000000000000e+00,1.864825860108366271e+02,1.333808527245032337e+03,4.145368697840541472e+01,3.825007399125279761e+00,3.635193247508431647e+00,0.000000000000000000e+00
0.000000000000000000e+00,2.038828357094070896e+02,0.000000000000000000e+00,1.864825860108366271e+02,1.333808527245032337e+03,4.145368697840541472e+01,3.825007399125279761e+00,4.338779037348773571e+00,0.000000000000000000e+00
0.000000000000000000e+00,2.038828357094070896e+02,0.000000000000000000e+00,1.864825860108366271e+02,1.333808527245032337e+03,4.145368697840541472e+01,3.825007399125279761e+00,5.042364827189115495e+00,0.000000000000000000e+00
0.000000000000000000e+00,2.038828357094070896e+02,0.000000000000000000e+00,1.864825860108366271e+02,1.333808527245032337e+03,4.145368697840541472e+01,3.825007399125279761e+00,5.745950617029457419e+00,0.000000000000000000e+00
0.000000000000000000e+00,2.038828357094070896e+02,0.000000000000000000e+00,1.864825860108366271e+02,1.333808527245032337e+03,4.145368697840541472e+01,3.825007399125279761e+00,6.449536406869799343e+00,0.000000000000000000e+00
0.000000000000000000e+00,2.038828357094070896e+02,0.000000000000000000e+00,1.864825860108366271e+02,1.333808527245032337e+03,4.145368697840541472e+01,3.825007399125279761e+00,7.153122196710141267e+00,0.000000000000000000e+00
0.000000000000000000e+00,2.038828357094070896e+02,0.000000000000000000e+00,1.864825860108366271e+02,1.333808527245032337e+03,4.145368697840541472e+01,3.825007399125279761e+00,7.856707986550483191e+00,0.000000000000000000e+00
0.000000000000000000e+00,2.038828357094070896e+02,0.000000000000000000e+00,1.864825860108366271e+02,1.333808527245032337e+03,4.145368697840541472e+01,3.825007399125279761e+00,8.560293776390825116e+00,0.000000000000000000e+00
0.000000000000000000e+00,2.038828357094070896e+02,0.000000000000000000e+00,1.864825860108366271e+02,1.333808527245032337e+03,4.145368697840541472e+01,3.825007399125279761e+00,9.263879566231166152e+00,0.000000000000000000e+00
0.000000000000000000e+00,2.038828357094070896e+02,0.000000000000000000e+00,1.864825860108366271e+02,1.333808527245032337e+03,4.145368697840541472e+01,3.825007399125279761e+00,9.967465356071507188e+00,0.000000000000000000e+00
0.000000000000000000e+00,2.038828357094070896e+02,0.000000000000000000e+00,1.864825860108366271e+02,1.333808527245032337e+03,4.145368697840541472e+01,3.825007399125279761e+00,1.067105114591184822e+01,0.000000000000000000e+00
