# tendency to change, top row gives equation number (where number 0 is the first equation), penultimate column is gas-particle partitioning and final column is gas-wall partitioning (molecules/cc.s (air))
4.800000000000000000e+01,4.900000000000000000e+01,5.000000000000000000e+01,5.100000000000000000e+01,5.200000000000000000e+01,5.300000000000000000e+01,5.400000000000000000e+01,0.000000000000000000e+00,0.000000000000000000e+00
0.000000000000000000e+00,0.000000000000000000e+00,0.000000000000000000e+00,0.000000000000000000e+00,0.000000000000000000e+00,0.000000000000000000e+00,0.000000000000000000e+00,-3.286982199320087051e+10,-9.012513577296863794e+08
-1.547287825727177506e+03,-8.331549830838647495e+02,-3.678473813599214191e+05,-2.452315875732809654e+05,-2.448882679243258759e+07,-1.511285989113409817e+07,-3.210947568937839009e+06,6.557523514072196186e+07,1.474223190289062448e+06
-2.320732913719308272e+03,-1.249625415079627373e+03,-4.405786273264875636e+05,-2.937190848843251006e+05,-3.152669858044111729e+07,-1.945616188618132100e+07,-4.133745443239657208e+06,-6.983799081927323341e+07,1.930532252789306687e+06
-4.092286812416006342e+03,-2.203539052839387296e+03,-5.726745269369757734e+05,-3.817830179579838878e+05,-3.862843146539000422e+07,-2.383887466308159381e+07,-5.064916713119318709e+06,-7.761246545161448419e+07,2.376257041709838901e+06
-7.727842302403370923e+03,-4.161145855140275671e+03,-7.715248378546412569e+05,-5.143498919030942488e+05,-4.585324849347259849e+07,-2.829754671013256907e+07,-6.012226638130148873e+06,-6.986441840039551258e+07,2.833238321628173813e+06
-1.480495315481171565e+04,-7.971897852590922412e+03,-1.045787380569184315e+06,-6.971915870461229933e+05,-5.325305830680325627e+07,-3.286421255647124723e+07,-6.982481421346581541e+06,-6.150594175981338322e+07,3.305292513125488535e+06
-1.658030819712550874e+04,-8.927858259990656734e+03,-1.113539321846370352e+06,-7.423595478975803126e+05,-5.783824558126019686e+07,-3.569388232549799234e+07,-7.583686046493906528e+06,-5.372814997537630051e+07,3.617110395384033211e+06
-1.965070356818040818e+04,-1.058114807517406371e+04,-1.168197518223917112e+06,-7.787983454826114466e+05,-6.149171793231583387e+07,-3.794856019249561429e+07,-8.062725253363090567e+06,-4.712959130512508750e+07,3.846457518823852763e+06
-2.549785018555929855e+04,-1.372961163837808090e+04,-1.279829145627473015e+06,-8.532194304183154600e+05,-6.508989827904544026e+07,-4.016911554633399099e+07,-8.534514634490223601e+06,-4.093926462889640778e+07,4.075712583544555586e+06
-3.556057900249594968e+04,-1.914800407826704395e+04,-1.450932689983435906e+06,-9.672884599889575038e+05,-6.857930148659531772e+07,-4.232254095239187032e+07,-8.992041278836797923e+06,-3.514864011381170154e+07,4.302403793777709827e+06
-5.225497046321923699e+04,-2.813729178788727586e+04,-1.683879287660582690e+06,-1.122586191773721948e+06,-7.186140951291774213e+07,-4.434803768891602010e+07,-9.422387610959494486e+06,-2.979264025630417839e+07,4.520969379346679896e+06
-6.167331157622003957e+04,-3.320870623334924312e+04,-1.774811615662007360e+06,-1.183207743774671806e+06,-7.244466732761724293e+07,-4.470798525637917966e+07,-9.498863723026735708e+06,-2.509852349418677762e+07,4.585134677079224028e+06
-7.397961596163344802e+04,-3.983517782549492404e+04,-1.839184952471079770e+06,-1.226123301647386746e+06,-7.182382139280496538e+07,-4.432484082458069175e+07,-9.417459098706945777e+06,-2.146647910756047443e+07,4.554226859583068639e+06
-9.073209483685948362e+04,-4.885574337369356363e+04,-1.921548864682251588e+06,-1.281032576454834547e+06,-7.069046112791904807e+07,-4.362540695481718332e+07,-9.268854168870504946e+06,-1.829914081796112657e+07,4.493161703133117408e+06
-1.123582943203405594e+05,-6.050062001864490594e+04,-2.010742509349902160e+06,-1.340495006233268185e+06,-6.896871322626501322e+07,-4.256285973578942567e+07,-9.043100510436845943e+06,-1.554622481695325673e+07,4.396901972235473804e+06
-1.388207059231327148e+05,-7.474961088168683636e+04,-2.093302264231138630e+06,-1.395534842820759397e+06,-6.661330933300321549e+07,-4.110926257788485289e+07,-8.734262587369302288e+06,-1.318723259566040710e+07,4.261610704412414692e+06
-1.693260733507093973e+05,-9.117557795807428192e+04,-2.155155680756979156e+06,-1.436770453837986104e+06,-6.362500783529929072e+07,-3.926508350674939156e+07,-8.342439838544487022e+06,-1.117769414823997580e+07,4.086194820287719835e+06
-2.020666170422365540e+05,-1.088051014842812001e+05,-2.182957539832185954e+06,-1.455305026554791024e+06,-6.004545325492189080e+07,-3.705602272550249845e+07,-7.873092647061436437e+06,-9.465533795963853598e+06,3.872111858327484224e+06
-2.341975617518509389e+05,-1.261063794048427808e+05,-2.166038299135427456e+06,-1.444025532756951638e+06,-5.594828683699909598e+07,-3.452752666688930988e+07,-7.335876770585546270e+06,-7.997811972349483520e+06,3.622942809144684114e+06
-2.621714736431153724e+05,-1.411692550386005605e+05,-2.098395375371132512e+06,-1.398930250247421907e+06,-5.143028038881438226e+07,-3.173931639379629120e+07,-6.743480820211675949e+06,-6.728138930760995485e+06,3.343969484028320294e+06
-2.824128154492453323e+05,-1.520684390880551364e+05,-1.979989437657448929e+06,-1.319992958438299596e+06,-4.660336118521142006e+07,-2.876046590625810251e+07,-6.110580574984014966e+06,-5.621536554012747481e+06,3.041783689224883914e+06
-3.314464431203406421e+05,-1.784711616801834025e+05,-1.985200815305514960e+06,-1.323467210203676950e+06,-4.241752811114500463e+07,-2.617725073991990834e+07,-5.561738825762019493e+06,-4.556919871708503924e+06,2.784584457756393589e+06
-3.654323919509766274e+05,-1.967712879736027680e+05,-1.864722281787583837e+06,-1.243148187858389458e+06,-3.751865885186962783e+07,-2.315399750823423266e+07,-4.919404569738150574e+06,-3.713701677871223539e+06,2.478410845690567046e+06
-3.775790362057422753e+05,-2.033117887261688884e+05,-1.675976864980463637e+06,-1.117317909986976068e+06,-3.256410753144897521e+07,-2.009638104650610313e+07,-4.269769344158519991e+06,-2.981713655889889691e+06,2.162332540133239701e+06
-3.675948596837444347e+05,-1.979356936758623342e+05,-1.444807529890471371e+06,-9.632050199269810691e+05,-2.767947620916206017e+07,-1.708191451369616762e+07,-3.629301950502017979e+06,-2.339433852884076070e+06,1.845965026249656687e+06
-3.386612640353029710e+05,-1.823560652497784758e+05,-1.196152504747830098e+06,-7.974350031652202597e+05,-2.299072284999498352e+07,-1.418833070987452939e+07,-3.014517856205636170e+06,-1.792101874546758132e+06,1.538690475157234119e+06
-2.962860739273747313e+05,-1.595386551916632743e+05,-9.518589167967948597e+05,-6.345726111978633562e+05,-1.862571906559818238e+07,-1.149454340936391428e+07,-2.442183443915845361e+06,-1.338224659685743740e+06,1.250083106263519265e+06
-2.468362433824750769e+05,-1.329118233597942453e+05,-7.282705987288653851e+05,-4.855137324859103537e+05,-1.468812764719553478e+07,-9.064526327727315947e+06,-1.925890862831582315e+06,-9.714225366836641915e+05,9.880440868206024170e+05
-1.961543581793103658e+05,-1.056215774811670999e+05,-5.353335392413384980e+05,-3.568890261608923320e+05,-1.124428082367964834e+07,-6.939215263564539142e+06,-1.474337520587366540e+06,-6.828401447939891368e+05,7.578114700929260580e+05
-1.489617963734607329e+05,-8.021019804724806454e+04,-3.778902043870992493e+05,-2.519268029247328814e+05,-8.338469243793567643e+06,-5.145943431921555661e+06,-1.093330757490415359e+06,-4.637390686289748410e+05,5.629208150115299504e+05
-1.081228756226653350e+05,-5.822000995066593896e+04,-2.556069897935411136e+05,-1.704046598623607715e+05,-5.968173850099533796e+06,-3.683156239659328479e+06,-7.825402775480158161e+05,-3.027528281422164291e+05,4.035913605426521390e+05
-7.507772878943431715e+04,-4.042646934815693385e+04,-1.654555943358523655e+05,-1.103037295572349249e+05,-4.112209453599059023e+06,-2.537779610350468662e+06,-5.391883024823941523e+05,-1.894880520097311237e+05,2.785941612258491805e+05
-4.984818101454405405e+04,-2.684132823860063945e+04,-1.022293441911343834e+05,-6.815289612742293684e+04,-2.717515410231531132e+06,-1.677068076593934558e+06,-3.563175800128756091e+05,-1.132059703332952922e+05,1.845149972928228381e+05
-3.155346300637129025e+04,-1.699032623419992160e+04,-5.999959096679797949e+04,-3.999972731119865784e+04,-1.712389728517141426e+06,-1.056771982808655594e+06,-2.245266252426321735e+05,-6.416482306877044903e+04,1.165842550993497425e+05
-1.902095287200002713e+04,-1.024205154646155097e+04,-3.336244527301514609e+04,-2.224163018201010345e+04,-1.025273236153861159e+06,-6.327298118222255725e+05,-1.344326795656286413e+05,-3.439837499578518327e+04,7.003898131730174646e+04
-1.088493652037027641e+04,-5.861119664814762473e+03,-1.749844654721886400e+04,-1.166563103147924267e+04,-5.802870006768080639e+05,-3.581141804876106326e+05,-7.608658225657448929e+04,-1.735621772370538383e+04,3.980275028737145476e+04
-5.887195793673056869e+03,-3.170028504285491636e+03,-8.612124697013630794e+03,-5.741416464675754469e+03,-3.086352570063677849e+05,-1.904689610546290933e+05,-4.046790957251325744e+04,-8.199697502273789723e+03,2.127509628111073471e+04
-2.990955531186037661e+03,-1.610514516792481572e+03,-3.951585468698439854e+03,-2.634390312465626721e+03,-1.531613972198456468e+05,-9.452093220035931154e+04,-2.008235103407067072e+04,-3.604889885729558955e+03,1.061898349552506261e+04
-1.420464086174101340e+03,-7.648652771706698559e+02,-1.682540992486382493e+03,-1.121693994990921738e+03,-7.054060400021135865e+04,-4.353292519593463658e+04,-9.249205069957783053e+03,-1.468393878936821238e+03,4.924357785134293408e+03
-6.266816620253808878e+02,-3.374439718598204081e+02,-6.610911561704256201e+02,-4.407274374469504892e+02,-2.996328726386212657e+04,-1.849132937787295668e+04,-3.928752700681222905e+03,-5.513529841824672530e+02,2.108202908595535973e+03
-2.551745283635645478e+02,-1.374016691188424204e+02,-2.384119126315491712e+02,-1.589412750876994949e+02,-1.166717775999075820e+04,-7.200198862371919859e+03,-1.529787293705081993e+03,-1.898895733999924289e+02,8.281948457195544506e+02
-9.539208300375908323e+01,-5.136496777125488222e+01,-7.862114131335276568e+01,-5.241409420890185089e+01,-4.146037632530832525e+03,-2.558656091404517610e+03,-5.436238154542176062e+02,-5.978349995786543047e+01,2.971712336440035074e+02
-3.254885051538173002e+01,-1.752630412366708157e+01,-2.361264492780139790e+01,-1.574176328520093548e+01,-1.338251375353546109e+03,-8.258789082164366846e+02,-1.754700229921607502e+02,-1.714164179615680084e+01,9.693762866982899595e+01
-1.010298665664711137e+01,-5.440069738194597271e+00,-6.449663463932012064e+00,-4.299775642621342264e+00,-3.915506094146020359e+02,-2.416387502156547953e+02,-5.133967780785865642e+01,-4.471301321752596536e+00,2.868373554733092945e+01
-2.842476761031074162e+00,-1.530564409785962754e+00,-1.599615130930400531e+00,-1.066410087286933761e+00,-1.036166499655693514e+02,-6.394524027595451798e+01,-1.358609920877220567e+01,-1.059573937371546926e+00,7.679588832788678765e+00
-7.287667763672082133e-01,-3.924128795823428328e-01,-3.628291364371337147e-01,-2.418860909580891894e-01,-2.496732823705182369e+01,-1.540815885957918674e+01,-3.273688142970081927e+00,-2.298331620772779416e-01,1.872445534010632517e+00
-1.695536040290853974e-01,-9.129809447719981763e-02,-7.507601627618840090e-02,-5.005067751745893856e-02,-5.462058437484816231e+00,-3.370815783972273216e+00,-7.161789909289532075e-01,-4.552835894316874243e-02,4.145132279879794601e-01
-3.587570223169570666e-02,-1.931768581706691523e-02,-1.422210208505966800e-02,-9.481401390039780400e-03,-1.088488747968976877e+00,-6.717421818759595764e-01,-1.427214267441840323e-01,-8.268194240993960442e-03,8.357067181053270954e-02
-6.901335178573234953e-03,-3.716103557693279259e-03,-2.468351632862625291e-03,-1.645567755241750339e-03,-1.977181466136493371e-01,-1.220183667038780145e-01,-2.592458216088059514e-02,-1.377797309692284670e-03,1.534924583104131657e-02
-1.219300195633573128e-03,-6.565462591873084822e-04,-3.967878841380716279e-04,-2.645252560920477881e-04,-3.309436896905285086e-02,-2.042362280782457351e-02,-4.339296630557628980e-03,-2.129853394097773640e-04,2.595463350170609633e-03
