# chamber environmental conditions throughout the simulation, with rows corresponding to the time points in the time output file, first column is temperature (K), second is pressure (Pa) and third is relative humidity (fraction (0-1))
2.931499999999999773e+02,1.013250000000000000e+05,6.000002033565665638e-01
2.931499999999999773e+02,1.013250000000000000e+05,5.968899584258190449e-01
2.931499999999999773e+02,1.013250000000000000e+05,5.968899592137074661e-01
2.931499999999999773e+02,1.013250000000000000e+05,5.968899590567470215e-01
2.931499999999999773e+02,1.013250000000000000e+05,5.968899590038749814e-01
2.931499999999999773e+02,1.013250000000000000e+05,5.968899589605245470e-01
2.931499999999999773e+02,1.013250000000000000e+05,5.968899589263423344e-01
2.931499999999999773e+02,1.013250000000000000e+05,5.968899588807481393e-01
2.931499999999999773e+02,1.013250000000000000e+05,5.968899588456914040e-01
2.931499999999999773e+02,1.013250000000000000e+05,5.968899588216034502e-01
2.931499999999999773e+02,1.013250000000000000e+05,5.968899588084141117e-01
2.931499999999999773e+02,1.013250000000000000e+05,5.968899588040950110e-01
2.931499999999999773e+02,1.013250000000000000e+05,5.968899593154876060e-01
2.931499999999999773e+02,1.013250000000000000e+05,5.968899598391163019e-01
2.931499999999999773e+02,1.013250000000000000e+05,5.968899603772376272e-01
2.931499999999999773e+02,1.013250000000000000e+05,5.968899609311307808e-01
2.931499999999999773e+02,1.013250000000000000e+05,5.968899615039270357e-01
2.931499999999999773e+02,1.013250000000000000e+05,5.968899621007254241e-01
2.931499999999999773e+02,1.013250000000000000e+05,5.968899627284889320e-01
2.931499999999999773e+02,1.013250000000000000e+05,5.968899633958860695e-01
2.931499999999999773e+02,1.013250000000000000e+05,5.968899634018760558e-01
2.931499999999999773e+02,1.013250000000000000e+05,5.968899634073846494e-01
2.931499999999999773e+02,1.013250000000000000e+05,5.968899634110669261e-01
2.931499999999999773e+02,1.013250000000000000e+05,5.968899634052359238e-01
2.931499999999999773e+02,1.013250000000000000e+05,5.968899633745979871e-01
2.931499999999999773e+02,1.013250000000000000e+05,5.968899633312647612e-01
2.931499999999999773e+02,1.013250000000000000e+05,5.968899632453437132e-01
2.931499999999999773e+02,1.013250000000000000e+05,5.968899630763719877e-01
2.931499999999999773e+02,1.013250000000000000e+05,5.968899628321753248e-01
2.931499999999999773e+02,1.013250000000000000e+05,5.968899625535696307e-01
2.931499999999999773e+02,1.013250000000000000e+05,5.968899621655289200e-01
2.931499999999999773e+02,1.013250000000000000e+05,5.968899619358837283e-01
2.931499999999999773e+02,1.013250000000000000e+05,5.968899617091060206e-01
2.931499999999999773e+02,1.013250000000000000e+05,5.968899614652912744e-01
2.931499999999999773e+02,1.013250000000000000e+05,5.968899613187783615e-01
2.931499999999999773e+02,1.013250000000000000e+05,5.968899613774424351e-01
2.931499999999999773e+02,1.013250000000000000e+05,5.968899615873346498e-01
2.931499999999999773e+02,1.013250000000000000e+05,5.968899617394313184e-01
2.931499999999999773e+02,1.013250000000000000e+05,5.968899617201820496e-01
2.931499999999999773e+02,1.013250000000000000e+05,5.968899615769865941e-01
2.931499999999999773e+02,1.013250000000000000e+05,5.968899613628702028e-01
2.931499999999999773e+02,1.013250000000000000e+05,5.968899611236440084e-01
2.931499999999999773e+02,1.013250000000000000e+05,5.968899608817950231e-01
2.931499999999999773e+02,1.013250000000000000e+05,5.968899606455302376e-01
2.931499999999999773e+02,1.013250000000000000e+05,5.968899604162200001e-01
2.931499999999999773e+02,1.013250000000000000e+05,5.968899601925620191e-01
2.931499999999999773e+02,1.013250000000000000e+05,5.968899599726170679e-01
2.931499999999999773e+02,1.013250000000000000e+05,5.968899597546504232e-01
2.931499999999999773e+02,1.013250000000000000e+05,5.968899595375070088e-01
2.931499999999999773e+02,1.013250000000000000e+05,5.968899593206182796e-01
2.931499999999999773e+02,1.013250000000000000e+05,5.968899591040355279e-01
