# tendency to change, top row gives equation number (where number 0 is the first equation), penultimate column is gas-particle partitioning and final column is gas-wall partitioning (molecules/cc.s (air))
2.400000000000000000e+01,3.100000000000000000e+01,3.500000000000000000e+01,4.500000000000000000e+01,1.530000000000000000e+02,1.600000000000000000e+02,2.060000000000000000e+02,3.650000000000000000e+02,3.770000000000000000e+02,4.100000000000000000e+02,4.270000000000000000e+02,5.510000000000000000e+02,6.030000000000000000e+02,6.060000000000000000e+02,7.600000000000000000e+02,7.690000000000000000e+02,7.720000000000000000e+02,7.870000000000000000e+02,8.350000000000000000e+02,8.370000000000000000e+02,8.750000000000000000e+02,0.000000000000000000e+00,0.000000000000000000e+00
0.000000000000000000e+00,0.000000000000000000e+00,0.000000000000000000e+00,0.000000000000000000e+00,0.000000000000000000e+00,0.000000000000000000e+00,0.000000000000000000e+00,0.000000000000000000e+00,0.000000000000000000e+00,0.000000000000000000e+00,0.000000000000000000e+00,0.000000000000000000e+00,0.000000000000000000e+00,0.000000000000000000e+00,0.000000000000000000e+00,0.000000000000000000e+00,0.000000000000000000e+00,0.000000000000000000e+00,0.000000000000000000e+00,0.000000000000000000e+00,0.000000000000000000e+00,0.000000000000000000e+00,0.000000000000000000e+00
4.285483065563890268e+05,-1.862717647059351123e+01,-7.403953289438422871e+02,-1.180313622292517373e+01,5.310680582602488845e-05,6.763223961895487024e-02,3.191655383604274801e-08,1.320965393837645195e-07,1.881654207794449364e-04,1.454033404585740427e-04,4.490976470898341220e-05,1.660459661212866733e-08,5.641898563479000163e-11,7.016102624657407647e-10,1.588220423248477884e-12,2.860113601469972634e-04,7.273122503716874691e-11,3.292435134575102758e-12,7.226551690987115323e-11,0.000000000000000000e+00,4.692975160133386830e-05,3.050891591061831787e+04,-3.562373039126396496e-02
6.891427184266576078e+05,-6.339262738199636260e+01,-1.917844376316302487e+03,-3.057363754620504182e+01,2.451951355925303402e-04,2.195899586608185128e-01,3.978009472867252809e-07,2.332380410511555155e-06,5.853057303613277799e-04,8.555459592895776596e-04,3.271300071769967020e-04,1.254571308835087318e-07,1.515276533414458067e-09,1.486847264400298074e-08,5.407956612241406189e-11,1.619756902156177210e-03,1.804757244858199644e-09,1.439885597981507481e-10,1.693745675804763537e-09,5.059290043553850524e-12,1.441325026171776905e-04,-8.584962787366220437e+04,-5.722173523902893133e-02
1.138862624704737449e+06,-1.597878468775267038e+02,-3.843897742253427168e+03,-6.127814007623616988e+01,9.467861869612200767e-04,6.262533784603191434e-01,2.786118646221139949e-06,1.874693227074984226e-05,1.615549683515292087e-03,3.742882053644620323e-03,1.512719044088311603e-03,5.796406125826604822e-07,1.647485012263317413e-08,1.559865218879042079e-07,6.415901363719364687e-10,6.964676203112273034e-03,1.901607518843080098e-08,2.225014829069950546e-09,1.849820084506598339e-08,4.055560810267835388e-11,3.912039523415131734e-04,-1.961661374800731137e+05,-9.450179910659790850e-02
1.876134327024898957e+06,-3.581080699351526277e+02,-7.026321152387005895e+03,-1.120112762271825773e+02,3.410714344733993108e-03,1.709841941325518144e+00,1.563695061933921136e-05,1.093356720063312740e-04,4.491457399424103950e-03,1.438933671189996689e-02,5.860508616391483377e-03,2.344118407270938835e-06,1.251730198066227471e-07,1.326163010197068963e-06,5.850561725034870874e-09,2.648612298383741168e-02,1.449198498495506053e-07,2.315284925361367551e-08,1.555606826451050939e-07,2.489092540573109169e-10,1.063951215353006524e-03,-3.332177479731229250e+05,-1.556133904457092376e-01
3.031308809854143765e+06,-7.521816486100337897e+02,-1.221626624750623159e+04,-1.947476557699563386e+02,1.152841044729650648e-02,4.468865590195305160e+00,7.657878842858912346e-05,5.216848543366694579e-04,1.249981866995570311e-02,5.014019904500695984e-02,2.021627407870679044e-02,8.975300157527576060e-06,7.651148718644904429e-07,9.974124580509667080e-06,4.568511641449442036e-08,9.141151085274663857e-02,9.108328104167169561e-07,1.908334733604405183e-07,1.121320576097453321e-06,1.336643351719692033e-09,2.877458389347137269e-03,-5.302708052596568596e+05,-2.513403759002685867e-01
3.512639793596156873e+06,-1.345863286993991323e+03,-1.921220694866150006e+04,-3.062746169422159710e+02,2.147653396042445775e-02,6.540025221301581482e+00,1.951554388129904448e-04,1.270693644719100412e-03,1.922541468353557853e-02,9.364211489128553001e-02,3.708322584865635790e-02,1.888229820292512142e-05,2.306243154640738169e-06,3.706918283315145099e-05,1.742803386643999166e-07,1.700840457349004076e-01,2.916423399671656476e-06,7.343586540212251175e-07,4.018295868653219920e-06,3.810855793448900481e-09,4.292847351135781718e-03,-7.627218678445362020e+05,-2.907827200889587238e-01
4.252907225889803842e+06,-2.156873525606743442e+03,-2.748974723813214223e+04,-4.382324127413085080e+02,4.000720962978880635e-02,9.740527411586720419e+00,4.646070693675554471e-04,2.918708299391486755e-03,2.875010875577342986e-02,1.710813645468665933e-01,6.610000703086359175e-02,3.709048358171008856e-05,6.297162668288327612e-06,1.170161363072306723e-04,5.622869641452713777e-07,3.115461405768784608e-01,8.611385681938251072e-06,2.353217497809542022e-06,1.258870940971902509e-05,9.963754060182701802e-09,6.198007304333403265e-03,-1.007995278650048771e+06,-3.516618919372558882e-01
5.351722285315314308e+06,-3.320568740293073915e+03,-3.771273992161375645e+04,-6.012039639276517846e+02,7.853795482553525831e-02,1.553233709711405020e+01,1.120773752369081137e-03,6.736331667839273382e-03,4.603452972269466564e-02,3.257939438358845585e-01,1.223825338628728998e-01,7.358866042095163712e-05,1.701266579472562516e-05,3.595010364933883614e-04,1.759684784016901412e-06,5.947924458657096736e-01,2.506491517318043519e-05,7.248078023135678278e-06,3.851790692657516423e-05,2.624425978847959758e-08,9.506854922644586078e-03,-1.272845368337545544e+06,-4.422058563232422190e-01
6.924004504527099431e+06,-5.029831683538131983e+03,-5.076997292290856421e+04,-8.093580321449651365e+02,1.614516816045024061e-01,2.627785924408663476e+01,2.783885410919215153e-03,1.569765774718852314e-02,7.978059601742223950e-02,6.457890865610201869e-01,2.357205865901451924e-01,1.518384758587679228e-04,4.629290237107925649e-05,1.123535631137076570e-03,5.588275241069564915e-06,1.179096171323898101e+00,7.296840113784136485e-05,2.243312894552452246e-05,1.189363982491079816e-04,7.113949683756237633e-08,1.565339235976418927e-02,-1.570313620816936716e+06,-5.718936586380004572e-01
9.101532623662956059e+06,-7.582571858659940517e+03,-6.781739484393769817e+04,-1.081122365761998708e+03,3.432714128511016871e-01,4.648668863449162103e+01,7.139276490792380650e-03,3.676495371247342353e-02,1.484319003484045052e-01,1.319522473501554050e+00,4.685233658374207133e-01,3.301016982284683322e-04,1.273204964458403497e-04,3.618875807456275583e-03,1.825422848865183555e-05,2.400666493353712738e+00,2.134839322147294438e-04,7.069773724713347717e-05,3.743370153125345290e-04,1.990165614057021104e-07,2.744499564073898945e-02,-1.913938566523367539e+06,-7.515771636962891300e-01
1.069921838289770670e+07,-1.089251051534833459e+04,-8.894871320931510127e+04,-1.417990818987299463e+03,5.778844570245039725e-01,6.552806056497223608e+01,1.443657608161561141e-02,6.691018775336973756e-02,2.224765600968104107e-01,2.121386072870659056e+00,7.323673632402345479e-01,5.784411575244205505e-04,2.707556471028831784e-04,9.075347332242123671e-03,4.645017932652889769e-05,3.847592521179396208e+00,4.862109561031133427e-04,1.723145969148244441e-04,9.159708205830569081e-04,4.388153145558228642e-07,3.862353551767490345e-02,-2.296404838083284441e+06,-8.825649471282959180e-01
1.271847265191379748e+07,-1.513479591116546180e+04,-1.139128982453459903e+05,-1.815961558612173803e+03,9.717874272340699671e-01,9.283310482669078567e+01,2.864054122530301436e-02,1.196112167755463696e-01,3.323955922967885002e-01,3.381591842180793339e+00,1.130968641062221502e+00,1.002033132059583801e-03,5.574743057309959355e-04,2.163245739417050950e-02,1.124795228480674722e-04,6.128134508388463964e+00,1.083219709119686213e-03,3.998015738989045033e-04,2.160914050372567553e-03,9.207313106380876016e-07,5.395297639607535972e-02,-2.751247464352719486e+06,-1.048258274078369245e+00
1.519137387833038904e+07,-2.071932176288613118e+04,-1.436569233196138812e+05,-2.290130919283969888e+03,1.646257384356100362e+00,1.335469438625863177e+02,5.656111880556441429e-02,2.118663855837288335e-01,5.047403078512162633e-01,5.411375929527840078e+00,1.750259831580285086e+00,1.732473886531990612e-03,1.131655809642278425e-03,5.017210583235445082e-02,2.651236131233259026e-04,9.790543408757613975e+00,2.380638273460104846e-03,9.018458840730857575e-04,4.998551646982599822e-03,1.894647968840869700e-06,7.620953132160976362e-02,-3.260545489470949396e+06,-1.251214820861816346e+00
1.811078866289261729e+07,-2.804415942838920091e+04,-1.791532689731586433e+05,-2.856001862530567450e+03,2.782255200273270113e+00,1.932158345926297898e+02,1.108266675667442108e-01,3.689564522175953765e-01,7.745983867013177537e-01,8.625341866454091289e+00,2.696599493316749641e+00,2.983435395135149420e-03,2.258729537435417902e-03,1.137161064076748912e-01,6.108955692535181009e-04,1.554578013259585489e+01,5.128380148064915454e-03,1.981872757820942691e-03,1.132129081084635829e-02,3.835940247465565703e-06,1.082902875263127285e-01,-3.841018519219873939e+06,-1.490725688934326110e+00
2.143430202656935155e+07,-3.756936904358421452e+04,-2.213015272442719724e+05,-3.527915385597534623e+03,4.645641866287562038e+00,2.783201865425612596e+02,2.142164787809913984e-01,6.268462639812796278e-01,1.189424386451414239e+00,1.357388531016383482e+01,4.101727965049406954e+00,5.094015348925305664e-03,4.408179239454960985e-03,2.512245258471362264e-01,1.372525358677787214e-03,2.430287189474225329e+01,1.075978719398165001e-02,4.229152354424955441e-03,2.498178228268572651e-02,7.614762330526197053e-06,1.533252328020407451e-01,-4.516965189899375662e+06,-1.763145072937011726e+00
2.508713938960283250e+07,-4.981692597084746376e+04,-2.708784131229323684e+05,-4.318253620671175668e+03,7.598542203854712795e+00,3.954889396796907022e+02,4.057810748337525308e-01,1.032066125190242101e+00,1.807703851612450396e+00,2.091749453504507272e+01,6.108796103286453949e+00,8.562697734355157603e-03,8.362095663944510426e-03,5.379105270541653105e-01,2.990077035830385806e-03,3.709067014771225246e+01,2.186671674161438927e-02,8.716332711848136239e-03,5.338601580697089483e-02,1.473653384087827258e-05,2.140182455393623284e-01,-5.312682337106117047e+06,-2.062137527465820241e+00
2.897053852256354690e+07,-6.536085128268988046e+04,-3.284686467849399196e+05,-5.236337982430194643e+03,1.208833791257098333e+01,5.500094969186538947e+02,7.482328636749653317e-01,1.637741887433554311e+00,2.691767475176299218e+00,3.133782011922014732e+01,8.841843393635418380e+00,1.404684466181594683e-02,1.533167577190761195e-02,1.108491968984335552e+00,6.273202723765062064e-03,5.486921909351876536e+01,4.283782348925691680e-02,1.724570488785341291e-02,1.098022831178976366e-01,2.762788135964082620e-05,2.915376108805127209e-01,-6.251606978586273268e+06,-2.379381896972656119e+00
3.297485907480851561e+07,-8.481505521155745373e+04,-3.944272325257259072e+05,-6.287827831347158281e+03,1.860441291955721255e+01,7.438761946113347676e+02,1.334812260298527509e+00,2.495034114588030150e+00,3.893906480758024369e+00,4.538073466907628983e+01,1.236128704495304831e+01,2.228935942041320936e-02,2.704391038045222614e-02,2.183917455740993052e+00,1.259349446134156586e-02,7.824512474636384241e+01,8.058685939220747163e-02,3.257792685363975621e-02,2.161717102258671197e-01,4.988912676803113386e-05,3.842590885241520260e-01,-7.353051388890522532e+06,-2.705666923522949130e+00
3.699287136842983216e+07,-1.088180058367500169e+05,-4.688711380936062778e+05,-7.474587828385059765e+03,2.760199107647270367e+01,9.739453915883190120e+02,2.292352509461230703e+00,3.641097568259087591e+00,5.438036523440846537e+00,6.325761657435431573e+01,1.661678816482057286e+01,3.394493088689309879e-02,4.574511055748915755e-02,4.091723223409871046e+00,2.406950060458400154e-02,1.071641496857020428e+02,1.451986884750190998e-01,5.852117333188435605e-02,4.057123172903999153e-01,8.637735469102777249e-05,4.869313837084850993e-01,-8.629664118009060621e+06,-3.031999847412109261e+00
4.093073592176872492e+07,-1.380109976166538545e+05,-5.516761791414601030e+05,-8.794638267961590827e+03,3.940953343046511748e+01,1.231049826066996275e+03,3.776501443518467838e+00,5.087185030104206973e+00,7.303447450015903009e+00,8.467277611625848976e+01,2.141799580275980475e+01,4.932674877155558690e-02,7.407355343053251273e-02,7.263899205621414445e+00,4.365359503113840772e-02,1.407123443759325880e+02,2.502197602233895424e-01,9.973612553079563847e-02,7.240656322067958728e-01,1.429708325237028573e-04,5.909088438543003141e-01,-1.008745549945553578e+07,-3.350521850585937766e+00
4.696902802219922096e+07,-1.776881217843889317e+05,-6.450452603655405110e+05,-1.028309712448791834e+04,6.162382149476581361e+01,1.707392777466389816e+03,6.814420790087680757e+00,7.744808612630484035e+00,1.082585480272251388e+01,1.238186155629652774e+02,3.019051001302331017e+01,7.819626531051276919e-02,1.316032035003537604e-01,1.396921565525790143e+01,8.593346430024059734e-02,2.012563846731044066e+02,4.698972540531276554e-01,1.843760736094253450e-01,1.404043011040744249e+00,2.571241162389916444e-04,7.890869913076968833e-01,-1.156200078150592186e+07,-3.842217330932617081e+00
5.274979193128789961e+07,-2.254570936305191135e+05,-7.508459488309806911e+05,-1.196973653132779691e+04,9.100335988356499684e+01,2.242842264564636935e+03,1.164326046943782345e+01,1.106574438019029571e+01,1.523856804963224576e+01,1.707451354924447458e+02,4.006607621492886295e+01,1.169835271621869760e-01,2.214851344164665281e-01,2.520977546902728150e+01,1.590112210581656749e-01,2.699354932145689645e+02,8.267267112876806046e-01,3.195482527958185548e-01,2.555056661378369398e+00,4.358985012298422922e-04,9.935315005728502236e-01,-1.351131058867956884e+07,-4.310748001098632542e+00
5.827869479892713577e+07,-2.845005456374540227e+05,-8.685142305569642922e+05,-1.384556516508011009e+04,1.269296763659725968e+02,2.785938973874495787e+03,1.880111157645211151e+01,1.486208345209889714e+01,2.021962835444749729e+01,2.216920986181476678e+02,4.991973095881982658e+01,1.642657051800597845e-01,3.521599463182179535e-01,4.260188549859397966e+01,2.760724601235726161e-01,3.396809398964535376e+02,1.367159100008381145e+00,5.184751561271137010e-01,4.357695108005005480e+00,6.950446720950056480e-04,1.170798202562838952e+00,-1.576583233404616453e+07,-4.756364593505859162e+00
6.353733090917572379e+07,-3.566295111433942220e+05,-9.974371156928576529e+05,-1.590081094530693554e+04,1.686481415521378437e+02,3.294861566881709223e+03,2.885607558828642638e+01,1.894722499553819262e+01,2.543458239321387637e+01,2.728873369006371945e+02,5.876469951505517741e+01,2.170670515755286079e-01,5.326602429420714824e-01,6.771762233137049236e+01,4.523124571008427242e-01,4.045883269765369050e+02,2.148286742327683907e+00,7.933207729333148217e-01,7.017001906384695786e+00,1.049505508041601682e-03,1.299576076642959377e+00,-1.823552979960763454e+07,-5.177430786132812379e+00
6.852382293214848638e+07,-4.438528056591260829e+05,-1.136932930722873658e+06,-1.812460685941126940e+04,2.150328168782185401e+02,3.733148011289934857e+03,4.229360966666359190e+01,2.311422672718850535e+01,3.053272092292749917e+01,3.204150498134344502e+02,6.572506714669455619e+01,2.707594709687019541e-01,7.713178445068961109e-01,1.016516481624038306e+02,7.028375253850960291e-01,4.596055426458218562e+02,3.232797583540916175e+00,1.152218947042323416e+00,1.073560135343284294e+01,1.510237139802114974e-03,1.368414438123519927e+00,-2.092408226451463252e+07,-5.573676574707031151e+00
7.324444985521194339e+07,-5.485014688232513145e+05,-1.286399451053912053e+06,-2.050735244311236602e+04,2.646904022694727701e+02,4.073422581720803009e+03,5.944916951479829237e+01,2.715376053072689189e+01,3.519616844788686905e+01,3.607165029813388628e+02,7.016989384831460086e+01,3.198733497238200885e-01,1.075481013596804036e+00,1.446976617538179539e+02,1.041128224120445589e+00,5.010541330829425988e+02,4.686016816921080519e+00,1.597741676098952235e+00,1.569462504474538456e+01,2.082687875319643757e-03,1.376523561015100761e+00,-2.382584802385370061e+07,-5.945478668212890838e+00
7.771628043133184314e+07,-6.732566399981870782e+05,-1.445224094101811759e+06,-2.303928210847903392e+04,3.162157400732666019e+02,4.301406650333355174e+03,8.047103019867680018e+01,3.088563768453901659e+01,3.919429784459896382e+01,3.912308328563684086e+02,7.183828188075175092e+01,3.593868253564255766e-01,1.451732828681766563e+00,1.961605374837532167e+02,1.477824697960343991e+00,5.271411965032549460e+02,6.571905663330101177e+00,2.126551392304842913e+00,2.203742441655826312e+01,2.767035166747040809e-03,1.332672109334317234e+00,-2.691176297838471085e+07,-6.294085540771484411e+00
8.196465723543822765e+07,-8.212072560807289556e+05,-1.612784341843555449e+06,-2.571047188011642356e+04,3.684190507658124147e+02,4.416318565301146919e+03,1.053284810363218185e+02,3.417966903344497354e+01,4.240705291961588586e+01,4.107286979508757554e+02,7.085424195640248968e+01,3.858113839164892256e-01,1.906642903002320644e+00,2.543896102378976138e+02,2.020514304681165552e+00,5.379506759998777170e+02,8.949555053892320089e+00,2.730341760368671711e+00,2.986353139113247579e+01,3.559782698080729557e-03,1.251639749321867612e+00,-3.013233659027317166e+07,-6.621402404785156293e+00
8.600954669328700006e+07,-9.959326433931721840e+05,-1.788591639393589925e+06,-2.851313337843712361e+04,4.203428088546476147e+02,4.427311165491933025e+03,1.338360811728176145e+02,3.694936808762754055e+01,4.480444296491289435e+01,4.191424349354920764e+02,6.763475479648363375e+01,3.974981949067099007e-01,2.447518038875272861e+00,3.169159521436332057e+02,2.674359742866061929e+00,5.348871259696173865e+02,1.187146595607866750e+01,3.396841074874485944e+00,3.923029544894306753e+01,4.454909653113427875e-03,1.150256715699660592e+00,-3.345724148653736711e+07,-6.928835998535156193e+00
8.987453876741157472e+07,-1.201523065361589193e+06,-1.972110643825101899e+06,-3.143873234445253547e+04,4.715069415889048514e+02,4.351729642213370425e+03,1.657371713319381570e+02,3.916904604256419020e+01,4.644969559704035333e+01,4.175745951938674807e+02,6.279819020556596598e+01,3.949610615226534227e-01,3.083859499442563656e+00,3.808735025651559454e+02,3.443540351273120415e+00,5.204133563896992882e+02,1.538186772734092855e+01,4.112711194436781348e+00,5.016420671298485701e+01,5.447776384322177909e-03,1.044060414882945986e+00,-3.680768540402009338e+07,-7.218057067871093579e+00
9.357166975759334862e+07,-1.442623325576238567e+06,-2.162916997915094253e+06,-3.448050381637208920e+04,5.217313197675609899e+02,4.209791035588680643e+03,2.007355651433611854e+02,4.084687358051503026e+01,4.745281261701850894e+01,4.077294048942296172e+02,5.701704892745075881e+01,3.801721743330154779e-01,3.828161451775090818e+00,4.432122270290527126e+02,4.332661259092595252e+00,4.973271422969107789e+02,1.951722285949712798e+01,4.864256653335163882e+00,6.266862404958239807e+01,6.535582857821067501e-03,9.455507648115411001e-01,-4.013397362036816776e+07,-7.489718688964844162e+00
9.710865694687780738e+07,-1.724434269492104417e+06,-2.360560873721084557e+06,-3.763127678666178690e+04,5.712167248163584645e+02,4.022328928953011200e+03,2.385649929535141780e+02,4.202642065194719834e+01,4.795982269251842922e+01,3.916887599836316554e+02,5.091927595251815575e+01,3.562030318879878532e-01,4.697200556736663479e+00,5.011160638618243297e+02,5.348388004083230562e+00,4.684695782214923270e+02,2.430577544750795127e+01,5.639665232644899717e+00,7.673385144690040249e+01,7.720233799313257032e-03,8.630738911942170688e-01,-4.336058642365170270e+07,-7.744070556640624936e+00
1.004888582953677773e+08,-2.052773680303017609e+06,-2.564547384643461090e+06,-4.088316193765339267e+04,6.204526465994277942e+02,3.807500417925547481e+03,2.790423081760575315e+02,4.276998235654281899e+01,4.812061793998026360e+01,3.714763148308202858e+02,4.498870678293354075e+01,3.264029915668091308e-01,5.712994289921635271e+00,5.523265386478994969e+02,6.501078066826656787e+00,4.363060389049004471e+02,2.977032338564015390e+01,6.430437999242791136e+00,9.234928576252258381e+01,9.009729998553971456e-03,8.008554221013605146e-01,-4.641824690746484697e+07,-7.980951171875000583e+00
1.036991318517328352e+08,-2.433876663946870249e+06,-2.774440657761865761e+06,-4.422921072813688079e+04,6.699192100582744160e+02,3.579975734998299686e+03,3.219616384330697656e+02,4.313532646968931772e+01,4.806827497455130072e+01,3.488461023618930312e+02,3.957370978478402890e+01,2.939638815065506727e-01,6.902487330579396563e+00,5.949097888759787338e+02,7.803765596798879933e+00,4.028439771385139352e+02,3.592238810011109962e+01,7.228694235793534872e+00,1.094688972070001398e+02,1.041475914890189342e-02,7.605712647038206375e-01,-4.926725927809019387e+07,-8.198785644531250583e+00
1.067206564507653415e+08,-2.874355885383585468e+06,-2.989717722648563329e+06,-4.766108613739127759e+04,7.201261064045032754e+02,3.350341253258216966e+03,3.671276142350786245e+02,4.317770191162932036e+01,4.791381303288893889e+01,3.251831674917459623e+02,3.486135628146872278e+01,2.616168426827704674e-01,8.297815539016049513e+00,6.275906116476742227e+02,9.272725296000446704e+00,3.695507272694998164e+02,4.276330601916168916e+01,8.028753036190662939e+00,1.280080516296595476e+02,1.195041895454212674e-02,7.416195374274694441e-01,-5.185844851321644336e+07,-8.395501098632813353e+00
1.095255219116424024e+08,-3.380917081927311607e+06,-3.209790863402965013e+06,-5.116941899388909223e+04,7.714308915577893231e+02,3.125395240359656782e+03,4.142589153606967898e+02,4.294003154060715133e+01,4.773633069626407632e+01,3.014664318622604355e+02,3.091188111900580893e+01,2.314519209692308954e-01,9.935108443421366786e+00,6.496304980713982786e+02,1.092575702049758135e+01,3.374000751766075723e+02,5.027912657579944522e+01,8.825336652371467139e+00,1.478040417405256051e+02,1.363343038794296962e-02,7.422600974172726129e-01,-5.417051972256557643e+07,-8.568265136718750341e+00
1.120786945592338890e+08,-3.960027970535501838e+06,-3.433983013038447592e+06,-5.474341572079002071e+04,8.239515742510446898e+02,2.908718165048998344e+03,4.629231534447163199e+02,4.245089026609704064e+01,4.758097738172313029e+01,2.782988379663885325e+02,2.769434555527900343e+01,2.048692970307559313e-01,1.185267378837039054e+01,6.607931225824469266e+02,1.278045432121902714e+01,3.069416490218661693e+02,5.843864048750995721e+01,9.612775797412933088e+00,1.685858979712214989e+02,1.548042856902570250e-02,7.603146249760504016e-01,-5.619876789623856544e+07,-8.713679565429687912e+00
1.143340296437191367e+08,-4.617082579136180691e+06,-3.661545337308355141e+06,-5.837113865145010641e+04,8.773703444793683275e+02,2.701974023846802538e+03,5.123443942023253612e+02,4.172598839593457853e+01,4.746575715305283438e+01,2.560381364916776761e+02,2.513548890856681695e+01,1.827644663748587139e-01,1.408533693672432285e+01,6.612158748180568182e+02,1.484849023095297404e+01,2.784790023101965062e+02,6.717354387738012633e+01,1.038218669268479211e+01,1.898880896663775388e+02,1.750190293067640374e-02,7.936702664631564152e-01,-5.793872446979351342e+07,-8.827515502929687230e+00
1.162438703988104165e+08,-5.355908272384040058e+06,-3.891603814298970159e+06,-6.203865441905009357e+04,9.309968075265182961e+02,2.505171876214616532e+03,5.614309797913484772e+02,4.077504486085635449e+01,4.738533249892635979e+01,2.348270121599942115e+02,2.313448396942109753e+01,1.655005421284294898e-01,1.665988598718173819e+01,6.515459193563432336e+02,1.713366729048939519e+01,2.520872913683363947e+02,7.638281073032744928e+01,1.112305355195904433e+01,2.110588362577192640e+02,1.970221597985982384e-02,8.403709346979875150e-01,-5.939965964117865264e+07,-8.905559814453125611e+00
1.177618069168930501e+08,-6.177887063578444533e+06,-4.123178101020622067e+06,-6.573033472151956812e+04,9.837470077184921138e+02,2.317567104635787473e+03,6.087199931541997557e+02,3.960848617947205241e+01,4.731928347609004959e+01,2.146948487782581481e+02,2.159137689773327651e+01,1.530571958693051349e-01,1.958710705632927684e+01,6.328789192542751607e+02,1.962707818380852487e+01,2.277314302822111927e+02,8.592180480842201007e+01,1.182297760542156340e+01,2.312454012337764482e+02,2.207594323213890597e-02,8.987230419883065480e-01,-6.058974717498490959e+07,-8.943914672851562386e+00
1.188494863524468392e+08,-7.081215372270660475e+06,-4.355198512493273243e+06,-6.942912699647538830e+04,1.034245712042372816e+03,2.138193188400055533e+03,6.524339713482801244e+02,3.824544899375515428e+01,4.724068821436743093e+01,1.956218543608935931e+02,2.041879010327279431e+01,1.451392339095641526e-01,2.285359617040976232e+01,6.067345559169068565e+02,2.230384742217973226e+01,2.053319028695641180e+02,9.559696012702552537e+01,1.246902662520626848e+01,2.494381666630269763e+02,2.460631684524648352e-02,9.672397818586402352e-01,-6.151732594082698971e+07,-8.939626708984375725e+00
1.194841294205645919e+08,-8.060373918459624052e+06,-4.586536960640339181e+06,-7.311704763878273661e+04,1.081026914719745264e+03,1.966183377627949994e+03,6.906405068746264533e+02,3.672030484876868428e+01,4.712310319721441942e+01,1.775778493058997753e+02,1.954508221779022037e+01,1.412654103016902918e-01,2.641485797355761633e+01,5.749895561317898682e+02,2.512213394972307867e+01,1.847986573634154865e+02,1.051650044549067786e+02,1.304995004690613669e+01,2.645729467522211280e+02,2.726531170442243399e-02,1.044532699607673143e+00,-6.219096881009086967e+07,-8.891354125976562273e+00
1.196646805384734571e+08,-9.105948173790229484e+06,-4.816058294624732807e+06,-7.677600045112655789e+04,1.122785436334861970e+03,1.800975181799555912e+03,7.214860301734267978e+02,3.508482872044404388e+01,4.694481465307680423e+01,1.605453936068556686e+02,1.891383047719177313e+01,1.408520703597715418e-01,3.019209684501949909e+01,5.397166517700676422e+02,2.802511522348234152e+01,1.660486783062964662e+02,1.143374320732070686e+02,1.355830844263509505e+01,2.756761455700205943e+02,3.001459799898320222e-02,1.129207590709572884e+00,-6.262407717048992962e+07,-8.799888061523438054e+00
1.194151537272669971e+08,-1.020487067162794806e+07,-5.042677363334616646e+06,-8.038868631519157498e+04,1.158637376804104406e+03,1.642333276966944595e+03,7.434740496452299112e+02,3.340512663414011030e+01,4.669034598890663545e+01,1.445218709576536753e+02,1.847993477338701496e+01,1.432712871416491895e-01,3.407456808610915999e+01,5.029758517331642906e+02,3.094620951441336842e+01,1.490001273563289601e+02,1.227948287944670085e+02,1.399214615198615697e+01,2.820279667185369590e+02,3.280681614102912841e-02,1.219777803819449336e+00,-6.283523811931420863e+07,-8.668408935546874972e+00
1.187834749804429859e+08,-1.134107298968404904e+07,-5.265423640198050067e+06,-8.393963341897580540e+04,1.188287145627849895e+03,1.490350937223757228e+03,7.556935780374860769e+02,3.175374555577849733e+01,4.635029978231536063e+01,1.295192118629433935e+02,1.820662913212052203e+01,1.479026638074545652e-01,3.792800625220882438e+01,4.665918711558015843e+02,3.381597464453859914e+01,1.335706079018747801e+02,1.302104788962626287e+02,1.435516497339007813e+01,2.832867615354539339e+02,3.558513291030981907e-02,1.314616499405311334e+00,-6.284891628155364096e+07,-8.502327636718749915e+00
1.178372709173845202e+08,-1.249653062941204384e+07,-5.483487595312102698e+06,-8.741593650585850992e+04,1.212086989319066561e+03,1.345313539980265659e+03,7.579786009422339248e+02,3.019885243406963937e+01,4.591991343295712369e+01,1.155503792989768357e+02,1.806200790135101997e+01,1.541563277278065469e-01,4.160862169744920891e+01,4.319799020341410483e+02,3.656992905766294655e+01,1.196640647542154454e+02,1.362874005392027357e+02,1.465591417714956535e+01,2.795569181110787440e+02,3.828230977202720653e-02,1.411955792164823364e+00,-6.269587935428261012e+07,-8.308845581054686846e+00
1.166560143226462305e+08,-1.365252487677599676e+07,-5.696263596791987307e+06,-9.080794079364744539e+04,1.230919225956768287e+03,1.207697580807711120e+03,7.509019083299195927e+02,2.879504054480026909e+01,4.539865152367836743e+01,1.026309929218189012e+02,1.801842426592690671e+01,1.615010923406942911e-01,4.497930000548676333e+01,4.000788895932767559e+02,3.915402648812937514e+01,1.071828211256586059e+02,1.407974897758400914e+02,1.490554692223572886e+01,2.713507716878066844e+02,4.081855837419666455e-02,1.509924944547418768e+00,-6.240669991432252526e+07,-8.096190917968749901e+00
1.153228817752419263e+08,-1.479127784366560727e+07,-5.903375070178890601e+06,-9.410964305749542837e+04,1.245991032445775772e+03,1.077992532370682056e+03,7.356704690582138255e+02,2.757617220978912442e+01,4.478937390161237886e+01,9.076477746360282595e+01,1.805108170733104345e+01,1.694728191978507603e-01,4.792688301493205216e+01,3.713565245186313746e+02,4.152912558398949017e+01,9.602083526138873992e+01,1.436219498426234793e+02,1.511564278794721972e+01,2.594872345367836033e+02,4.310461708757132304e-02,1.606655804770169338e+00,-6.201536152865267545e+07,-7.872803466796875149e+00
1.139171470416979641e+08,-1.589655478903820179e+07,-6.104639606154799461e+06,-9.731813538868847536e+04,1.258590368139119619e+03,9.568200757982243658e+02,7.139277623629542404e+02,2.655771762570796568e+01,4.410065546309708395e+01,7.995793573680127508e+01,1.813866535109576361e+01,1.776801631078361310e-01,5.036997313238875762e+01,3.459641604443614824e+02,4.366925356584603435e+01,8.608699925623768934e+01,1.447640314749784238e+02,1.529643702524711379e+01,2.449529459351798835e+02,4.504411328979057716e-02,1.700322810986502731e+00,-6.154330232039732486e+07,-7.646652587890625519e+00
