# tendency to change, top row gives equation number (where number 0 is the first equation), penultimate column is gas-particle partitioning and final column is gas-wall partitioning (molecules/cc.s (air))
2.300000000000000000e+01,3.000000000000000000e+01,4.400000000000000000e+01,0.000000000000000000e+00,0.000000000000000000e+00
0.000000000000000000e+00,0.000000000000000000e+00,-9.627558715688761324e+06,-4.649526004082528114e+09,-3.004171192432288080e+07
7.096388567667420954e+06,-2.575176485897578823e+05,-1.465142983832799643e+07,1.484006386630579270e+07,-3.258768470764160430e+00
9.129205388260742649e+06,-4.470446201254999032e+05,-1.935895251835193112e+07,-2.129553137477337569e+07,-3.037884826660156357e+00
1.112072451803750731e+07,-6.897127228019569302e+05,-2.374940254783053324e+07,-2.977633102835157886e+07,-2.834170211791992244e+00
1.304013374021970294e+07,-9.914674781369725242e+05,-2.784509679332099110e+07,-3.243405855862076208e+07,-2.643069000244140820e+00
1.483595900835996121e+07,-1.361913732029086910e+06,-3.166078839485646039e+07,-3.374587986890143156e+07,-2.458733108520507749e+00
1.649316957807429321e+07,-1.723518424154908862e+06,-3.521669616145262122e+07,-3.432145134972818941e+07,-2.284423324584961001e+00
1.779267686989599094e+07,-2.110170575088836718e+06,-3.849638952493301779e+07,-3.464378914313207567e+07,-2.101897750854492042e+00
1.897402681505445018e+07,-2.553356478721831460e+06,-4.150911107996064425e+07,-3.437471413137090206e+07,-1.926488601684570368e+00
1.996144153541041538e+07,-3.063413538666473236e+06,-4.426041455752222985e+07,-3.358102879392029345e+07,-1.751126678466796927e+00
2.065558693513587862e+07,-3.651301517321460880e+06,-4.674429735147786140e+07,-3.235233293878949434e+07,-1.567769226074218869e+00
2.201473155328409001e+07,-4.193392627238749526e+06,-4.901551606568004191e+07,-3.102583432926078886e+07,-1.455626983642578143e+00
2.287532667330171168e+07,-4.742406768985883333e+06,-5.109183546147555113e+07,-3.024692832628494129e+07,-1.319534057617187450e+00
2.350637638722433895e+07,-5.336389992461478338e+06,-5.296085131959445029e+07,-2.945673971524297073e+07,-1.178257934570312582e+00
2.388330764606383815e+07,-5.972581661196991801e+06,-5.461359640226872265e+07,-2.868683831912050396e+07,-1.030808074951171882e+00
2.400708213815213740e+07,-6.646666196407637559e+06,-5.604162873087119311e+07,-2.801747281722207740e+07,-8.782424621582031188e-01
2.391008149557283893e+07,-7.354310066955779679e+06,-5.723949296612750739e+07,-2.749086945312165469e+07,-7.238131103515624831e-01
2.364965838314540312e+07,-8.091861033667959273e+06,-5.820777619052211195e+07,-2.712260911956002191e+07,-5.721794738769531152e-01
2.329521769239018485e+07,-8.856577093924969435e+06,-5.895439963578679413e+07,-2.690119585191783682e+07,-4.282944335937500235e-01
2.291416885106745362e+07,-9.646413035200603306e+06,-5.949424546508868039e+07,-2.679629926593892649e+07,-2.963661804199218541e-01
2.256171156121027097e+07,-1.045976937522753142e+07,-5.984791379082062095e+07,-2.677403176050953567e+07,-1.791872253417968741e-01
2.234373958654176444e+07,-1.103586855731785670e+07,-5.734488436422290653e+07,-2.514289973393256590e+07,1.619650329589843674e+00
2.167354858712770417e+07,-1.153565027565583959e+07,-5.499021139843253046e+07,-2.420047816456612945e+07,1.528288269042968883e+00
2.121447007606904581e+07,-1.207732646872179024e+07,-5.277412137981974334e+07,-2.342452912152852491e+07,1.434564178466796847e+00
2.094124993661981076e+07,-1.266406164043930918e+07,-5.069879446373905241e+07,-2.266012522033427656e+07,1.340837341308593889e+00
2.082117211514564604e+07,-1.329923109580144659e+07,-4.876169339909832925e+07,-2.193552532127385587e+07,1.249695129394531312e+00
2.082663994550177082e+07,-1.398792881574844196e+07,-4.695781009387927502e+07,-2.125533135980690271e+07,1.163272644042968818e+00
2.093373508297471330e+07,-1.473617127623015456e+07,-4.527886991124495119e+07,-2.060268419167859107e+07,1.083240325927734338e+00
2.112138705839916319e+07,-1.555025710125406273e+07,-4.371368963912507147e+07,-1.995412815684682503e+07,1.010846145629882731e+00
2.137041136039594188e+07,-1.643599190728644654e+07,-4.225066201377893239e+07,-1.930688892458106577e+07,9.471222686767578613e-01
2.166328148655835167e+07,-1.739842342496538907e+07,-4.087572147794612497e+07,-1.863445981243040040e+07,8.927249145507812900e-01
2.198333861805210263e+07,-1.844072704703278095e+07,-3.957503555923113227e+07,-1.793432051704953238e+07,8.481168670654296582e-01
2.231513026713411137e+07,-1.956393700787295774e+07,-3.833373936320158094e+07,-1.719499380255595967e+07,8.134232330322266336e-01
2.264575495809902251e+07,-2.076720430487403646e+07,-3.713676444493713975e+07,-1.641249138356399164e+07,7.884114074707031516e-01
2.296278574526613578e+07,-2.204502244771049917e+07,-3.597027758280150592e+07,-1.559452933205140755e+07,7.725482940673827903e-01
2.325644657588709891e+07,-2.338826977743672207e+07,-3.482123035037738085e+07,-1.474460569802330621e+07,7.648780670166015483e-01
2.351904113146691024e+07,-2.478288264812955633e+07,-3.367831910955151170e+07,-1.387367020842286944e+07,7.640380249023437376e-01
2.374504638679718226e+07,-2.620973381144809350e+07,-3.253260721261766180e+07,-1.299444404442899674e+07,7.682898406982422435e-01
2.392993610363930091e+07,-2.764222626338244230e+07,-3.137806524303795770e+07,-1.211704345859792829e+07,7.754664459228516327e-01
2.407111410856787860e+07,-2.904886901380915940e+07,-3.021211217958635464e+07,-1.125274354311352782e+07,7.831406097412109135e-01
2.416730815914691985e+07,-3.039394838609869033e+07,-2.903592205078059807e+07,-1.041072099815289676e+07,7.887466888427734357e-01
2.421861159935621172e+07,-3.164014870472129062e+07,-2.785447889869630709e+07,-9.598844043332913890e+06,7.897842407226562944e-01
2.422658066946287453e+07,-3.275214158278404176e+07,-2.667631160095203295e+07,-8.823867997680729255e+06,7.840664367675781454e-01
2.419427532805869728e+07,-3.370044270062927902e+07,-2.551282424450545013e+07,-8.091992749570114538e+06,7.699630737304687944e-01
2.412621040137703717e+07,-3.446482948383406550e+07,-2.437733253999816626e+07,-7.408535098865042441e+06,7.465932617187500675e-01
2.402812459297971055e+07,-3.503633600713757426e+07,-2.328381964174649119e+07,-6.777659235044715926e+06,7.139013824462890900e-01
2.390682790218271688e+07,-3.541801289261022955e+07,-2.224579698154270649e+07,-6.202236543208695948e+06,6.726395416259766113e-01
2.376984643556416035e+07,-3.562365383700862527e+07,-2.127511587322996184e+07,-5.683145238021828234e+06,6.242049636840820703e-01
2.362511396691371128e+07,-3.567588306605739146e+07,-2.038101384872369096e+07,-5.219850987899439409e+06,5.704429473876952983e-01
2.348059181947482750e+07,-3.560239470398610085e+07,-1.957007994867975637e+07,-4.809553988259332255e+06,5.133834152221680158e-01
