# tendency to change, top row gives equation number (where number 0 is the first equation), penultimate column is gas-particle partitioning and final column is gas-wall partitioning (molecules/cc.s (air))
0.000000000000000000e+00,1.000000000000000000e+00,2.000000000000000000e+00,8.000000000000000000e+00,9.000000000000000000e+00,1.500000000000000000e+01,1.900000000000000000e+01,3.800000000000000000e+01,3.900000000000000000e+01,5.000000000000000000e+01,5.100000000000000000e+01,1.700000000000000000e+02,2.390000000000000000e+02,2.480000000000000000e+02,2.800000000000000000e+02,3.980000000000000000e+02,5.080000000000000000e+02,6.230000000000000000e+02,6.420000000000000000e+02,6.610000000000000000e+02,6.800000000000000000e+02,8.790000000000000000e+02,0.000000000000000000e+00,0.000000000000000000e+00
0.000000000000000000e+00,0.000000000000000000e+00,0.000000000000000000e+00,0.000000000000000000e+00,0.000000000000000000e+00,0.000000000000000000e+00,0.000000000000000000e+00,0.000000000000000000e+00,0.000000000000000000e+00,0.000000000000000000e+00,0.000000000000000000e+00,0.000000000000000000e+00,0.000000000000000000e+00,0.000000000000000000e+00,0.000000000000000000e+00,0.000000000000000000e+00,0.000000000000000000e+00,0.000000000000000000e+00,0.000000000000000000e+00,0.000000000000000000e+00,0.000000000000000000e+00,0.000000000000000000e+00,0.000000000000000000e+00,0.000000000000000000e+00
9.089022771448262036e+07,2.612576519700361043e+07,-8.347380454309821785e-02,-9.563391144060094655e+07,-1.085846881565560034e+04,-5.039356705066912241e+02,-8.027237860635449351e+01,-1.534578456349280104e+07,-1.933761470500155818e+06,-3.678473813599214191e+05,-2.452315875732809654e+05,1.657796494670669141e-01,9.797683154182768028e-02,2.448940485607327064e-02,7.020665390637015335e-02,7.640426850054357621e-02,3.511631872571641328e-04,3.225401327460626138e-08,8.172585607760443974e-03,6.354625411015430705e-04,3.782224905048777071e-04,2.758462099332438934e-10,2.560833870729485527e+06,-6.396458150133609888e+04
1.112313526383377016e+08,3.197268039313394949e+07,-1.248669508066974354e-01,-1.144597388992776573e+08,-1.624513102648006679e+04,-8.092904241914095564e+02,-1.307445431329916516e+02,-1.875756103992560506e+07,-2.363688130084570497e+06,-4.405786273264875636e+05,-2.937190848843251006e+05,6.250947108532692864e-01,1.588053045636804994e-01,3.969048245883206177e-02,2.645308900133422902e-01,1.231487518430879197e-01,2.970227944350571896e-03,2.830084054519364164e-07,3.423721449939921141e-02,1.830145536112281123e-03,3.109552765041248470e-03,6.656774880644272971e-09,-3.399605366234513465e+06,-1.220355247067642194e+05
1.464698143274073303e+08,4.210173165796585381e+07,-2.193667548091464414e-01,-1.479138075531130135e+08,-2.848008285758933562e+04,-1.357854774051716731e+03,-2.241078540405717661e+02,-2.502526931265582144e+07,-3.153498042767335661e+06,-5.726745269369757734e+05,-3.817830179579838878e+05,1.625511542328220926e+00,2.708632353798766101e-01,6.769300057150044736e-02,6.950091207932888038e-01,2.078016128003393193e-01,1.252106388387174904e-02,1.192093805790990774e-06,1.006945088550898343e-01,3.819701935122835068e-03,1.277569846860200121e-02,6.209610391668357188e-08,-5.169535535825516097e+06,-2.059466042588234122e+05
1.977716958532416224e+08,5.684810147803923488e+07,-4.121734570355590210e-01,-1.968505763542835414e+08,-5.324917072276069666e+04,-2.316651571454874556e+03,-3.940746195837165260e+02,-3.482346352360935509e+07,-4.388193497224248946e+06,-7.715248378546412569e+05,-5.143498919030942488e+05,3.625985325383113800e+00,4.742390558856420246e-01,1.185085951994948733e-01,1.579283957655803539e+00,3.578644588319536690e-01,3.962029782883230017e-02,3.937774056406402734e-06,2.561242977534929355e-01,7.343451730315308200e-03,3.934332737607276753e-02,4.169815452495886987e-07,-6.683246412247909233e+06,-3.095543557847480988e+05
2.665511841387928426e+08,7.661828807018975914e+07,-7.832739291813839433e-01,-2.613902050617611706e+08,-1.004148954272650299e+05,-3.946172125262371537e+03,-6.994032328514437040e+02,-4.910086416530662775e+07,-6.187325183556509204e+06,-1.045787380569184315e+06,-6.971915870461229933e+05,7.500466155648732425e+00,8.391387876172921034e-01,2.096641549142728711e-01,3.341167066769660021e+00,6.184678920254357282e-01,1.081245327198383649e-01,1.192764102120442589e-05,5.995574919738382302e-01,1.380674845479026337e-02,1.040299966619590843e-01,2.378589228465196290e-06,-8.623025434893647209e+06,-4.437438803146972787e+05
2.753400363075419664e+08,7.914458263326661289e+07,-9.024714483202327386e-01,-2.848848885143535733e+08,-1.140757097813443543e+05,-5.007794755070508472e+03,-8.885469505791763822e+02,-5.476715560329286754e+07,-6.901349026265062392e+06,-1.113539321846370352e+06,-7.423595478975803126e+05,1.238573890816918599e+01,1.040755575930347732e+00,2.599947434224808562e-01,5.761914369927859880e+00,7.663094500663403252e-01,2.236948537650358670e-01,2.829992205832852179e-05,1.142391734357044220e+00,2.151351086903595042e-02,2.136458626163343921e-01,9.778546183988739846e-06,-8.794614024679344147e+06,-1.058432157440948504e+05
2.987141912586186528e+08,8.586332126211597025e+07,-1.082080099584189048e+00,-3.032604580599402785e+08,-1.362870772069600062e+05,-6.198922585671263732e+03,-1.112074301203139157e+03,-6.052846145331989974e+07,-7.627345877482010052e+06,-1.168197518223917112e+06,-7.787983454826114466e+05,1.927811911212870655e+01,1.272663383298227258e+00,3.179153192111933146e-01,9.362594697385056008e+00,9.290646091652714489e-01,4.165583762143934554e-01,5.807881403012289239e-05,2.003592422956714358e+00,3.040920932620450740e-02,3.926381209118187110e-01,3.171019654465361914e-05,-8.975383987780282274e+06,-1.975007031686172413e+05
3.369282736716024280e+08,9.684769405383995175e+07,-1.417588618437350290e+00,-3.347131348972390294e+08,-1.775011159981148085e+05,-8.079711894679173383e+03,-1.479614056688223172e+03,-7.030218793086229265e+07,-8.858958090417763218e+06,-1.279829145627473015e+06,-8.532194304183154600e+05,2.975900173872245347e+01,1.654520057801533550e+00,4.132962649469055783e-01,1.501190938845130773e+01,1.189139294195944219e+00,7.463785597477003986e-01,1.115302737705030508e-04,3.410641630323650197e+00,4.230443739849890084e-02,6.901872230620830218e-01,9.235528888720493529e-05,-9.593142533050168306e+06,-3.154898929987182491e+05
3.908835825608245730e+08,1.123567731552778929e+08,-1.991123175719779814e+00,-3.788968122373032570e+08,-2.471045065977443883e+05,-1.100666992532672339e+04,-2.081084310427553646e+03,-8.511513212172049284e+07,-1.072557498591984436e+07,-1.450932689983435906e+06,-9.672884599889575038e+05,4.615933188698328848e+01,2.275623416713727476e+00,5.684079151772630789e-01,2.405860989833761820e+01,1.597301217057991662e+00,1.317531610137539833e+00,2.109274200930708119e-04,5.733404170379654552e+00,5.973691912118379854e-02,1.186562273610572760e+00,2.571930804233738682e-04,-1.064118584431142733e+07,-4.646696213384551811e+05
4.611530582264433503e+08,1.325552462796222568e+08,-2.936200561299913581e+00,-4.342377801046719551e+08,-3.597483988565627369e+05,-1.552654339290318239e+04,-3.071927191177603163e+03,-1.063889945674917400e+08,-1.340634867697114497e+07,-1.683879287660582690e+06,-1.122586191773721948e+06,7.255116313482196233e+01,3.288997966798465011e+00,8.214174294124240161e-01,3.884107917684691103e+01,2.232825166537140138e+00,2.325506995883084294e+00,4.072059746398013218e-04,9.610687743728918875e+00,8.675843815856823515e-02,2.021096132761150521e+00,7.082140237897017413e-04,-1.213351762932509556e+07,-6.575364374978180276e+05
5.011486899473077655e+08,1.440517130563099980e+08,-3.653850097697102672e+00,-4.838759935358986259e+08,-4.421473311525874306e+05,-1.947292404720180639e+04,-3.798421198774093227e+03,-1.218260622937841713e+08,-1.535161297174183279e+07,-1.774811615662007360e+06,-1.183207743774671806e+06,9.560053403452830878e+01,3.796847421155149060e+00,9.481072105461538779e-01,5.322800866327963121e+01,2.543786547166172696e+00,3.395950021795159923e+00,6.664791499377930705e-04,1.371146930489456572e+01,1.093855209067525897e-01,2.904909170608795499e+00,1.621891461910135446e-03,-1.270723644935707375e+07,-3.755348364807129255e+05
5.528676787549736500e+08,1.589179774699069262e+08,-4.571215906206101742e+00,-5.255318525157459378e+08,-5.493649826120766811e+05,-2.395923378987111573e+04,-4.655037307624195819e+03,-1.381550019164142907e+08,-1.740926431994885579e+07,-1.839184952471079770e+06,-1.226123301647386746e+06,1.235055754773644594e+02,4.342957642512362604e+00,1.084438677349418123e+00,7.137296913532074427e+01,2.846991324275972790e+00,4.779618855786289089e+00,1.052085641240315967e-03,1.895838468716290848e+01,1.341219929723075632e-01,3.992754845147894027e+00,3.434746266904851759e-03,-1.347800593338106386e+07,-4.892218758026885916e+05
6.141512021149719954e+08,1.765335009646652639e+08,-5.851468440345470867e+00,-5.732593490962976217e+08,-6.965572015073450748e+05,-2.997072575625033278e+04,-5.837090329822472086e+03,-1.592009449157711267e+08,-2.006131729997815564e+07,-1.921548864682251588e+06,-1.281032576454834547e+06,1.592647707270330670e+02,5.068718866812959689e+00,1.265655731155664876e+00,9.503894429596799398e+01,3.230267941707894330e+00,6.626888990192454365e+00,1.629542835098931513e-03,2.581544569319003912e+01,1.633769934220369036e-01,5.375020119176335598e+00,6.936427731137217827e-03,-1.459193026583863050e+07,-6.203811434136353200e+05
6.830694179823900461e+08,1.963435638374824524e+08,-7.575945413932876349e+00,-6.247030857683808804e+08,-8.906576754754345166e+05,-3.786591105550112843e+04,-7.432478488946331709e+03,-1.853224680812470317e+08,-2.335295708803715929e+07,-2.010742509349902160e+06,-1.340495006233268185e+06,2.049052767234332748e+02,5.986036382205703887e+00,1.494684662851995638e+00,1.256009128925544474e+02,3.686628281478669056e+00,9.073740149961189161e+00,2.493704686949549561e-03,3.465311831872773496e+01,1.985153611103154803e-01,7.106693304475833806e+00,1.352376229407982293e-02,-1.604187971175014228e+07,-7.579883488529053284e+05
7.570897881606739759e+08,2.176202055590544045e+08,-9.815620987547502452e+00,-6.768386550171698332e+08,-1.136185899633900262e+06,-4.800413048399530817e+04,-9.533197059799937051e+03,-2.166339270746536255e+08,-2.729859393287071958e+07,-2.093302264231138630e+06,-1.395534842820759397e+06,2.624527464661275644e+02,7.087774331994948440e+00,1.769742749783003832e+00,1.644392135228702614e+02,4.196510276766450609e+00,1.226406198481149090e+01,3.782923020691197555e-03,4.581986450761954188e+01,2.403526984836981684e-01,9.230354984750846370e+00,2.558868384714785976e-02,-1.784834138090760633e+07,-8.957956852402648656e+05
8.332919139382909536e+08,2.395239777867185473e+08,-1.261538367731590071e+01,-7.266189118047670126e+08,-1.433412071163171902e+06,-6.072458418158831773e+04,-1.222528370513850314e+04,-2.529643822703016996e+08,-3.187668729606114328e+07,-2.155155680756979156e+06,-1.436770453837986104e+06,3.337275201165326166e+02,8.339209616643117329e+00,2.082212104814811671e+00,2.128088799035461989e+02,4.727459966550812354e+00,1.633197514372498915e+01,5.684632309998587790e-03,5.959687858678879024e+01,2.890164045882803179e-01,1.176735842066598359e+01,4.705607666067888883e-02,-2.002225746749360487e+07,-1.024819860708526685e+06
9.086337518562330008e+08,2.611804662393403351e+08,-1.597451837169142230e+01,-7.713737840210418701e+08,-1.776604857164660934e+06,-7.629945079429152247e+04,-1.556976238535889752e+04,-2.937615753554740548e+08,-3.701764569843202084e+07,-2.182957539832185954e+06,-1.455305026554791024e+06,4.200143628269122473e+02,9.668666690993489965e+00,2.414313303665142740e+00,2.716598591221617198e+02,5.234924422986543036e+00,2.137450000818144247e+01,8.429996927061561562e-03,7.614461305472580932e+01,3.438163377035384771e-01,1.470973514280542283e+01,8.404169821706035381e-02,-2.255869762195208296e+07,-1.134177119989471510e+06
9.802605021502982378e+08,2.817690785364242792e+08,-1.983247282056660765e+01,-8.091349375738235712e+08,-2.153433191754592117e+06,-9.488556450604391284e+04,-1.958203554329882900e+04,-3.380581762766637802e+08,-4.259957341161645949e+07,-2.166038299135427456e+06,-1.444025532756951638e+06,5.217066109994651697e+02,1.096673114427664864e+01,2.738909513215943559e+00,3.414757769267051231e+02,5.667568823484784524e+00,2.741973350392470365e+01,1.227098956982250119e-02,9.546253522473712394e+01,4.032546100061289995e-01,1.801625014747864029e+01,1.455710940803425224e-01,-2.542276382420888543e+07,-1.213033426118866075e+06
1.045763785712611794e+09,3.005975428170684576e+08,-2.406574209270481290e+01,-8.387786730787396431e+08,-2.545983511366656981e+06,-1.164854408632674749e+05,-2.421698031676575556e+04,-3.845224848541929126e+08,-4.845465949788985401e+07,-2.098395375371132512e+06,-1.398930250247421907e+06,6.380376115194804925e+02,1.209874021924489362e+01,3.022595792303151452e+00,4.221847890973578501e+02,5.976348905209819762e+00,3.439868573116278583e+01,1.743681388090877193e-02,1.173760532912044141e+02,4.652373484343702570e-01,2.161388543356162728e+01,2.442486981292556480e-01,-2.854333618890064210e+07,-1.252976314513427671e+06
1.103356187393575668e+09,3.171520790008151531e+08,-2.849973353888987404e+01,-8.599882503898928165e+08,-2.933352817021587864e+06,-1.409331805409598455e+05,-2.936806137629038858e+04,-4.315997108919436336e+08,-5.438698087729990482e+07,-1.979989437657448929e+06,-1.319992958438299596e+06,7.670353596237800957e+02,1.292975655014495828e+01,3.231867407676258352e+00,5.131915135266744983e+02,6.124413078327870963e+00,4.213270291287132352e+01,2.407624510009715585e-02,1.415599115903526979e+02,5.274705508434218704e-01,2.540519135557354957e+01,3.966903656676027401e-01,-3.182261534279915690e+07,-1.249831565286834724e+06
1.287379898404107571e+09,3.700484176440103650e+08,-4.033517903583027930e+01,-9.381878227013853788e+08,-3.708000443841197528e+06,-1.882366558443498507e+05,-3.939785373998228897e+04,-5.235200820273491740e+08,-6.597010139618097991e+07,-1.985200815305514960e+06,-1.323467210203676950e+06,9.517169002468642702e+02,1.493362764860552261e+01,3.734730895918560556e+00,6.357184749291109256e+02,6.643656266161239721e+00,5.308402730012304716e+01,3.411738900582983458e-02,1.724072518125279601e+02,6.098247543996688780e-01,3.021872895861075037e+01,6.493055587050581279e-01,-3.783127776680884510e+07,-2.255360545321441721e+06
1.378040826746111870e+09,3.961082723276857138e+08,-4.997950723860704869e+01,-9.664329319165792465e+08,-4.422386763745770790e+06,-2.375208139770979469e+05,-5.029530044329507655e+04,-6.060186168468072414e+08,-7.636595227930279076e+07,-1.864722281787583837e+06,-1.243148187858389458e+06,1.161628598027189355e+03,1.627359557801890944e+01,4.072415577077901361e+00,7.755114189881801394e+02,6.796838850937983345e+00,6.538602337948964305e+01,4.737422486442400410e-02,2.058297565035366574e+02,6.979957707647651555e-01,3.510042654004950435e+01,1.033212216468975653e+00,-4.395697291371440142e+07,-2.158673983133606147e+06
1.452043273987975597e+09,4.173797622255651355e+08,-5.949281682942384464e+01,-9.795708864255946875e+08,-5.059502000166817568e+06,-2.927182921644774615e+05,-6.222074615243086009e+04,-6.846065548031613827e+08,-8.626901887308172882e+07,-1.675976864980463637e+06,-1.117317909986976068e+06,1.394977815156827319e+03,1.689329116769318517e+01,4.231809034644780532e+00,9.336430415215766061e+02,6.694783395774696722e+00,7.867412164807103636e+01,6.424628640747176433e-02,2.423358404799383550e+02,7.883134209872986187e-01,4.026958055590551311e+01,1.613221225067807962e+00,-5.008414392643312365e+07,-2.037183591482421849e+06
1.510466954086260796e+09,4.341732436214691997e+08,-6.850859787496438003e+01,-9.806850868806629181e+08,-5.594357445695956238e+06,-3.536912610689202556e+05,-7.503518057032451907e+04,-7.578616503419239521e+08,-9.550008038606993854e+07,-1.444807529890471371e+06,-9.632050199269810691e+05,1.650647175863414759e+03,1.677756424227077758e+01,4.209280012593720421e+00,1.112130099232140765e+03,6.375537369654099784e+00,9.256526512399021556e+01,8.487678462763759146e-02,2.820585983513531119e+02,8.808115851487747783e-01,4.570980569043282316e+01,2.471886671980567662e+00,-5.583027398657482862e+07,-1.880915279162353603e+06
1.554682536910932779e+09,4.468827060573519468e+08,-7.674140400280005281e+01,-9.718829072976638079e+08,-6.013739726879402064e+06,-4.202917534900933970e+05,-8.871148064454914129e+04,-8.247913553472206593e+08,-1.039340632975129634e+08,-1.196152504747830098e+06,-7.974350031652202597e+05,1.929203712622685316e+03,1.600868387739825849e+01,4.024743954665917833e+00,1.314670888296536305e+03,5.891559068521337927e+00,1.066930999662367157e+02,1.091718839766392668e-01,3.254127814190168237e+02,9.778295166649928483e-01,5.143317024875693733e+01,3.719487736591547300e+00,-6.115528695379372686e+07,-1.703488318513977109e+06
1.586121030434135914e+09,4.559194828439046144e+08,-8.399390550710647574e+01,-9.548905281820465326e+08,-6.313982469286528416e+06,-4.924613210044624866e+05,-1.033625782726824254e+05,-8.848456744449818134e+08,-1.115016612869076431e+08,-9.518589167967948597e+05,-6.345726111978633562e+05,2.233214070759630431e+03,1.473667846736705300e+01,3.714463602472843018e+00,1.547045215651686021e+03,5.301452904729031523e+00,1.207397163172064154e+02,1.368443798923511534e-01,3.731123809961537745e+02,1.083734135275507882e+00,5.748922380449178604e+01,5.505814219061933024e+00,-6.601664467849861085e+07,-1.517913934986572247e+06
1.606358093352171659e+09,4.617364861386312246e+08,-9.017042682903738182e+01,-9.312105874065685272e+08,-6.499911773303175345e+06,-5.703296325810913695e+05,-1.192489771235138469e+05,-9.379460095220044851e+08,-1.181929700054514408e+08,-7.282705987288653851e+05,-4.855137324859103537e+05,2.567249062143479023e+03,1.313519317429728339e+01,3.320279379272852882e+00,1.817355157975100155e+03,4.659035497799002279e+00,1.344609088536425077e+02,1.674821908852134889e-01,4.261486504400069180e+02,1.204623076516119884e+00,6.396282358521545319e+01,8.032910382267063554e+00,-7.034558941255803406e+07,-1.334948604232544079e+06
1.617061192609702349e+09,4.648130177428964376e+08,-9.526769833723845693e+01,-9.021734603165265322e+08,-6.582464305676128715e+06,-6.542661067159009399e+05,-1.367583929182186257e+05,-9.844083717070221901e+08,-1.240478108218378872e+08,-5.353335392413384980e+05,-3.568890261608923320e+05,2.937403226461387476e+03,1.136566387472348971e+01,2.880904100459102501e+00,2.136131034553170139e+03,4.007078595659440801e+00,1.476772979962647128e+02,2.005906235802679405e-01,4.857278683464695632e+02,1.348055913637233871e+00,7.096414197815708746e+01,1.157082880798064117e+01,-7.406722164112086594e+07,-1.162658839008606039e+06
1.619772568226112366e+09,4.655923838474432826e+08,-9.933495110205765855e+01,-8.688944579667474031e+08,-6.574989714978607371e+06,-7.447757692051293561e+05,-1.563700397243783518e+05,-1.024717428990025759e+09,-1.291272579862072021e+08,-3.778902043870992493e+05,-2.519268029247328814e+05,3.350607284098535729e+03,9.575296940941909085e+00,2.431530672529625292e+00,2.516541255890060256e+03,3.380970767157942536e+00,1.602623866028635859e+02,2.355297217051504632e-01,5.531814690564319790e+02,1.523204580094056571e+00,7.862113560883375385e+01,1.647746024211180327e+01,-7.718319758053389192e+07,-1.006727170422546449e+06
1.616045218627238035e+09,4.645209830722879767e+08,-1.024791637276338605e+02,-8.323966913029352427e+08,-6.492875133477333002e+06,-8.426391330821545562e+05,-1.786292189699649171e+05,-1.059590716089058042e+09,-1.335217298793047220e+08,-2.556069897935411136e+05,-1.704046598623607715e+05,3.813735596384774453e+03,7.869583138853032622e+00,1.997143280955261169e+00,2.974357075207917205e+03,2.803006810581344155e+00,1.721356919820119344e+02,2.715590792714683843e-01,6.299099076094780685e+02,1.740638885121299051e+00,8.706747915818164074e+01,2.321359667398412796e+01,-7.962208471207046509e+07,-8.700493283457641955e+05
1.607232829166791916e+09,4.619879228780567646e+08,-1.048209492524976127e+02,-7.935507755912631750e+08,-6.350672604018751532e+06,-9.487266822693853173e+05,-2.041078633632281853e+05,-1.089746226843094349e+09,-1.373217027368759811e+08,-1.654555943358523655e+05,-1.103037295572349249e+05,4.332657765241122434e+03,6.335176542526745891e+00,1.598234912604820313e+00,3.528173362720343903e+03,2.291039260525102428e+00,1.832917165371890746e+02,3.077365229758735610e-01,7.172789866797835430e+02,2.012790266106968762e+00,9.643970858104032118e+01,3.235615286633944265e+01,-8.140235319306874275e+07,-7.536986622926025884e+05
1.594580148329508066e+09,4.583509975783874989e+08,-1.064955158071400803e+02,-7.531436655411264896e+08,-6.162126689004025422e+06,-1.064082091085826978e+06,-2.333790048182309256e+05,-1.115940523802423954e+09,-1.406225129363944829e+08,-1.022293441911343834e+05,-6.815289612742293684e+04,4.911225076558358523e+03,5.023935110787507874e+00,1.246983507388615076e+00,4.199377868375382604e+03,1.854331711761827428e+00,1.938273836256553864e+02,3.430515197884379530e-01,8.165968973307270744e+02,2.353752827547257898e+00,1.068695591861143299e+02,4.459776709998882893e+01,-8.251133741894534230e+07,-6.569618548605956603e+05
1.579165742280095577e+09,4.539202335322979689e+08,-1.076350460690482578e+02,-7.118808679379360676e+08,-5.939265004157397896e+06,-1.189912577122705290e+06,-2.670025546486164676e+05,-1.138890754414085865e+09,-1.435145300575982332e+08,-5.999959096679797949e+04,-3.999972731119865784e+04,5.550220171352172656e+03,3.958590515944147015e+00,9.486655166124808858e-01,5.012456183256767872e+03,1.495265644425160634e+00,2.039147314221134764e+02,3.764792204831702849e-01,9.291261031636810230e+02,2.779412392952383293e+00,1.184692028081113193e+02,6.074815238095917636e+01,-8.296747674688780308e+07,-5.775345404443359002e+05
1.561853197210637569e+09,4.489438625975914598e+08,-1.083506596651149181e+02,-6.703747830591512918e+08,-5.691968529558034614e+06,-1.327312548869137419e+06,-3.054627476194608025e+05,-1.159170790923137188e+09,-1.460700692064297199e+08,-3.336244527301514609e+04,-2.224163018201010345e+04,6.246193253247170105e+03,3.151073985640516106e+00,7.062988758156167890e-01,5.994588628008929845e+03,1.214821416624090045e+00,2.139199545758442298e+02,4.071552031434383934e-01,1.055939305132426398e+03,3.307324949653782653e+00,1.313352020314778770e+02,8.167464529841538479e+01,-8.283898943992544711e+07,-5.127191091798095731e+05
1.543352447939677238e+09,4.436259506110564470e+08,-1.087381875791071479e+02,-6.291799198006570339e+08,-5.428430191910359077e+06,-1.477359036366662243e+06,-3.491531718455294031e+05,-1.177261808260089397e+09,-1.483497644636910260e+08,-1.749844654721886400e+04,-1.166563103147924267e+04,6.990338289496708057e+03,2.588467523039687634e+00,5.171218094194069970e-01,7.175494283646546137e+03,1.007936746841598952e+00,2.242885298019558036e+02,4.346567181796395785e-01,1.197969256323138325e+03,3.956085776459491665e+00,1.455247993202334271e+02,1.082514662980665179e+02,-8.217210541308462620e+07,-4.591594159080810496e+05
1.524212234950989723e+09,4.381242292166076899e+08,-1.088724430248768300e+02,-5.887883751725050211e+08,-5.155243940650518052e+06,-1.640926138985538390e+06,-3.983210187569072004e+05,-1.193516988782141447e+09,-1.503981212394239902e+08,-8.612124697013630794e+03,-5.741416464675754469e+03,7.767375773346150709e+03,2.242997642653977053e+00,3.750111965956516302e-01,8.586537585448768368e+03,8.661517294635556752e-01,2.354925653748753405e+02,4.591902943437777829e-01,1.355879189881743741e+03,4.744513225740782048e+00,1.610433633137934635e+02,1.412461868413952857e+02,-8.104668277601046860e+07,-4.134610520096435794e+05
1.504839486877174616e+09,4.325556672256847620e+08,-1.088083734530654567e+02,-5.496293610154635906e+08,-4.877690499959054403e+06,-1.818573991359867621e+06,-4.530255247388120624e+05,-1.208170479606729269e+09,-1.522446450093671083e+08,-3.951585468698439854e+03,-2.634390312465626721e+03,8.554900090643635849e+03,2.077559828826914146e+00,2.717250540740694942e-01,1.025962967055726585e+04,7.788472062286203590e-01,2.479284863822992122e+02,4.816861418866622557e-01,1.529944947634659911e+03,5.690599317117732703e+00,1.778329194465052012e+02,1.811809426019047464e+02,-7.954924589932554960e+07,-3.724827729891357594e+05
1.485524646678549767e+09,4.270037504516165257e+08,-1.085824249530188439e+02,-5.120859507681519389e+08,-4.600140603658099659e+06,-2.010210911868772935e+06,-5.130183538227712852e+05,-1.221337677765086412e+09,-1.539038772478833199e+08,-1.682540992486382493e+03,-1.121693994990921738e+03,9.323257742215015242e+03,2.052793897667112510e+00,1.986774480027919676e-01,1.222373605898072310e+04,7.351948442271837303e-01,2.618937288575606885e+02,5.039666234587760751e-01,1.719688927750977655e+03,6.808843706728738177e+00,1.957783099079381657e+02,2.280699358480997887e+02,-7.774609441204671562e+07,-3.336340006264648400e+05
1.466465996261112452e+09,4.215254736522461176e+08,-1.082177164001570446e+02,-4.764780767561095357e+08,-4.326244567069662735e+06,-2.215080955496331677e+06,-5.777485551971837413e+05,-1.233054999406882286e+09,-1.553804068469151556e+08,-6.610911561704256201e+02,-4.407274374469504892e+02,1.003718939658098498e+04,2.130289773695530631e+00,1.475287077037752692e-01,1.450298778699795730e+04,7.246389325620461452e-01,2.774671758813159954e+02,5.284734483258086701e-01,1.923782213530861327e+03,8.108827676371102910e+00,2.147114405024344137e+02,2.812579386246977151e+02,-7.570688846713300049e+07,-2.949301198306884617e+05
1.447793750005099058e+09,4.161582660475115180e+08,-1.077275227860300078e+02,-4.430627705853194594e+08,-4.059155733270907775e+06,-2.431568849511687178e+06,-6.463276393283166690e+05,-1.243300350639306545e+09,-1.566714496986527741e+08,-2.384119126315491712e+02,-1.589412750876994949e+02,1.065877194305075864e+04,2.277514911657105401e+00,1.113922225081045575e-01,1.711298006394489857e+04,7.382194558342929369e-01,2.945511624746972075e+02,5.579748952549036245e-01,2.139771004781683132e+03,9.592740963084297690e+00,2.344290943280368822e+02,3.392275527629558951e+02,-7.348524410002569854e+07,-2.551568215305175690e+05
1.429592865058182716e+09,4.109265479799260497e+08,-1.071194398693719023e+02,-4.120312811753537059e+08,-3.801653487276974134e+06,-2.657140349987560883e+06,-7.175606352396409493e+05,-1.252022118894760370e+09,-1.577705019717539847e+08,-7.862114131335276568e+01,-5.241409420890185089e+01,1.115175652885666750e+04,2.469499462863183226e+00,8.522322242380539481e-02,2.005739317197789205e+04,7.689751616549715951e-01,3.129283885396123992e+02,5.951436995306587097e-01,2.363899892245865431e+03,1.125347899210199643e+01,2.547103961793840199e+02,3.995421597361877275e+02,-7.112431075065398216e+07,-2.138678651367187558e+05
1.411923432601394892e+09,4.058475922424567938e+08,-1.063991954607039219e+02,-3.835075361193660498e+08,-3.556200818941145204e+06,-2.888392539740721695e+06,-7.900334641205406515e+05,-1.259166841077121019e+09,-1.586708266450551748e+08,-2.361264492780139790e+01,-1.574176328520093548e+01,1.148624404840904208e+04,2.688402315049914115e+00,6.568177366839358933e-02,2.332507424904179425e+04,8.117932792823752131e-01,3.323199767815358427e+02,6.420943169477386636e-01,2.591000929230575366e+03,1.307353237021933090e+01,2.753291793757160804e+02,4.589868191802430601e+02,-6.865970508917039633e+07,-1.713261135095214995e+05
1.394837056195380449e+09,4.009362319204931259e+08,-1.055737709609322081e+02,-3.575498585802208781e+08,-3.324943360786262900e+06,-3.121222448830158450e+06,-8.622407849000918213e+05,-1.264703259890124321e+09,-1.593684849068951607e+08,-6.449663463932012064e+00,-4.299775642621342264e+00,1.164276699235668093e+04,2.922068857894148497e+00,5.075603434071028486e-02,2.688800456461642898e+04,8.630366388695011048e-01,3.524410037339973201e+02,7.000347609162127505e-01,2.814474762209172695e+03,1.502488975094365919e+01,2.960644810647079339e+02,5.139212286571579398e+02,-6.612630718520917743e+07,-1.283654333437500027e+05
1.378388070293635368e+09,3.962080850756223798e+08,-1.046534991047644638e+02,-3.341564969904671907e+08,-3.109671508145719301e+06,-3.351099290091085713e+06,-9.327252159643891500e+05,-1.268639788892354727e+09,-1.598645369712600708e+08,-1.599615130930400531e+00,-1.066410087286933761e+00,1.161438332482105216e+04,3.162097986476648970e+00,3.926501129768432408e-02,3.070030271078238729e+04,9.200256393900499985e-01,3.730061137513534391e+02,7.690487617631538431e-01,3.026414962336236840e+03,1.706993688988976032e+01,3.166996033552880476e+02,5.608014202652340146e+02,-6.355890534113915265e+07,-8.619056457360839704e+04
1.362637907409230232e+09,3.916808100573977232e+08,-1.036528734093598416e+02,-3.132743240563915372e+08,-2.911757659257136751e+06,-3.573390109430660959e+06,-1.000182531299357302e+06,-1.271033390408805370e+09,-1.601661608060722947e+08,-3.628291364371337147e-01,-2.418860909580891894e-01,1.140682337596785328e+04,3.402258321264437502e+00,3.048534760324971699e-02,3.469826413311735087e+04,9.806322976273360581e-01,3.937218545815038055e+02,8.480948635526033286e-01,3.217980759836902962e+03,1.916290150426928918e+01,3.370167421290374250e+02,5.967179051611630030e+02,-6.099266382505892217e+07,-4.613096305871582445e+04
1.347653757952719927e+09,3.873737202830454111e+08,-1.025901737600718064e+02,-2.948096361626819968e+08,-2.732100490421557799e+06,-3.783717959855935536e+06,-1.063526186895420775e+06,-1.271989478723664522e+09,-1.602866399342668056e+08,-7.507601627618840090e-02,-5.005067751745893856e-02,1.103639966260768961e+04,3.637343616042120420e+00,2.389469995974716557e-02,3.880172975404842146e+04,1.042964908832598070e+00,4.142468528299461354e+02,9.351012433299206172e-01,3.380113393914001790e+03,2.125195589886524061e+01,3.567738027752224639e+02,6.198406895129312488e+02,-5.846315027574896067e+07,-9.407873874267577776e+03
1.333501533738371849e+09,3.833057616461622715e+08,-1.014860230479535232e+02,-2.786384629194144011e+08,-2.571083005896443501e+06,-3.978270761269803625e+06,-1.121887369109107181e+06,-1.271653511544929743e+09,-1.602443038527910113e+08,-1.422210208505966800e-02,-9.481401390039780400e-03,1.052760542161985541e+04,3.862538307241322411e+00,1.907198676758419670e-02,4.291682724459298333e+04,1.105220086769664656e+00,4.341908243288513063e+02,1.027236837155821814e+00,3.504610362112586699e+03,2.328141114768832765e+01,3.756934798879085520e+02,6.296005660001642354e+02,-5.599988492856787145e+07,2.305772607763671840e+04
1.320235481190816879e+09,3.794925269050493240e+08,-1.003615093083006116e+02,-2.646118269866294265e+08,-2.428539095707532484e+06,-4.154127547553472221e+06,-1.174615649606388761e+06,-1.270199285385029793e+09,-1.600610531036505699e+08,-2.468351632862625291e-03,-1.645567755241750339e-03,9.909634566879936756e+03,4.073218146442560972e+00,1.564541211350873803e-02,4.694204604254112928e+04,1.165633098272411239e+00,4.531124684795293547e+02,1.121218040366188662e+00,3.585409468204047243e+03,2.519555544332162000e+01,3.934582731407743950e+02,6.266459232656960694e+02,-5.363013166024340689e+07,5.075401693994140805e+04
1.307894850157140255e+09,3.759452981558653116e+08,-9.923618899039269081e+01,-2.525737306309876442e+08,-2.303894106676434632e+06,-4.309222849926324561e+06,-1.221194999322634190e+06,-1.267807533593693256e+09,-1.597596623574198782e+08,-3.967878841380716279e-04,-2.645252560920477881e-04,9.214544562530509211e+03,4.264793065735689837e+00,1.329716581210482924e-02,5.077121712536401174e+04,1.222459897565511433e+00,4.705395094838900150e+02,1.213571888617922978e+00,3.619475529514913433e+03,2.694019736668761666e+01,4.097196393887522277e+02,6.125756770994200906e+02,-5.136571621285758168e+07,7.354972225097657065e+04
