# tendency to change, top row gives equation number (where number 0 is the first equation), penultimate column is gas-particle partitioning and final column is gas-wall partitioning (molecules/cc.s (air))
0.000000000000000000e+00,1.000000000000000000e+00,2.000000000000000000e+00,3.000000000000000000e+00,4.000000000000000000e+00,5.000000000000000000e+00,6.000000000000000000e+00,7.000000000000000000e+00,3.200000000000000000e+01,3.900000000000000000e+01,4.100000000000000000e+01,4.300000000000000000e+01,0.000000000000000000e+00,0.000000000000000000e+00
0.000000000000000000e+00,0.000000000000000000e+00,0.000000000000000000e+00,0.000000000000000000e+00,0.000000000000000000e+00,0.000000000000000000e+00,0.000000000000000000e+00,0.000000000000000000e+00,0.000000000000000000e+00,0.000000000000000000e+00,1.127157226027804017e+08,0.000000000000000000e+00,0.000000000000000000e+00,0.000000000000000000e+00
-9.089022771448262036e+07,-2.612576519700361043e+07,-8.347380454309821785e-02,-2.650703672979675503e+03,-6.985987259132058398e+02,-1.441268612058966028e+02,3.619337386656152550e+06,1.045330026055622660e+07,0.000000000000000000e+00,1.933761470500155818e+06,1.010130642764816433e+08,2.363049425195969633e+01,1.385390243410572264e+00,-1.950359956026659292e-08
-1.112313526383377016e+08,-3.197268039313394949e+07,-1.248669508066974354e-01,-3.176323790734041722e+03,-1.046417935770677332e+03,-2.158849236305632360e+02,4.425915874391616322e+06,1.278284465370654687e+07,0.000000000000000000e+00,2.363688130084570497e+06,1.236359882122463584e+08,3.617082156825165384e+01,-1.838958897087338284e+00,-4.086915828338533232e-08
-1.464698143274073303e+08,-4.210173165796585381e+07,-2.193667548091464414e-01,-4.051345245810906817e+03,-1.810680088624681503e+03,-3.735587085137523218e+02,5.904804812521311454e+06,1.705414309061945230e+07,0.000000000000000000e+00,3.153498042767335661e+06,1.624652723378812373e+08,6.546621417323551384e+01,-2.756283405154727362e+00,-6.370155551849165487e-08
-1.977716958532416224e+08,-5.684810147803923488e+07,-4.121734570355590210e-01,-5.231786718929881317e+03,-3.285005710240486223e+03,-6.777246286006408127e+02,8.216724960611265153e+06,2.373138616155117005e+07,0.000000000000000000e+00,4.388193497224248946e+06,2.182925626734468043e+08,1.276910833143649029e+02,-3.453040269513516058e+00,-8.845717911754036333e-08
-2.665511841387928426e+08,-7.661828807018975914e+07,-7.832739291813839433e-01,-6.640517972163945160e+03,-5.921349930319840496e+03,-1.221624872623634019e+03,1.158553042560156621e+07,3.346110496996572986e+07,0.000000000000000000e+00,6.187325183556509204e+06,2.919490449931416512e+08,2.544679229723376466e+02,-4.253041695893061913e+00,-1.154737556134932750e-07
-2.753400363075419664e+08,-7.914458263326661289e+07,-9.024714483202327386e-01,-6.702545316093424844e+03,-6.229790832541014424e+03,-1.285258855131320161e+03,1.292251283875097893e+07,3.732255172518131137e+07,0.000000000000000000e+00,6.901349026265062392e+06,2.973521260592135191e+08,2.985296666260692859e+02,-4.011874620952973203e+00,-2.406151634204434347e-08
-2.987141912586186528e+08,-8.586332126211597025e+07,-1.082080099584189048e+00,-7.003790932477737442e+03,-7.306039310513270721e+03,-1.507298073432208412e+03,1.428191425367572904e+07,4.124874860785491019e+07,0.000000000000000000e+00,7.627345877482010052e+06,3.214349506510701180e+08,3.727363333440847555e+02,-4.013937880556067483e+00,-4.531975901045370752e-08
-3.369282736716024280e+08,-9.684769405383995175e+07,-1.417588618437350290e+00,-7.506932958213664278e+03,-9.240613584095397528e+03,-1.906417206460387888e+03,1.658806114962781221e+07,4.790931748358737677e+07,0.000000000000000000e+00,8.858958090417763218e+06,3.604377757322490811e+08,5.127441083752947861e+02,-4.160991210129413531e+00,-6.798875347158173364e-08
-3.908835825608245730e+08,-1.123567731552778929e+08,-1.991123175719779814e+00,-8.142968792168597247e+03,-1.232685889525809216e+04,-2.543135873571954107e+03,2.008323009504263103e+07,5.800399685293675959e+07,0.000000000000000000e+00,1.072557498591984436e+07,4.144498078889099360e+08,7.636750540446763580e+02,-4.417204562528170619e+00,-9.182503345073200349e-08
-4.611530582264433503e+08,-1.325552462796222568e+08,-2.936200561299913581e+00,-8.808402687601241269e+03,-1.693863323089372352e+04,-3.494584158445655248e+03,2.510287658874313533e+07,7.250164280159963667e+07,0.000000000000000000e+00,1.340634867697114497e+07,4.827254759378787279e+08,1.208630709701011256e+03,-4.747916111392574301e+00,-1.160713800345547583e-07
-5.011486899473077655e+08,-1.440517130563099980e+08,-3.653850097697102672e+00,-9.314973740102544980e+03,-1.975715952800599189e+04,-4.076070115062671903e+03,2.874530978972676024e+07,8.302164794654083252e+07,0.000000000000000000e+00,1.535161297174183279e+07,5.181134365034809709e+08,1.549763692072769345e+03,-4.713007085569405952e+00,-6.867482261441182642e-08
-5.528676787549736500e+08,-1.589179774699069262e+08,-4.571215906206101742e+00,-9.841805962161286516e+03,-2.388067882375614499e+04,-4.926787230874097077e+03,3.259818346186834201e+07,9.414944319143162668e+07,0.000000000000000000e+00,1.740926431994885579e+07,5.676653872943675518e+08,2.034386894127109599e+03,-4.856895160965685854e+00,-8.400784827244933673e-08
-6.141512021149719954e+08,-1.765335009646652639e+08,-5.851468440345470867e+00,-1.034908556923002470e+04,-2.918888853103901783e+04,-6.021916058561656428e+03,3.756405151685769111e+07,1.084917672932105511e+08,0.000000000000000000e+00,2.006131729997815564e+07,6.246103837762222290e+08,2.751917530879927654e+03,-5.062737719756883692e+00,-9.687472811492625571e-08
-6.830694179823900461e+08,-1.963435638374824524e+08,-7.575945413932876349e+00,-1.077535492236246318e+04,-3.565978229975829163e+04,-7.356916500858732434e+03,4.372752147554082423e+07,1.262929820577057153e+08,0.000000000000000000e+00,2.335295708803715929e+07,6.860895330761368275e+08,3.791028263685747788e+03,-5.311373727745534623e+00,-1.064221723936498142e-07
-7.570897881606739759e+08,-2.176202055590544045e+08,-9.815620987547502452e+00,-1.106948041040970747e+04,-4.313218082964433415e+04,-8.898535896720377423e+03,5.111557597878240049e+07,1.476310182265553772e+08,0.000000000000000000e+00,2.729859393287071958e+07,7.487226597253640890e+08,5.259313346417262437e+03,-5.596461341313682780e+00,-1.118874097301159069e-07
-8.332919139382909536e+08,-2.395239777867185473e+08,-1.261538367731590071e+01,-1.120122845282935486e+04,-5.129085693458990863e+04,-1.058174019553189464e+04,5.968788118962011486e+07,1.723893843916963041e+08,0.000000000000000000e+00,3.187668729606114328e+07,8.089277528948805332e+08,7.275868389525597195e+03,-5.910648490510049591e+00,-1.128651892940979482e-07
-9.086337518562330008e+08,-2.611804662393403351e+08,-1.597451837169142230e+01,-1.116554478127639413e+04,-5.969195842083094612e+04,-1.231495891318891336e+04,6.931412971715725958e+07,2.001917292662231624e+08,0.000000000000000000e+00,3.701764569843202084e+07,8.633639506021108627e+08,9.954616634681966389e+03,-6.245874148430561767e+00,-1.094072558771586072e-07
-9.802605021502982378e+08,-2.817690785364242792e+08,-1.983247282056660765e+01,-1.097974313172975963e+04,-6.782855554858442338e+04,-1.399360813114600023e+04,7.976607645876693726e+07,2.303788397578287125e+08,0.000000000000000000e+00,4.259957341161645949e+07,9.093645349573231936e+08,1.338098090133702499e+04,-6.591321052379520928e+00,-1.020029067149152959e-07
-1.045763785712611794e+09,-3.005975428170684576e+08,-2.406574209270481290e+01,-1.067530775866301155e+04,-7.521397668583384075e+04,-1.551728335085673461e+04,9.072950183352668583e+07,2.620431929483020008e+08,0.000000000000000000e+00,4.845465949788985401e+07,9.452178203614763021e+08,1.758733854653684102e+04,-6.933386611110020858e+00,-9.145843068836257539e-08
-1.103356187393575668e+09,-3.171520790008151531e+08,-2.849973353888987404e+01,-1.028841026115698878e+04,-8.145729760511721543e+04,-1.680533357800418526e+04,1.018375473464321494e+08,2.941252352255494595e+08,0.000000000000000000e+00,5.438698087729990482e+07,9.702445485932918787e+08,2.253631688749455861e+04,-7.258468293420615502e+00,-7.872959031374194257e-08
-1.287379898404107571e+09,-3.700484176440103650e+08,-4.033517903583027930e+01,-1.079653348541887317e+04,-9.904766953884215036e+04,-2.043437697618389211e+04,1.235264987319770604e+08,3.567668452632287741e+08,0.000000000000000000e+00,6.597010139618097991e+07,1.011124156369258285e+09,3.199797776723303468e+04,-8.291971163002418876e+00,-1.468170012230984867e-07
-1.378040826746111870e+09,-3.961082723276857138e+08,-4.997950723860704869e+01,-1.028416428017431645e+04,-1.092355365825360350e+05,-2.253622063109634473e+04,1.429923330076195598e+08,4.129876914478702545e+08,0.000000000000000000e+00,7.636595227930279076e+07,1.041762715282996297e+09,4.347695451300335117e+04,-8.900507421058462043e+00,-1.216473101521842294e-07
-1.452043273987975597e+09,-4.173797622255651355e+08,-5.949281682942384464e+01,-9.722893797530625307e+03,-1.165674737750582572e+05,-2.404886165793997498e+04,1.615354474965176284e+08,4.665435561851460934e+08,0.000000000000000000e+00,8.626901887308172882e+07,1.055029913002855539e+09,5.646263941194978543e+04,-9.450329142185353248e+00,-9.773541751201264814e-08
-1.510466954086260796e+09,-4.341732436214691997e+08,-6.850859787496438003e+01,-9.146860055564093273e+03,-1.211163055543611554e+05,-2.498732435789344163e+04,1.788202581024608612e+08,5.164652119768714905e+08,0.000000000000000000e+00,9.550008038606993854e+07,1.053800341024442673e+09,7.058779785372110200e+04,-9.890460141162041197e+00,-7.563960025436244481e-08
-1.554682536910932779e+09,-4.468827060573519468e+08,-7.674140400280005281e+01,-8.572998160096803986e+03,-1.231326862651939446e+05,-2.540332085497916705e+04,1.946125694286788106e+08,5.620762602062424421e+08,0.000000000000000000e+00,1.039340632975129634e+08,1.040875010104793549e+09,8.548764239757663745e+04,-1.023750876655463671e+01,-5.562008300330489863e-08
-1.586121030434135914e+09,-4.559194828439046144e+08,-8.399390550710647574e+01,-8.010203384164587078e+03,-1.229428479578026308e+05,-2.536415559691892122e+04,2.087826080331986845e+08,6.030018917273117304e+08,0.000000000000000000e+00,1.115016612869076431e+08,1.018670885618515611e+09,1.008292315830676380e+05,-1.050127313905533555e+01,-3.788442700169980727e-08
-1.606358093352171659e+09,-4.617364861386312246e+08,-9.017042682903738182e+01,-7.463346365601416437e+03,-1.209213796819603449e+05,-2.494710949188402446e+04,2.213118284016042948e+08,6.391885437439184189e+08,0.000000000000000000e+00,1.181929700054514408e+08,9.892992413887667656e+08,1.163789031480844424e+05,-1.068311019043328258e+01,-2.253709681099280649e-08
-1.617061192609702349e+09,-4.648130177428964376e+08,-9.526769833723845693e+01,-6.935253973800534368e+03,-1.174548015202214010e+05,-2.423192492162413691e+04,2.322747945294334888e+08,6.708515705462863445e+08,0.000000000000000000e+00,1.240478108218378872e+08,9.545776650866978168e+08,1.320471632094146917e+05,-1.078124355484184527e+01,-9.566796506987884720e-09
-1.619772568226112366e+09,-4.655923838474432826e+08,-9.933495110205765855e+01,-6.427441170782066365e+03,-1.128953620618838322e+05,-2.329127376723003181e+04,2.417858656206869781e+08,6.983212621762846708e+08,0.000000000000000000e+00,1.291272579862072021e+08,9.159863652954622507e+08,1.478746256842811999e+05,-1.080381960332841196e+01,1.085929397959262098e-09
-1.616045218627238035e+09,-4.645209830722879767e+08,-1.024791637276338605e+02,-5.941100184123270992e+03,-1.075681058618878888e+05,-2.219221548603806514e+04,2.500143466434675157e+08,7.220866019692907333e+08,0.000000000000000000e+00,1.335217298793047220e+08,8.747762041833256483e+08,1.640828817948005453e+05,-1.074688487495510714e+01,9.591371053829789638e-09
-1.607232829166791916e+09,-4.619879228780567646e+08,-1.048209492524976127e+02,-5.477082814693601904e+03,-1.017429325239509199e+05,-2.099043266274468260e+04,2.571296509010650516e+08,7.426368861522742510e+08,0.000000000000000000e+00,1.373217027368759811e+08,8.319407636307251453e+08,1.810236480964870134e+05,-1.061860084129385484e+01,1.614214852452278098e-08
-1.594580148329508066e+09,-4.583509975783874989e+08,-1.064955158071400803e+02,-5.036215421877389417e+03,-9.564604874600633048e+04,-1.973259366382060762e+04,2.633102921145536005e+08,7.604876946028937101e+08,0.000000000000000000e+00,1.406225129363944829e+08,7.882929245878944397e+08,1.992026253843501618e+05,-1.042200087952877752e+01,2.099044650094583776e-08
-1.579165742280095577e+09,-4.539202335322979689e+08,-1.076350460690482578e+02,-4.619278366308890327e+03,-8.945599619543550943e+04,-1.845553315437420315e+04,2.687254838805741072e+08,7.761277467592365742e+08,0.000000000000000000e+00,1.435145300575982332e+08,7.444725522169814110e+08,2.192608414973554609e+05,-1.016367361548816817e+01,2.440796743030659942e-08
-1.561853197210637569e+09,-4.489438625975914598e+08,-1.083506596651149181e+02,-4.226993866940268163e+03,-8.330793668573896866e+04,-1.718713616655932128e+04,2.735106334775805473e+08,7.899481233048454523e+08,0.000000000000000000e+00,1.460700692064297199e+08,7.009920867787667513e+08,2.419368896120569261e+05,-9.855924830574666728e+00,2.664980274857953193e-08
-1.543352447939677238e+09,-4.436259506110564470e+08,-1.087381875791071479e+02,-3.860006891716465361e+03,-7.730319133620848879e+04,-1.594830610937989150e+04,2.777792759048721194e+08,8.022767338295066357e+08,0.000000000000000000e+00,1.483497644636910260e+08,6.582627145329492092e+08,2.680894534723404795e+05,-9.507460486252716336e+00,2.796602711896412218e-08
-1.524212234950989723e+09,-4.381242292166076899e+08,-1.088724430248768300e+02,-3.518821456712293639e+03,-7.151500360780885967e+04,-1.475415373202732735e+04,2.816147458409122229e+08,8.133542639402887821e+08,0.000000000000000000e+00,1.503981212394239902e+08,6.166215087505691051e+08,2.986806199542492395e+05,-9.130243076713542294e+00,2.858106745406985315e-08
-1.504839486877174616e+09,-4.325556672256847620e+08,-1.088083734530654567e+02,-3.203708913568197204e+03,-6.599443342720302462e+04,-1.361521313181723781e+04,2.850722911654928327e+08,8.233402794953944683e+08,0.000000000000000000e+00,1.522446450093671083e+08,5.763470495549180508e+08,3.347704106714758673e+05,-8.736010562659920708e+00,2.868444062187336404e-08
-1.485524646678549767e+09,-4.270037504516165257e+08,-1.085824249530188439e+02,-2.914795792996716955e+03,-6.077798798316366447e+04,-1.253901605241603829e+04,2.881791402428933978e+08,8.323134209300770760e+08,0.000000000000000000e+00,1.539038772478833199e+08,5.376917900445808172e+08,3.774684238848682144e+05,-8.333441779202019006e+00,2.843225956894457539e-08
-1.466465996261112452e+09,-4.215254736522461176e+08,-1.082177164001570446e+02,-2.651878598276083267e+03,-5.588969273374190379e+04,-1.153051915024106165e+04,2.909438856029224992e+08,8.402985050227940083e+08,0.000000000000000000e+00,1.553804068469151556e+08,5.008719061604490280e+08,4.279059804414506652e+05,-7.930752457426574864e+00,2.794288593577221224e-08
-1.447793750005099058e+09,-4.161582660475115180e+08,-1.077275227860300078e+02,-2.414443609752258908e+03,-5.134491761432407657e+04,-1.059289337373810667e+04,2.933613141081627011e+08,8.472804752908518314e+08,0.000000000000000000e+00,1.566714496986527741e+08,4.660770429984473586e+08,4.871533503825251246e+05,-7.533708313801977141e+00,2.729971674853004494e-08
-1.429592865058182716e+09,-4.109265479799260497e+08,-1.071194398693719023e+02,-2.201667469999455079e+03,-4.715242208503759321e+04,-9.727945874061606446e+03,2.954192475804179907e+08,8.532241589554489851e+08,0.000000000000000000e+00,1.577705019717539847e+08,4.334695372890917659e+08,5.561158309929294046e+05,-7.146374692801739315e+00,2.655388016137294405e-08
-1.411923432601394892e+09,-4.058475922424567938e+08,-1.063991954607039219e+02,-2.012439979102431607e+03,-4.331569144171140942e+04,-8.936395697395832030e+03,2.971050712026547194e+08,8.580931221459350586e+08,0.000000000000000000e+00,1.586708266450551748e+08,4.031819244743960500e+08,6.354107622480271384e+05,-6.771537127768828768e+00,2.572902303654700571e-08
-1.394837056195380449e+09,-4.009362319204931259e+08,-1.055737709609322081e+02,-1.845408920833656566e+03,-3.983365856854651793e+04,-8.218022688671857395e+03,2.984114096993150711e+08,8.618660637340444326e+08,0.000000000000000000e+00,1.593684849068951607e+08,3.753130521234357953e+08,7.252398039979904424e+05,-6.411469975150664524e+00,2.482791751390322945e-08
-1.378388070293635368e+09,-3.962080850756223798e+08,-1.046534991047644638e+02,-1.699042542877175265e+03,-3.670107609908113227e+04,-7.571744271541226226e+03,2.993402482802755833e+08,8.645487173645588160e+08,0.000000000000000000e+00,1.598645369712600708e+08,3.499244112663169503e+08,8.252775214988160878e+05,-6.068064659636816849e+00,2.384136314503848532e-08
-1.362637907409230232e+09,-3.916808100573977232e+08,-1.036528734093598416e+02,-1.571699354409312036e+03,-3.390859845983140258e+04,-6.995632374677103144e+03,2.999050274166088700e+08,8.661799015461593866e+08,0.000000000000000000e+00,1.601661608060722947e+08,3.270365714332792759e+08,9.345953991451138863e+05,-5.742950104673124834e+00,2.275859878864139406e-08
-1.347653757952719927e+09,-3.873737202830454111e+08,-1.025901737600718064e+02,-1.461697987009831195e+03,-3.144289917653547673e+04,-6.486937633050531986e+03,3.001306199983995557e+08,8.668314536790735722e+08,0.000000000000000000e+00,1.602866399342668056e+08,3.066275722904471159e+08,1.051646046551212436e+06,-5.437579445772511733e+00,2.157543349312618256e-08
-1.333501533738371849e+09,-3.833057616461622715e+08,-1.014860230479535232e+02,-1.367372863760250993e+03,-2.928680049265487469e+04,-6.042116129330120202e+03,3.000513473096500039e+08,8.666024998321580887e+08,0.000000000000000000e+00,1.602443038527910113e+08,2.886325838878557086e+08,1.174317904855094617e+06,-5.152719991064023120e+00,2.030004907283000595e-08
-1.320235481190816879e+09,-3.794925269050493240e+08,-1.003615093083006116e+02,-1.287093075774326508e+03,-2.741926075554644194e+04,-5.656826791542000137e+03,2.997082172800335884e+08,8.656114783150101900e+08,0.000000000000000000e+00,1.600610531036505699e+08,2.729425782164145708e+08,1.300104391612882959e+06,-4.888894535041197642e+00,1.895354580483399353e-08
-1.307894850157140255e+09,-3.759452981558653116e+08,-9.923618899039269081e+01,-1.219351304139403737e+03,-2.581743674926489257e+04,-5.326356869874412041e+03,2.991438746116104722e+08,8.639815547315884829e+08,0.000000000000000000e+00,1.597596623574198782e+08,2.594222609530133903e+08,1.426217751889201114e+06,-4.645304865610156320e+00,1.756725396262481941e-08
