# particle number concentration assuming water removed from particles (#/cc (air)), with time changing with rows (corresponding times given in the time output file) and size bin changing with columns with size bin numbers given in the second row of the header
# 12
1.200000000000000000e+05,0.000000000000000000e+00
1.153158430936217774e+05,0.000000000000000000e+00
1.109868875343694090e+05,0.000000000000000000e+00
1.069746225640865887e+05,0.000000000000000000e+00
1.032453200262023456e+05,0.000000000000000000e+00
9.976991008336241066e+04,0.000000000000000000e+00
9.652320039392281615e+04,0.000000000000000000e+00
9.348318693402543431e+04,0.000000000000000000e+00
9.063063087288559473e+04,0.000000000000000000e+00
8.794864719223612337e+04,0.000000000000000000e+00
8.542235327004369174e+04,0.000000000000000000e+00
8.303855152685481880e+04,0.000000000000000000e+00
8.078542796740229824e+04,0.000000000000000000e+00
7.865242588027335296e+04,0.000000000000000000e+00
7.663008836939980392e+04,0.000000000000000000e+00
7.470991278790401702e+04,0.000000000000000000e+00
7.288422846897624549e+04,0.000000000000000000e+00
7.114609457864999422e+04,0.000000000000000000e+00
6.948921479408962477e+04,0.000000000000000000e+00
6.790786531743210799e+04,0.000000000000000000e+00
6.639683350290084491e+04,0.000000000000000000e+00
6.495140163867046067e+04,0.000000000000000000e+00
6.356722697517195775e+04,0.000000000000000000e+00
6.224032514267713850e+04,0.000000000000000000e+00
6.096704837153062545e+04,0.000000000000000000e+00
5.974405167454760522e+04,0.000000000000000000e+00
5.856826242050202563e+04,0.000000000000000000e+00
5.743685551352617040e+04,0.000000000000000000e+00
5.634723252139076067e+04,0.000000000000000000e+00
5.529700150836491230e+04,0.000000000000000000e+00
5.428396062996409455e+04,0.000000000000000000e+00
5.330608135891883285e+04,0.000000000000000000e+00
5.236149356366041320e+04,0.000000000000000000e+00
5.144847109738842119e+04,0.000000000000000000e+00
5.056541750729642081e+04,0.000000000000000000e+00
4.971085319440994499e+04,0.000000000000000000e+00
4.888340322536905296e+04,0.000000000000000000e+00
4.808178618992584234e+04,0.000000000000000000e+00
4.730480461138163082e+04,0.000000000000000000e+00
4.655133644758886658e+04,0.000000000000000000e+00
4.582032790152334928e+04,0.000000000000000000e+00
4.511078737882703717e+04,0.000000000000000000e+00
4.442178041250140814e+04,0.000000000000000000e+00
4.375242533160774474e+04,0.000000000000000000e+00
4.310188951164022001e+04,0.000000000000000000e+00
4.246938606549178076e+04,0.000000000000000000e+00
4.185417084124014218e+04,0.000000000000000000e+00
4.125553970393440250e+04,0.000000000000000000e+00
4.067282599553599721e+04,0.000000000000000000e+00
4.010539824168431369e+04,0.000000000000000000e+00
4.010539824168431369e+04,0.000000000000000000e+00
