# the total concentration (ug/m3) of injected (through initial gas-phase concentration, instantaneous and/or continuous gas-phase influx) components, with component index (relative to all components) in the first row and its cumulative injected concentrations in following rows
1.000000000000000000e+00,2.000000000000000000e+01,7.000000000000000000e+00,1.000000000000000000e+01,2.900000000000000000e+01,2.000000000000000000e+00,3.000000000000000000e+00,1.200000000000000000e+01,5.600000000000000000e+01,0.000000000000000000e+00
0.000000000000000000e+00,2.038828357094070896e+02,0.000000000000000000e+00,1.864825860108366271e+02,1.333808527245032337e+03,4.145368697840541472e+01,3.825007399125279761e+00,2.345285966134472044e+00,0.000000000000000000e+00,0.000000000000000000e+00
0.000000000000000000e+00,2.038828357094070896e+02,0.000000000000000000e+00,1.864825860108366271e+02,1.333808527245032337e+03,4.145368697840541472e+01,3.825007399125279761e+00,2.345285966134472044e+00,0.000000000000000000e+00,0.000000000000000000e+00
0.000000000000000000e+00,2.038828357094070896e+02,0.000000000000000000e+00,1.864825860108366271e+02,1.333808527245032337e+03,4.145368697840541472e+01,3.825007399125279761e+00,2.345285966134472044e+00,0.000000000000000000e+00,0.000000000000000000e+00
0.000000000000000000e+00,2.038828357094070896e+02,0.000000000000000000e+00,1.864825860108366271e+02,1.333808527245032337e+03,4.145368697840541472e+01,3.825007399125279761e+00,2.345285966134472044e+00,0.000000000000000000e+00,0.000000000000000000e+00
0.000000000000000000e+00,2.038828357094070896e+02,0.000000000000000000e+00,1.864825860108366271e+02,1.333808527245032337e+03,4.145368697840541472e+01,3.825007399125279761e+00,2.345285966134472044e+00,0.000000000000000000e+00,0.000000000000000000e+00
0.000000000000000000e+00,2.038828357094070896e+02,0.000000000000000000e+00,1.864825860108366271e+02,1.333808527245032337e+03,4.441956852439268744e+01,-9.945019237725736261e-01,3.752457545815155449e+00,0.000000000000000000e+00,0.000000000000000000e+00
0.000000000000000000e+00,2.038828357094070896e+02,0.000000000000000000e+00,1.864825860108366271e+02,1.333808527245032337e+03,4.441956852439268744e+01,-9.945019237725736261e-01,3.752457545815155449e+00,0.000000000000000000e+00,0.000000000000000000e+00
0.000000000000000000e+00,2.038828357094070896e+02,0.000000000000000000e+00,1.864825860108366271e+02,1.333808527245032337e+03,4.441956852439268744e+01,-9.945019237725736261e-01,3.752457545815155449e+00,0.000000000000000000e+00,0.000000000000000000e+00
0.000000000000000000e+00,2.038828357094070896e+02,0.000000000000000000e+00,1.864825860108366271e+02,1.333808527245032337e+03,4.441956852439268744e+01,-9.945019237725736261e-01,3.752457545815155449e+00,0.000000000000000000e+00,0.000000000000000000e+00
0.000000000000000000e+00,2.038828357094070896e+02,0.000000000000000000e+00,1.864825860108366271e+02,1.333808527245032337e+03,4.441956852439268744e+01,-9.945019237725736261e-01,3.752457545815155449e+00,0.000000000000000000e+00,0.000000000000000000e+00
0.000000000000000000e+00,2.038828357094070896e+02,0.000000000000000000e+00,1.864825860108366271e+02,1.333808527245032337e+03,4.985701802536934935e+01,-7.879515242198078973e+00,5.159629125495838409e+00,0.000000000000000000e+00,0.000000000000000000e+00
0.000000000000000000e+00,2.038828357094070896e+02,0.000000000000000000e+00,1.864825860108366271e+02,1.333808527245032337e+03,4.985701802536934935e+01,-7.879515242198078973e+00,5.159629125495838409e+00,0.000000000000000000e+00,0.000000000000000000e+00
0.000000000000000000e+00,2.038828357094070896e+02,0.000000000000000000e+00,1.864825860108366271e+02,1.333808527245032337e+03,4.985701802536934935e+01,-7.879515242198078973e+00,5.159629125495838409e+00,0.000000000000000000e+00,0.000000000000000000e+00
0.000000000000000000e+00,2.038828357094070896e+02,0.000000000000000000e+00,1.864825860108366271e+02,1.333808527245032337e+03,4.985701802536934935e+01,-7.879515242198078973e+00,5.159629125495838409e+00,0.000000000000000000e+00,0.000000000000000000e+00
0.000000000000000000e+00,2.038828357094070896e+02,0.000000000000000000e+00,1.864825860108366271e+02,1.333808527245032337e+03,4.985701802536934935e+01,-7.879515242198078973e+00,5.159629125495838409e+00,0.000000000000000000e+00,0.000000000000000000e+00
0.000000000000000000e+00,2.038828357094070896e+02,0.000000000000000000e+00,1.864825860108366271e+02,1.333808527245032337e+03,4.985701802536934935e+01,-7.879515242198078973e+00,5.159629125495838409e+00,0.000000000000000000e+00,0.000000000000000000e+00
0.000000000000000000e+00,2.038828357094070896e+02,0.000000000000000000e+00,1.864825860108366271e+02,1.333808527245032337e+03,4.985701802536934935e+01,-7.879515242198078973e+00,5.159629125495838409e+00,0.000000000000000000e+00,0.000000000000000000e+00
0.000000000000000000e+00,2.038828357094070896e+02,0.000000000000000000e+00,1.864825860108366271e+02,1.333808527245032337e+03,4.985701802536934935e+01,-7.879515242198078973e+00,5.159629125495838409e+00,0.000000000000000000e+00,0.000000000000000000e+00
0.000000000000000000e+00,2.038828357094070896e+02,0.000000000000000000e+00,1.864825860108366271e+02,1.333808527245032337e+03,4.985701802536934935e+01,-7.879515242198078973e+00,5.159629125495838409e+00,0.000000000000000000e+00,0.000000000000000000e+00
0.000000000000000000e+00,2.038828357094070896e+02,0.000000000000000000e+00,1.864825860108366271e+02,1.333808527245032337e+03,4.985701802536934935e+01,-7.879515242198078973e+00,5.159629125495838409e+00,0.000000000000000000e+00,0.000000000000000000e+00
0.000000000000000000e+00,2.038828357094070896e+02,0.000000000000000000e+00,1.864825860108366271e+02,1.333808527245032337e+03,5.578878111734388767e+01,-1.476452856062358521e+01,5.863214915336180333e+00,0.000000000000000000e+00,9.577644593521817962e-01
0.000000000000000000e+00,2.038828357094070896e+02,0.000000000000000000e+00,1.864825860108366271e+02,1.333808527245032337e+03,6.172054420931842600e+01,-2.164954187904908878e+01,6.566800705176522257e+00,0.000000000000000000e+00,1.915528918704363592e+00
0.000000000000000000e+00,2.038828357094070896e+02,0.000000000000000000e+00,1.864825860108366271e+02,1.333808527245032337e+03,6.765230730129296433e+01,-2.853455519747459590e+01,7.270386495016864181e+00,0.000000000000000000e+00,2.873293378056545500e+00
0.000000000000000000e+00,2.038828357094070896e+02,0.000000000000000000e+00,1.864825860108366271e+02,1.333808527245032337e+03,7.358407039326750976e+01,-3.541956851590010302e+01,7.973972284857206105e+00,0.000000000000000000e+00,3.831057837408727185e+00
0.000000000000000000e+00,2.038828357094070896e+02,0.000000000000000000e+00,1.864825860108366271e+02,1.333808527245032337e+03,7.951583348524205519e+01,-4.230458183432561015e+01,8.677558074697547141e+00,0.000000000000000000e+00,4.788822296760908870e+00
0.000000000000000000e+00,2.038828357094070896e+02,0.000000000000000000e+00,1.864825860108366271e+02,1.333808527245032337e+03,8.544759657721660062e+01,-4.918959515275111727e+01,9.381143864537888177e+00,0.000000000000000000e+00,5.746586756113090999e+00
0.000000000000000000e+00,2.038828357094070896e+02,0.000000000000000000e+00,1.864825860108366271e+02,1.333808527245032337e+03,9.137935966919114605e+01,-5.607460847117662439e+01,1.008472965437822921e+01,0.000000000000000000e+00,6.704351215465273128e+00
0.000000000000000000e+00,2.038828357094070896e+02,0.000000000000000000e+00,1.864825860108366271e+02,1.333808527245032337e+03,9.731112276116569149e+01,-6.295962178960213151e+01,1.078831544421857025e+01,0.000000000000000000e+00,7.662115674817455258e+00
0.000000000000000000e+00,2.038828357094070896e+02,0.000000000000000000e+00,1.864825860108366271e+02,1.333808527245032337e+03,1.032428858531402369e+02,-6.984463510802763153e+01,1.149190123405891129e+01,0.000000000000000000e+00,8.619880134169637387e+00
0.000000000000000000e+00,2.038828357094070896e+02,0.000000000000000000e+00,1.864825860108366271e+02,1.333808527245032337e+03,1.091746489451147824e+02,-7.672964842645313865e+01,1.219548702389925232e+01,0.000000000000000000e+00,9.577644593521819516e+00
0.000000000000000000e+00,2.038828357094070896e+02,0.000000000000000000e+00,1.864825860108366271e+02,1.333808527245032337e+03,1.151064120370893278e+02,-8.361466174487864578e+01,1.289907281373959336e+01,0.000000000000000000e+00,1.053540905287400165e+01
0.000000000000000000e+00,2.038828357094070896e+02,0.000000000000000000e+00,1.864825860108366271e+02,1.333808527245032337e+03,1.210381751290638732e+02,-9.049967506330415290e+01,1.360265860357993439e+01,0.000000000000000000e+00,1.149317351222618377e+01
0.000000000000000000e+00,2.038828357094070896e+02,0.000000000000000000e+00,1.864825860108366271e+02,1.333808527245032337e+03,1.269699382210384186e+02,-9.738468838172966002e+01,1.430624439342027543e+01,0.000000000000000000e+00,1.245093797157836590e+01
0.000000000000000000e+00,2.038828357094070896e+02,0.000000000000000000e+00,1.864825860108366271e+02,1.333808527245032337e+03,1.329017013130129499e+02,-1.042697017001551671e+02,1.500983018326061647e+01,0.000000000000000000e+00,1.340870243093054803e+01
0.000000000000000000e+00,2.038828357094070896e+02,0.000000000000000000e+00,1.864825860108366271e+02,1.333808527245032337e+03,1.388334644049874953e+02,-1.111547150185806743e+02,1.571341597310095750e+01,0.000000000000000000e+00,1.436646689028273016e+01
0.000000000000000000e+00,2.038828357094070896e+02,0.000000000000000000e+00,1.864825860108366271e+02,1.333808527245032337e+03,1.447652274969620407e+02,-1.180397283370061814e+02,1.641700176294130031e+01,0.000000000000000000e+00,1.532423134963491229e+01
0.000000000000000000e+00,2.038828357094070896e+02,0.000000000000000000e+00,1.864825860108366271e+02,1.333808527245032337e+03,1.506969905889365862e+02,-1.249247416554316885e+02,1.712058755278164313e+01,0.000000000000000000e+00,1.628199580898709442e+01
0.000000000000000000e+00,2.038828357094070896e+02,0.000000000000000000e+00,1.864825860108366271e+02,1.333808527245032337e+03,1.566287536809111316e+02,-1.318097549738571956e+02,1.782417334262198594e+01,0.000000000000000000e+00,1.723976026833927477e+01
0.000000000000000000e+00,2.038828357094070896e+02,0.000000000000000000e+00,1.864825860108366271e+02,1.333808527245032337e+03,1.625605167728856770e+02,-1.386947682922827028e+02,1.852775913246232875e+01,0.000000000000000000e+00,1.819752472769145513e+01
0.000000000000000000e+00,2.038828357094070896e+02,0.000000000000000000e+00,1.864825860108366271e+02,1.333808527245032337e+03,1.684922798648602225e+02,-1.455797816107082099e+02,1.923134492230267156e+01,0.000000000000000000e+00,1.915528918704363548e+01
0.000000000000000000e+00,2.038828357094070896e+02,0.000000000000000000e+00,1.864825860108366271e+02,1.333808527245032337e+03,1.744240429568347679e+02,-1.524647949291337170e+02,1.993493071214301438e+01,0.000000000000000000e+00,2.011305364639581583e+01
0.000000000000000000e+00,2.038828357094070896e+02,0.000000000000000000e+00,1.864825860108366271e+02,1.333808527245032337e+03,1.803558060488093133e+02,-1.593498082475592241e+02,2.063851650198335719e+01,0.000000000000000000e+00,2.107081810574799619e+01
0.000000000000000000e+00,2.038828357094070896e+02,0.000000000000000000e+00,1.864825860108366271e+02,1.333808527245032337e+03,1.862875691407838588e+02,-1.662348215659847313e+02,2.134210229182370000e+01,0.000000000000000000e+00,2.202858256510017654e+01
0.000000000000000000e+00,2.038828357094070896e+02,0.000000000000000000e+00,1.864825860108366271e+02,1.333808527245032337e+03,1.922193322327584042e+02,-1.731198348844102384e+02,2.204568808166404281e+01,0.000000000000000000e+00,2.298634702445235689e+01
0.000000000000000000e+00,2.038828357094070896e+02,0.000000000000000000e+00,1.864825860108366271e+02,1.333808527245032337e+03,1.981510953247329496e+02,-1.800048482028357455e+02,2.274927387150438562e+01,0.000000000000000000e+00,2.394411148380453724e+01
0.000000000000000000e+00,2.038828357094070896e+02,0.000000000000000000e+00,1.864825860108366271e+02,1.333808527245032337e+03,2.040828584167074951e+02,-1.868898615212612526e+02,2.345285966134472844e+01,0.000000000000000000e+00,2.490187594315671760e+01
0.000000000000000000e+00,2.038828357094070896e+02,0.000000000000000000e+00,1.864825860108366271e+02,1.333808527245032337e+03,2.100146215086820405e+02,-1.937748748396867597e+02,2.415644545118507125e+01,0.000000000000000000e+00,2.585964040250889795e+01
0.000000000000000000e+00,2.038828357094070896e+02,0.000000000000000000e+00,1.864825860108366271e+02,1.333808527245032337e+03,2.159463846006565859e+02,-2.006598881581122669e+02,2.486003124102541406e+01,0.000000000000000000e+00,2.681740486186107830e+01
0.000000000000000000e+00,2.038828357094070896e+02,0.000000000000000000e+00,1.864825860108366271e+02,1.333808527245032337e+03,2.218781476926311313e+02,-2.075449014765377740e+02,2.556361703086575687e+01,0.000000000000000000e+00,2.777516932121325866e+01
0.000000000000000000e+00,2.038828357094070896e+02,0.000000000000000000e+00,1.864825860108366271e+02,1.333808527245032337e+03,2.278099107846056768e+02,-2.144299147949632811e+02,2.626720282070609969e+01,0.000000000000000000e+00,2.873293378056543901e+01
0.000000000000000000e+00,2.038828357094070896e+02,0.000000000000000000e+00,1.864825860108366271e+02,1.333808527245032337e+03,2.337416738765802222e+02,-2.213149281133887882e+02,2.697078861054644250e+01,0.000000000000000000e+00,2.969069823991761936e+01
