# particle number concentration assuming water not removed from particles (#/cc (air)), with time changing with rows (corresponding times given in the time output file) and size bin changing with columns with size bin numbers given in the second row of the header
# 
0.000000000000000000e+00,0.000000000000000000e+00,0.000000000000000000e+00,0.000000000000000000e+00,0.000000000000000000e+00,0.000000000000000000e+00,0.000000000000000000e+00,0.000000000000000000e+00,0.000000000000000000e+00,0.000000000000000000e+00,0.000000000000000000e+00,0.000000000000000000e+00,0.000000000000000000e+00,0.000000000000000000e+00,0.000000000000000000e+00,0.000000000000000000e+00,0.000000000000000000e+00,0.000000000000000000e+00,0.000000000000000000e+00,0.000000000000000000e+00,0.000000000000000000e+00,0.000000000000000000e+00,0.000000000000000000e+00,0.000000000000000000e+00
8.600375991811240510e+02,0.000000000000000000e+00,0.000000000000000000e+00,0.000000000000000000e+00,0.000000000000000000e+00,0.000000000000000000e+00,0.000000000000000000e+00,0.000000000000000000e+00,0.000000000000000000e+00,0.000000000000000000e+00,0.000000000000000000e+00,0.000000000000000000e+00,0.000000000000000000e+00,0.000000000000000000e+00,0.000000000000000000e+00,0.000000000000000000e+00,0.000000000000000000e+00,0.000000000000000000e+00,0.000000000000000000e+00,0.000000000000000000e+00,0.000000000000000000e+00,0.000000000000000000e+00,0.000000000000000000e+00,0.000000000000000000e+00
8.229973926388711334e+02,0.000000000000000000e+00,0.000000000000000000e+00,0.000000000000000000e+00,0.000000000000000000e+00,8.316056670775981274e+02,8.107592881825385900e-02,0.000000000000000000e+00,0.000000000000000000e+00,0.000000000000000000e+00,0.000000000000000000e+00,0.000000000000000000e+00,0.000000000000000000e+00,0.000000000000000000e+00,0.000000000000000000e+00,0.000000000000000000e+00,0.000000000000000000e+00,0.000000000000000000e+00,0.000000000000000000e+00,0.000000000000000000e+00,0.000000000000000000e+00,0.000000000000000000e+00,0.000000000000000000e+00,0.000000000000000000e+00
1.170969947486376213e+03,0.000000000000000000e+00,0.000000000000000000e+00,0.000000000000000000e+00,0.000000000000000000e+00,7.991070456510647091e+02,0.000000000000000000e+00,6.374381834709827443e-02,0.000000000000000000e+00,0.000000000000000000e+00,0.000000000000000000e+00,8.215379673365126791e+02,8.027868282221271856e-02,6.011757907936812750e-02,0.000000000000000000e+00,0.000000000000000000e+00,0.000000000000000000e+00,0.000000000000000000e+00,0.000000000000000000e+00,0.000000000000000000e+00,0.000000000000000000e+00,0.000000000000000000e+00,0.000000000000000000e+00,0.000000000000000000e+00
1.469907845959533461e+03,0.000000000000000000e+00,0.000000000000000000e+00,0.000000000000000000e+00,0.000000000000000000e+00,1.138644881139969812e+03,0.000000000000000000e+00,1.179506165336441925e-01,0.000000000000000000e+00,0.000000000000000000e+00,7.913334464831991681e+02,1.124383087991897429e-01,0.000000000000000000e+00,8.164102529134039514e+02,2.428383454069518166e-01,5.983224531292302001e-02,5.187970982646596813e-02,2.783238658072589001e-05,0.000000000000000000e+00,0.000000000000000000e+00,0.000000000000000000e+00,0.000000000000000000e+00,0.000000000000000000e+00,0.000000000000000000e+00
1.671264893734157340e+03,0.000000000000000000e+00,0.000000000000000000e+00,0.000000000000000000e+00,0.000000000000000000e+00,1.429118193639153105e+03,0.000000000000000000e+00,1.779627185656009469e-01,0.000000000000000000e+00,0.000000000000000000e+00,1.121753916010454532e+03,1.951359475019862066e-01,7.863942805973116492e+02,4.897192263404026580e-01,8.122872926294694480e+02,5.987999789390667515e-02,6.828277428549145434e-01,1.596597736957056091e-01,5.271377205854610448e-02,8.706227253084632058e-05,0.000000000000000000e+00,0.000000000000000000e+00,0.000000000000000000e+00,0.000000000000000000e+00
1.757367803756476860e+03,0.000000000000000000e+00,0.000000000000000000e+00,0.000000000000000000e+00,0.000000000000000000e+00,1.622034639054891386e+03,0.000000000000000000e+00,2.309206254540836500e-01,0.000000000000000000e+00,1.415181507403986643e+03,2.977202590707431762e-01,1.114571511385763642e+03,8.363707786781712228e-01,7.830734738554386922e+02,6.387422213466790177e-01,8.092276482418053547e+02,5.960099953524844452e-02,7.278227279021732832e-01,3.170792685255389154e-01,1.480561351817113735e-01,4.720992958853596766e-02,2.696029687067188676e-06,0.000000000000000000e+00,0.000000000000000000e+00
1.737433229057482095e+03,0.000000000000000000e+00,0.000000000000000000e+00,0.000000000000000000e+00,0.000000000000000000e+00,1.698528937712240349e+03,0.000000000000000000e+00,2.702064646264607517e-01,1.605413783997339124e+03,4.693848585560569941e-01,1.406308618362873176e+03,7.182347649084994679e-01,1.109570706512970446e+03,1.086274021664255685e+00,7.800045591501007038e+02,9.154665108992815492e-01,8.063610024730608075e+02,1.898676617163270464e-01,9.217707245170374541e-01,3.164535483002983152e-01,3.262473000901978115e-01,1.792488539909689316e-01,5.265641918856239355e-05,0.000000000000000000e+00
1.636240621408063816e+03,0.000000000000000000e+00,0.000000000000000000e+00,0.000000000000000000e+00,0.000000000000000000e+00,1.670838406140102961e+03,2.956984144789464031e-01,1.675644991894570467e+03,3.968196309682675560e-01,1.593565600722814224e+03,1.522936186838077743e+00,1.398983125715946244e+03,1.097525365017174792e+00,1.104919482301523431e+03,1.396228019677453247e+00,7.772405982578120529e+02,1.233236955162003934e+00,8.036470495620192196e+02,4.408140412928605034e-01,9.187065593048302503e-01,6.166690442439884956e-01,4.929084483209541512e-01,3.058075865884001265e-01,3.293988554785955754e-04
1.483044761400204152e+03,0.000000000000000000e+00,0.000000000000000000e+00,0.000000000000000000e+00,1.557534009141352954e+03,2.435053455267006117e-01,1.645745030928267624e+03,5.739801119373528770e-01,1.661034468717559093e+03,1.250835187766246914e+00,1.583674187397412197e+03,2.010006290015095232e+00,1.392160633674511701e+03,1.922158304319818045e+00,1.100490605633001223e+03,1.834552327290729812e+00,7.746602909950892126e+02,1.443391599389898472e+00,8.011806149351405111e+02,4.390704319861332139e-01,1.142894586133826884e+00,7.333145115031900474e-01,7.807956376234739260e-01,4.697135648191027024e-01
1.304247990232164739e+03,0.000000000000000000e+00,0.000000000000000000e+00,1.392932019671890430e+03,1.887897839796158217e-01,1.527076428796788605e+03,4.983831247997838609e-01,1.628154431892466619e+03,8.125552980057492158e-01,1.648677672999026527e+03,1.741783090382587940e+00,1.574241885868254485e+03,3.035247031296873121e+00,1.385777755234840470e+03,2.318210652656394810e+00,1.096249028245634918e+03,2.582588015804383907e+00,7.716939001753514731e+02,2.106029583171936448e+00,7.982764369335768606e+02,9.434392338222060692e-01,1.139221342885682997e+00,9.436490253478094781e-01,1.804844654393800152e+00
1.120080387614114443e+03,0.000000000000000000e+00,1.145667635245358042e+03,1.479928044454814073e-01,1.356992150947049367e+03,3.989786967912033466e-01,1.505642309068301302e+03,7.209322859298022967e-01,1.612672894460444923e+03,1.533692021524593718e+00,1.637348709964303453e+03,2.184345271946114941e+00,1.565364787286305727e+03,3.953973581128014114e+00,1.379637597774861661e+03,2.688220067107014444e+00,1.092138145831587963e+03,3.024340739550944512e+00,7.690792675366602680e+02,2.543653834625640098e+00,7.956442757006557258e+02,1.267786871232516210e+00,1.286712559101399256e+00,3.495057410214046811e+00
9.440950992922553269e+02,0.000000000000000000e+00,9.549222301379268174e+02,1.107605550426848822e+03,2.899605161535645514e-01,1.332133943754210350e+03,5.853867920795590152e-01,1.487174171525349948e+03,1.373005121739624856e+00,1.598558334539403631e+03,1.975362990356364312e+00,1.625775967619739276e+03,3.226466974318110026e+00,1.556866815623568755e+03,4.849799745786013361e+00,1.372981146253677935e+03,3.707189901681984701e+00,1.088113105796189757e+03,3.468579603263239441e+00,7.665131464456426329e+02,2.978924778005350049e+00,7.930589976067278712e+02,1.589267771892854286e+00,5.661439561431535594e+00
7.841310677076617139e+02,7.844631422779233390e+02,8.834529398744751794e-02,9.160272415496713165e+02,1.082023428198494685e+03,4.175643472629875785e-01,1.311413255832266486e+03,1.096016916562384091e+00,1.470598181186147940e+03,1.761256303920681221e+00,1.585500809069835213e+03,2.384828570250574042e+00,1.614698122845077705e+03,4.188364831520432929e+00,1.548604356923286332e+03,5.278687075005984219e+00,1.366904705944040643e+03,4.680322930653503910e+00,1.084151682331406164e+03,3.899855902481727643e+00,7.639837542154891707e+02,3.401714778697348507e+00,7.905093277482851590e+02,8.428054892627667272e+00
6.437682063096544880e+02,6.378100311205985236e+02,7.469127043987335810e+02,1.514321854003378709e-01,8.905395688293770036e+02,1.061511694187346848e+03,6.451555390197167839e-01,1.293341833435357785e+03,1.386642479559355934e+00,1.455425740284833637e+03,2.116815534608032845e+00,1.572622107051383637e+03,3.202450164707125069e+00,1.603992284841741821e+03,5.094372081187210632e+00,1.540528659123480793e+03,5.688476098803101344e+00,1.360937830866493186e+03,5.617184817603548375e+00,1.080244288246306724e+03,4.188272140029922319e+00,7.616162520363990325e+02,3.812962799598824670e+00,7.975757202733568647e+02
5.237335510314151179e+02,5.140252527179462732e+02,6.032876593039734416e+02,7.227410794887811107e+02,3.306586340456676432e-01,8.707480722332013556e+02,1.043904131814814036e+03,8.444426002281953947e-01,1.276636063902283695e+03,1.930236915789533381e+00,1.440809008292209683e+03,2.786116920396554786e+00,1.560254590679169496e+03,3.967829482491673776e+00,1.593586200890920054e+03,5.958289439290832767e+00,1.532609815131282403e+03,6.082794749240343357e+00,1.355063697429080548e+03,6.522565356383928759e+00,1.076037065984805167e+03,4.793155274952976441e+00,7.590175018788942225e+02,8.006791398672628475e+02
4.230339431111788144e+02,4.112186639852577628e+02,4.831598596072498140e+02,5.814267485888331066e+02,7.043449029859882558e+02,4.270917787269048471e-01,8.541305916708073482e+02,1.027985440159060772e+03,1.209850801650974139e+00,1.261149889326530911e+03,2.420925288913202689e+00,1.426916666543200108e+03,3.407073572027823349e+00,1.548303798708882596e+03,4.692712799850295546e+00,1.583434971238006256e+03,6.784402445537056181e+00,1.524337915964849572e+03,6.914033290729622472e+00,1.349270053262421015e+03,7.403086099317564894e+00,1.071883939395495645e+03,5.379343323697462154e+00,1.556424130427460568e+03
3.397725063841353403e+02,3.269072247998105922e+02,3.841396913833452800e+02,4.637733686428472879e+02,5.649948825876944056e+02,6.889619378642544234e+02,6.043502623633133508e-01,8.393573343882978861e+02,1.013545549424073556e+03,1.359327236084993062e+00,1.246551300963853919e+03,3.094822481730262975e+00,1.413327798392965860e+03,4.271609966241086909e+00,1.536362041874803481e+03,5.726955364305259977e+00,1.573504239164513592e+03,7.579790863663814271e+00,1.516210455035402447e+03,7.713058862199807741e+00,1.343549209022190780e+03,8.260905655003780268e+00,1.067779340069701448e+03,1.559131333474657595e+03
2.716890965344719007e+02,2.585991802804625763e+02,3.034577571913902716e+02,3.672313410173801458e+02,4.493337476147929124e+02,5.514196512354274091e+02,6.756086242190532403e+02,6.725777280777439637e-01,8.260584212701384104e+02,9.998959370683428460e+02,1.707877301925337488e+00,1.232609868619769031e+03,3.574952295510562372e+00,1.400488332130071512e+03,5.080584093208702079e+00,1.524747368294405987e+03,6.705054517384778201e+00,1.563770187917336216e+03,8.348356725741229667e+00,1.508212064472948896e+03,8.484342326405368340e+00,1.337894264364660330e+03,9.096483493259841069e+00,2.620201503151769430e+03
2.164903320793418970e+02,2.036361664435077898e+02,2.384523227458053327e+02,2.888700603249665164e+02,3.547235317307009268e+02,4.375078331571008903e+02,5.397061429157062094e+02,6.635046869265544274e+02,8.327539534025589774e-01,8.136801585061497235e+02,9.870290877562031255e+02,2.148465289018115953e+00,1.219115068937147271e+03,4.193034240715557637e+00,1.388069747501431266e+03,5.547139655601768915e+00,1.513714335525186243e+03,7.638683716381334143e+00,1.553761464963828303e+03,9.498839049546329960e+00,1.500129920202005451e+03,9.432214644857936037e+00,1.332300897340746133e+03,2.623518924062077076e+03
1.720326212438667426e+02,1.599213532197613290e+02,1.864550962207251530e+02,2.259777250871601950e+02,2.781590841842963187e+02,3.445650197257581340e+02,4.273656002461128764e+02,5.292010066340845924e+02,6.523981059337844499e+02,9.682127516071802331e-01,8.021286132083288294e+02,9.748700949357643140e+02,2.549635178315717177e+00,1.206160737730383744e+03,4.764657095934995645e+00,1.375677582396718890e+03,6.327095876830077792e+00,1.502922535056263314e+03,8.200494525974024285e+00,1.544265026247182959e+03,1.022877549480264037e+01,1.492538063459081286e+03,1.035477960426340971e+01,3.944549083834508565e+03
1.364092382225571782e+02,1.251076414094041951e+02,1.336245061314171494e+02,1.758318404437279128e+02,2.168626739565021921e+02,2.695092651482527799e+02,3.358872062178837723e+02,4.183193142065138659e+02,5.196195535256691755e+02,6.420395956171867056e+02,1.105324559580787014e+00,7.911663169894176235e+02,9.632360232991145494e+02,2.886012021935240313e+00,1.193654452082595753e+03,5.433180029786803367e+00,1.363622682670134282e+03,7.063008957737594073e+00,1.492345991483620537e+03,8.738032494599941913e+00,1.534923043140124264e+03,1.093202453698784460e+01,1.485042784535910187e+03,3.944851038224638160e+03
1.079786282395325543e+02,9.780486332573327957e+01,1.029764557976005790e+02,1.253505311994885147e+02,1.681356473985399873e+02,2.095633137788650799e+02,2.621676344183432548e+02,3.282005340824960626e+02,4.101114790922547400e+02,5.107266116533751301e+02,6.323023673138224012e+02,1.221253437292828981e+00,7.807923850049436396e+02,9.519727786663545430e+02,3.292702858608727023e+00,1.181554934063241490e+03,5.879638010565990669e+00,1.352048395851634268e+03,7.763007260809144938e+00,1.481571081767161559e+03,9.648118087545057620e+00,1.525721196580435389e+03,1.160813464012754537e+01,5.412536582794073183e+03
8.535923429973627208e+01,7.613197071378446878e+01,7.906483384678581672e+01,9.600706091600170566e+01,1.193748756731776552e+02,1.619945456591516972e+02,2.033817726272280026e+02,2.556829766941081346e+02,3.212240931298895248e+02,4.025270493741570590e+02,5.024083788808691224e+02,6.230351382820978188e+02,1.359853976295349653e+00,7.707964387346539752e+02,9.410956143609936362e+02,3.684429855535606091e+00,1.169858787965892134e+03,6.297699813125384516e+00,1.340572323383793218e+03,8.588930716872420490e+00,1.470990887166074799e+03,1.051977723047106394e+01,1.516656742420572300e+03,5.408202366364659611e+03
6.740714188811762142e+01,5.934734987451832922e+01,6.042306293001323780e+01,7.322518784270540948e+01,9.103208576761115012e+01,1.146562321912858522e+02,1.568369135411091406e+02,1.979643906956616775e+02,2.498372342521133760e+02,3.148261436926048873e+02,3.954156692620683771e+02,4.945373856430939554e+02,6.142284704889967770e+02,1.517572143435283349e+00,7.611318675446135558e+02,9.306406052876808417e+02,3.953015433147380353e+00,1.158345645376806942e+03,6.918683152542240755e+00,1.329344550655197736e+03,9.376881250469693896e+00,1.460589842422115453e+03,1.135915933664548483e+01,6.900153846283275016e+03
5.318652000606016372e+01,4.601413651768492485e+01,4.601127432825402508e+01,5.549420364429352759e+01,6.906323150882232653e+01,8.711037086804773821e+01,1.106961951150764634e+02,1.523199875048946694e+02,1.930827017144088416e+02,2.444728718839195665e+02,3.088360714006459489e+02,3.887237617193749202e+02,4.870376501745172391e+02,6.057392001549111455e+02,1.626430048718925603e+00,7.518235838292079052e+02,9.204780547544850151e+02,4.255360683075267936e+00,1.147111578486745657e+03,7.504549491084822499e+00,1.318339092696573061e+03,1.012900708778779268e+01,1.449547299343860686e+03,6.889507157554196056e+03
4.193863079387665493e+01,3.580061856650259955e+01,3.483271197925783014e+01,3.843135468449430192e+01,5.203885764469453790e+01,6.582855707539714274e+01,8.385630841303400018e+01,1.072618085111209041e+02,1.482865231154751768e+02,1.886298072334498386e+02,2.394868183857199710e+02,3.032260791979736609e+02,3.823691079158661523e+02,4.798648314643354524e+02,5.975990063756825066e+02,1.724685393172582293e+00,7.428194991383849128e+02,9.105289851131805108e+02,4.607499081319751610e+00,1.136067636430412222e+03,8.133818747655130466e+00,1.307422204142454120e+03,1.096939916884624289e+01,8.306457708089747030e+03
3.305249945982359350e+01,2.768294512539710439e+01,2.626814690207476843e+01,2.842525183281245305e+01,3.576900522152327966e+01,4.935701372658414243e+01,6.314419208710239673e+01,8.103225648341194187e+01,1.041909900455794400e+02,1.445990398977791926e+02,1.844906887487717597e+02,2.348072338993673327e+02,2.978950116598310842e+02,3.762870534253029291e+02,4.729548601776967303e+02,5.897050959773778231e+02,1.855397925659731717e+00,7.340682653075101598e+02,9.008239680701602765e+02,4.938233655453282189e+00,1.125260206296652086e+03,8.731102641357734839e+00,1.296704910892851558e+03,8.288090143260276818e+03
2.603869707812555134e+01,2.151432701059124497e+01,1.967974992296181469e+01,2.087877884977111620e+01,2.622774541438671037e+01,3.374251037418542865e+01,4.716519784119417835e+01,6.084363825133872439e+01,7.853321442951590825e+01,1.014090271317278109e+02,1.411992943098158264e+02,1.806310219501262679e+02,2.303896623385318776e+02,2.928223438874215958e+02,3.704655996604103620e+02,4.662845684190714906e+02,5.820919250306155845e+02,1.950632296695190782e+00,7.255106376955168344e+02,8.913617973625952118e+02,5.250295777418608090e+00,1.114746629493569799e+03,9.105865654467258707e+00,9.545294416849254048e+03
2.050673116322650458e+01,1.661368148059178651e+01,1.468629545254380098e+01,1.504355599133846333e+01,1.902852098588238050e+01,2.456241768333401509e+01,3.208820557120205308e+01,4.528591358889143947e+01,5.880478851652598138e+01,7.626516607927786140e+01,9.884134006439958853e+01,1.380192341653868198e+02,1.769811571172481877e+02,2.261795635459292555e+02,2.879535311284021759e+02,3.648534682441217569e+02,4.598322639511988541e+02,5.746801030574246170e+02,2.023191904832561061e+00,7.171898587719897478e+02,8.821052291968902637e+02,5.544593846147744642e+00,1.104435829204741140e+03,9.518261443103228885e+03
1.614601176510404912e+01,1.290544863117592911e+01,1.089891161248689855e+01,1.067367801497656998e+01,1.220652424799283509e+01,1.766427335002708432e+01,2.323067540052882052e+01,3.069236798463309057e+01,4.364144875188349459e+01,5.697429181846325008e+01,7.419099219532675704e+01,9.645712793162583409e+01,1.350376777497596947e+02,1.735241380037887780e+02,2.221630311253480556e+02,2.832888416884185290e+02,3.594431514121531563e+02,4.535751947481859929e+02,5.674673190494846722e+02,2.110171360270488794e+00,7.090532413743712823e+02,8.730676479368739820e+02,5.747972978299985769e+00,1.057674335653167509e+04
