# particle size bin bounds (um), with size bins represented by columns and their number (starting at 1 and in line with the lower bound) given in second line of header, per time step which is is represented by rows and corresponding times given in the time output file 
# 
4.999999999999999237e-03,5.930067540220750749e-03,7.033140206315965405e-03,8.341399288659158417e-03,9.893012232339628079e-03,1.173324614280081904e-02,1.391578841856870238e-02,1.650431303950682799e-02,1.957433820584431397e-02,2.321542952315606978e-02,2.753381300951006361e-02,3.265547415724071728e-02,3.872983346207417577e-02,4.593410565032031434e-02,5.447846978120705203e-02,6.461220105808661296e-02,7.663094323935530638e-02,9.088533381603999817e-02,1.077912335889252421e-01,1.278418590852077319e-01,1.516221717685331538e-01,1.798259438364708529e-01,2.132759984868432546e-01,2.529482151469998885e-01,2.999999999999999334e-01
4.999999999999999237e-03,2.965033770110375375e-03,5.930067540220750749e-03,7.033140206315965405e-03,8.341399288659158417e-03,9.893012232339628079e-03,1.173324614280081904e-02,1.391578841856870238e-02,1.650431303950682799e-02,1.957433820584431397e-02,2.321542952315606978e-02,2.753381300951006361e-02,3.265547415724071728e-02,3.872983346207417577e-02,4.593410565032031434e-02,5.447846978120705203e-02,6.461220105808661296e-02,7.663094323935530638e-02,9.088533381603999817e-02,1.077912335889252421e-01,1.278418590852077319e-01,1.516221717685331538e-01,1.798259438364708529e-01,2.132759984868432546e-01,2.999999999999999334e-01
4.999999999999999237e-03,3.008130328544123683e-03,6.016260657088247366e-03,7.135366407221240860e-03,8.462640943808850957e-03,1.011758689474943906e-02,1.253652721094813439e-02,1.453841728373169925e-02,1.674420207499983243e-02,1.985884984237070230e-02,2.355286416727210216e-02,2.793401505551376326e-02,3.313011918974800157e-02,3.929276888215386954e-02,4.660175466269135536e-02,5.527031052851142517e-02,6.555133488060939373e-02,7.774476863872845089e-02,9.220634578529919578e-02,1.093579716287546855e-01,1.297000315640120249e-01,1.538259894286709561e-01,1.824397013506605381e-01,2.163759502054240780e-01,2.999999999999997113e-01
4.999999999999999237e-03,3.008130328544123683e-03,6.016260657088247366e-03,7.135366407221240860e-03,8.462640943808850957e-03,1.111752589548770272e-02,1.401797361202271330e-02,1.553585129105469406e-02,1.701445044170895107e-02,1.985884984237070230e-02,2.645968985029919021e-02,3.172317274209342924e-02,3.532280124745906108e-02,3.965751796739446638e-02,4.450400170692347945e-02,5.395992309608263482e-02,6.555133488060939373e-02,7.774476863872845089e-02,9.220634578529919578e-02,1.093579716287546855e-01,1.297000315640120249e-01,1.538259894286709561e-01,1.824397013506605381e-01,2.163759502054240780e-01,2.999999999999994893e-01
4.999999999999999237e-03,3.008130328544123683e-03,6.016260657088247366e-03,7.135366407221240860e-03,8.462640943808850957e-03,1.177342473146944860e-02,1.444236924800532118e-02,1.621766083485935012e-02,1.758862519022416984e-02,1.985884984237070230e-02,3.206540041101791499e-02,4.211351834631234942e-02,4.999987646194822832e-02,5.758857038116205196e-02,6.308103150175635443e-02,6.685096797599811291e-02,7.278315881416777544e-02,7.864725203613893989e-02,9.091245929124126823e-02,1.093579716287546855e-01,1.297000315640120249e-01,1.538259894286709561e-01,1.824397013506605381e-01,2.163759502054240780e-01,2.999999999999992673e-01
4.999999999999999237e-03,3.008130328544123683e-03,6.016260657088247366e-03,7.135366407221240860e-03,8.462640943808850957e-03,1.210544682374482990e-02,1.466582093073287227e-02,1.656988411685569873e-02,1.788945572479814367e-02,2.230977106992123801e-02,3.502970579411428254e-02,4.509768499354606386e-02,5.936186061395910124e-02,7.169603892004276779e-02,8.137387692038465514e-02,8.975250805206759497e-02,9.328958027613946935e-02,9.633010216584300678e-02,1.040964320468998616e-01,1.122979502449095029e-01,1.287602686413295283e-01,1.538259894286709561e-01,1.824397013506605381e-01,2.163759502054240780e-01,2.999999999999989897e-01
4.999999999999999237e-03,3.008130328544123683e-03,6.016260657088247366e-03,7.135366407221240860e-03,8.462640943808850957e-03,1.206252685734019586e-02,1.463662432007619557e-02,1.652410453728914499e-02,1.785020304367416003e-02,3.394636715667431748e-02,4.570271389254258743e-02,6.103064903419010839e-02,7.410571042980874934e-02,8.539779221376903040e-02,9.587062317605524187e-02,1.039591972279194226e-01,1.106487659074343183e-01,1.138009782065618480e-01,1.159830969134912765e-01,1.224281001443779243e-01,1.314881110749985260e-01,1.536068817279559184e-01,1.833907699234789968e-01,2.163759502054240780e-01,2.999999999999987677e-01
4.999999999999999237e-03,3.008130328544123683e-03,6.016260657088247366e-03,7.135366407221240860e-03,8.462640943808850957e-03,1.160247645326889857e-02,1.432952745277081379e-02,1.603809644136387075e-02,3.222372491846429293e-02,4.381751710717245868e-02,5.901613445017649812e-02,6.999420702281267115e-02,8.267086184050820297e-02,9.531463264031379834e-02,1.048661110277538944e-01,1.136789030768752262e-01,1.208292689131306996e-01,1.261365773249900346e-01,1.292944535816291096e-01,1.318246220681092151e-01,1.365925725437562299e-01,1.454550528867429027e-01,1.648775809246783852e-01,2.088342271566256680e-01,2.999999999999985456e-01
4.999999999999999237e-03,3.008130328544123683e-03,6.016260657088247366e-03,7.135366407221240860e-03,8.462640943808850957e-03,1.078586503483063702e-02,1.379906319300106161e-02,2.862314089675756582e-02,3.834872254206295877e-02,5.279144010939527260e-02,6.417953623981409450e-02,7.675919995847489685e-02,8.789676631025120090e-02,9.856725975582875110e-02,1.090931769336878493e-01,1.177167201408905878e-01,1.258794534658636555e-01,1.324618589509728994e-01,1.381036372875319163e-01,1.410204329783087684e-01,1.428563202921053210e-01,1.479903553343751843e-01,1.571736412845547715e-01,1.722827030944331650e-01,2.999999999999983236e-01
4.999999999999999237e-03,3.008130328544123683e-03,6.016260657088247366e-03,7.135366407221240860e-03,9.284430109641108458e-03,1.198043781202774716e-02,2.391551803396686424e-02,3.237615262286312051e-02,4.471716530027701475e-02,5.451867789703643968e-02,6.642212678272266246e-02,7.697496247569410310e-02,8.798031984342187528e-02,9.869143230261959165e-02,1.083581758105214982e-01,1.176323451534180553e-01,1.257324831011918664e-01,1.334314668810708260e-01,1.396938104067829145e-01,1.450471160812261406e-01,1.479078325655074910e-01,1.499363903730882297e-01,1.549739752095758150e-01,1.636774346369383182e-01,2.999999999999981570e-01
4.999999999999999237e-03,3.008130328544123683e-03,6.016260657088247366e-03,7.850572391607893788e-03,1.014157785236905786e-02,1.915356820276050559e-02,2.587994915034377494e-02,3.586296691584538870e-02,4.495390265485727649e-02,5.510456794700717420e-02,6.350425861263772620e-02,7.417827084193019671e-02,8.435015184656306786e-02,9.454841714626659177e-02,1.045566369090714792e-01,1.137608222327650964e-01,1.228249467157388058e-01,1.306155917981141890e-01,1.378478624948877573e-01,1.439341144148701679e-01,1.491765263305000200e-01,1.519778282476983711e-01,1.538132909713032237e-01,1.585617396423178727e-01,2.999999999999978795e-01
4.999999999999999237e-03,3.328388451036827077e-03,6.656776902073654155e-03,8.618214192926019687e-03,1.521295802624945438e-02,2.044710553097277284e-02,2.812366402017881309e-02,3.529566702969534620e-02,4.363665012490456491e-02,5.174787973967509558e-02,6.094255393586641562e-02,6.894743819646950711e-02,7.892123767849350269e-02,8.884757633459942905e-02,9.858064544051892142e-02,1.081568100891755341e-01,1.170844809233216738e-01,1.258639553576146319e-01,1.334852572821380312e-01,1.405274975236527613e-01,1.465097641656921135e-01,1.518359022719308893e-01,1.546005357362980337e-01,1.562634943092922613e-01,2.999999999999976574e-01
4.999999999999999237e-03,3.035892582925415941e-03,6.071785165850831882e-03,1.209463165676519583e-02,1.650079057514186251e-02,2.228979969914222578e-02,2.788288355075504987e-02,3.437147988144502453e-02,4.075959156942257633e-02,4.833921422806485707e-02,5.580284255533207033e-02,6.450681107519594393e-02,7.263803066361283756e-02,8.215362998054862032e-02,9.181133110522160523e-02,1.012509724171976738e-01,1.102890198008202316e-01,1.190747631085443264e-01,1.278198436956625161e-01,1.353371676112091748e-01,1.422569610938163587e-01,1.481749704684967028e-01,1.534471972360295644e-01,1.564771530815125267e-01,2.999999999999974909e-01
4.999999999999999237e-03,3.402559980338603143e-03,6.805119960677206287e-03,1.058147056105389512e-02,1.756913830006254923e-02,2.272324073552852916e-02,2.767119715814890177e-02,3.268835539811056762e-02,3.856205165072970620e-02,4.438910577235774535e-02,5.153252656977439644e-02,5.880020423264632756e-02,6.714791414240592338e-02,7.529677281315665105e-02,8.450180687600249152e-02,9.375705864520900157e-02,1.030263510546011452e-01,1.119393798933481510e-01,1.206110525355399837e-01,1.292851906274120055e-01,1.367239485310714486e-01,1.435601968496367786e-01,1.494289275022676056e-01,1.549322409688352886e-01,2.999999999999973244e-01
4.999999999999999237e-03,4.537378632683249438e-03,9.074757265366498876e-03,1.223254714449796207e-02,1.576320920743525325e-02,2.204480461331849786e-02,2.681254374219610090e-02,3.136171577363589674e-02,3.614258624768642431e-02,4.163928658224326507e-02,4.728097862914729804e-02,5.408543178015347286e-02,6.100649110420477972e-02,6.911961379555504881e-02,7.738512385036278030e-02,8.635757098471509574e-02,9.531215822745420230e-02,1.044470183943009833e-01,1.132898881501968880e-01,1.218673116196520023e-01,1.304133931318754436e-01,1.377940663499870044e-01,1.446227037442839591e-01,1.504521937058530545e-01,2.999999999999971023e-01
4.999999999999999237e-03,4.133063275845214046e-03,8.266126551690428093e-03,1.337695332154059495e-02,1.680798598205490713e-02,1.999384897210065501e-02,2.565055710154422880e-02,3.026552079913681290e-02,3.446353587018376186e-02,3.886966232740774602e-02,4.409508433709433822e-02,4.957098588348799600e-02,5.613084607241601576e-02,6.291791817615614846e-02,7.082482745766256749e-02,7.911443456521134732e-02,8.790167491530349875e-02,9.662279694076406078e-02,1.056453179520794594e-01,1.144404368907643299e-01,1.229369103973945998e-01,1.313293523599468882e-01,1.386647532923245552e-01,1.455102186662422525e-01,2.999999999999969358e-01
4.999999999999999237e-03,3.828942624401980317e-03,7.657885248803960633e-03,1.217221402902511976e-02,1.717754471470974570e-02,2.052123612453984544e-02,2.341939412806236936e-02,2.860217435153716153e-02,3.308292876809094257e-02,3.702289192532548512e-02,4.124968319987088600e-02,4.624030988339299098e-02,5.156942929958571731e-02,5.791879837902324385e-02,6.458027499612309374e-02,7.231055498148160343e-02,8.059125505051398242e-02,8.922475281965774885e-02,9.771381710655023534e-02,1.066473845787525576e-01,1.154426470786507342e-01,1.238688346832025611e-01,1.321396531259659002e-01,1.394347109214664759e-01,2.999999999999967137e-01
4.999999999999999237e-03,3.580277315923963838e-03,7.160554631847927676e-03,1.122609669929926397e-02,1.568865593144640538e-02,2.037975965608334813e-02,2.360480847253967202e-02,2.627539387272457769e-02,3.106489427738658160e-02,3.535411090344924706e-02,3.911225047071829192e-02,4.324266777019654395e-02,4.805207682453148388e-02,5.323249518350885168e-02,5.941983056350851056e-02,6.594476967621705488e-02,7.354202315875249529e-02,8.187524827072840961e-02,9.037860964537433595e-02,9.868423017349786663e-02,1.075383583996979003e-01,1.163273454897029574e-01,1.246917775846921039e-01,1.329173457124324387e-01,2.999999999999965472e-01
4.999999999999999237e-03,3.365453216117079548e-03,6.730906432234159097e-03,1.043136775687851688e-02,1.448462483095607455e-02,1.868966643119998258e-02,2.306653035103039748e-02,2.613145491465365677e-02,2.863728004955453516e-02,3.315387639281831139e-02,3.727287784419539007e-02,4.088907182797510420e-02,4.486279296449226933e-02,4.954182533873029148e-02,5.472043563919705422e-02,6.076446336199919224e-02,6.717652321389132319e-02,7.465332732947686789e-02,8.300513341156313951e-02,9.139656283012523308e-02,9.955106379106989922e-02,1.083343467802844184e-01,1.171146031462467901e-01,1.254264757439920719e-01,2.999999999999963252e-01
4.999999999999999237e-03,3.172996775769220540e-03,6.345993551538441080e-03,9.732116019995389750e-03,1.345331659750003371e-02,1.729283111380994220e-02,2.122753485659869752e-02,2.533982817057050738e-02,2.828456960276102064e-02,3.065976262631779983e-02,3.494780309028083787e-02,3.895553796075044289e-02,4.245175929572297252e-02,4.628022093935372366e-02,5.084924692292815129e-02,5.593189181098955770e-02,6.187151619290880838e-02,6.828242549042237708e-02,7.565173057772944798e-02,8.396400601129624941e-02,9.226559965047410883e-02,1.002876654328179740e-01,1.090141230913615339e-01,1.180133554824257802e-01,2.999999999999961031e-01
4.999999999999999237e-03,2.997454305057923457e-03,5.994908610115846914e-03,9.101306548142118480e-03,1.253920384882679755e-02,1.608306328649382333e-02,1.968676654443947752e-02,2.338872349308910789e-02,2.728604510974765723e-02,3.010567338871683943e-02,3.238066176531483042e-02,3.650582157210740392e-02,4.047109119942478989e-02,4.386089970645339065e-02,4.756681368240801844e-02,5.203555477631129772e-02,5.696531512018338655e-02,6.282205388018695380e-02,6.917267536274251949e-02,7.646495374655216948e-02,8.471100981295956456e-02,9.295200143164487894e-02,1.009582230948754406e-01,1.096362275522652779e-01,2.999999999999959366e-01
4.999999999999999237e-03,2.834369717767717435e-03,5.668739435535434870e-03,8.519029745553798397e-03,1.170777992029480713e-02,1.500054103285414220e-02,1.833773052531646741e-02,2.173408922161267076e-02,2.524480879748618178e-02,2.896772300031465186e-02,3.168701112973866529e-02,3.388001878462235800e-02,3.786891164376125773e-02,4.174535019027073024e-02,4.505420673430955009e-02,4.870529699056171807e-02,5.308838413355076308e-02,5.791648561493135949e-02,6.369549486253836545e-02,6.997863753045688306e-02,7.720122202683285528e-02,8.538803561841508405e-02,9.357396055470545981e-02,1.017205589213891620e-01,2.999999999999957145e-01
4.999999999999999237e-03,2.681540219755268722e-03,5.363080439510537444e-03,7.975711856611214165e-03,1.094078990542075858e-02,1.401410461268943683e-02,1.712578749989324828e-02,2.027697679869317621e-02,2.350073127202441381e-02,2.685499597867124430e-02,3.043487623944491835e-02,3.306550369646100995e-02,3.519139098608405763e-02,3.907101422585396860e-02,4.288365512612694885e-02,4.612221021364874135e-02,4.969513025487827529e-02,5.400772538433001868e-02,5.878636820013009856e-02,6.449367020140096829e-02,7.065832399037934308e-02,7.782727809353662263e-02,8.600485489747627943e-02,9.414542044921529740e-02,2.999999999999954370e-01
4.999999999999999237e-03,2.535764852837153575e-03,5.071529705674307151e-03,7.457491638129943971e-03,1.021946129330102669e-02,1.309789171894396899e-02,1.601351868781921567e-02,1.895828727398801011e-02,2.195284404052565488e-02,2.503452661960164916e-02,2.826021903166227311e-02,3.172167697011875342e-02,3.429088764681095108e-02,3.635907500837494422e-02,4.013485044729835777e-02,4.388783951994067178e-02,4.706703729956795978e-02,5.059132604121621690e-02,5.484053867563268986e-02,5.955927901467605867e-02,6.520472087074379031e-02,7.128829717381587883e-02,7.840631093089872605e-02,8.679433299019036208e-02,2.999999999999952704e-01
4.999999999999999237e-03,2.396928493599895758e-03,4.793856987199791517e-03,6.960552899638559020e-03,9.534834036014072645e-03,1.223918135345305677e-02,1.498176972849105809e-02,1.774757540462608418e-02,2.054966114817723122e-02,2.341411249250750087e-02,2.637817409904116492e-02,2.949675686940146993e-02,3.285883553304768528e-02,3.538964055251481861e-02,3.740755553586776194e-02,4.108237435566713946e-02,4.477603848401143921e-02,4.790469442339729406e-02,5.138155376907567462e-02,5.557743251151199548e-02,6.026843879028103562e-02,6.585696356457197698e-02,7.186954696571869194e-02,7.894552992414623216e-02,2.999999999999950484e-01
4.999999999999999237e-03,2.262435284064807407e-03,4.524870568129614815e-03,6.472508201856252280e-03,8.871025482851688584e-03,1.141873534496933365e-02,1.400843197863100957e-02,1.661738014115105716e-02,1.925344444541023450e-02,2.193629678813454123e-02,2.469275808862032157e-02,2.755887115512390892e-02,3.058771310392612366e-02,3.386577216850432392e-02,3.633979237266046769e-02,3.831730192219568593e-02,4.192683174403213225e-02,4.557307494833196665e-02,4.865737509896869706e-02,5.210465022970291876e-02,5.625163398302391454e-02,6.091561550271804015e-02,6.645206686614277269e-02,7.268028422182400139e-02,2.999999999999948264e-01
4.999999999999999237e-03,2.133179965972790710e-03,4.266359931945581420e-03,5.991766304223472735e-03,8.222007817029541171e-03,1.062905080870449499e-02,1.308340022931998858e-02,1.555449260227043107e-02,1.804540460263774279e-02,2.057179658442817582e-02,2.315487718074905193e-02,2.582086035255342152e-02,2.860446823917447284e-02,3.155713481718907393e-02,3.476333132104734297e-02,3.720052980037664991e-02,3.914201568945725740e-02,4.268391312655652609e-02,4.629215567407019699e-02,4.933716405833520058e-02,5.275831414051377483e-02,5.686174652911870492e-02,6.149518395300734158e-02,6.699174693929227375e-02,2.999999999999946043e-01
4.999999999999999237e-03,2.008652844577824871e-03,4.017305689155649742e-03,5.505438799876249088e-03,7.570951506574680016e-03,9.852405913347277860e-03,1.218875778156364685e-02,1.453947210258118260e-02,1.690373117480743759e-02,1.929405301121360841e-02,2.172837778836184466e-02,2.422780721101254128e-02,2.681761874158602316e-02,2.953129538418870770e-02,3.241893599401778764e-02,3.556336815505393989e-02,3.797092414939778893e-02,3.988113707242826877e-02,4.336219566654549856e-02,4.694841194230113535e-02,4.995763115595350246e-02,5.335525023788218607e-02,5.741900119113079598e-02,6.217576855023807664e-02,2.999999999999943268e-01
4.999999999999999237e-03,1.891276646678650194e-03,3.782553293357300388e-03,5.014342797233502930e-03,6.907632266835140276e-03,9.079009567237759232e-03,1.131606825836255562e-02,1.356368313100297235e-02,1.581802004105393664e-02,1.808981778111436872e-02,2.039485587782516318e-02,2.275141596173537242e-02,2.517999138647876792e-02,2.770490960419361506e-02,3.035863758978863194e-02,3.319016956831657983e-02,3.628099058476057931e-02,3.866405931094979431e-02,4.054675748171931993e-02,4.397303841298345894e-02,4.752726639432735406e-02,5.050643571176679364e-02,5.387205518339496096e-02,5.790805059517226128e-02,2.999999999999941047e-01
4.999999999999999237e-03,1.781464589477447071e-03,3.562929178954894142e-03,4.506307487025049824e-03,6.210488101564277073e-03,8.284353616050291885e-03,1.044487666026583036e-02,1.260969554259628277e-02,1.477139939351873252e-02,1.694117629891192522e-02,1.913415930231374823e-02,2.136700563043025108e-02,2.365765205397649465e-02,2.602589757729790315e-02,2.849524730351563409e-02,3.109735191473338850e-02,3.388032850680496727e-02,3.692449108015016801e-02,3.928262728071775511e-02,4.114157027208698025e-02,4.452286814580641572e-02,4.805635094945127916e-02,5.100808170239028855e-02,5.454236771656805621e-02,2.999999999999938827e-01
4.999999999999999237e-03,1.683217995867115424e-03,3.366435991734230849e-03,3.989764463664746165e-03,5.454035074789857773e-03,7.443515276003454841e-03,9.556942302334843486e-03,1.166476574198305541e-02,1.375431694631606798e-02,1.583875314870394208e-02,1.793547545989441702e-02,2.006111958101316692e-02,2.223234183531688779e-02,2.446654327995081979e-02,2.678285520880183471e-02,2.920413009465606599e-02,3.176135883094246409e-02,3.450188416205006436e-02,3.750501912401644350e-02,3.984295188459069381e-02,4.168077860726487893e-02,4.502054672992272105e-02,4.852918161224687582e-02,5.146109881067032626e-02,2.999999999999937161e-01
