# time changes with rows which correspond to the time output file, components in columns, with _g representing gas phase (ppb), _pi representing particle phase where i is the size bin number (starting at 1) (molecules/cc (air)) and _w is the wall phase (molecules/cc (air))
# MGLYOX_g, two-methylglyceric_acid_g, H2O_g, core_g, MGLYOX_w, two-methylglyceric_acid_w, H2O_w, core_w
5.000000000000000000e+01,5.000000000000000000e+01,1.563886735822170042e+07,0.000000000000000000e+00,0.000000000000000000e+00,0.000000000000000000e+00,1.053874649975000000e+11,0.000000000000000000e+00
4.999999714292113850e+01,4.582932996917192270e+01,1.563886735822170042e+07,0.000000000000000000e+00,7.032680570062159677e+04,1.026607662715460968e+11,1.053874649974999847e+11,0.000000000000000000e+00
4.999999714292113850e+01,4.295729021859067132e+01,1.563886735822170042e+07,0.000000000000000000e+00,7.032680570062158222e+04,1.733558343008126526e+11,1.053874649974999847e+11,0.000000000000000000e+00
4.999999714292113850e+01,4.098345470284685632e+01,1.563886735822170042e+07,0.000000000000000000e+00,7.032680570062158222e+04,2.219416646452050476e+11,1.053874649974999847e+11,0.000000000000000000e+00
4.999999714292113850e+01,3.962757634130722550e+01,1.563886735822170042e+07,0.000000000000000000e+00,7.032680570062158222e+04,2.553165206126600952e+11,1.053874649974999847e+11,0.000000000000000000e+00
4.999999714292113850e+01,3.869535397202734828e+01,1.563886735822170042e+07,0.000000000000000000e+00,7.032680570062158222e+04,2.782631124212545776e+11,1.053874649974999847e+11,0.000000000000000000e+00
4.999999714292113850e+01,3.805657877627385233e+01,1.563886735822170042e+07,0.000000000000000000e+00,7.032680570062158222e+04,2.939865215105828857e+11,1.053874649974999847e+11,0.000000000000000000e+00
4.999999714292113850e+01,3.761703297284318381e+01,1.563886735822170042e+07,0.000000000000000000e+00,7.032680570062158222e+04,3.048059123178381348e+11,1.053874649974999847e+11,0.000000000000000000e+00
4.999999714292113850e+01,3.731455872490155201e+01,1.563886735822170042e+07,0.000000000000000000e+00,7.032680570062158222e+04,3.122512958752932739e+11,1.053874649974999847e+11,0.000000000000000000e+00
4.999999714292113850e+01,3.710631003836399344e+01,1.563886735822170042e+07,0.000000000000000000e+00,7.032680570062158222e+04,3.173773234864357300e+11,1.053874649974999847e+11,0.000000000000000000e+00
4.999999714292113850e+01,3.696286647380412660e+01,1.563886735822170042e+07,0.000000000000000000e+00,7.032680570062158222e+04,3.209081773170164795e+11,1.053874649974999847e+11,0.000000000000000000e+00
4.999999714292113850e+01,3.686391677881442064e+01,1.563886735822170042e+07,0.000000000000000000e+00,7.032680570062158222e+04,3.233438174983047485e+11,1.053874649974999847e+11,0.000000000000000000e+00
4.999999714292113850e+01,3.679565590088539295e+01,1.563886735822170042e+07,0.000000000000000000e+00,7.032680570062158222e+04,3.250240544824736938e+11,1.053874649974999847e+11,0.000000000000000000e+00
4.999999714292113850e+01,3.674854817661378092e+01,1.563886735822170042e+07,0.000000000000000000e+00,7.032680570062158222e+04,3.261836079919306030e+11,1.053874649974999847e+11,0.000000000000000000e+00
4.999999714292113850e+01,3.671598567119859524e+01,1.563886735822170042e+07,0.000000000000000000e+00,7.032680570062158222e+04,3.269851319036605835e+11,1.053874649974999847e+11,0.000000000000000000e+00
4.999999714292113850e+01,3.669328294738365059e+01,1.563886735822170042e+07,0.000000000000000000e+00,7.032680570062158222e+04,3.275439579450557861e+11,1.053874649974999847e+11,0.000000000000000000e+00
4.999999714292113850e+01,3.667727414323449153e+01,1.563886735822170042e+07,0.000000000000000000e+00,7.032680570062158222e+04,3.279380135977196655e+11,1.053874649974999847e+11,0.000000000000000000e+00
4.999999714292113850e+01,3.666612981307800112e+01,1.563886735822170042e+07,0.000000000000000000e+00,7.032680570062158222e+04,3.282123305455942993e+11,1.053874649974999847e+11,0.000000000000000000e+00
4.999999714292113850e+01,3.665837182606787081e+01,1.563886735822170042e+07,0.000000000000000000e+00,7.032680570062158222e+04,3.284032928814535522e+11,1.053874649974999847e+11,0.000000000000000000e+00
4.999999714292113850e+01,3.665297119977591223e+01,1.563886735822170042e+07,0.000000000000000000e+00,7.032680570062158222e+04,3.285362289395402222e+11,1.053874649974999847e+11,0.000000000000000000e+00
4.999999714292113850e+01,3.664921162086616846e+01,1.563886735822170042e+07,0.000000000000000000e+00,7.032680570062158222e+04,3.286287707251238403e+11,1.053874649974999847e+11,0.000000000000000000e+00
4.999999714292113850e+01,3.664659443670743144e+01,1.563886735822170042e+07,0.000000000000000000e+00,7.032680570062158222e+04,3.286931925396582642e+11,1.053874649974999847e+11,0.000000000000000000e+00
4.999999714292113850e+01,3.664477251646445666e+01,1.563886735822170042e+07,0.000000000000000000e+00,7.032680570062158222e+04,3.287380389856365967e+11,1.053874649974999847e+11,0.000000000000000000e+00
4.999999714292113850e+01,3.664350420931811669e+01,1.563886735822170042e+07,0.000000000000000000e+00,7.032680570062158222e+04,3.287692582819482422e+11,1.053874649974999847e+11,0.000000000000000000e+00
4.999999714292113850e+01,3.664262129305236471e+01,1.563886735822170042e+07,0.000000000000000000e+00,7.032680570062158222e+04,3.287909912072878418e+11,1.053874649974999847e+11,0.000000000000000000e+00
4.999999714292113850e+01,3.664200666186102495e+01,1.563886735822170042e+07,0.000000000000000000e+00,7.032680570062158222e+04,3.288061203133092651e+11,1.053874649974999847e+11,0.000000000000000000e+00
4.999999714292113850e+01,3.664157879399175499e+01,1.563886735822170042e+07,0.000000000000000000e+00,7.032680570062158222e+04,3.288166522525413208e+11,1.053874649974999847e+11,0.000000000000000000e+00
4.999999714292113850e+01,3.664128093908929884e+01,1.563886735822170042e+07,0.000000000000000000e+00,7.032680570062158222e+04,3.288239839312162476e+11,1.053874649974999847e+11,0.000000000000000000e+00
4.999999714292113850e+01,3.664107359109873130e+01,1.563886735822170042e+07,0.000000000000000000e+00,7.032680570062158222e+04,3.288290877882559814e+11,1.053874649974999847e+11,0.000000000000000000e+00
4.999999714292113850e+01,3.664092924837064658e+01,1.563886735822170042e+07,0.000000000000000000e+00,7.032680570062158222e+04,3.288326407749370728e+11,1.053874649974999847e+11,0.000000000000000000e+00
4.999999714292113850e+01,3.664083378468879459e+01,1.563886735822170042e+07,0.000000000000000000e+00,7.032680570062158222e+04,3.288349906071361694e+11,1.053874649974999847e+11,0.000000000000000000e+00
4.999999714292113850e+01,3.664076588000138912e+01,1.563886735822170042e+07,0.000000000000000000e+00,7.032680570062158222e+04,3.288366620765141602e+11,1.053874649974999847e+11,0.000000000000000000e+00
4.999999714292113850e+01,3.664071757842238242e+01,1.563886735822170042e+07,0.000000000000000000e+00,7.032680570062158222e+04,3.288378510166788330e+11,1.053874649974999847e+11,0.000000000000000000e+00
4.999999714292113850e+01,3.664068322081580931e+01,1.563886735822170042e+07,0.000000000000000000e+00,7.032680570062158222e+04,3.288386967268867188e+11,1.053874649974999847e+11,0.000000000000000000e+00
4.999999714292113850e+01,3.664065878175701130e+01,1.563886735822170042e+07,0.000000000000000000e+00,7.032680570062158222e+04,3.288392982926987915e+11,1.053874649974999847e+11,0.000000000000000000e+00
4.999999714292113850e+01,3.664064139790362873e+01,1.563886735822170042e+07,0.000000000000000000e+00,7.032680570062158222e+04,3.288397261950971069e+11,1.053874649974999847e+11,0.000000000000000000e+00
4.999999714292113850e+01,3.664062903251915060e+01,1.563886735822170042e+07,0.000000000000000000e+00,7.032680570062158222e+04,3.288400305682161255e+11,1.053874649974999847e+11,0.000000000000000000e+00
4.999999714292113850e+01,3.664062023684365244e+01,1.563886735822170042e+07,0.000000000000000000e+00,7.032680570062158222e+04,3.288402470731854248e+11,1.053874649974999847e+11,0.000000000000000000e+00
4.999999714292113850e+01,3.664061398035339323e+01,1.563886735822170042e+07,0.000000000000000000e+00,7.032680570062158222e+04,3.288404010762781982e+11,1.053874649974999847e+11,0.000000000000000000e+00
4.999999714292113850e+01,3.664060953002205423e+01,1.563886735822170042e+07,0.000000000000000000e+00,7.032680570062158222e+04,3.288405106208890991e+11,1.053874649974999847e+11,0.000000000000000000e+00
4.999999714292113850e+01,3.664060636443748109e+01,1.563886735822170042e+07,0.000000000000000000e+00,7.032680570062158222e+04,3.288405885415433960e+11,1.053874649974999847e+11,0.000000000000000000e+00
4.999999714292113850e+01,3.664060411271172768e+01,1.563886735822170042e+07,0.000000000000000000e+00,7.032680570062158222e+04,3.288406439676234131e+11,1.053874649974999847e+11,0.000000000000000000e+00
4.999999714292113850e+01,3.664060251102687715e+01,1.563886735822170042e+07,0.000000000000000000e+00,7.032680570062158222e+04,3.288406833929898682e+11,1.053874649974999847e+11,0.000000000000000000e+00
4.999999714292113850e+01,3.664060137172545240e+01,1.563886735822170042e+07,0.000000000000000000e+00,7.032680570062158222e+04,3.288407114368190308e+11,1.053874649974999847e+11,0.000000000000000000e+00
4.999999714292113850e+01,3.664060056132397847e+01,1.563886735822170042e+07,0.000000000000000000e+00,7.032680570062158222e+04,3.288407313847973022e+11,1.053874649974999847e+11,0.000000000000000000e+00
4.999999714292113850e+01,3.664059998487378778e+01,1.563886735822170042e+07,0.000000000000000000e+00,7.032680570062158222e+04,3.288407455740806274e+11,1.053874649974999847e+11,0.000000000000000000e+00
4.999999714292113850e+01,3.664059957483648589e+01,1.563886735822170042e+07,0.000000000000000000e+00,7.032680570062158222e+04,3.288407556671215820e+11,1.053874649974999847e+11,0.000000000000000000e+00
4.999999714292113850e+01,3.664059928317107762e+01,1.563886735822170042e+07,0.000000000000000000e+00,7.032680570062158222e+04,3.288407628464465942e+11,1.053874649974999847e+11,0.000000000000000000e+00
4.999999714292113850e+01,3.664059907570527486e+01,1.563886735822170042e+07,0.000000000000000000e+00,7.032680570062158222e+04,3.288407679532034302e+11,1.053874649974999847e+11,0.000000000000000000e+00
4.999999714292113850e+01,3.664059892813187247e+01,1.563886735822170042e+07,0.000000000000000000e+00,7.032680570062158222e+04,3.288407715857128906e+11,1.053874649974999847e+11,0.000000000000000000e+00
4.999999714292113850e+01,3.664059882316079353e+01,1.563886735822170042e+07,0.000000000000000000e+00,7.032680570062158222e+04,3.288407741695690308e+11,1.053874649974999847e+11,0.000000000000000000e+00
4.999999714292113850e+01,3.664059874849336040e+01,1.563886735822170042e+07,0.000000000000000000e+00,7.032680570062158222e+04,3.288407760075029907e+11,1.053874649974999847e+11,0.000000000000000000e+00
4.999999714292113850e+01,3.664059869538133540e+01,1.563886735822170042e+07,0.000000000000000000e+00,7.032680570062158222e+04,3.288407773148517456e+11,1.053874649974999847e+11,0.000000000000000000e+00
4.999999714292113850e+01,3.664059865760199131e+01,1.563886735822170042e+07,0.000000000000000000e+00,7.032680570062158222e+04,3.288407782447877197e+11,1.053874649974999847e+11,0.000000000000000000e+00
4.999999714292113850e+01,3.664059863072900214e+01,1.563886735822170042e+07,0.000000000000000000e+00,7.032680570062158222e+04,3.288407789062645264e+11,1.053874649974999847e+11,0.000000000000000000e+00
4.999999714292113850e+01,3.664059861161385356e+01,1.563886735822170042e+07,0.000000000000000000e+00,7.032680570062158222e+04,3.288407793767824707e+11,1.053874649974999847e+11,0.000000000000000000e+00
4.999999714292113850e+01,3.664059859801697883e+01,1.563886735822170042e+07,0.000000000000000000e+00,7.032680570062158222e+04,3.288407797114686279e+11,1.053874649974999847e+11,0.000000000000000000e+00
4.999999714292113850e+01,3.664059858834532690e+01,1.563886735822170042e+07,0.000000000000000000e+00,7.032680570062158222e+04,3.288407799495357056e+11,1.053874649974999847e+11,0.000000000000000000e+00
4.999999714292113850e+01,3.664059858146574555e+01,1.563886735822170042e+07,0.000000000000000000e+00,7.032680570062158222e+04,3.288407801188762207e+11,1.053874649974999847e+11,0.000000000000000000e+00
4.999999714292113850e+01,3.664059857657219510e+01,1.563886735822170042e+07,0.000000000000000000e+00,7.032680570062158222e+04,3.288407802393305664e+11,1.053874649974999847e+11,0.000000000000000000e+00
4.999999714292113850e+01,3.664059857309134571e+01,1.563886735822170042e+07,0.000000000000000000e+00,7.032680570062158222e+04,3.288407803250114746e+11,1.053874649974999847e+11,0.000000000000000000e+00
4.999999714292113850e+01,3.664059857061536718e+01,1.563886735822170042e+07,0.000000000000000000e+00,7.032680570062158222e+04,3.288407803859575195e+11,1.053874649974999847e+11,0.000000000000000000e+00
4.999999714292113850e+01,3.664059856885416622e+01,1.563886735822170042e+07,0.000000000000000000e+00,7.032680570062158222e+04,3.288407804293093872e+11,1.053874649974999847e+11,0.000000000000000000e+00
4.999999714292113850e+01,3.664059856760140832e+01,1.563886735822170042e+07,0.000000000000000000e+00,7.032680570062158222e+04,3.288407804601461182e+11,1.053874649974999847e+11,0.000000000000000000e+00
4.999999714292113850e+01,3.664059856671029536e+01,1.563886735822170042e+07,0.000000000000000000e+00,7.032680570062158222e+04,3.288407804820808105e+11,1.053874649974999847e+11,0.000000000000000000e+00
4.999999714292113850e+01,3.664059856607643439e+01,1.563886735822170042e+07,0.000000000000000000e+00,7.032680570062158222e+04,3.288407804976831665e+11,1.053874649974999847e+11,0.000000000000000000e+00
4.999999714292113850e+01,3.664059856562555950e+01,1.563886735822170042e+07,0.000000000000000000e+00,7.032680570062158222e+04,3.288407805087814331e+11,1.053874649974999847e+11,0.000000000000000000e+00
4.999999714292113850e+01,3.664059856530484893e+01,1.563886735822170042e+07,0.000000000000000000e+00,7.032680570062158222e+04,3.288407805166757812e+11,1.053874649974999847e+11,0.000000000000000000e+00
4.999999714292113850e+01,3.664059856507671498e+01,1.563886735822170042e+07,0.000000000000000000e+00,7.032680570062158222e+04,3.288407805222911377e+11,1.053874649974999847e+11,0.000000000000000000e+00
4.999999714292113850e+01,3.664059856491444833e+01,1.563886735822170042e+07,0.000000000000000000e+00,7.032680570062158222e+04,3.288407805262854004e+11,1.053874649974999847e+11,0.000000000000000000e+00
4.999999714292113850e+01,3.664059856479902066e+01,1.563886735822170042e+07,0.000000000000000000e+00,7.032680570062158222e+04,3.288407805291265259e+11,1.053874649974999847e+11,0.000000000000000000e+00
4.999999714292113850e+01,3.664059856471691745e+01,1.563886735822170042e+07,0.000000000000000000e+00,7.032680570062158222e+04,3.288407805311475220e+11,1.053874649974999847e+11,0.000000000000000000e+00
4.999999714292113850e+01,3.664059856465851084e+01,1.563886735822170042e+07,0.000000000000000000e+00,7.032680570062158222e+04,3.288407805325850830e+11,1.053874649974999847e+11,0.000000000000000000e+00
4.999999714292113850e+01,3.664059856461697251e+01,1.563886735822170042e+07,0.000000000000000000e+00,7.032680570062158222e+04,3.288407805336076660e+11,1.053874649974999847e+11,0.000000000000000000e+00
4.999999714292113850e+01,3.664059856458742814e+01,1.563886735822170042e+07,0.000000000000000000e+00,7.032680570062158222e+04,3.288407805343350220e+11,1.053874649974999847e+11,0.000000000000000000e+00
4.999999714292113850e+01,3.664059856456641029e+01,1.563886735822170042e+07,0.000000000000000000e+00,7.032680570062158222e+04,3.288407805348524170e+11,1.053874649974999847e+11,0.000000000000000000e+00
4.999999714292113850e+01,3.664059856455146047e+01,1.563886735822170042e+07,0.000000000000000000e+00,7.032680570062158222e+04,3.288407805352203979e+11,1.053874649974999847e+11,0.000000000000000000e+00
4.999999714292113850e+01,3.664059856454083075e+01,1.563886735822170042e+07,0.000000000000000000e+00,7.032680570062158222e+04,3.288407805354822388e+11,1.053874649974999847e+11,0.000000000000000000e+00
4.999999714292113850e+01,3.664059856453325636e+01,1.563886735822170042e+07,0.000000000000000000e+00,7.032680570062158222e+04,3.288407805356684570e+11,1.053874649974999847e+11,0.000000000000000000e+00
4.999999714292113850e+01,3.664059856452787756e+01,1.563886735822170042e+07,0.000000000000000000e+00,7.032680570062158222e+04,3.288407805358009033e+11,1.053874649974999847e+11,0.000000000000000000e+00
4.999999714292113850e+01,3.664059856452405484e+01,1.563886735822170042e+07,0.000000000000000000e+00,7.032680570062158222e+04,3.288407805358951416e+11,1.053874649974999847e+11,0.000000000000000000e+00
4.999999714292113850e+01,3.664059856452134056e+01,1.563886735822170042e+07,0.000000000000000000e+00,7.032680570062158222e+04,3.288407805359621582e+11,1.053874649974999847e+11,0.000000000000000000e+00
4.999999714292113850e+01,3.664059856451940078e+01,1.563886735822170042e+07,0.000000000000000000e+00,7.032680570062158222e+04,3.288407805360098267e+11,1.053874649974999847e+11,0.000000000000000000e+00
4.999999714292113850e+01,3.664059856451801522e+01,1.563886735822170042e+07,0.000000000000000000e+00,7.032680570062158222e+04,3.288407805360437012e+11,1.053874649974999847e+11,0.000000000000000000e+00
4.999999714292113850e+01,3.664059856451703467e+01,1.563886735822170042e+07,0.000000000000000000e+00,7.032680570062158222e+04,3.288407805360678101e+11,1.053874649974999847e+11,0.000000000000000000e+00
4.999999714292113850e+01,3.664059856451633124e+01,1.563886735822170042e+07,0.000000000000000000e+00,7.032680570062158222e+04,3.288407805360849609e+11,1.053874649974999847e+11,0.000000000000000000e+00
4.999999714292113850e+01,3.664059856451584096e+01,1.563886735822170042e+07,0.000000000000000000e+00,7.032680570062158222e+04,3.288407805360971680e+11,1.053874649974999847e+11,0.000000000000000000e+00
4.999999714292113850e+01,3.664059856451549280e+01,1.563886735822170042e+07,0.000000000000000000e+00,7.032680570062158222e+04,3.288407805361058350e+11,1.053874649974999847e+11,0.000000000000000000e+00
4.999999714292113850e+01,3.664059856451523700e+01,1.563886735822170042e+07,0.000000000000000000e+00,7.032680570062158222e+04,3.288407805361119995e+11,1.053874649974999847e+11,0.000000000000000000e+00
4.999999714292113850e+01,3.664059856451505937e+01,1.563886735822170042e+07,0.000000000000000000e+00,7.032680570062158222e+04,3.288407805361163330e+11,1.053874649974999847e+11,0.000000000000000000e+00
4.999999714292113850e+01,3.664059856451493857e+01,1.563886735822170042e+07,0.000000000000000000e+00,7.032680570062158222e+04,3.288407805361194458e+11,1.053874649974999847e+11,0.000000000000000000e+00
4.999999714292113850e+01,3.664059856451484620e+01,1.563886735822170042e+07,0.000000000000000000e+00,7.032680570062158222e+04,3.288407805361217041e+11,1.053874649974999847e+11,0.000000000000000000e+00
4.999999714292113850e+01,3.664059856451478225e+01,1.563886735822170042e+07,0.000000000000000000e+00,7.032680570062158222e+04,3.288407805361233521e+11,1.053874649974999847e+11,0.000000000000000000e+00
4.999999714292113850e+01,3.664059856451473252e+01,1.563886735822170042e+07,0.000000000000000000e+00,7.032680570062158222e+04,3.288407805361244507e+11,1.053874649974999847e+11,0.000000000000000000e+00
4.999999714292113850e+01,3.664059856451469699e+01,1.563886735822170042e+07,0.000000000000000000e+00,7.032680570062158222e+04,3.288407805361252441e+11,1.053874649974999847e+11,0.000000000000000000e+00
4.999999714292113850e+01,3.664059856451467567e+01,1.563886735822170042e+07,0.000000000000000000e+00,7.032680570062158222e+04,3.288407805361257935e+11,1.053874649974999847e+11,0.000000000000000000e+00
4.999999714292113850e+01,3.664059856451465436e+01,1.563886735822170042e+07,0.000000000000000000e+00,7.032680570062158222e+04,3.288407805361262207e+11,1.053874649974999847e+11,0.000000000000000000e+00
4.999999714292113850e+01,3.664059856451464015e+01,1.563886735822170042e+07,0.000000000000000000e+00,7.032680570062158222e+04,3.288407805361265259e+11,1.053874649974999847e+11,0.000000000000000000e+00
4.999999714292113850e+01,3.664059856451463304e+01,1.563886735822170042e+07,0.000000000000000000e+00,7.032680570062158222e+04,3.288407805361267090e+11,1.053874649974999847e+11,0.000000000000000000e+00
4.999999714292113850e+01,3.664059856451462593e+01,1.563886735822170042e+07,0.000000000000000000e+00,7.032680570062158222e+04,3.288407805361268921e+11,1.053874649974999847e+11,0.000000000000000000e+00
4.999999714292113850e+01,3.664059856451462593e+01,1.563886735822170042e+07,0.000000000000000000e+00,7.032680570062158222e+04,3.288407805361270142e+11,1.053874649974999847e+11,0.000000000000000000e+00
4.999999714292113850e+01,3.664059856451462593e+01,1.563886735822170042e+07,0.000000000000000000e+00,7.032680570062158222e+04,3.288407805361270752e+11,1.053874649974999847e+11,0.000000000000000000e+00
4.999999714292113850e+01,3.664059856451462593e+01,1.563886735822170042e+07,0.000000000000000000e+00,7.032680570062158222e+04,3.288407805361271362e+11,1.053874649974999847e+11,0.000000000000000000e+00
4.999999714292113850e+01,3.664059856451462593e+01,1.563886735822170042e+07,0.000000000000000000e+00,7.032680570062158222e+04,3.288407805361271362e+11,1.053874649974999847e+11,0.000000000000000000e+00
4.999999714292113850e+01,3.664059856451462593e+01,1.563886735822170042e+07,0.000000000000000000e+00,7.032680570062158222e+04,3.288407805361271362e+11,1.053874649974999847e+11,0.000000000000000000e+00
4.999999714292113850e+01,3.664059856451462593e+01,1.563886735822170042e+07,0.000000000000000000e+00,7.032680570062158222e+04,3.288407805361271362e+11,1.053874649974999847e+11,0.000000000000000000e+00
4.999999714292113850e+01,3.664059856451462593e+01,1.563886735822170042e+07,0.000000000000000000e+00,7.032680570062158222e+04,3.288407805361271362e+11,1.053874649974999847e+11,0.000000000000000000e+00
4.999999714292113850e+01,3.664059856451462593e+01,1.563886735822170042e+07,0.000000000000000000e+00,7.032680570062158222e+04,3.288407805361271362e+11,1.053874649974999847e+11,0.000000000000000000e+00
4.999999714292113850e+01,3.664059856451462593e+01,1.563886735822170042e+07,0.000000000000000000e+00,7.032680570062158222e+04,3.288407805361271362e+11,1.053874649974999847e+11,0.000000000000000000e+00
4.999999714292113850e+01,3.664059856451462593e+01,1.563886735822170042e+07,0.000000000000000000e+00,7.032680570062158222e+04,3.288407805361271362e+11,1.053874649974999847e+11,0.000000000000000000e+00
4.999999714292113850e+01,3.664059856451462593e+01,1.563886735822170042e+07,0.000000000000000000e+00,7.032680570062158222e+04,3.288407805361271362e+11,1.053874649974999847e+11,0.000000000000000000e+00
4.999999714292113850e+01,3.664059856451462593e+01,1.563886735822170042e+07,0.000000000000000000e+00,7.032680570062158222e+04,3.288407805361271362e+11,1.053874649974999847e+11,0.000000000000000000e+00
4.999999714292113850e+01,3.664059856451462593e+01,1.563886735822170042e+07,0.000000000000000000e+00,7.032680570062158222e+04,3.288407805361271362e+11,1.053874649974999847e+11,0.000000000000000000e+00
4.999999714292113850e+01,3.664059856451462593e+01,1.563886735822170042e+07,0.000000000000000000e+00,7.032680570062158222e+04,3.288407805361271362e+11,1.053874649974999847e+11,0.000000000000000000e+00
4.999999714292113850e+01,3.664059856451462593e+01,1.563886735822170042e+07,0.000000000000000000e+00,7.032680570062158222e+04,3.288407805361271362e+11,1.053874649974999847e+11,0.000000000000000000e+00
4.999999714292113850e+01,3.664059856451462593e+01,1.563886735822170042e+07,0.000000000000000000e+00,7.032680570062158222e+04,3.288407805361271362e+11,1.053874649974999847e+11,0.000000000000000000e+00
4.999999714292113850e+01,3.664059856451462593e+01,1.563886735822170042e+07,0.000000000000000000e+00,7.032680570062158222e+04,3.288407805361271362e+11,1.053874649974999847e+11,0.000000000000000000e+00
4.999999714292113850e+01,3.664059856451462593e+01,1.563886735822170042e+07,0.000000000000000000e+00,7.032680570062158222e+04,3.288407805361271362e+11,1.053874649974999847e+11,0.000000000000000000e+00
4.999999714292113850e+01,3.664059856451462593e+01,1.563886735822170042e+07,0.000000000000000000e+00,7.032680570062158222e+04,3.288407805361271362e+11,1.053874649974999847e+11,0.000000000000000000e+00
4.999999714292113850e+01,3.664059856451462593e+01,1.563886735822170042e+07,0.000000000000000000e+00,7.032680570062158222e+04,3.288407805361271362e+11,1.053874649974999847e+11,0.000000000000000000e+00
4.999999714292113850e+01,3.664059856451462593e+01,1.563886735822170042e+07,0.000000000000000000e+00,7.032680570062158222e+04,3.288407805361271362e+11,1.053874649974999847e+11,0.000000000000000000e+00
4.999999714292113850e+01,3.664059856451462593e+01,1.563886735822170042e+07,0.000000000000000000e+00,7.032680570062158222e+04,3.288407805361271362e+11,1.053874649974999847e+11,0.000000000000000000e+00
4.999999714292113850e+01,3.664059856451462593e+01,1.563886735822170042e+07,0.000000000000000000e+00,7.032680570062158222e+04,3.288407805361271362e+11,1.053874649974999847e+11,0.000000000000000000e+00
4.999999714292113850e+01,3.664059856451462593e+01,1.563886735822170042e+07,0.000000000000000000e+00,7.032680570062158222e+04,3.288407805361271362e+11,1.053874649974999847e+11,0.000000000000000000e+00
4.999999714292113850e+01,3.664059856451462593e+01,1.563886735822170042e+07,0.000000000000000000e+00,7.032680570062158222e+04,3.288407805361271362e+11,1.053874649974999847e+11,0.000000000000000000e+00
4.999999714292113850e+01,3.664059856451462593e+01,1.563886735822170042e+07,0.000000000000000000e+00,7.032680570062158222e+04,3.288407805361271362e+11,1.053874649974999847e+11,0.000000000000000000e+00
4.999999714292113850e+01,3.664059856451462593e+01,1.563886735822170042e+07,0.000000000000000000e+00,7.032680570062158222e+04,3.288407805361271362e+11,1.053874649974999847e+11,0.000000000000000000e+00
4.999999714292113850e+01,3.664059856451462593e+01,1.563886735822170042e+07,0.000000000000000000e+00,7.032680570062158222e+04,3.288407805361271362e+11,1.053874649974999847e+11,0.000000000000000000e+00
4.999999714292113850e+01,3.664059856451462593e+01,1.563886735822170042e+07,0.000000000000000000e+00,7.032680570062158222e+04,3.288407805361271362e+11,1.053874649974999847e+11,0.000000000000000000e+00
4.999999714292113850e+01,3.664059856451462593e+01,1.563886735822170042e+07,0.000000000000000000e+00,7.032680570062158222e+04,3.288407805361271362e+11,1.053874649974999847e+11,0.000000000000000000e+00
4.999999714292113850e+01,3.664059856451462593e+01,1.563886735822170042e+07,0.000000000000000000e+00,7.032680570062158222e+04,3.288407805361271362e+11,1.053874649974999847e+11,0.000000000000000000e+00
4.999999714292113850e+01,3.664059856451462593e+01,1.563886735822170042e+07,0.000000000000000000e+00,7.032680570062158222e+04,3.288407805361271362e+11,1.053874649974999847e+11,0.000000000000000000e+00
4.999999714292113850e+01,3.664059856451462593e+01,1.563886735822170042e+07,0.000000000000000000e+00,7.032680570062158222e+04,3.288407805361271362e+11,1.053874649974999847e+11,0.000000000000000000e+00
4.999999714292113850e+01,3.664059856451462593e+01,1.563886735822170042e+07,0.000000000000000000e+00,7.032680570062158222e+04,3.288407805361271362e+11,1.053874649974999847e+11,0.000000000000000000e+00
4.999999714292113850e+01,3.664059856451462593e+01,1.563886735822170042e+07,0.000000000000000000e+00,7.032680570062158222e+04,3.288407805361271362e+11,1.053874649974999847e+11,0.000000000000000000e+00
4.999999714292113850e+01,3.664059856451462593e+01,1.563886735822170042e+07,0.000000000000000000e+00,7.032680570062158222e+04,3.288407805361271362e+11,1.053874649974999847e+11,0.000000000000000000e+00
4.999999714292113850e+01,3.664059856451462593e+01,1.563886735822170042e+07,0.000000000000000000e+00,7.032680570062158222e+04,3.288407805361271362e+11,1.053874649974999847e+11,0.000000000000000000e+00
4.999999714292113850e+01,3.664059856451462593e+01,1.563886735822170042e+07,0.000000000000000000e+00,7.032680570062158222e+04,3.288407805361271362e+11,1.053874649974999847e+11,0.000000000000000000e+00
4.999999714292113850e+01,3.664059856451462593e+01,1.563886735822170042e+07,0.000000000000000000e+00,7.032680570062158222e+04,3.288407805361271362e+11,1.053874649974999847e+11,0.000000000000000000e+00
4.999999714292113850e+01,3.664059856451462593e+01,1.563886735822170042e+07,0.000000000000000000e+00,7.032680570062158222e+04,3.288407805361271362e+11,1.053874649974999847e+11,0.000000000000000000e+00
4.999999714292113850e+01,3.664059856451462593e+01,1.563886735822170042e+07,0.000000000000000000e+00,7.032680570062158222e+04,3.288407805361271362e+11,1.053874649974999847e+11,0.000000000000000000e+00
4.999999714292113850e+01,3.664059856451462593e+01,1.563886735822170042e+07,0.000000000000000000e+00,7.032680570062158222e+04,3.288407805361271362e+11,1.053874649974999847e+11,0.000000000000000000e+00
4.999999714292113850e+01,3.664059856451462593e+01,1.563886735822170042e+07,0.000000000000000000e+00,7.032680570062158222e+04,3.288407805361271362e+11,1.053874649974999847e+11,0.000000000000000000e+00
4.999999714292113850e+01,3.664059856451462593e+01,1.563886735822170042e+07,0.000000000000000000e+00,7.032680570062158222e+04,3.288407805361271362e+11,1.053874649974999847e+11,0.000000000000000000e+00
4.999999714292113850e+01,3.664059856451462593e+01,1.563886735822170042e+07,0.000000000000000000e+00,7.032680570062158222e+04,3.288407805361271362e+11,1.053874649974999847e+11,0.000000000000000000e+00
4.999999714292113850e+01,3.664059856451462593e+01,1.563886735822170042e+07,0.000000000000000000e+00,7.032680570062158222e+04,3.288407805361271362e+11,1.053874649974999847e+11,0.000000000000000000e+00
4.999999714292113850e+01,3.664059856451462593e+01,1.563886735822170042e+07,0.000000000000000000e+00,7.032680570062158222e+04,3.288407805361271362e+11,1.053874649974999847e+11,0.000000000000000000e+00
4.999999714292113850e+01,3.664059856451462593e+01,1.563886735822170042e+07,0.000000000000000000e+00,7.032680570062158222e+04,3.288407805361271362e+11,1.053874649974999847e+11,0.000000000000000000e+00
4.999999714292113850e+01,3.664059856451462593e+01,1.563886735822170042e+07,0.000000000000000000e+00,7.032680570062158222e+04,3.288407805361271362e+11,1.053874649974999847e+11,0.000000000000000000e+00
4.999999714292113850e+01,3.664059856451462593e+01,1.563886735822170042e+07,0.000000000000000000e+00,7.032680570062158222e+04,3.288407805361271362e+11,1.053874649974999847e+11,0.000000000000000000e+00
4.999999714292113850e+01,3.664059856451462593e+01,1.563886735822170042e+07,0.000000000000000000e+00,7.032680570062158222e+04,3.288407805361271362e+11,1.053874649974999847e+11,0.000000000000000000e+00
4.999999714292113850e+01,3.664059856451462593e+01,1.563886735822170042e+07,0.000000000000000000e+00,7.032680570062158222e+04,3.288407805361271362e+11,1.053874649974999847e+11,0.000000000000000000e+00
4.999999714292113850e+01,3.664059856451462593e+01,1.563886735822170042e+07,0.000000000000000000e+00,7.032680570062158222e+04,3.288407805361271362e+11,1.053874649974999847e+11,0.000000000000000000e+00
4.999999714292113850e+01,3.664059856451462593e+01,1.563886735822170042e+07,0.000000000000000000e+00,7.032680570062158222e+04,3.288407805361271362e+11,1.053874649974999847e+11,0.000000000000000000e+00
4.999999714292113850e+01,3.664059856451462593e+01,1.563886735822170042e+07,0.000000000000000000e+00,7.032680570062158222e+04,3.288407805361271362e+11,1.053874649974999847e+11,0.000000000000000000e+00
4.999999714292113850e+01,3.664059856451462593e+01,1.563886735822170042e+07,0.000000000000000000e+00,7.032680570062158222e+04,3.288407805361271362e+11,1.053874649974999847e+11,0.000000000000000000e+00
4.999999714292113850e+01,3.664059856451462593e+01,1.563886735822170042e+07,0.000000000000000000e+00,7.032680570062158222e+04,3.288407805361271362e+11,1.053874649974999847e+11,0.000000000000000000e+00
4.999999714292113850e+01,3.664059856451462593e+01,1.563886735822170042e+07,0.000000000000000000e+00,7.032680570062158222e+04,3.288407805361271362e+11,1.053874649974999847e+11,0.000000000000000000e+00
4.999999714292113850e+01,3.664059856451462593e+01,1.563886735822170042e+07,0.000000000000000000e+00,7.032680570062158222e+04,3.288407805361271362e+11,1.053874649974999847e+11,0.000000000000000000e+00
4.999999714292113850e+01,3.664059856451462593e+01,1.563886735822170042e+07,0.000000000000000000e+00,7.032680570062158222e+04,3.288407805361271362e+11,1.053874649974999847e+11,0.000000000000000000e+00
4.999999714292113850e+01,3.664059856451462593e+01,1.563886735822170042e+07,0.000000000000000000e+00,7.032680570062158222e+04,3.288407805361271362e+11,1.053874649974999847e+11,0.000000000000000000e+00
4.999999714292113850e+01,3.664059856451462593e+01,1.563886735822170042e+07,0.000000000000000000e+00,7.032680570062158222e+04,3.288407805361271362e+11,1.053874649974999847e+11,0.000000000000000000e+00
4.999999714292113850e+01,3.664059856451462593e+01,1.563886735822170042e+07,0.000000000000000000e+00,7.032680570062158222e+04,3.288407805361271362e+11,1.053874649974999847e+11,0.000000000000000000e+00
4.999999714292113850e+01,3.664059856451462593e+01,1.563886735822170042e+07,0.000000000000000000e+00,7.032680570062158222e+04,3.288407805361271362e+11,1.053874649974999847e+11,0.000000000000000000e+00
4.999999714292113850e+01,3.664059856451462593e+01,1.563886735822170042e+07,0.000000000000000000e+00,7.032680570062158222e+04,3.288407805361271362e+11,1.053874649974999847e+11,0.000000000000000000e+00
4.999999714292113850e+01,3.664059856451462593e+01,1.563886735822170042e+07,0.000000000000000000e+00,7.032680570062158222e+04,3.288407805361271362e+11,1.053874649974999847e+11,0.000000000000000000e+00
4.999999714292113850e+01,3.664059856451462593e+01,1.563886735822170042e+07,0.000000000000000000e+00,7.032680570062158222e+04,3.288407805361271362e+11,1.053874649974999847e+11,0.000000000000000000e+00
4.999999714292113850e+01,3.664059856451462593e+01,1.563886735822170042e+07,0.000000000000000000e+00,7.032680570062158222e+04,3.288407805361271362e+11,1.053874649974999847e+11,0.000000000000000000e+00
4.999999714292113850e+01,3.664059856451462593e+01,1.563886735822170042e+07,0.000000000000000000e+00,7.032680570062158222e+04,3.288407805361271362e+11,1.053874649974999847e+11,0.000000000000000000e+00
4.999999714292113850e+01,3.664059856451462593e+01,1.563886735822170042e+07,0.000000000000000000e+00,7.032680570062158222e+04,3.288407805361271362e+11,1.053874649974999847e+11,0.000000000000000000e+00
4.999999714292113850e+01,3.664059856451462593e+01,1.563886735822170042e+07,0.000000000000000000e+00,7.032680570062158222e+04,3.288407805361271362e+11,1.053874649974999847e+11,0.000000000000000000e+00
4.999999714292113850e+01,3.664059856451462593e+01,1.563886735822170042e+07,0.000000000000000000e+00,7.032680570062158222e+04,3.288407805361271362e+11,1.053874649974999847e+11,0.000000000000000000e+00
4.999999714292113850e+01,3.664059856451462593e+01,1.563886735822170042e+07,0.000000000000000000e+00,7.032680570062158222e+04,3.288407805361271362e+11,1.053874649974999847e+11,0.000000000000000000e+00
4.999999714292113850e+01,3.664059856451462593e+01,1.563886735822170042e+07,0.000000000000000000e+00,7.032680570062158222e+04,3.288407805361271362e+11,1.053874649974999847e+11,0.000000000000000000e+00
4.999999714292113850e+01,3.664059856451462593e+01,1.563886735822170042e+07,0.000000000000000000e+00,7.032680570062158222e+04,3.288407805361271362e+11,1.053874649974999847e+11,0.000000000000000000e+00
4.999999714292113850e+01,3.664059856451462593e+01,1.563886735822170042e+07,0.000000000000000000e+00,7.032680570062158222e+04,3.288407805361271362e+11,1.053874649974999847e+11,0.000000000000000000e+00
4.999999714292113850e+01,3.664059856451462593e+01,1.563886735822170042e+07,0.000000000000000000e+00,7.032680570062158222e+04,3.288407805361271362e+11,1.053874649974999847e+11,0.000000000000000000e+00
4.999999714292113850e+01,3.664059856451462593e+01,1.563886735822170042e+07,0.000000000000000000e+00,7.032680570062158222e+04,3.288407805361271362e+11,1.053874649974999847e+11,0.000000000000000000e+00
4.999999714292113850e+01,3.664059856451462593e+01,1.563886735822170042e+07,0.000000000000000000e+00,7.032680570062158222e+04,3.288407805361271362e+11,1.053874649974999847e+11,0.000000000000000000e+00
4.999999714292113850e+01,3.664059856451462593e+01,1.563886735822170042e+07,0.000000000000000000e+00,7.032680570062158222e+04,3.288407805361271362e+11,1.053874649974999847e+11,0.000000000000000000e+00
4.999999714292113850e+01,3.664059856451462593e+01,1.563886735822170042e+07,0.000000000000000000e+00,7.032680570062158222e+04,3.288407805361271362e+11,1.053874649974999847e+11,0.000000000000000000e+00
