number_of_size_bins,1
number_of_components,4
molecular_weights_g/mol_corresponding_to_component_names,[72.06266, 120.10391999999999, 18.0, 132.14]
molar_volumes_cm3/mol,[69.9996697334277, 92.30763082251792, 18.0, 132.14]
component_names,['MGLYOX', 'two-methylglyceric_acid', 'H2O', 'core']
factor_for_multiplying_ppb_to_get_molec/cm3_with_time,[[24614933694.758], [24614933694.758], [24614933694.758], [24614933694.758], [24614933694.758], [24614933694.758], [24614933694.758], [24614933694.758], [24614933694.758], [24614933694.758], [24614933694.758], [24614933694.758], [24614933694.758], [24614933694.758], [24614933694.758], [24614933694.758], [24614933694.758], [24614933694.758], [24614933694.758], [24614933694.758], [24614933694.758], [24614933694.758], [24614933694.758], [24614933694.758], [24614933694.758], [24614933694.758], [24614933694.758], [24614933694.758], [24614933694.758], [24614933694.758], [24614933694.758], [24614933694.758], [24614933694.758], [24614933694.758], [24614933694.758], [24614933694.758], [24614933694.758], [24614933694.758], [24614933694.758], [24614933694.758], [24614933694.758], [24614933694.758], [24614933694.758], [24614933694.758], [24614933694.758], [24614933694.758], [24614933694.758], [24614933694.758], [24614933694.758], [24614933694.758], [24614933694.758], [24614933694.758], [24614933694.758], [24614933694.758], [24614933694.758], [24614933694.758], [24614933694.758], [24614933694.758], [24614933694.758], [24614933694.758], [24614933694.758], [24614933694.758], [24614933694.758], [24614933694.758], [24614933694.758], [24614933694.758], [24614933694.758], [24614933694.758], [24614933694.758], [24614933694.758], [24614933694.758], [24614933694.758], [24614933694.758], [24614933694.758], [24614933694.758], [24614933694.758], [24614933694.758], [24614933694.758], [24614933694.758], [24614933694.758], [24614933694.758], [24614933694.758], [24614933694.758], [24614933694.758], [24614933694.758], [24614933694.758], [24614933694.758], [24614933694.758], [24614933694.758], [24614933694.758], [24614933694.758], [24614933694.758], [24614933694.758], [24614933694.758], [24614933694.758], [24614933694.758], [24614933694.758], [24614933694.758], [24614933694.758], [24614933694.758], [24614933694.758], [24614933694.758], [24614933694.758], [24614933694.758], [24614933694.758], [24614933694.758], [24614933694.758], [24614933694.758], [24614933694.758], [24614933694.758], [24614933694.758], [24614933694.758], [24614933694.758], [24614933694.758], [24614933694.758], [24614933694.758], [24614933694.758], [24614933694.758], [24614933694.758], [24614933694.758], [24614933694.758], [24614933694.758], [24614933694.758], [24614933694.758], [24614933694.758], [24614933694.758], [24614933694.758], [24614933694.758], [24614933694.758], [24614933694.758], [24614933694.758], [24614933694.758], [24614933694.758], [24614933694.758], [24614933694.758], [24614933694.758], [24614933694.758], [24614933694.758], [24614933694.758], [24614933694.758], [24614933694.758], [24614933694.758], [24614933694.758], [24614933694.758], [24614933694.758], [24614933694.758], [24614933694.758], [24614933694.758], [24614933694.758], [24614933694.758], [24614933694.758], [24614933694.758], [24614933694.758], [24614933694.758], [24614933694.758], [24614933694.758], [24614933694.758], [24614933694.758], [24614933694.758], [24614933694.758], [24614933694.758], [24614933694.758], [24614933694.758], [24614933694.758], [24614933694.758], [24614933694.758], [24614933694.758], [24614933694.758], [24614933694.758], [24614933694.758], [24614933694.758], [24614933694.758], [24614933694.758], [24614933694.758], [24614933694.758], [24614933694.758], [24614933694.758], [24614933694.758], [24614933694.758], [24614933694.758], [24614933694.758]]
simulation_computer_time(s),4.262755632400513
seed_name,['core']
wall_on_flag_0forNO_1forYES,1
space_mode,lin
