# tendency to change, top row gives equation number (where number 0 is the first equation) (molecules/cc.s (air))
1.000000000000000000e+00,1.000000000000000000e+00,0.000000000000000000e+00,0.000000000000000000e+00
0.000000000000000000e+00,0.000000000000000000e+00,0.000000000000000000e+00,-1.230746684737899933e+11
0.000000000000000000e+00,0.000000000000000000e+00,0.000000000000000000e+00,-8.465200157239054871e+10
0.000000000000000000e+00,0.000000000000000000e+00,0.000000000000000000e+00,-5.819308109954446411e+10
0.000000000000000000e+00,0.000000000000000000e+00,0.000000000000000000e+00,-4.000894666095418549e+10
0.000000000000000000e+00,0.000000000000000000e+00,0.000000000000000000e+00,-2.751779721513977051e+10
0.000000000000000000e+00,0.000000000000000000e+00,0.000000000000000000e+00,-1.892961610560162354e+10
0.000000000000000000e+00,0.000000000000000000e+00,0.000000000000000000e+00,-1.304484306196673584e+10
0.000000000000000000e+00,0.000000000000000000e+00,0.000000000000000000e+00,-8.995488433503870010e+09
0.000000000000000000e+00,0.000000000000000000e+00,0.000000000000000000e+00,-6.208917645355152130e+09
0.000000000000000000e+00,0.000000000000000000e+00,0.000000000000000000e+00,-4.290408183723657608e+09
0.000000000000000000e+00,0.000000000000000000e+00,0.000000000000000000e+00,-2.968921645710779190e+09
0.000000000000000000e+00,0.000000000000000000e+00,0.000000000000000000e+00,-2.057338820293664694e+09
0.000000000000000000e+00,0.000000000000000000e+00,0.000000000000000000e+00,-1.428479439024572849e+09
0.000000000000000000e+00,0.000000000000000000e+00,0.000000000000000000e+00,-9.944953585788452625e+08
0.000000000000000000e+00,0.000000000000000000e+00,0.000000000000000000e+00,-6.945103945815308094e+08
0.000000000000000000e+00,0.000000000000000000e+00,0.000000000000000000e+00,-4.853595414935791492e+08
0.000000000000000000e+00,0.000000000000000000e+00,0.000000000000000000e+00,-3.378770159602295160e+08
0.000000000000000000e+00,0.000000000000000000e+00,0.000000000000000000e+00,-2.352088877512817383e+08
0.000000000000000000e+00,0.000000000000000000e+00,0.000000000000000000e+00,-1.637377455817016661e+08
0.000000000000000000e+00,0.000000000000000000e+00,0.000000000000000000e+00,-1.139839977328003049e+08
0.000000000000000000e+00,0.000000000000000000e+00,0.000000000000000000e+00,-7.934854417955322564e+07
0.000000000000000000e+00,0.000000000000000000e+00,0.000000000000000000e+00,-5.523750340969238430e+07
0.000000000000000000e+00,0.000000000000000000e+00,0.000000000000000000e+00,-3.845290187089844048e+07
0.000000000000000000e+00,0.000000000000000000e+00,0.000000000000000000e+00,-2.676850999810791016e+07
0.000000000000000000e+00,0.000000000000000000e+00,0.000000000000000000e+00,-1.863456573250732571e+07
0.000000000000000000e+00,0.000000000000000000e+00,0.000000000000000000e+00,-1.297222146711425856e+07
0.000000000000000000e+00,0.000000000000000000e+00,0.000000000000000000e+00,-9.030450841040039435e+06
0.000000000000000000e+00,0.000000000000000000e+00,0.000000000000000000e+00,-6.286436182043457404e+06
0.000000000000000000e+00,0.000000000000000000e+00,0.000000000000000000e+00,-4.376224461743163876e+06
0.000000000000000000e+00,0.000000000000000000e+00,0.000000000000000000e+00,-3.046454300146484748e+06
0.000000000000000000e+00,0.000000000000000000e+00,0.000000000000000000e+00,-2.166986679370117374e+06
0.000000000000000000e+00,0.000000000000000000e+00,0.000000000000000000e+00,-1.541408734875488328e+06
0.000000000000000000e+00,0.000000000000000000e+00,0.000000000000000000e+00,-1.096426161950683687e+06
0.000000000000000000e+00,0.000000000000000000e+00,0.000000000000000000e+00,-7.799036695678711403e+05
0.000000000000000000e+00,0.000000000000000000e+00,0.000000000000000000e+00,-5.547566766601562267e+05
0.000000000000000000e+00,0.000000000000000000e+00,0.000000000000000000e+00,-3.946063883544921991e+05
0.000000000000000000e+00,0.000000000000000000e+00,0.000000000000000000e+00,-2.806891890991210821e+05
0.000000000000000000e+00,0.000000000000000000e+00,0.000000000000000000e+00,-1.996582498413085996e+05
0.000000000000000000e+00,0.000000000000000000e+00,0.000000000000000000e+00,-1.420197794433593808e+05
0.000000000000000000e+00,0.000000000000000000e+00,0.000000000000000000e+00,-1.010207079711914121e+05
0.000000000000000000e+00,0.000000000000000000e+00,0.000000000000000000e+00,-7.185747985839843750e+04
0.000000000000000000e+00,0.000000000000000000e+00,0.000000000000000000e+00,-5.111325703125000291e+04
0.000000000000000000e+00,0.000000000000000000e+00,0.000000000000000000e+00,-3.635759351806640916e+04
0.000000000000000000e+00,0.000000000000000000e+00,0.000000000000000000e+00,-2.586167823486328416e+04
0.000000000000000000e+00,0.000000000000000000e+00,0.000000000000000000e+00,-1.839578300781250073e+04
0.000000000000000000e+00,0.000000000000000000e+00,0.000000000000000000e+00,-1.308518454589843896e+04
0.000000000000000000e+00,0.000000000000000000e+00,0.000000000000000000e+00,-9.307679614257813228e+03
0.000000000000000000e+00,0.000000000000000000e+00,0.000000000000000000e+00,-6.620686120605469114e+03
0.000000000000000000e+00,0.000000000000000000e+00,0.000000000000000000e+00,-4.709389086914062318e+03
0.000000000000000000e+00,0.000000000000000000e+00,0.000000000000000000e+00,-3.349856066894531523e+03
0.000000000000000000e+00,0.000000000000000000e+00,0.000000000000000000e+00,-2.382800720214843750e+03
0.000000000000000000e+00,0.000000000000000000e+00,0.000000000000000000e+00,-1.694920361328125182e+03
0.000000000000000000e+00,0.000000000000000000e+00,0.000000000000000000e+00,-1.205621191406250091e+03
0.000000000000000000e+00,0.000000000000000000e+00,0.000000000000000000e+00,-8.575756591796875909e+02
0.000000000000000000e+00,0.000000000000000000e+00,0.000000000000000000e+00,-6.100058715820313182e+02
0.000000000000000000e+00,0.000000000000000000e+00,0.000000000000000000e+00,-4.339059326171875455e+02
0.000000000000000000e+00,0.000000000000000000e+00,0.000000000000000000e+00,-3.086435058593750114e+02
0.000000000000000000e+00,0.000000000000000000e+00,0.000000000000000000e+00,-2.195425659179687727e+02
0.000000000000000000e+00,0.000000000000000000e+00,0.000000000000000000e+00,-1.561637939453125057e+02
0.000000000000000000e+00,0.000000000000000000e+00,0.000000000000000000e+00,-1.110815429687500000e+02
0.000000000000000000e+00,0.000000000000000000e+00,0.000000000000000000e+00,-7.901391601562500000e+01
0.000000000000000000e+00,0.000000000000000000e+00,0.000000000000000000e+00,-5.620373535156250000e+01
0.000000000000000000e+00,0.000000000000000000e+00,0.000000000000000000e+00,-3.997851562500000000e+01
0.000000000000000000e+00,0.000000000000000000e+00,0.000000000000000000e+00,-2.843730468750000284e+01
0.000000000000000000e+00,0.000000000000000000e+00,0.000000000000000000e+00,-2.022785644531250071e+01
0.000000000000000000e+00,0.000000000000000000e+00,0.000000000000000000e+00,-1.438837890625000071e+01
0.000000000000000000e+00,0.000000000000000000e+00,0.000000000000000000e+00,-1.023465576171875036e+01
0.000000000000000000e+00,0.000000000000000000e+00,0.000000000000000000e+00,-7.280053710937500533e+00
0.000000000000000000e+00,0.000000000000000000e+00,0.000000000000000000e+00,-5.178405761718750000e+00
0.000000000000000000e+00,0.000000000000000000e+00,0.000000000000000000e+00,-3.683483886718750266e+00
0.000000000000000000e+00,0.000000000000000000e+00,0.000000000000000000e+00,-2.620129394531250266e+00
0.000000000000000000e+00,0.000000000000000000e+00,0.000000000000000000e+00,-1.863732910156250089e+00
0.000000000000000000e+00,0.000000000000000000e+00,0.000000000000000000e+00,-1.325683593750000000e+00
0.000000000000000000e+00,0.000000000000000000e+00,0.000000000000000000e+00,-9.429809570312500666e-01
0.000000000000000000e+00,0.000000000000000000e+00,0.000000000000000000e+00,-6.707641601562500666e-01
0.000000000000000000e+00,0.000000000000000000e+00,0.000000000000000000e+00,-4.771362304687500333e-01
0.000000000000000000e+00,0.000000000000000000e+00,0.000000000000000000e+00,-3.393920898437500222e-01
0.000000000000000000e+00,0.000000000000000000e+00,0.000000000000000000e+00,-2.414062500000000167e-01
0.000000000000000000e+00,0.000000000000000000e+00,0.000000000000000000e+00,-1.717041015625000167e-01
0.000000000000000000e+00,0.000000000000000000e+00,0.000000000000000000e+00,-1.221313476562500000e-01
0.000000000000000000e+00,0.000000000000000000e+00,0.000000000000000000e+00,-8.687744140625000555e-02
0.000000000000000000e+00,0.000000000000000000e+00,0.000000000000000000e+00,-6.181640625000000416e-02
0.000000000000000000e+00,0.000000000000000000e+00,0.000000000000000000e+00,-4.395751953125000278e-02
0.000000000000000000e+00,0.000000000000000000e+00,0.000000000000000000e+00,-3.127441406249999861e-02
0.000000000000000000e+00,0.000000000000000000e+00,0.000000000000000000e+00,-2.222900390625000278e-02
0.000000000000000000e+00,0.000000000000000000e+00,0.000000000000000000e+00,-1.580810546875000000e-02
0.000000000000000000e+00,0.000000000000000000e+00,0.000000000000000000e+00,-1.125488281250000035e-02
0.000000000000000000e+00,0.000000000000000000e+00,0.000000000000000000e+00,-8.007812500000001041e-03
0.000000000000000000e+00,0.000000000000000000e+00,0.000000000000000000e+00,-5.700683593750000347e-03
0.000000000000000000e+00,0.000000000000000000e+00,0.000000000000000000e+00,-4.077148437499999827e-03
0.000000000000000000e+00,0.000000000000000000e+00,0.000000000000000000e+00,-2.905273437500000087e-03
0.000000000000000000e+00,0.000000000000000000e+00,0.000000000000000000e+00,-2.075195312500000000e-03
0.000000000000000000e+00,0.000000000000000000e+00,0.000000000000000000e+00,-1.464843750000000000e-03
0.000000000000000000e+00,0.000000000000000000e+00,0.000000000000000000e+00,-1.037597656250000000e-03
0.000000000000000000e+00,0.000000000000000000e+00,0.000000000000000000e+00,-7.324218750000000000e-04
0.000000000000000000e+00,0.000000000000000000e+00,0.000000000000000000e+00,-5.249023437499999783e-04
0.000000000000000000e+00,0.000000000000000000e+00,0.000000000000000000e+00,-3.662109375000000000e-04
0.000000000000000000e+00,0.000000000000000000e+00,0.000000000000000000e+00,-2.563476562500000108e-04
0.000000000000000000e+00,0.000000000000000000e+00,0.000000000000000000e+00,-1.708984375000000163e-04
0.000000000000000000e+00,0.000000000000000000e+00,0.000000000000000000e+00,-1.098632812500000027e-04
0.000000000000000000e+00,0.000000000000000000e+00,0.000000000000000000e+00,-6.103515625000000000e-05
0.000000000000000000e+00,0.000000000000000000e+00,0.000000000000000000e+00,-4.882812500000000271e-05
0.000000000000000000e+00,0.000000000000000000e+00,0.000000000000000000e+00,-3.662109375000000542e-05
0.000000000000000000e+00,0.000000000000000000e+00,0.000000000000000000e+00,-3.662109375000000542e-05
0.000000000000000000e+00,0.000000000000000000e+00,0.000000000000000000e+00,-3.662109375000000542e-05
0.000000000000000000e+00,0.000000000000000000e+00,0.000000000000000000e+00,-3.662109375000000542e-05
0.000000000000000000e+00,0.000000000000000000e+00,0.000000000000000000e+00,-3.662109375000000542e-05
0.000000000000000000e+00,0.000000000000000000e+00,0.000000000000000000e+00,-3.662109375000000542e-05
0.000000000000000000e+00,0.000000000000000000e+00,0.000000000000000000e+00,-3.662109375000000542e-05
0.000000000000000000e+00,0.000000000000000000e+00,0.000000000000000000e+00,-3.662109375000000542e-05
0.000000000000000000e+00,0.000000000000000000e+00,0.000000000000000000e+00,-3.662109375000000542e-05
0.000000000000000000e+00,0.000000000000000000e+00,0.000000000000000000e+00,-3.662109375000000542e-05
0.000000000000000000e+00,0.000000000000000000e+00,0.000000000000000000e+00,-3.662109375000000542e-05
0.000000000000000000e+00,0.000000000000000000e+00,0.000000000000000000e+00,-3.662109375000000542e-05
0.000000000000000000e+00,0.000000000000000000e+00,0.000000000000000000e+00,-3.662109375000000542e-05
0.000000000000000000e+00,0.000000000000000000e+00,0.000000000000000000e+00,-3.662109375000000542e-05
0.000000000000000000e+00,0.000000000000000000e+00,0.000000000000000000e+00,-3.662109375000000542e-05
0.000000000000000000e+00,0.000000000000000000e+00,0.000000000000000000e+00,-3.662109375000000542e-05
0.000000000000000000e+00,0.000000000000000000e+00,0.000000000000000000e+00,-3.662109375000000542e-05
0.000000000000000000e+00,0.000000000000000000e+00,0.000000000000000000e+00,-3.662109375000000542e-05
0.000000000000000000e+00,0.000000000000000000e+00,0.000000000000000000e+00,-3.662109375000000542e-05
0.000000000000000000e+00,0.000000000000000000e+00,0.000000000000000000e+00,-3.662109375000000542e-05
0.000000000000000000e+00,0.000000000000000000e+00,0.000000000000000000e+00,-3.662109375000000542e-05
0.000000000000000000e+00,0.000000000000000000e+00,0.000000000000000000e+00,-3.662109375000000542e-05
0.000000000000000000e+00,0.000000000000000000e+00,0.000000000000000000e+00,-3.662109375000000542e-05
0.000000000000000000e+00,0.000000000000000000e+00,0.000000000000000000e+00,-3.662109375000000542e-05
0.000000000000000000e+00,0.000000000000000000e+00,0.000000000000000000e+00,-3.662109375000000542e-05
0.000000000000000000e+00,0.000000000000000000e+00,0.000000000000000000e+00,-3.662109375000000542e-05
0.000000000000000000e+00,0.000000000000000000e+00,0.000000000000000000e+00,-3.662109375000000542e-05
0.000000000000000000e+00,0.000000000000000000e+00,0.000000000000000000e+00,-3.662109375000000542e-05
0.000000000000000000e+00,0.000000000000000000e+00,0.000000000000000000e+00,-3.662109375000000542e-05
0.000000000000000000e+00,0.000000000000000000e+00,0.000000000000000000e+00,-3.662109375000000542e-05
0.000000000000000000e+00,0.000000000000000000e+00,0.000000000000000000e+00,-3.662109375000000542e-05
0.000000000000000000e+00,0.000000000000000000e+00,0.000000000000000000e+00,-3.662109375000000542e-05
0.000000000000000000e+00,0.000000000000000000e+00,0.000000000000000000e+00,-3.662109375000000542e-05
0.000000000000000000e+00,0.000000000000000000e+00,0.000000000000000000e+00,-3.662109375000000542e-05
0.000000000000000000e+00,0.000000000000000000e+00,0.000000000000000000e+00,-3.662109375000000542e-05
0.000000000000000000e+00,0.000000000000000000e+00,0.000000000000000000e+00,-3.662109375000000542e-05
0.000000000000000000e+00,0.000000000000000000e+00,0.000000000000000000e+00,-3.662109375000000542e-05
0.000000000000000000e+00,0.000000000000000000e+00,0.000000000000000000e+00,-3.662109375000000542e-05
0.000000000000000000e+00,0.000000000000000000e+00,0.000000000000000000e+00,-3.662109375000000542e-05
0.000000000000000000e+00,0.000000000000000000e+00,0.000000000000000000e+00,-3.662109375000000542e-05
0.000000000000000000e+00,0.000000000000000000e+00,0.000000000000000000e+00,-3.662109375000000542e-05
0.000000000000000000e+00,0.000000000000000000e+00,0.000000000000000000e+00,-3.662109375000000542e-05
0.000000000000000000e+00,0.000000000000000000e+00,0.000000000000000000e+00,-3.662109375000000542e-05
0.000000000000000000e+00,0.000000000000000000e+00,0.000000000000000000e+00,-3.662109375000000542e-05
0.000000000000000000e+00,0.000000000000000000e+00,0.000000000000000000e+00,-3.662109375000000542e-05
0.000000000000000000e+00,0.000000000000000000e+00,0.000000000000000000e+00,-3.662109375000000542e-05
0.000000000000000000e+00,0.000000000000000000e+00,0.000000000000000000e+00,-3.662109375000000542e-05
0.000000000000000000e+00,0.000000000000000000e+00,0.000000000000000000e+00,-3.662109375000000542e-05
0.000000000000000000e+00,0.000000000000000000e+00,0.000000000000000000e+00,-3.662109375000000542e-05
0.000000000000000000e+00,0.000000000000000000e+00,0.000000000000000000e+00,-3.662109375000000542e-05
0.000000000000000000e+00,0.000000000000000000e+00,0.000000000000000000e+00,-3.662109375000000542e-05
0.000000000000000000e+00,0.000000000000000000e+00,0.000000000000000000e+00,-3.662109375000000542e-05
0.000000000000000000e+00,0.000000000000000000e+00,0.000000000000000000e+00,-3.662109375000000542e-05
0.000000000000000000e+00,0.000000000000000000e+00,0.000000000000000000e+00,-3.662109375000000542e-05
0.000000000000000000e+00,0.000000000000000000e+00,0.000000000000000000e+00,-3.662109375000000542e-05
0.000000000000000000e+00,0.000000000000000000e+00,0.000000000000000000e+00,-3.662109375000000542e-05
0.000000000000000000e+00,0.000000000000000000e+00,0.000000000000000000e+00,-3.662109375000000542e-05
0.000000000000000000e+00,0.000000000000000000e+00,0.000000000000000000e+00,-3.662109375000000542e-05
0.000000000000000000e+00,0.000000000000000000e+00,0.000000000000000000e+00,-3.662109375000000542e-05
0.000000000000000000e+00,0.000000000000000000e+00,0.000000000000000000e+00,-3.662109375000000542e-05
0.000000000000000000e+00,0.000000000000000000e+00,0.000000000000000000e+00,-3.662109375000000542e-05
0.000000000000000000e+00,0.000000000000000000e+00,0.000000000000000000e+00,-3.662109375000000542e-05
0.000000000000000000e+00,0.000000000000000000e+00,0.000000000000000000e+00,-3.662109375000000542e-05
0.000000000000000000e+00,0.000000000000000000e+00,0.000000000000000000e+00,-3.662109375000000542e-05
0.000000000000000000e+00,0.000000000000000000e+00,0.000000000000000000e+00,-3.662109375000000542e-05
0.000000000000000000e+00,0.000000000000000000e+00,0.000000000000000000e+00,-3.662109375000000542e-05
0.000000000000000000e+00,0.000000000000000000e+00,0.000000000000000000e+00,-3.662109375000000542e-05
0.000000000000000000e+00,0.000000000000000000e+00,0.000000000000000000e+00,-3.662109375000000542e-05
0.000000000000000000e+00,0.000000000000000000e+00,0.000000000000000000e+00,-3.662109375000000542e-05
0.000000000000000000e+00,0.000000000000000000e+00,0.000000000000000000e+00,-3.662109375000000542e-05
0.000000000000000000e+00,0.000000000000000000e+00,0.000000000000000000e+00,-3.662109375000000542e-05
0.000000000000000000e+00,0.000000000000000000e+00,0.000000000000000000e+00,-3.662109375000000542e-05
0.000000000000000000e+00,0.000000000000000000e+00,0.000000000000000000e+00,-3.662109375000000542e-05
0.000000000000000000e+00,0.000000000000000000e+00,0.000000000000000000e+00,-3.662109375000000542e-05
0.000000000000000000e+00,0.000000000000000000e+00,0.000000000000000000e+00,-3.662109375000000542e-05
0.000000000000000000e+00,0.000000000000000000e+00,0.000000000000000000e+00,-3.662109375000000542e-05
0.000000000000000000e+00,0.000000000000000000e+00,0.000000000000000000e+00,-3.662109375000000542e-05
0.000000000000000000e+00,0.000000000000000000e+00,0.000000000000000000e+00,-3.662109375000000542e-05
0.000000000000000000e+00,0.000000000000000000e+00,0.000000000000000000e+00,-3.662109375000000542e-05
