# particle number concentration assuming water not removed from particles (#/cc (air)), with time changing with rows (corresponding times given in the time output file) and size bin changing with columns with size bin numbers given in the second row of the header
# 
0.000000000000000000e+00,0.000000000000000000e+00,0.000000000000000000e+00,0.000000000000000000e+00,0.000000000000000000e+00,0.000000000000000000e+00,0.000000000000000000e+00,0.000000000000000000e+00,0.000000000000000000e+00,0.000000000000000000e+00,0.000000000000000000e+00,0.000000000000000000e+00
0.000000000000000000e+00,0.000000000000000000e+00,0.000000000000000000e+00,0.000000000000000000e+00,0.000000000000000000e+00,0.000000000000000000e+00,0.000000000000000000e+00,0.000000000000000000e+00,0.000000000000000000e+00,0.000000000000000000e+00,0.000000000000000000e+00,0.000000000000000000e+00
0.000000000000000000e+00,0.000000000000000000e+00,0.000000000000000000e+00,0.000000000000000000e+00,0.000000000000000000e+00,0.000000000000000000e+00,0.000000000000000000e+00,0.000000000000000000e+00,0.000000000000000000e+00,0.000000000000000000e+00,0.000000000000000000e+00,0.000000000000000000e+00
3.999999999999992724e+03,3.979818367236864560e+03,3.977410556060888666e+03,3.977393542521803283e+03,3.977757571375799671e+03,3.977840549194800133e+03,3.976716083805261405e+03,1.689814760768396207e+00,3.974574120414897607e+03,1.860959292115153652e+00,9.983138816712884278e-01,1.761756038659221257e+00
3.984902311792400724e+03,3.730409985331877579e+03,3.913384792801947242e+03,3.918743632708280074e+03,3.928084582018801939e+03,3.939000937293980314e+03,3.944253979459313086e+03,3.948331383481734974e+03,3.940959063045250332e+03,1.348878433132940202e+01,3.931659526039547018e+03,4.841974634262444255e+01
1.506025773322471650e+01,3.247416561382979580e+03,3.598372976819684482e+03,3.849646047969633855e+03,3.870097391719466032e+03,3.887306978154976150e+03,3.903392518160223972e+03,3.913114440956743692e+03,3.916981827684684049e+03,3.906758923939027682e+03,2.345917655738433183e+01,3.991635825766401467e+03
1.183781331766402367e+01,3.076570137497466931e+03,3.505068690241850163e+03,3.793129387889916870e+03,3.822823394168782215e+03,3.849486192155099161e+03,3.870411532098439693e+03,3.883502216569542270e+03,3.887283639819464497e+03,3.875411477477049630e+03,3.201347095753702376e+01,3.999265582903643917e+03
1.110411626488820502e+01,2.968383835989355248e+03,3.429218407476110315e+03,3.741439458485073374e+03,3.778725626309362269e+03,3.810928233852255744e+03,3.836616899103945798e+03,3.852328060877483040e+03,3.859773080601704805e+03,3.845412210619633242e+03,4.135262637787793949e+01,4.009084137144789565e+03
1.065242363086612620e+01,2.885398762969745349e+03,3.363371979347213255e+03,3.693276131316300507e+03,3.737108505742643047e+03,3.774154014452295087e+03,3.803852367378081453e+03,3.819294538270336943e+03,3.830135917000161953e+03,3.816364490055508213e+03,5.098297082792597479e+01,4.020154619990286847e+03
1.031376821130358401e+01,2.815804104552023546e+03,3.304118548573786029e+03,3.647843909811985668e+03,3.697502256163023048e+03,3.738891583046250616e+03,3.772077793457892312e+03,3.787268499260926546e+03,3.801581937374457084e+03,3.787766336232875801e+03,6.142753595906974340e+01,4.031828832488133685e+03
1.003443377633311329e+01,2.754582577931322703e+03,3.249605433918552080e+03,3.604611064395416633e+03,3.659568102833991816e+03,3.704908674983325454e+03,3.737729954994586933e+03,3.756464500116292584e+03,3.774211393239041627e+03,3.757113482714753445e+03,7.149594239774377513e+01,4.044823261243242541e+03
9.791755066658797801e+00,2.699166970933936227e+03,3.198616225897933418e+03,3.563231647037126550e+03,3.623156311383374486e+03,3.671845012896793378e+03,3.704536270529903959e+03,3.726477015712607681e+03,3.747249598093527766e+03,3.727728269932866169e+03,8.106698874893220363e+01,4.058187014318717502e+03
9.574194019440367853e+00,2.648063288609875599e+03,3.150383607360437964e+03,3.521409083490532339e+03,3.587842616534024273e+03,3.639656224191487127e+03,3.672372494978083978e+03,3.697251268554131002e+03,3.720690657118504532e+03,3.699205016381259611e+03,9.042080667656239257e+01,4.071732129370346229e+03
9.375107387932908765e+00,2.600325324639433347e+03,3.104423745819638498e+03,3.481068420640981913e+03,3.553365174415081583e+03,3.608332834632004960e+03,3.641071914376645964e+03,3.668728509770004621e+03,3.694701849306351505e+03,3.671160186868454275e+03,9.954052789634573628e+01,4.085477671956520226e+03
9.190310696728889894e+00,2.555312259753573016e+03,3.060386155149013121e+03,3.442029452639790634e+03,3.517702368966017275e+03,3.577672370839365158e+03,3.610394177255841896e+03,3.640963795160885638e+03,3.669225033197202265e+03,3.643652611625778263e+03,1.083410395210038786e+02,4.099335454291940550e+03
9.016997046711800579e+00,2.512565382975135890e+03,3.018008862113336818e+03,3.404149608312728560e+03,3.482822884177788183e+03,3.545642960415174002e+03,3.580290876285793729e+03,3.613882551665293249e+03,3.644212106390913505e+03,3.616663549821921151e+03,1.168576680427198653e+02,4.113190874544346116e+03
8.853185191763023099e+00,2.471754103762759314e+03,2.977090506983538944e+03,3.367305736690841513e+03,3.448669436165804655e+03,3.510712467440122509e+03,3.550994790931480111e+03,3.587626810230351111e+03,3.619964563473668932e+03,3.590346220636751241e+03,1.252760238991036061e+02,4.127431540479742580e+03
8.697419735620972148e+00,2.432622833496635394e+03,2.937472029843328073e+03,3.331334126625735280e+03,3.415230155723100779e+03,3.476505612859320991e+03,3.519771516266014260e+03,3.561596565151167397e+03,3.596295934220814615e+03,3.562131009685291247e+03,1.332109171353655199e+02,4.141543855151569915e+03
8.548604825086902892e+00,2.394973601778919601e+03,2.899027125988317948e+03,3.296168340918151898e+03,3.382456340023110442e+03,3.442975104087509408e+03,3.489079131550383863e+03,3.533480228573252134e+03,3.572831066117829778e+03,3.534749212614090993e+03,1.407411526102120831e+02,4.155435904565583769e+03
8.405883393886961485e+00,2.358647184869832017e+03,2.861651049914093619e+03,3.260340698642953157e+03,3.350226102096956765e+03,3.410115277151462578e+03,3.458891179950255719e+03,3.505674206606488042e+03,3.547275176250051118e+03,3.508014806983667768e+03,1.479353271281980540e+02,4.169083797667416547e+03
8.268576302766081909e+00,2.323514717810644925e+03,2.825257351975724760e+03,3.225276965027023834e+03,3.318471399870770256e+03,3.377905135479972159e+03,3.429182464724211968e+03,3.478172814992153690e+03,3.522075103889331785e+03,3.481635703996368647e+03,1.549877020468275930e+02,4.182437475020108650e+03
8.136126804357822095e+00,2.289468055954491319e+03,2.789771326049546587e+03,3.190929157532401405e+03,3.287175679931960531e+03,3.346303928551372792e+03,3.399929145899693140e+03,3.450969335323315590e+03,3.497211117637738425e+03,3.455611055610499079e+03,1.619042727566428539e+02,4.195464142922840438e+03
8.008076031602126221e+00,2.256416491689648865e+03,2.755129138676685216e+03,3.157255420848644007e+03,3.254981997577259335e+03,3.315252411307070361e+03,3.371120585051509352e+03,3.424100906141384712e+03,3.472580059195757258e+03,3.429994193898216054e+03,1.686665600620728185e+02,4.208145788085789718e+03
7.884042547334475515e+00,2.224283565169939720e+03,2.721276300092718429e+03,3.124219591796109398e+03,3.223273897597900486e+03,3.284664904353028760e+03,3.342764047050423869e+03,3.397580490889904468e+03,3.448131231331126401e+03,3.404860655685600250e+03,1.751790427101725243e+02,4.220499283173169715e+03
7.763701741729365224e+00,2.193003171100976488e+03,2.688164770004741058e+03,3.091789027877916851e+03,3.192035596129183887e+03,3.254524325087560555e+03,3.314837395336133795e+03,3.371394821833092465e+03,3.423866554309684489e+03,3.380183746246309965e+03,1.814685355479824409e+02,4.232500127726832943e+03
7.646775973574154506e+00,2.162518044759351596e+03,2.655752345399597743e+03,3.059934609272346734e+03,3.161252626539749599e+03,3.224815131660601310e+03,3.287320815001063693e+03,3.345531889504614810e+03,3.399787564383822428e+03,3.355938956377563045e+03,1.875577985628877968e+02,4.244129281749872462e+03
7.533025406203205598e+00,2.132778141045085249e+03,2.624001662949262482e+03,3.028630191656192892e+03,3.130911643699133492e+03,3.193973299581289666e+03,3.260191034088123160e+03,3.319982687869414804e+03,3.375915315738239769e+03,3.332053024290117719e+03,1.934955023195751096e+02,4.255370981015568759e+03
7.422243301363621981e+00,2.103739979777751614e+03,2.592880091959155379e+03,2.997848782275892518e+03,3.101000901821960269e+03,3.163597103458514084e+03,3.233380738168523749e+03,3.294762848178621880e+03,3.352272946134158246e+03,3.308453158390538647e+03,1.993277089851877975e+02,4.266213949703044818e+03
7.314246057827594960e+00,2.075364453865845007e+03,2.562357739727590797e+03,2.967573193220568101e+03,3.071508756021380577e+03,3.133671246453643107e+03,3.206882920165448922e+03,3.269859560451720881e+03,3.328856050221638270e+03,3.285133854546695147e+03,2.050587661128832337e+02,4.276651905859363069e+03
7.208871290520466601e+00,2.047616659207439852e+03,2.532407642670827045e+03,2.937783860027980609e+03,3.042424405551136715e+03,3.104181557983811217e+03,3.179218853449487597e+03,3.245251948760886535e+03,3.305664352543654331e+03,3.262082910786196408e+03,2.106917749884587181e+02,4.286679400409308982e+03
7.105976408216070794e+00,2.020465786034237908e+03,2.503005956860637980e+03,2.908463501773085682e+03,3.010895077379891973e+03,3.075284924517618947e+03,3.152073270275212053e+03,3.221084438546671208e+03,3.282892461578789607e+03,3.239422222065833466e+03,2.163656357748602090e+02,4.296594302792709641e+03
7.005433805113623791e+00,1.993884052067928906e+03,2.474130997328984449e+03,2.879596301669226250e+03,2.979847280834388130e+03,3.046788102079864530e+03,3.125267909083274844e+03,3.197157901870917613e+03,3.260362114486124938e+03,3.216983210463553860e+03,2.219663398977749011e+02,4.306087600606815613e+03
6.907126507848735386e+00,1.967845701123549588e+03,2.445762277664384328e+03,2.851166953904062666e+03,2.949267941585884273e+03,3.018681343777404891e+03,3.098793502430377430e+03,3.172059256101980282e+03,3.238042664528745718e+03,3.194776049909200538e+03,2.274918671214666404e+02,4.315159400433243718e+03
6.810950286424541034e+00,1.942327707655101904e+03,2.417881497535312064e+03,2.823161843656188921e+03,2.919145424525696853e+03,2.990964685263883439e+03,3.072625389382925277e+03,3.147251271713510960e+03,3.215918770126946583e+03,3.172804392440279571e+03,2.329403787805038633e+02,4.323811012841511001e+03
6.716809509755778507e+00,1.917308724448651674e+03,2.389691947310407159e+03,2.795553745340850128e+03,2.889471679557634616e+03,2.963627486704679995e+03,3.046758439051950063e+03,3.122727110933908989e+03,3.193987908512438480e+03,3.151064632645753136e+03,2.383102397859984762e+02,4.332046756843761614e+03
6.624616566210173474e+00,1.892769123587260992e+03,2.361986188567459067e+03,2.768327623576516999e+03,2.860242247200982092e+03,2.936660049707868438e+03,3.021188081200424676e+03,3.098480696670234465e+03,3.170889755731035621e+03,3.129546452371116175e+03,2.436097149988418096e+02,4.339862827680895862e+03
6.534292650784838230e+00,1.868691171497342111e+03,2.334748675468554666e+03,2.741474748160001127e+03,2.831445945077774013e+03,2.910053752263148908e+03,2.995910269449047519e+03,3.074506748223083832e+03,3.148023874177429661e+03,3.108224393850946853e+03,2.488607875404202900e+02,4.347251909213872750e+03
6.445764599776002690e+00,1.845058239275235337e+03,2.307964583613953891e+03,2.714986377677302698e+03,2.803071658427306829e+03,2.883799890657120613e+03,2.970920411270515160e+03,3.050799675531988214e+03,3.125386465031699572e+03,3.087098631925898644e+03,2.540595095899788589e+02,4.354221164492581011e+03
6.358962845350379034e+00,1.821854440335579511e+03,2.281619661196371453e+03,2.688854001063827127e+03,2.775108634827902733e+03,2.857890003548370714e+03,2.946213985418754419e+03,3.027354027868967933e+03,3.102973799597624748e+03,3.066168991225174068e+03,2.592023317227261714e+02,4.360777614273853033e+03
6.273823790272553325e+00,1.799065174752438224e+03,2.255700705097228365e+03,2.663069590612750744e+03,2.747546751957789184e+03,2.832316131457697793e+03,2.921786592130702047e+03,3.004164668688889833e+03,3.080782319430365988e+03,3.045434880434949264e+03,2.642859420638558845e+02,4.366928906273044049e+03
6.190289561025154264e+00,1.776677087487442350e+03,2.230195539130139423e+03,2.637625604261667377e+03,2.720376508571219802e+03,2.807070818499332745e+03,2.897633956130533534e+03,2.981226778221700442e+03,3.058808639852539727e+03,3.024895346002140741e+03,2.693072513302101925e+02,4.372683312217811363e+03
6.108305174940993787e+00,1.754677439637557427e+03,2.205092483734576490e+03,2.612514721160546287e+03,2.693588727921682676e+03,2.782146841266659521e+03,2.873751875000601558e+03,2.958535672385624366e+03,3.037049448784815013e+03,3.004549206809283078e+03,2.742634969102204536e+02,4.378048973232895150e+03
6.027819219153653485e+00,1.733054268195458235e+03,2.180380500081194441e+03,2.587729923019559010e+03,2.667174639297270005e+03,2.757537291444868060e+03,2.850136236437082516e+03,2.936086859250368434e+03,3.015501539868235795e+03,2.984395054434365193e+03,2.792777456956521291e+02,4.383034347669824456e+03
5.948783411369684693e+00,1.711796286881115520e+03,2.156049099622802714e+03,2.563264429251517868e+03,2.641125797709622020e+03,2.733235502917993927e+03,2.826782960090563392e+03,2.913875972205480139e+03,2.994161750681385001e+03,2.964430974369685373e+03,2.842217289650039902e+02,4.387647334240998134e+03
5.871151931859538209e+00,1.690892752461873215e+03,2.132088256869423276e+03,2.539111706276977657e+03,2.615434095441917634e+03,2.709235072837517237e+03,2.803688093301120716e+03,2.891898823056842957e+03,2.973027044046821175e+03,2.944655250611590418e+03,2.890934399254638834e+02,4.391896070254350889e+03
5.794882375533172869e+00,1.670333679476503221e+03,2.108488589257775402e+03,2.515265543363821962e+03,2.590093641032308824e+03,2.685526504581354402e+03,2.780849401012151247e+03,2.870151431194195538e+03,2.952094500335960220e+03,2.925066015452653119e+03,2.938910635613747786e+02,4.395788903499015760e+03
5.719934812161010740e+00,1.650109630627533306e+03,2.085241179129463944e+03,2.491719963000017742e+03,2.565100509013763258e+03,2.662097394121155048e+03,2.758266214827254771e+03,2.848629963950760157e+03,2.931361282133723762e+03,2.905661293319566539e+03,2.986129977550095873e+02,4.399334159028957401e+03
5.646271910780733094e+00,1.630211749675517922e+03,2.062337607639833550e+03,2.468469245751733069e+03,2.540447034575547150e+03,2.638943311777606141e+03,2.735934308508313279e+03,2.827330755248639434e+03,2.910824645589239935e+03,2.886439018491361367e+03,3.032578276715238417e+02,4.402540209227691776e+03
5.573857783031202828e+00,1.610631499511395759e+03,2.039769727810426730e+03,2.445507809849709247e+03,2.516125786625947512e+03,2.616056603046287364e+03,2.713849532293304037e+03,2.806250226295092943e+03,2.890481893473605851e+03,2.867397069353644383e+03,3.078243519706086886e+02,4.405415176279084335e+03
5.502658127501559804e+00,1.591360697383095385e+03,2.017529697941140967e+03,2.422830232672187776e+03,2.492129594162761350e+03,2.593436398155615734e+03,2.692007848674405068e+03,2.785384891599811453e+03,2.870330386705341880e+03,2.848533278751408488e+03,3.123115576861866316e+02,4.407967004884018934e+03
5.432640971976428368e+00,1.572391686754097918e+03,1.995610134357451443e+03,2.400431335505827974e+03,2.468451662014076192e+03,2.571078528446534165e+03,2.670405381390901312e+03,2.764731414223032516e+03,2.850367577039753542e+03,2.829845434547535206e+03,3.167185768722093826e+02,4.410203696806376684e+03
5.363775271363148356e+00,1.553717018201376732e+03,1.974003833478699789e+03,2.378306035713110759e+03,2.445085357533055685e+03,2.548978889402833374e+03,2.649038322347294525e+03,2.744286511115420126e+03,2.830590949518940761e+03,2.811331308111915860e+03,3.210461356462290610e+02,4.412131531736460602e+03
5.296032087450589287e+00,1.535329721466162027e+03,1.952704012859639988e+03,2.356449480565770500e+03,2.422024394998933076e+03,2.527133483700727993e+03,2.627903004754588437e+03,2.724047044513965830e+03,2.810998075933192013e+03,2.792988668328575386e+03,3.253058457931839484e+02,4.413746034572548524e+03
5.229383464342187260e+00,1.517223048914830542e+03,1.931704086953164278e+03,2.334856926790298985e+03,2.399262663104730109e+03,2.505538383712658742e+03,2.606995836577738373e+03,2.704009940446033397e+03,2.791586567804467904e+03,2.774815418104753462e+03,3.294965356437489277e+02,4.415055316481931186e+03
5.163802525594291204e+00,1.499390498516248954e+03,1.910997688010992306e+03,2.313523752898240218e+03,2.376794240036095744e+03,2.484189735000595192e+03,2.586313306750450465e+03,2.684172197352385865e+03,2.772354081498337109e+03,2.756809438852075345e+03,3.336172021714364746e+02,4.416067277984681823e+03
5.099263927239910288e+00,1.481825919441534325e+03,1.890578761062377680e+03,2.292445513997416583e+03,2.354613465985184121e+03,2.463083775362550114e+03,2.565852015139917512e+03,2.664530923567111131e+03,2.753298340666138301e+03,2.738968599118606107e+03,3.376669643226251765e+02,4.416789767553494130e+03
5.035743189453503632e+00,1.464523359038062154e+03,1.870441429398986202e+03,2.271617868516033013e+03,2.332714839366826709e+03,2.442216810793711375e+03,2.545608631925539157e+03,2.645083288000566426e+03,2.734417107527483040e+03,2.721294013690707288e+03,3.416450826951480622e+02,4.417230409231699014e+03
4.973216638892318464e+00,1.447477049797117388e+03,1.850579983121006762e+03,2.251036571805408130e+03,2.311093006713756495e+03,2.421585211882768817e+03,2.525579892966595708e+03,2.625826515496733464e+03,2.715708179584763457e+03,2.703780208731758194e+03,3.455509635240608191e+02,4.417396594705031930e+03
4.911661760136118993e+00,1.430681491592623161e+03,1.830988953699378044e+03,2.230697520478919159e+03,2.289742820349474187e+03,2.401185431182897446e+03,2.505762625415597086e+03,2.606757918208589217e+03,2.697169409692186946e+03,2.686425062631868968e+03,3.493841251369562997e+02,4.417295599084623973e+03
4.851057081795962844e+00,1.414131426267575989e+03,1.811663092376670193e+03,2.210596741620626744e+03,2.268659321137516599e+03,2.381013999568802774e+03,2.486153741060557877e+03,2.587874888055049723e+03,2.678798701471586810e+03,2.669226469656535755e+03,3.531441868331872342e+02,4.416934573283450845e+03
4.791381743148087402e+00,1.397821737458548569e+03,1.792597280803825925e+03,2.190730342211020798e+03,2.247837668837412366e+03,2.361067507515197576e+03,2.466750207878949823e+03,2.569174862758098698e+03,2.660593988975261709e+03,2.652182340716073668e+03,3.568308851462920757e+02,4.416320432034768601e+03
4.732615508127239856e+00,1.381747454164024475e+03,1.773786534565555712e+03,2.171094511681482800e+03,2.227273144382747432e+03,2.341342605792490758e+03,2.447549051287101975e+03,2.550655327882481743e+03,2.642553238045737544e+03,2.635290606323667816e+03,3.604440614645397432e+02,4.415459874707577910e+03
4.674739051097264841e+00,1.365903817636710073e+03,1.755226063791679280e+03,2.151685557722076737e+03,2.206961195977039552e+03,2.321836018669057466e+03,2.428547373808638895e+03,2.532313841152511941e+03,2.624674461210643585e+03,2.618549223718129724e+03,3.639836347029449826e+02,4.414359483818642730e+03
4.617733668284929038e+00,1.350286214695440094e+03,1.736911213679891944e+03,2.132499872650297220e+03,2.186897392892576590e+03,2.302544531410667332e+03,2.409742336247275034e+03,2.514148010086166778e+03,2.606955704335016435e+03,2.601956176431963740e+03,3.674496099353074783e+02,4.413025655480261776e+03
4.561581477804584672e+00,1.334890224756714133e+03,1.718837507391918507e+03,2.113533959217887968e+03,2.167077457981328735e+03,2.283465000073411375e+03,2.391131171864001317e+03,2.496155509518468534e+03,2.589395057501792508e+03,2.585509480533034093e+03,3.708420581876168853e+02,4.411464670839533028e+03
4.506265030615066003e+00,1.319711529345782537e+03,1.701000564593856097e+03,2.094784383372065349e+03,2.147497204530624003e+03,2.264594333172062761e+03,2.372711159919549118e+03,2.478334050151539032e+03,2.571990635916311476e+03,2.569207179860589349e+03,3.741611315359223795e+02,4.409682597207831350e+03
4.451767446842963771e+00,1.304745944121013736e+03,1.683396130616003802e+03,2.076247791751459317e+03,2.128152558265302559e+03,2.245929498153244822e+03,2.354479635255130688e+03,2.460681390508806999e+03,2.554740587336721546e+03,2.553047349924397622e+03,3.774070474616961519e+02,4.407685339972093061e+03
4.398072314162702945e+00,1.289989395329122999e+03,1.666020055329878687e+03,2.057920899577446107e+03,2.109039540723153550e+03,2.227467516410309599e+03,2.336433981409923945e+03,2.443195329073256289e+03,2.537643087347336404e+03,2.537028097008553232e+03,3.805800876819499194e+02,4.405478625860695502e+03
4.345163804303988186e+00,1.275437947224748541e+03,1.648868318180229835e+03,2.039800505799261828e+03,2.090154287954828760e+03,2.209205468904180179e+03,2.318571638844727204e+03,2.425873714563803333e+03,2.520696345779171224e+03,2.521147562010807178e+03,3.836805853542402929e+02,4.403068047119694711e+03
4.293026581478424752e+00,1.261087780940537414e+03,1.631937009354834117e+03,2.021883482493388101e+03,2.071493035833644171e+03,2.191140491990601731e+03,2.300890098996661436e+03,2.408714439116704852e+03,2.503898602687602761e+03,2.505403919652385412e+03,3.867089243250513277e+02,4.400459046936777668e+03
4.241645783502932865e+00,1.246935190130317324e+03,1.615222325845016712e+03,2.004166772614212960e+03,2.053052116435691914e+03,2.173269775998140176e+03,2.283386902764129900e+03,2.391715436905059960e+03,2.487248127516060322e+03,2.489795378612364857e+03,3.896655348915529089e+02,4.397656924106575389e+03
4.191007060389480898e+00,1.232976590301158012e+03,1.598720580283784329e+03,1.986647395861870791e+03,2.034827964593831439e+03,2.155590567641052985e+03,2.266059643742582011e+03,2.374874688270246679e+03,2.470743221857001572e+03,2.474320183727812037e+03,3.925530123103580422e+02,4.394664725503386762e+03
4.141096385239555033e+00,1.219208474476967240e+03,1.582428160514582942e+03,1.969322424412241617e+03,2.016817086479536329e+03,2.138100159665509182e+03,2.248905954511561958e+03,2.358190203774363454e+03,2.454382209526304905e+03,2.458976625792309733e+03,3.953781181156933258e+02,4.391481190837547729e+03
4.091900065162054290e+00,1.205627415808502064e+03,1.566341531985955498e+03,1.952188984426145453e+03,1.999016061117515846e+03,2.120795891069293702e+03,2.231921448095813957e+03,2.341660023479404117e+03,2.438163437776320279e+03,2.443763067575544028e+03,3.981409722803877571e+02,4.388111556824504987e+03
4.043404897194539771e+00,1.192230104453363310e+03,1.550457271772058675e+03,1.935244277260251238e+03,1.981421566373179530e+03,2.103675156157384663e+03,2.215105964828772358e+03,2.325282234563077964e+03,2.422085286025009282e+03,2.428677900343256624e+03,4.008417372918725619e+02,4.384560950415900152e+03
3.995597965220904157e+00,1.179013299721857265e+03,1.534772024533958984e+03,1.918485552209158413e+03,1.964030344314872309e+03,2.086735391838412852e+03,2.198457262950000313e+03,2.309054952723212864e+03,2.406146153858539037e+03,2.413719536934386269e+03,4.034812794426031246e+02,4.380833687536082834e+03
3.948466739410332771e+00,1.165973853631675865e+03,1.519282524299259421e+03,1.901910120221206853e+03,1.946839217832506847e+03,2.069974083559455721e+03,2.181973144316462822e+03,2.292976330592869090e+03,2.390344467578539934e+03,2.398886420704873217e+03,4.060668066653651636e+02,4.376927647131054073e+03
3.901999016886454896e+00,1.153108697035089335e+03,1.503985581834795539e+03,1.885515346364639981e+03,1.929845080749910267e+03,2.053388761901215730e+03,2.165651450116461092e+03,2.277044552970604855e+03,2.374678677250594774e+03,2.384177063269573409e+03,4.085982286280388394e+02,4.372847885324933486e+03
3.856182922799826773e+00,1.140414839917439849e+03,1.488878084940336976e+03,1.869298650080179641e+03,1.913044897701682885e+03,2.036977002324333625e+03,2.149490060855186130e+03,2.261257837107676096e+03,2.359147256923565237e+03,2.369589994736620156e+03,4.110755090191340742e+02,4.368599321911363404e+03
3.811006875355580803e+00,1.127889363179336442e+03,1.473956990894589353e+03,1.853257500572219442e+03,1.896435698060597360e+03,2.020736422839552006e+03,2.133486893647371744e+03,2.245614429824013769e+03,2.343748702810070881e+03,2.355123763602945019e+03,4.134986641923665047e+02,4.364186736731063320e+03
3.766459579371364885e+00,1.115529417163345215e+03,1.459219325125453224e+03,1.837389416062550026e+03,1.880014574662296582e+03,2.004664683381306531e+03,2.117639901691105024e+03,2.230112607168054183e+03,2.328481533101475179e+03,2.340776937617624753e+03,4.158677587316000768e+02,4.359614775499855568e+03
3.722530017947449199e+00,1.103332219730783891e+03,1.444662179461477081e+03,1.821691962776155606e+03,1.863778682218141967e+03,1.988759485068167351e+03,2.101947073592831657e+03,2.214750673895283853e+03,2.313344287663827799e+03,2.326548104418908679e+03,4.181829015996864314e+02,4.354887954667247868e+03
3.679207465905277363e+00,1.091295059483179557e+03,1.430282715129101007e+03,1.806162756877368565e+03,1.847725239314682995e+03,1.973018570745829493e+03,2.086406434324175734e+03,2.199526964850927016e+03,2.298335528954489291e+03,2.312435873016545429e+03,4.204442402088171775e+02,4.350010673115476493e+03
3.636481433077673575e+00,1.079415282346077220e+03,1.416078150321934800e+03,1.790799456689613635e+03,1.831851518684846724e+03,1.957439721204891384e+03,2.071016040749914282e+03,2.184439840018869290e+03,2.283453838833016107e+03,2.298438871905682390e+03,4.226519627085299931e+02,4.344987200239872436e+03
3.594341678690867958e+00,1.067690295008849489e+03,1.402045763396776465e+03,1.775599764744775257e+03,1.816154849413897409e+03,1.942020755802733902e+03,2.055773982673095816e+03,2.169487685987481200e+03,2.268697819531924779e+03,2.284555750316777903e+03,4.248062924037481594e+02,4.339821687501312226e+03
3.552778202584264911e+00,1.056117562866724484e+03,1.388182890965101478e+03,1.760561426606812347e+03,1.800632615249947321e+03,1.926759531636117572e+03,2.040678382066211270e+03,2.154668915300776462e+03,2.254066093250115500e+03,2.270785178306691250e+03,4.269074850972280046e+02,4.334518171971698393e+03
3.511781236475764789e+00,1.044694607948541034e+03,1.374486925936586431e+03,1.745682229613347999e+03,1.785282252846458960e+03,1.911653942630833399e+03,2.025727392235752404e+03,2.139981965738040344e+03,2.239557301683046262e+03,2.257125846708373047e+03,4.289570395838559875e+02,4.329079365098401468e+03
3.471341239702713466e+00,1.033419007940674419e+03,1.360955316630317384e+03,1.730960002362161731e+03,1.770101250891810423e+03,1.896701919056570659e+03,2.010919197445804230e+03,2.125425300100631375e+03,2.225170105906579010e+03,2.243576473404868011e+03,4.309595700219905439e+02,4.323504774503952831e+03
3.431448885712013119e+00,1.022288392991038904e+03,1.347585563790838478e+03,1.716392612820620343e+03,1.755087147629348465e+03,1.881901426379014310e+03,1.996252011757657783e+03,2.110997405095025442e+03,2.210903185658278289e+03,2.230135817185832366e+03,4.329151433979203603e+02,4.317798363549797614e+03
3.392095068830237814e+00,1.011300447331800683e+03,1.334375222086908252e+03,1.701977969283289440e+03,1.740237531757670695e+03,1.867250465401102929e+03,1.981724079444142035e+03,2.096696792034716964e+03,2.196755239802850610e+03,2.216802654099523807e+03,4.348238602926037970e+02,4.311963990210827433e+03
3.353270870193246989e+00,1.000452901168177505e+03,1.321321892514205501e+03,1.687714015481333035e+03,1.725550036460288766e+03,1.852747069709977268e+03,1.967333672146817889e+03,2.082521993776852469e+03,2.182724984317076633e+03,2.203575776167915592e+03,4.366858561106763545e+02,4.306005400717160228e+03
3.314967565325657617e+00,9.897435324964559413e+02,1.308423224082822344e+03,1.673598731666749018e+03,1.711022340496984043e+03,1.838389305913221278e+03,1.953079089387458453e+03,2.068471565519980231e+03,2.168811152818122991e+03,2.190453992286382800e+03,4.385012967647907089e+02,4.299926237782869975e+03
3.277176618971984645e+00,9.791701658710293259e+02,1.295676912635501822e+03,1.659630133824898394e+03,1.696652167097052370e+03,1.824175272982014121e+03,1.938958658016635582e+03,2.054544084377973832e+03,2.155012496276357069e+03,2.177436128337174068e+03,4.402703763680054863e+02,4.293730044020094283e+03
3.239889678360693193e+00,9.687306708069905881e+02,1.283080699339104967e+03,1.645806272694716654e+03,1.682437282634973144e+03,1.810103101534406051e+03,1.924970731569780128e+03,2.040738148836774371e+03,2.141327782656578165e+03,2.164521027171629612e+03,4.419933152839735726e+02,4.287420264688109455e+03
3.203098564700487927e+00,9.584229597490738115e+02,1.270632368753898390e+03,1.632125232491175666e+03,1.668375494979401310e+03,1.796170952962554793e+03,1.911113689450555739e+03,2.027052378012931968e+03,2.127755796420673505e+03,2.151707548399472216e+03,4.436703585931338694e+02,4.281000249595709647e+03
3.166795277932735075e+00,9.482449892128971669e+02,1.258329749887031994e+03,1.618585131576955064e+03,1.654464654102856230e+03,1.782377019493734906e+03,1.897385937205103573e+03,2.013485412157195469e+03,2.114295338857187744e+03,2.138994568927906585e+03,4.453017729670427798e+02,4.274473259445719123e+03
3.130971981386335923e+00,9.381947561115827057e+02,1.246170712711078522e+03,1.605184120160167822e+03,1.640702649265406080e+03,1.768719522832101347e+03,1.883785905132961261e+03,2.000035911250157824e+03,2.100945227138907740e+03,2.126380982232469250e+03,4.468878463515559361e+02,4.267842464999486765e+03
3.095621003290472739e+00,9.282702981274152307e+02,1.234153168503296911e+03,1.591920380510387531e+03,1.627087409110355793e+03,1.755196714029333179e+03,1.870312048317671952e+03,1.986702555213539199e+03,2.087704294460319034e+03,2.113865698631929718e+03,4.484288855278567780e+02,4.261110952009054927e+03
3.060734824040319157e+00,9.184696906559660192e+02,1.222275066935895666e+03,1.578792125013370423e+03,1.613616899293860115e+03,1.741806872297346217e+03,1.856962845441575610e+03,1.973484042733568458e+03,2.074571389241636098e+03,2.101447644609022063e+03,4.499252156848634741e+02,4.254281720998671517e+03
3.026306077573681641e+00,9.087910471348978945e+02,1.210534396361702420e+03,1.565797596331608929e+03,1.600289122534327134e+03,1.728548304844611494e+03,1.843736798780257004e+03,1.960379091425901379e+03,2.061545375228998637e+03,2.089125762990511248e+03,4.513771782672079667e+02,4.247357691782486654e+03
2.992327545376447073e+00,8.992325176056997407e+02,1.198929182433765845e+03,1.552935066467905244e+03,1.587102117412650159e+03,1.715419346189995395e+03,1.830632433586932166e+03,1.947386437300093576e+03,2.048625131126052111e+03,2.076899012636316002e+03,4.527851298848630677e+02,4.240341705314476712e+03
2.958792152735031600e+00,8.897922878108184932e+02,1.187457487225884961e+03,1.540202836152260716e+03,1.574053957549826009e+03,1.702418357631828485e+03,1.817648297656466184e+03,1.934504834426136540e+03,2.035809550358524803e+03,2.064766368240171687e+03,4.541494410416570418e+02,4.233236526156493710e+03
2.925692970922332936e+00,8.804685797183205977e+02,1.176117409707003389e+03,1.527599235130297302e+03,1.561142751803787633e+03,1.689543727161513061e+03,1.804782961389834099e+03,1.921733055165948372e+03,2.023097541216764284e+03,2.052726820510183643e+03,4.554704942175987981e+02,4.226044846834844066e+03
2.893023200326625854e+00,8.712596474636170569e+02,1.164907081873760490e+03,1.515122619562563159e+03,1.548366641219373832e+03,1.676793867975887451e+03,1.792035016260921566e+03,1.909069888584696628e+03,2.010488025777898201e+03,2.040779375054192315e+03,4.567486844224657716e+02,4.218769285617689093e+03
2.860776174259318516e+00,8.621637782593946895e+02,1.153824669584695130e+03,1.502771372543603093e+03,1.535723799504468161e+03,1.664167218509209761e+03,1.779403075013432726e+03,1.896514140825821414e+03,1.997979940142821988e+03,2.028923052620496492e+03,4.579844172360238872e+02,4.211412391170299088e+03
2.828945354983370741e+00,8.531792914374439079e+02,1.142868371628308068e+03,1.490543903450042535e+03,1.523212432188412322e+03,1.651662241901887000e+03,1.766885771210118946e+03,1.884064634746068123e+03,1.985572234176713891e+03,2.017156888812485022e+03,4.591781079029655643e+02,4.203976644474785644e+03
2.797524330419150385e+00,8.443045376503538364e+02,1.132036418938895167e+03,1.478438647381522742e+03,1.510830775890733094e+03,1.639277425514297647e+03,1.754481758833193226e+03,1.871720209606071876e+03,1.973263871285479354e+03,2.005479933831235485e+03,4.603301804231113579e+02,4.196464460852132106e+03
2.766506811016099299e+00,8.355378981149673336e+02,1.121327073854997934e+03,1.466454064633197504e+03,1.498577097629573018e+03,1.627011280463790172e+03,1.742189711904904016e+03,1.859479720779772379e+03,1.961053828204731417e+03,1.994256634518553255e+03,4.614395470066757525e+02,4.188879051105473081e+03
2.735886433044389943e+00,8.268777289386100620e+02,1.110738561472562878e+03,1.454588560667124966e+03,1.486449603109907002e+03,1.614862245875173130e+03,1.730008224908697912e+03,1.847341935773826208e+03,1.948940986542858354e+03,1.983112319262261508e+03,4.625066418888848716e+02,4.181223042194356822e+03
2.705657154116450247e+00,8.183224733251346379e+02,1.100269208375774269e+03,1.442840648521420690e+03,1.474446622618360607e+03,1.602828883538390073e+03,1.717936015393419666e+03,1.835305745941382611e+03,1.936924354292605130e+03,1.972046256404654514e+03,4.635319946933639130e+02,4.173498602815267077e+03
2.675813045258132572e+00,8.098706028161366248e+02,1.089917370334971110e+03,1.431208864783153786e+03,1.462566514714770619e+03,1.590909777495408207e+03,1.705971819694173746e+03,1.823370057755298831e+03,1.925002951956736297e+03,1.961057723890502530e+03,4.645161372738216983e+02,4.165707845989601083e+03
2.646348288150601302e+00,8.015206166214860559e+02,1.079681431646790998e+03,1.419691769112498832e+03,1.450807665615876886e+03,1.579103533619384507e+03,1.694114392588488272e+03,1.811533792544772950e+03,1.913175812357452969e+03,1.950146009107953660e+03,4.654596031410941350e+02,4.157852830701135645e+03
2.617257170425719259e+00,7.932710404781274747e+02,1.069559804022822846e+03,1.408287943459497683e+03,1.439168488248074937e+03,1.567408779045247002e+03,1.682362506787450457e+03,1.799795886043018754e+03,1.901441980318905507e+03,1.939310408598128561e+03,4.663629270867403420e+02,4.149935562832297364e+03
2.588534084906857657e+00,7.851204264593582138e+02,1.059550926381490399e+03,1.396995991886255069e+03,1.427647421967854598e+03,1.555824161898509601e+03,1.670714952756032744e+03,1.788155288304465785e+03,1.889800512596600811e+03,1.928550228003599159e+03,4.672266445529206749e+02,4.141957997250086919e+03
2.560173526907892683e+00,7.770673523180952316e+02,1.049653264200001558e+03,1.385814540097056124e+03,1.416242931964393392e+03,1.544348350887867355e+03,1.659170538376586137e+03,1.776610963441439480e+03,1.878250477685269061e+03,1.917864781895286569e+03,4.680512911821925286e+02,4.133922039227448295e+03
2.532170091801056788e+00,7.691104208929568813e+02,1.039865308923667953e+03,1.374742235003767519e+03,1.404953508704642445e+03,1.532980034916105978e+03,1.647728088632209392e+03,1.765161889381091441e+03,1.866790955639892218e+03,1.907254249076255974e+03,4.689511559328958583e+02,4.125829706472059115e+03
2.504518415743554272e+00,7.612482433325727698e+02,1.030185557283903563e+03,1.363777720648305831e+03,1.393777640524449907e+03,1.521717894494276379e+03,1.636386415893311323e+03,1.753807026847556017e+03,1.855421006293581513e+03,1.896718354115743978e+03,4.698097278255697233e+02,4.117683016114251586e+03
2.477213291181045829e+00,7.534794719785925281e+02,1.020612552116289294e+03,1.352919686229560284e+03,1.382713868122171334e+03,1.510560658948422088e+03,1.625144379601903665e+03,1.742545381887595340e+03,1.844139734018823901e+03,1.886256376468376629e+03,4.706276423998806422e+02,4.109483706971690481e+03
2.450249602936477533e+00,7.458027823823116478e+02,1.011144860361403857e+03,1.342166840781216933e+03,1.371760755751378611e+03,1.499507076602765210e+03,1.614000855307028814e+03,1.731375973573745796e+03,1.832946254112269116e+03,1.875867606111381519e+03,4.714055305516427552e+02,4.101233474675851539e+03
2.423622326115327130e+00,7.382168727895559641e+02,1.001781072547179633e+03,1.331517912783118391e+03,1.360916890730243495e+03,1.488555914426150366e+03,1.602954734380061382e+03,1.720297833787281434e+03,1.821839692636127211e+03,1.865551343325391144e+03,4.721440183059084461e+02,4.092933972880538477e+03
2.397326524854514140e+00,7.307204638320846470e+02,9.925198024719238674e+02,1.320971649911823533e+03,1.350180883101887503e+03,1.477705957750754351e+03,1.592004923803177689e+03,1.709310007081046251e+03,1.810819186310659461e+03,1.855306898486308910e+03,4.728437266079662322e+02,4.084586814672231867e+03
2.371357350898370964e+00,7.233122981769879516e+02,9.833596868471665857e+02,1.310526818763419215e+03,1.339551365266122730e+03,1.466956009978974180e+03,1.581150345942559170e+03,1.698411550523011783e+03,1.799883882392681699e+03,1.845133591857720603e+03,4.735052711357817543e+02,4.076193573870533783e+03
2.345710040517640316e+00,7.159911397729947566e+02,9.742993845531204897e+02,1.300182204311977330e+03,1.329026991332645139e+03,1.456304892166192076e+03,1.570389938187878442e+03,1.687601533386838128e+03,1.789032938455527074e+03,1.835030753370159800e+03,4.741292621339973721e+02,4.067755785787953755e+03
2.320379913391072524e+00,7.087557735744544516e+02,9.653375763542276218e+02,1.289936609682804374e+03,1.318606436811850472e+03,1.445751442759021984e+03,1.559722652754291857e+03,1.676879037023302089e+03,1.778265522284984399e+03,1.824997722422359175e+03,4.747163042599561322e+02,4.059274948519069767e+03
2.295362370711119038e+00,7.016050050756017527e+02,9.564729644312204755e+02,1.279788855799110252e+03,1.308288398173234782e+03,1.435294517274527834e+03,1.549147456420909066e+03,1.666243154658201547e+03,1.767580811728035087e+03,1.815033847679825385e+03,4.752669964496122361e+02,4.050752523944448058e+03
2.270652893396509775e+00,6.945376598710072358e+02,9.477042719389062313e+02,1.269737781046720784e+03,1.298071592425303379e+03,1.424932987991388472e+03,1.538663330279764068e+03,1.655692991199965491e+03,1.756977994547554772e+03,1.805138486877744072e+03,4.757822328188460119e+02,4.042189637452319857e+03
2.246247040484260715e+00,6.875525832593425548e+02,9.390302426054596481e+02,1.259782240966942481e+03,1.287954756727554923e+03,1.414665743657515577e+03,1.528269269500679911e+03,1.645227663063206137e+03,1.746456268287425473e+03,1.795311007815183530e+03,4.762634379010443695e+02,4.033586842121026166e+03
2.222140447212328063e+00,6.806486397724294193e+02,9.304496402608527887e+02,1.249921107902010363e+03,1.277936647954961018e+03,1.404491689178470551e+03,1.517964283073608840e+03,1.634846297964925270e+03,1.736014840120315966e+03,1.785550790119192698e+03,4.767111418634062261e+02,4.024945543340276799e+03
2.198328823515972363e+00,6.738247128038714209e+02,9.219612484599200570e+02,1.240153270703825683e+03,1.268016042330544678e+03,1.394409745337597542e+03,1.507747393583486200e+03,1.624548034755248409e+03,1.725652926718022854e+03,1.775857221428903358e+03,4.771279078496748980e+02,4.016265073871199547e+03
2.174807952798722521e+00,6.670797043048274872e+02,9.135638701706415077e+02,1.230477634487837349e+03,1.258191735108098328e+03,1.384418848541278976e+03,1.497617637009720966e+03,1.614332023274569792e+03,1.715369754137671407e+03,1.766229704855250702e+03,4.775143040352683101e+02,4.007546717757977149e+03
2.151573689590589478e+00,6.604125342092384017e+02,9.052563272029946120e+02,1.220893120211179848e+03,1.248462540072202046e+03,1.374517950484483436e+03,1.487574062440187845e+03,1.604197424111532200e+03,1.705164557648079153e+03,1.756667650892291704e+03,4.778707546651448297e+02,3.998791866873310937e+03
2.128621958631026434e+00,6.538221402051401583e+02,8.970374599697837539e+02,1.211398664475403393e+03,1.238827289274813893e+03,1.364706017922345609e+03,1.477615731894891042e+03,1.594143408483593248e+03,1.695036581628769000e+03,1.747170476800916731e+03,4.781976830372703944e+02,3.990001879225421362e+03
2.105948753457665301e+00,6.473074773857410946e+02,8.889061271322458424e+02,1.201993219251493201e+03,1.229284832692630744e+03,1.354982032409027397e+03,1.467741720114101781e+03,1.584169158075651239e+03,1.684985079443636778e+03,1.737737606546714687e+03,4.784955112203163026e+02,3.981178079886005435e+03
2.083550134860012282e+00,6.408675178678986413e+02,8.808612052149414922e+02,1.192675751584757563e+03,1.219834037865522760e+03,1.345344990030351255e+03,1.457951114338358593e+03,1.574273864867726161e+03,1.675009313308043147e+03,1.728368470732332298e+03,4.787646597997947993e+02,3.972321761836409223e+03
2.061422229564330522e+00,6.345012504664940707e+02,8.729015882741523455e+02,1.183445243335915848e+03,1.210473789574213470e+03,1.335793901155599997e+03,1.448243686833865695e+03,1.564456730832040648e+03,1.665108554339578632e+03,1.719062506630053122e+03,4.790055478205632085e+02,3.963434187125129029e+03
2.039561228655520253e+00,6.282076802928355619e+02,8.650261874700123599e+02,1.174300690804323722e+03,1.201202989380827375e+03,1.326327790043396817e+03,1.438617860133282420e+03,1.554716967916926478e+03,1.655282081990365896e+03,1.709819157815168182e+03,4.792185923225916895e+02,3.954516587408420037e+03
2.017963386791807867e+00,6.219858285826683186e+02,8.572339309312516207e+02,1.165241104710777563e+03,1.192020555594217058e+03,1.316945694901784009e+03,1.429072758130890179e+03,1.545053798081138439e+03,1.645529184303498369e+03,1.700637874379067853e+03,4.794049997297083792e+02,3.945569372200574890e+03
1.996625020926978911e+00,6.158347323667794626e+02,8.495237633954478724e+02,1.156265509863945908e+03,1.182925422857045760e+03,1.307646667512553449e+03,1.419607516436668902e+03,1.535466452990111975e+03,1.635849157704606796e+03,1.691518115353032954e+03,4.795661067847277081e+02,3.936592786791968138e+03
1.975542508531217267e+00,6.097534440330513235e+02,8.418946457716625673e+02,1.147372944833603469e+03,1.173916541761309873e+03,1.298429772966724613e+03,1.410221282153690481e+03,1.525954173831681146e+03,1.626241306867504363e+03,1.682459348834538105e+03,4.797022498122600496e+02,3.927588044119023380e+03
1.954712286676610900e+00,6.037410310980178565e+02,8.343455549026856488e+02,1.138562461755349204e+03,1.164992878598252673e+03,1.289294089454572031e+03,1.400913213709913634e+03,1.516516211192815945e+03,1.616704944610954954e+03,1.673461048524055059e+03,4.798137652230192884e+02,3.918556327730633257e+03
1.934130850879209884e+00,5.977965759194612474e+02,8.268754832713361793e+02,1.129833126098583762e+03,1.156153415072750477e+03,1.280238708042919370e+03,1.391682480675827264e+03,1.507151824918904595e+03,1.607239391785232783e+03,1.664522693690053075e+03,4.799009892480582948e+02,3.909498792574265281e+03
1.913794753924553449e+00,5.919191754049218162e+02,8.194834387034787824e+02,1.121184016434834575e+03,1.147397148020156465e+03,1.271262732459988229e+03,1.382528263589803373e+03,1.497860283979375708e+03,1.597843977167636240e+03,1.655643769141235452e+03,4.799642577029039785e+02,3.900416565738906229e+03
1.893700604741930249e+00,5.861079407323618398e+02,8.121684440824008107e+02,1.112614224210321026e+03,1.138723089127671528e+03,1.262365278875384092e+03,1.373449753775324552e+03,1.488640866324458784e+03,1.588518037344141476e+03,1.646823765175066001e+03,4.800039057524494979e+02,3.891310747189917038e+03
1.873845067345754511e+00,5.803619970867799793e+02,8.049295370790254083e+02,1.104122853532817089e+03,1.130130264672571229e+03,1.253545475696781978e+03,1.364446153176268808e+03,1.479492858759463843e+03,1.579260916609911419e+03,1.638062177542500876e+03,4.800202677039997639e+02,3.882182410486003391e+03
1.854224859787231505e+00,5.746804833994896171e+02,7.977657698846517178e+02,1.095709020958755218e+03,1.121617715261383864e+03,1.244802463364540245e+03,1.355516674188041634e+03,1.470415556813865578e+03,1.570071966862721865e+03,1.629358507400102326e+03,4.800136768094652666e+02,3.873032603473044674e+03
1.834836753142184751e+00,5.690625520961226584e+02,7.906762089521399730e+02,1.087371855286109849e+03,1.113184495576076188e+03,1.236135394150623370e+03,1.346660539492142107e+03,1.461408264613035726e+03,1.560950547498004426e+03,1.620712261259438719e+03,4.799844650812183318e+02,3.863862348959411975e+03
1.815677570358431359e+00,5.635073688110350076e+02,7.836599347064643553e+02,1.079110497330693761e+03,1.104829674105902086e+03,1.227543431959267309e+03,1.337876981892426556e+03,1.452470294749434061e+03,1.551896025309848937e+03,1.612122950945929006e+03,4.799329631393880504e+02,3.854672645321383698e+03
1.796744185372948222e+00,5.580141121666133586e+02,7.767160413158486563e+02,1.070924099738555242e+03,1.096552332915317038e+03,1.219025752136044730e+03,1.329165244157804636e+03,1.443600968161506444e+03,1.542907774388595271e+03,1.603590093540291718e+03,4.798595000452573345e+02,3.845464467164583311e+03
1.778033522135073374e+00,5.525819735300844968e+02,7.698436364424378553e+02,1.062811826787475866e+03,1.088351567402795581e+03,1.210581541279000703e+03,1.320524578866808724e+03,1.434799614012653137e+03,1.533985176023044460e+03,1.595113211326857936e+03,4.797644031598028391e+02,3.836238765930163936e+03
1.759542553658662856e+00,5.472101567773746638e+02,7.630418409998545712e+02,1.054772854193130797e+03,1.080226486065374957e+03,1.202209997053113284e+03,1.311954248254555978e+03,1.426065569571852848e+03,1.525127618603296014e+03,1.586691831739267172e+03,4.796479980118021444e+02,3.826996470485230475e+03
1.741268301096591919e+00,5.418978780624328238e+02,7.563097889162077081e+02,1.046806368919271563e+03,1.072176210268336490e+03,1.193910328008435499e+03,1.303453524062599172e+03,1.417398180096417036e+03,1.516334497525126608e+03,1.578325487305130082e+03,4.795106081761688301e+02,3.817738487696051379e+03
