# particle number concentration assuming water removed from particles (#/cc (air)), with time changing with rows (corresponding times given in the time output file) and size bin changing with columns with size bin numbers given in the second row of the header
# 
0.000000000000000000e+00,0.000000000000000000e+00,0.000000000000000000e+00,0.000000000000000000e+00,0.000000000000000000e+00,0.000000000000000000e+00,0.000000000000000000e+00,0.000000000000000000e+00,0.000000000000000000e+00,0.000000000000000000e+00,0.000000000000000000e+00,0.000000000000000000e+00
0.000000000000000000e+00,0.000000000000000000e+00,0.000000000000000000e+00,0.000000000000000000e+00,0.000000000000000000e+00,0.000000000000000000e+00,0.000000000000000000e+00,0.000000000000000000e+00,0.000000000000000000e+00,0.000000000000000000e+00,0.000000000000000000e+00,0.000000000000000000e+00
0.000000000000000000e+00,0.000000000000000000e+00,0.000000000000000000e+00,0.000000000000000000e+00,0.000000000000000000e+00,0.000000000000000000e+00,0.000000000000000000e+00,0.000000000000000000e+00,0.000000000000000000e+00,0.000000000000000000e+00,0.000000000000000000e+00,0.000000000000000000e+00
3.999999999999992724e+03,3.979959353787484361e+03,3.977643599014764732e+03,3.977518227296684472e+03,3.977569533273281650e+03,3.977784700061972217e+03,3.976085713702240810e+03,1.332689405813802797e+00,3.974005175583230084e+03,1.767746118106463316e+00,1.943852072805384301e+00,0.000000000000000000e+00
7.717149274615578179e+03,0.000000000000000000e+00,3.913456522231870622e+03,3.915831655513436544e+03,3.929831189928198455e+03,3.933590123900966773e+03,3.938725093144732909e+03,3.946657247221629405e+03,3.933176781245033453e+03,3.945974896565780455e+03,0.000000000000000000e+00,4.212591742476269019e+01
3.265059110738375693e+03,0.000000000000000000e+00,3.601736020034186367e+03,3.849507532964741586e+03,3.863863052980346765e+03,3.885111963120848941e+03,3.896678820708827516e+03,3.904323816951600293e+03,3.910690492594235820e+03,3.901024311569688507e+03,4.000554604112936431e+03,0.000000000000000000e+00
1.184494680797811483e+01,3.080492825488298422e+03,3.509635270710581608e+03,3.792577628407382690e+03,3.815977408986962473e+03,3.843143205532140200e+03,3.859138836069861100e+03,3.873913886947512765e+03,3.876465423537305469e+03,3.870233265412712626e+03,4.012501685818822352e+03,0.000000000000000000e+00
1.111278840755779029e+01,2.973448003859008168e+03,3.434675025037053274e+03,3.740250238581540998e+03,3.769734091424047165e+03,3.804471347016130039e+03,3.823142275823627187e+03,3.838148370337504730e+03,3.843876301237676671e+03,3.843459125778028920e+03,4.024399766569618350e+03,0.000000000000000000e+00
1.066207813411966931e+01,2.890529861462624922e+03,3.370407557857599386e+03,3.688676717643790198e+03,3.728359351665394115e+03,3.767337175788991772e+03,3.788392083590389575e+03,3.802529549187715020e+03,3.813426604494593903e+03,3.814764932084238808e+03,4.038092750616260673e+03,0.000000000000000000e+00
1.032414401041537566e+01,2.820991194205469128e+03,3.311365964420581804e+03,3.640972749348225989e+03,3.686101131720774902e+03,3.729058591304947640e+03,3.759601138582048407e+03,3.768007151836145567e+03,3.781660214941654431e+03,3.786546347152457201e+03,4.053335194682860674e+03,0.000000000000000000e+00
1.004541286474178818e+01,2.759824137599755886e+03,3.256915759515344689e+03,3.595441168477022075e+03,3.645405370145245797e+03,3.691987248493532206e+03,3.722314355753044310e+03,3.736460288873987793e+03,3.750480854805997751e+03,3.761295814808727300e+03,4.069611891003494293e+03,0.000000000000000000e+00
9.803272195271636846e+00,2.704458200612752080e+03,3.205979358024416797e+03,3.549642006038762702e+03,3.608122973667146198e+03,3.655964976247773393e+03,3.685080958419406215e+03,3.704275009182808390e+03,3.722458402753757582e+03,3.733061689913622104e+03,4.088079643276247225e+03,0.000000000000000000e+00
9.586219503235268391e+00,2.653408552978500666e+03,3.157842426686143881e+03,3.505559129222303909e+03,3.569778828197739585e+03,3.622929394335290908e+03,3.648842452673921343e+03,3.672833221363282064e+03,3.692605094352246397e+03,3.707751601903812116e+03,4.105606883638480213e+03,0.000000000000000000e+00
9.387624656927975764e+00,2.605729109055012941e+03,3.112014522314041642e+03,3.462964673759538982e+03,3.532486001237060009e+03,3.588528653286213284e+03,3.615536290121023740e+03,3.640110025781191780e+03,3.665288504723642745e+03,3.680522436454409672e+03,4.124606376944349904e+03,0.000000000000000000e+00
9.203314518280794942e+00,2.560779873150380354e+03,3.066649164465596641e+03,3.423167860702139933e+03,3.496144330177969550e+03,3.554897132920182685e+03,3.580332531535215367e+03,3.607705977004375200e+03,3.640813159122533307e+03,3.653755256733639271e+03,4.142743734418178974e+03,0.000000000000000000e+00
9.030485950471790701e+00,2.518106237128510656e+03,3.023054385077322422e+03,3.384464187521811709e+03,3.460660756753612077e+03,3.521970460322375402e+03,3.545926826307826104e+03,3.575955669941278302e+03,3.611975209919311510e+03,3.631796649302384594e+03,4.160077784899854123e+03,0.000000000000000000e+00
8.867158501208608712e+00,2.477372195566016671e+03,2.981015848839588671e+03,3.346752165892457469e+03,3.425958070911420236e+03,3.485742954881770402e+03,3.512739355367346434e+03,3.545026601870300965e+03,3.584027131488164741e+03,3.607699466881975241e+03,4.179450111714182640e+03,0.000000000000000000e+00
8.711880717753427206e+00,2.438322530607728822e+03,2.940364789713909886e+03,3.309949475054029790e+03,3.391985398323924983e+03,3.449427599747677959e+03,3.481076565403373479e+03,3.514650725919849265e+03,3.555457716928258378e+03,3.584982727543601868e+03,4.197967832174099385e+03,0.000000000000000000e+00
8.563548162945762598e+00,2.400756664489574632e+03,2.900959006807145215e+03,3.273990989184891987e+03,3.358692655643537364e+03,3.413882709573608736e+03,3.449975720098454076e+03,3.484801585166181667e+03,3.527341034347437017e+03,3.560600118590461989e+03,4.217616806942103722e+03,0.000000000000000000e+00
8.421300746226602740e+00,2.364514228248247491e+03,2.862690381720654841e+03,3.238812567491677783e+03,3.324463208749024034e+03,3.380630711823022011e+03,3.419412570099355889e+03,3.455433908251061894e+03,3.499659677082151575e+03,3.536524945785827640e+03,4.236449136855378129e+03,0.000000000000000000e+00
8.284453900158155193e+00,2.329464647227615842e+03,2.825464487472087512e+03,3.204363523034986883e+03,3.290895576490328494e+03,3.347992807814699063e+03,3.389358190623808696e+03,3.426530867956885231e+03,3.472376141839028605e+03,3.512749766106660900e+03,4.254509506808068181e+03,0.000000000000000000e+00
8.152452163103243166e+00,2.295499842877526135e+03,2.789201413772520027e+03,3.170599920339595428e+03,3.257953612542340579e+03,3.315935847819051560e+03,3.359786894771982134e+03,3.398070044447841155e+03,3.445480014716200913e+03,3.489253561683480257e+03,4.271831809126661938e+03,0.000000000000000000e+00
8.024837812098272849e+00,2.262529177113020523e+03,2.753832807279783083e+03,3.137483348375188143e+03,3.225605429563083817e+03,3.284430635229300151e+03,3.329116828983665528e+03,3.371589943120129192e+03,3.418954940256272039e+03,3.464143312584783416e+03,4.290330317153345277e+03,0.000000000000000000e+00
7.901228317822204694e+00,2.230475706214682305e+03,2.719299598542909280e+03,3.104979939609097073e+03,3.193822673494818901e+03,3.253451242896722761e+03,3.298937972554099360e+03,3.345461895094924330e+03,3.392786210403529822e+03,3.439338821277201077e+03,4.308103734470504605e+03,0.000000000000000000e+00
7.781299856649428470e+00,2.199273369939445274e+03,2.685550245265587364e+03,3.073059588359581085e+03,3.162579939980551444e+03,3.221559503070328446e+03,3.270644347240480784e+03,3.319672601123955701e+03,3.366960274710335852e+03,3.414836314996784040e+03,4.325173932967732981e+03,0.000000000000000000e+00
7.664775151348274029e+00,2.168864874742457232e+03,2.652539377082583997e+03,3.041695331367982362e+03,3.131854306968864876e+03,3.190200140413990994e+03,3.242751205421160194e+03,3.294209957642057816e+03,3.341464861274195300e+03,3.390625292986323529e+03,4.341567431905939884e+03,0.000000000000000000e+00
7.551414308490643990e+00,2.139200068688786359e+03,2.619823227765267347e+03,3.011266344134532119e+03,3.101625034838203646e+03,3.159351773321423025e+03,3.215244142130782620e+03,3.269062771414511644e+03,3.316288759701445542e+03,3.366696225062597023e+03,4.357308267988113585e+03,0.000000000000000000e+00
7.441009320153551876e+00,2.110235003345000223e+03,2.587786153888498575e+03,2.981330261554053777e+03,3.071873311941381871e+03,3.128995018704203630e+03,3.188110062191488851e+03,3.244220917833591557e+03,3.291421793943411103e+03,3.343040474792725945e+03,4.372418678981999619e+03,0.000000000000000000e+00
7.333377196784404362e+00,2.081930633867185406e+03,2.556395219496240315e+03,2.951867979897202986e+03,3.042581812579353937e+03,3.099112102593713644e+03,3.161337014433460809e+03,3.219674993513302070e+03,3.266854583201870355e+03,3.319650081829885494e+03,4.386919191315744683e+03,0.000000000000000000e+00
7.228354901750907224e+00,2.054251851143069416e+03,2.525620472966693342e+03,2.922330884117352525e+03,3.014265470158765766e+03,3.069686547399124265e+03,3.134913872196912052e+03,3.193913259382135038e+03,3.244080677825276780e+03,3.296517987866053318e+03,4.400829504778555929e+03,0.000000000000000000e+00
7.125800150933065069e+00,2.027167759201743820e+03,2.495435273652196884e+03,2.893253185110553659e+03,2.983566973278020214e+03,3.040841368429737940e+03,3.108981037789315906e+03,3.168766140426625043e+03,3.221679818876610170e+03,3.273770671696910085e+03,1.985871337069231686e+02,4.215973786082999140e+03
7.025585751459196615e+00,2.000650621195643453e+03,2.465815628762566575e+03,2.864619990821633564e+03,2.953356956120418545e+03,3.012419040635752481e+03,3.082004627515231277e+03,3.145291169415204422e+03,3.199505311700189395e+03,3.251264627247627232e+03,2.044998427082601040e+02,4.223226530640648889e+03
6.927595340432903370e+00,1.974674774906763105e+03,2.436738977766939115e+03,2.836416848386851598e+03,2.923619571021883075e+03,2.984406841764029650e+03,3.055389120711159194e+03,3.122066776281405055e+03,3.177552180383337145e+03,3.228994011188222885e+03,2.102168746291390846e+02,4.230125693110409884e+03
6.831722619301136668e+00,1.949216614583674527e+03,2.408184388906217919e+03,2.808630202534610817e+03,2.894339935715860520e+03,2.956792787186462192e+03,3.029124647342462595e+03,3.099087308133638089e+03,3.155815477797212225e+03,3.206953347038588618e+03,2.157454481389404748e+02,4.236679522307436855e+03
6.737871886160492707e+00,1.924254746640210215e+03,2.380132728954674803e+03,2.781247537578839911e+03,2.865504262141091203e+03,2.929565741501862703e+03,3.003202019613432640e+03,3.075610965760294675e+03,3.135026846131434468e+03,3.185137698385304247e+03,2.210923100712598739e+02,4.242896093460913107e+03
6.645955961770834364e+00,1.899769562477759109e+03,2.352566322417792890e+03,2.754257180073655491e+03,2.837099658353321956e+03,2.902715263905829943e+03,2.977612606221529859e+03,3.052391423687515726e+03,3.114423086622072788e+03,3.163542388154826313e+03,2.262637734065791051e+02,4.248783186005689458e+03
6.555895690575463952e+00,1.875743151167310316e+03,2.325468897082269450e+03,2.727648282791758447e+03,2.809114104572099677e+03,2.876231593533387695e+03,2.952348323251332204e+03,3.028162827002630365e+03,3.093929933479141710e+03,3.143493568712058277e+03,2.312660824734257687e+02,4.254348696164042849e+03
6.467616630200625494e+00,1.852158581718620781e+03,2.298824975373071084e+03,2.701410437503739104e+03,2.781536075182752029e+03,2.850105345128081353e+03,2.927401380570160654e+03,3.004218792449994453e+03,3.073612741201457538e+03,3.123618776283180068e+03,2.361050742787751062e+02,4.259600260747484754e+03
6.381052144515411584e+00,1.829000610834704503e+03,2.272620511347084630e+03,2.675534117708573376e+03,2.754354960732300697e+03,2.824327858898137492e+03,2.902764580358933472e+03,2.980553232111275975e+03,3.053468912339390499e+03,3.103915146646105313e+03,2.407860412499069014e+02,4.264544610990666115e+03
6.296139172897142977e+00,1.806254747754779828e+03,2.246842079326900148e+03,2.650010144926620796e+03,2.727560547892916475e+03,2.798890777376340793e+03,2.878430961645234675e+03,2.957160249062956609e+03,3.033495894250570018e+03,3.084379886014674412e+03,2.453140467651354015e+02,4.269188278437793997e+03
6.212819123239968988e+00,1.783907464608101691e+03,2.221477068973177666e+03,2.624829830269286049e+03,2.701143152017069042e+03,2.773786156721955649e+03,2.854393896169965046e+03,2.934034221947225888e+03,3.013691247823878257e+03,3.065010334404332752e+03,2.496939083577448457e+02,4.273537593279258544e+03
6.131037414656918649e+00,1.761946102601926214e+03,2.196513611014730031e+03,2.599984933583690690e+03,2.675093573997624844e+03,2.749006433831875256e+03,2.830647062344976803e+03,2.911169783507776629e+03,2.994052638326378201e+03,3.045803954534705554e+03,2.539302170944013994e+02,4.277598697305882524e+03
6.050743215650305373e+00,1.740358820758496449e+03,2.171940539307044673e+03,2.575467646039680858e+03,2.649403079913617148e+03,2.724544411886911348e+03,2.807184434634524678e+03,2.888561812456394819e+03,2.974577835500833316e+03,3.026758329816498645e+03,2.580273513392942277e+02,4.281377554597897870e+03
5.971888104546191123e+00,1.719134298420434334e+03,2.147747131133010953e+03,2.551270418656567472e+03,2.624063233467081318e+03,2.700393124085645468e+03,2.784000169265223576e+03,2.866205334653242971e+03,2.954134959083186914e+03,3.009000325740135850e+03,2.619897259289234626e+02,4.284880218036839324e+03
5.894427320578656371e+00,1.698262024293178683e+03,2.123923370506015090e+03,2.527386149000438763e+03,2.599066071437219307e+03,2.676545979806522155e+03,2.761088729309995870e+03,2.844095632983677660e+03,2.933883401431620314e+03,2.991365861106939974e+03,2.658215000912456958e+02,4.288112546597683831e+03
5.818318788806172037e+00,1.677732080629665006e+03,2.100459760777311203e+03,2.503808059225233137e+03,2.574403984963452785e+03,2.652996668916765429e+03,2.738444805185402402e+03,2.822228179274939976e+03,2.913820211070113146e+03,2.973853805630096304e+03,2.695264884719416045e+02,4.291080007541138002e+03
5.743522829081475045e+00,1.657535080621522866e+03,2.077347271884073962e+03,2.480529663820530914e+03,2.549378838306114176e+03,2.630429938362575740e+03,2.716063272707639499e+03,2.800598601276153204e+03,2.893942537647318659e+03,2.956463056744779806e+03,2.731083438269822068e+02,4.293788076824228483e+03
5.670001954823520762e+00,1.637662125835411189e+03,2.054577305292140863e+03,2.457544749395906820e+03,2.524696195506611275e+03,2.608127233972226350e+03,2.693939203275333512e+03,2.779202689091325283e+03,2.874247616500065760e+03,2.939192552346777120e+03,2.765705853171652393e+02,4.296242118757023491e+03
5.597720680600610343e+00,1.618104765164319360e+03,2.032141659888900676e+03,2.434847354872274536e+03,2.500348663450888125e+03,2.586083651588676730e+03,2.672067864813914639e+03,2.758036392427635292e+03,2.854732798438461941e+03,2.922041257979677539e+03,2.799165952693576287e+02,4.298447187514002508e+03
5.526645438243702024e+00,1.598854978179714863e+03,2.010032519429835702e+03,2.412431766044789129e+03,2.476329147864719744e+03,2.564294473630987795e+03,2.650444700641706731e+03,2.737095806972897662e+03,2.835395527156209937e+03,2.905008170684010111e+03,2.831496274134429427e+02,4.300408218033280718e+03
5.456744286273806921e+00,1.579905110497407804e+03,1.988242395914540111e+03,2.390292478630515689e+03,2.452630813752530230e+03,2.542755141427343005e+03,2.629065304486266541e+03,2.716377152987250156e+03,2.816233322650650734e+03,2.888092308614817739e+03,2.862728177725062437e+02,4.302130031798879827e+03
5.387986794112752165e+00,1.561247849114912015e+03,1.966764109128873315e+03,2.368424186637146704e+03,2.429247071329915798e+03,2.521461247107995405e+03,2.607925412935866461e+03,2.695876769178702489e+03,2.797243777511537701e+03,2.871292710241712030e+03,2.892891909208838115e+02,4.303617341535700689e+03
5.320343956923690776e+00,1.542876204335463854e+03,1.945590771663680016e+03,2.346821774020591420e+03,2.406171565179020945e+03,2.500408527656402839e+03,2.587020899793552871e+03,2.675591108173760858e+03,2.778424554440752217e+03,2.854608434258875150e+03,2.922016653404659792e+02,4.304874755439028377e+03
5.253788441220955008e+00,1.524783567986479511e+03,1.924715843561903057e+03,2.325480355761699229e+03,2.383398211692108362e+03,2.479592896830254176e+03,2.566347803983700487e+03,2.655516761486733230e+03,2.759773408964420014e+03,2.838038578745319228e+03,2.950130510488853020e+02,4.305906781209347173e+03
5.188293558089702273e+00,1.506963477605910839e+03,1.904132918175052964e+03,2.304395127679345933e+03,2.360921050474071762e+03,2.459010330646808598e+03,2.545902227840682372e+03,2.635650370475843829e+03,2.741288114518854400e+03,2.821582225419528186e+03,2.982553333682138259e+02,4.306187446454386190e+03
5.123834015112541884e+00,1.489409790928953498e+03,1.883835882355490639e+03,2.283561481761067171e+03,2.338734354696290666e+03,2.438656956024854026e+03,2.525680415363799057e+03,2.615988695545142491e+03,2.722966522797014477e+03,2.805238487301581245e+03,3.013893483614326669e+02,4.306263985340366162e+03
5.060385555581409456e+00,1.472116603582259359e+03,1.863817556518702759e+03,2.262976240780727949e+03,2.316832578784945781e+03,2.418529011739290127e+03,2.505678717085822427e+03,2.596528585430722615e+03,2.704806538384412761e+03,2.789006490395888250e+03,3.044179389436515066e+02,4.306140330870402977e+03
4.997924931204203780e+00,1.455078243571566873e+03,1.844073590838184828e+03,2.242633755232682688e+03,2.295210355325802539e+03,2.398622847542703767e+03,2.485893589198471091e+03,2.577266976885519853e+03,2.686806119623627637e+03,2.772885375907650541e+03,3.073438570440021067e+02,4.305820338046190045e+03
4.936429835105220043e+00,1.438289256441082443e+03,1.824598507071086260e+03,2.222529841998788015e+03,2.273862485591471341e+03,2.378934918029209257e+03,2.466321588041428186e+03,2.558200890008184615e+03,2.668963275542944757e+03,2.756874298955490758e+03,3.101697677876166495e+02,4.305307785962313574e+03
4.875879031564456234e+00,1.421744436193502224e+03,1.805387058264952429e+03,2.202660475544408655e+03,2.252783959232685902e+03,2.359461800227855747e+03,2.446959385274917622e+03,2.539327441967956020e+03,2.651276078643098117e+03,2.740972439754637890e+03,3.138858668898756150e+02,4.303616735441039964e+03
4.816251654133471227e+00,1.405438662643456155e+03,1.786434079465721197e+03,2.183021681585147235e+03,2.231969850338299239e+03,2.340200112556747172e+03,2.427803696017627772e+03,2.520643784001545100e+03,2.633742611582803420e+03,2.725178963371924965e+03,3.174842166524493337e+02,4.301763283532445712e+03
4.757528008273499864e+00,1.389367088505083530e+03,1.767734660416528641e+03,2.163609662087312245e+03,2.211415436080797917e+03,2.321146610128082102e+03,2.408851362755057380e+03,2.502147175385091487e+03,2.616361031427576563e+03,2.709493070272343630e+03,3.209677604483236451e+02,4.299750479980035379e+03
4.699688898727860220e+00,1.373524983324065715e+03,1.749284002081948074e+03,2.144420692830238295e+03,2.191116096784431647e+03,2.302298106672117683e+03,2.390099286117955216e+03,2.483834922720794111e+03,2.599129518206345892e+03,2.693913957386128004e+03,3.243393609144595189e+02,4.297581319884274308e+03
4.642715653505328888e+00,1.357907739286489459e+03,1.731077422183224144e+03,2.125451127992871079e+03,2.171067319250287710e+03,2.283651478186878649e+03,2.371544427934869418e+03,2.465704382810007701e+03,2.582046278026349682e+03,2.678440821289397263e+03,3.276018014518811583e+02,4.295258745006250138e+03
4.586590416853744578e+00,1.342510939875977328e+03,1.713110418966815132e+03,2.106697447069938789e+03,2.151264740470989636e+03,2.265203698979751152e+03,2.353183842947257745e+03,2.447752990863462401e+03,2.565109568183643660e+03,2.663072878746842889e+03,3.307577809885311240e+02,4.292785648493289045e+03
4.531295922941827037e+00,1.327330307498089724e+03,1.695378623164597911e+03,2.088156220905675582e+03,2.131704113883709852e+03,2.246951815845412057e+03,2.335014655774419225e+03,2.429978240365063357e+03,2.548317680423692764e+03,2.647809354434073157e+03,3.338099221028065813e+02,4.290164874376039734e+03
4.476815465999707477e+00,1.312361696695505771e+03,1.677877791839682459e+03,2.069824107733517394e+03,2.112381304408521828e+03,2.228892945023496395e+03,2.317034058037655086e+03,2.412377680691406113e+03,2.531668939482236510e+03,2.632649480502466758e+03,3.367607738821802741e+02,4.287399218622688750e+03
4.423132880086421359e+00,1.297601089674695913e+03,1.660603804463165943e+03,2.051697850927164382e+03,2.093292285261284178e+03,2.211024270587464798e+03,2.299239306774999932e+03,2.394948915882311212e+03,2.515161702612970203e+03,2.617592496925602973e+03,3.396128144342889073e+02,4.284491430373809635e+03
4.370232504173241495e+00,1.283044588271956854e+03,1.643552655531518440e+03,2.033774274035217786e+03,2.074433132143829425e+03,2.193343040606560407e+03,2.281627720872282680e+03,2.377689601625834712e+03,2.498794357516283981e+03,2.602637650503230361e+03,3.423684536857076068e+02,4.281444212781385431e+03
4.318099149894809585e+00,1.268688406655109247e+03,1.626720448022372011e+03,2.016050276595976811e+03,2.055800018376924982e+03,2.175846564106404912e+03,2.264196678237996821e+03,2.360597442923457038e+03,2.482565320855264417e+03,2.587784194352255327e+03,3.450300359879024086e+02,4.278260223999387563e+03
4.266718106220177553e+00,1.254528872557115847e+03,1.610103394635369341e+03,1.998522835459080625e+03,2.037389215205174196e+03,2.158532212091300607e+03,2.246943616558435224e+03,2.343670194896075827e+03,2.466473039469173273e+03,2.573031389474330808e+03,3.475998417882628360e+02,4.274942078514559398e+03
4.216075068594545172e+00,1.240562410734898776e+03,1.593697802412457577e+03,1.981188993831895914e+03,2.019197080483825175e+03,2.141397409112378682e+03,2.229866025683110365e+03,2.326905656159469345e+03,2.450515985070096121e+03,2.558378501081536342e+03,3.500800910056534008e+02,4.271492347223976140e+03
4.166156157280918926e+00,1.226785547457300481e+03,1.577500077085117937e+03,1.964045864942379467e+03,2.001220061381038022e+03,2.124439636198374501e+03,2.212961450100417551e+03,2.310301671159162652e+03,2.434692656758390513e+03,2.543824801179255701e+03,3.524729442048907231e+02,4.267913558972431929e+03
4.116947862583494988e+00,1.213194897686076047e+03,1.561506711109200069e+03,1.947090623502974950e+03,1.983454685464656450e+03,2.107656424267841885e+03,2.196227482966653497e+03,2.293856124984675716e+03,2.419001576922511049e+03,2.529369565784618317e+03,3.547805054197828554e+02,4.264208200700671114e+03
4.068437061402872423e+00,1.199787169093604007e+03,1.545714287515703745e+03,1.930320508919752001e+03,1.965897563007542885e+03,2.091045356657370121e+03,2.179661768228950677e+03,2.277566945374660008e+03,2.403441293426147695e+03,2.515012077193987807e+03,3.578050034552930470e+02,4.259577057770649844e+03
4.020610993863858340e+00,1.186559156680454862e+03,1.530119474991025527e+03,1.913732822108609071e+03,1.948545383388745677e+03,2.074604066937002699e+03,2.163261998663034774e+03,2.261432101183629129e+03,2.388010378794902863e+03,2.500751623978347652e+03,3.607303934596434942e+02,4.254842050621833550e+03
3.973457274439905706e+00,1.173507745418592094e+03,1.514719030274603028e+03,1.897324927284717205e+03,1.931394915751428925e+03,2.058330239790803262e+03,2.147025916349707586e+03,2.245449602713765671e+03,2.372707430672007831e+03,2.486587501491667354e+03,3.635590021418024094e+02,4.250005164393544874e+03
3.926963800934884397e+00,1.160629888850861335e+03,1.499509778148606074e+03,1.881094237490543264e+03,1.914442994854064864e+03,2.042221600140896498e+03,2.130951303024600747e+03,2.229617493336875214e+03,2.357531064948963831e+03,2.472519006916601484e+03,3.662930979912162002e+02,4.245068354117262970e+03
3.881118787341631293e+00,1.147922616907256952e+03,1.484488618804060479e+03,1.865038220317490186e+03,1.897686525846568429e+03,2.026275917571262880e+03,2.115035983895915706e+03,2.213933852983677752e+03,2.342479919190078817e+03,2.458545442451464169e+03,3.689348919245077241e+02,4.240033546181763995e+03
3.835910748697303418e+00,1.135383032383369255e+03,1.469652524555978289e+03,1.849154395701754083e+03,1.881122481588310620e+03,2.010491004646203919e+03,2.099277826053902572e+03,2.198396796822325996e+03,2.327552651818929007e+03,2.444666115059018011e+03,3.714865391379779567e+02,4.234902638684265185e+03
3.791328488655876239e+00,1.123008308041871032e+03,1.454998537122458174e+03,1.833440334106106320e+03,1.864747900347274253e+03,1.994864715508512518e+03,2.083674737129952064e+03,2.183004474152216062e+03,2.312747941477662152e+03,2.430880336333617834e+03,3.739501408332415053e+02,4.229677501799817946e+03
3.747361088603194723e+00,1.110795684084744607e+03,1.440523765263267705e+03,1.817893654974703395e+03,1.848559883792818709e+03,1.979394944704514273e+03,2.068224664163122270e+03,2.167755067481414699e+03,2.298064486537276025e+03,2.417187422480895748e+03,3.763277458486775231e+02,4.224359978192461313e+03
3.703997895674773666e+00,1.098742465325017292e+03,1.426225382084014200e+03,1.802512024869065954e+03,1.832555594683204390e+03,1.964079625713506175e+03,2.052925592200303072e+03,2.152646791355008190e+03,2.283501004368194117e+03,2.403586694072288992e+03,3.786213522714021451e+02,4.218951883301741873e+03
3.661228518310280400e+00,1.086846020189020692e+03,1.412100624128057689e+03,1.787293157008670960e+03,1.816732255931905001e+03,1.948916730625715218e+03,2.037775543928245725e+03,2.137677892110744779e+03,2.269056231428702176e+03,2.390077476475548337e+03,3.808329088138326028e+02,4.213455005923116005e+03
3.619042809946508399e+00,1.075103776871431819e+03,1.398146787737224258e+03,1.772234808705523164e+03,1.801087147703189885e+03,1.933904268159027197e+03,2.022772577830199907e+03,2.122846646309999869e+03,2.254728922164442338e+03,2.376659099286763194e+03,3.829643164337394410e+02,4.207871108374379219e+03
3.577430861354485181e+00,1.063513221531490672e+03,1.384361227330336533e+03,1.757334780218586502e+03,1.785617605852959514e+03,1.919040282761566914e+03,2.007914787306995549e+03,2.108151360023774487e+03,2.240517848651693384e+03,2.363330896355766527e+03,3.850174296984869784e+02,4.202201926871207434e+03
3.536382992378344525e+00,1.052071896350708812e+03,1.370741353557220464e+03,1.742590913516190312e+03,1.770321020309360620e+03,1.904322853653146694e+03,1.993200299748322777e+03,2.093590368073077570e+03,2.226421800191536022e+03,2.350092205762715821e+03,3.869940581220139393e+02,4.196449171884823045e+03
3.495889759845384415e+00,1.040777401444126099e+03,1.357284635115075162e+03,1.728001093808627957e+03,1.755194836044617432e+03,1.889750096005067007e+03,1.978627277502913557e+03,2.079162034963569113e+03,2.212439584402547553e+03,2.336942371025305874e+03,3.888959671048703512e+02,4.190614529020676855e+03
3.455941915119390195e+00,1.029627384757066920e+03,1.343988589133104824e+03,1.713563242394872759e+03,1.740236545983937731e+03,1.875320155405213200e+03,1.964193912894968889e+03,2.064864750496714350e+03,2.198570023567557200e+03,2.323880738366050991e+03,3.907248799656985625e+02,4.184699658230728346e+03
3.416530416229528910e+00,1.018619544960914709e+03,1.330850783901343448e+03,1.699275318846162008e+03,1.725443692621318178e+03,1.861031209528075578e+03,1.949898429633186652e+03,2.050696931087599751e+03,2.184811956042081420e+03,2.310906658149022860e+03,3.924824786903257632e+02,4.178706194733813390e+03
3.377646420562153917e+00,1.007751629727453519e+03,1.317868837223006267e+03,1.685135319887215019e+03,1.710813866582416267e+03,1.846881467269653967e+03,1.935739081975417321e+03,2.036657019078688336e+03,2.171164235877129613e+03,2.298019484838956487e+03,3.941704050970466255e+02,4.172635749344824035e+03
3.339281273007629114e+00,9.970214329024513518e+02,1.305040413699570991e+03,1.671141277437749295e+03,1.696344704417122102e+03,1.832869167218132588e+03,1.921714153303981675e+03,2.022743481521192280e+03,2.157625731955822175e+03,2.285218576540893537e+03,3.957902620619361755e+02,4.166489908598096008e+03
3.301426515630509595e+00,9.864267968300225675e+02,1.292363226937472518e+03,1.657291260412132715e+03,1.682033889888409931e+03,1.818992579035272456e+03,1.907821957286695579e+03,2.008954811269679112e+03,2.144195329189069525e+03,2.272503296249329651e+03,3.973436142600660901e+02,4.160270235639271959e+03
3.264073866934942281e+00,9.759656073921947836e+02,1.279835034785096241e+03,1.643583371175061757e+03,1.667879150315939569e+03,1.805250000690703246e+03,1.894060835357234737e+03,1.995289524777781935e+03,2.130871926756480661e+03,2.259873010623056871e+03,3.988319895212762844e+02,4.153978270000839984e+03
3.227215222285237939e+00,9.656357941275052781e+02,1.267453639445247745e+03,1.630015745747281017e+03,1.653878256426696680e+03,1.791639758626224193e+03,1.880429156803220621e+03,1.981746162231042945e+03,2.117654438430534356e+03,2.247327090495653010e+03,4.002568797046567397e+02,4.147615528163194540e+03
3.190842645437762304e+00,9.554353281971069691e+02,1.255216885498508418e+03,1.616586552370328036e+03,1.640029020678903180e+03,1.778160206617488029e+03,1.866925317694168598e+03,1.968323286633266889e+03,2.104541791953883603e+03,2.234864910578375202e+03,4.016197417308704303e+02,4.141183503724230832e+03
3.154948364871776434e+00,9.453622215119194152e+02,1.243122659053543202e+03,1.603293990950273383e+03,1.626329296422680045e+03,1.764809725334511086e+03,1.853547740434926482e+03,1.955019483454569581e+03,2.091532928915055891e+03,2.222485849577557929e+03,4.029219984879335357e+02,4.134683667767091720e+03
3.119524772286666803e+00,9.354145263756296345e+02,1.231168887387111909e+03,1.590136292868239480e+03,1.612776977403396131e+03,1.751586722179126127e+03,1.840294873565480884e+03,1.941833360497872263e+03,2.078626804813794934e+03,2.210189290463853922e+03,4.041653414443420615e+02,4.128117192029503713e+03
3.084564409493086412e+00,9.255903323339197186e+02,1.219353535895578034e+03,1.577111718707188402e+03,1.599369995355365973e+03,1.738489629502661046e+03,1.827165190122622789e+03,1.928763546471630434e+03,2.065822387956860439e+03,2.197974619747311408e+03,4.053508218952386528e+02,4.121485784776610672e+03
3.050059969271049276e+00,9.158877663832374765e+02,1.207674608278773803e+03,1.564218558476045473e+03,1.586106319914624919e+03,1.725516904771070131e+03,1.814157187736619790e+03,1.915808691121418178e+03,2.053118659750939514e+03,2.185841227927016007e+03,4.064797659979082027e+02,4.114790851253203073e+03
3.016004289208099820e+00,9.063049914873461148e+02,1.196130145091617578e+03,1.551455130561343367e+03,1.572983957363050195e+03,1.712667029732601577e+03,1.801269387839794945e+03,1.902967464559335212e+03,2.040514614265809996e+03,2.173788509314466864e+03,4.075534693534169719e+02,4.108033775294052248e+03
2.982390354926508724e+00,8.968402073537359911e+02,1.184718224471025906e+03,1.538819782359549436e+03,1.560000950922821630e+03,1.699938510887579923e+03,1.788500336033717531e+03,1.890238557633477967e+03,2.028009258729530075e+03,2.161815862640594787e+03,4.085731976695316234e+02,4.101215919924874470e+03
2.949211288422285193e+00,8.874916476300966224e+02,1.173436959423757116e+03,1.526310888253668736e+03,1.547155378630303403e+03,1.687329877910899540e+03,1.775848600641121948e+03,1.877620680667129363e+03,2.015601612552626875e+03,2.149922690416230580e+03,4.095401876734212010e+02,4.094338627336096579e+03
2.916460343953183987e+00,8.782575789047518811e+02,1.162284496833566891e+03,1.513926848895679996e+03,1.534445352409739144e+03,1.674839683069723378e+03,1.763312772140397328e+03,1.865112562985940713e+03,2.003290707052598691e+03,2.138108398872192538e+03,4.104556478588128812e+02,4.087403219124335919e+03
2.884130906847627962e+00,8.691363004190196762e+02,1.151259017165766409e+03,1.501666091040628089e+03,1.521869017666761465e+03,1.662466501079763930e+03,1.750891462993012965e+03,1.852712952799090999e+03,1.991075585494683537e+03,2.126372398165874529e+03,4.113207591640805276e+02,4.080410996679754589e+03
2.852216490024060747e+00,8.601261432247864605e+02,1.140358733633530164e+03,1.489527066956180079e+03,1.509424552498074490e+03,1.650208928628762806e+03,1.738583307175807249e+03,1.840420616813359175e+03,1.978955302887080506e+03,2.114714102374005961e+03,4.121366756727697975e+02,4.073363241460102927e+03
2.820710730675486388e+00,8.512254693813321182e+02,1.129581891401898019e+03,1.477508253858482021e+03,1.497110166933187656e+03,1.638065583920438712e+03,1.726386959732745709e+03,1.828234339863513014e+03,1.966928925786422269e+03,2.103132929489142498e+03,4.134146785528490113e+02,4.065750300319838061e+03
2.789607387427435192e+00,8.424326712851902812e+02,1.118926766961238854e+03,1.465608153576377845e+03,1.484924102526846809e+03,1.626035106603204213e+03,1.714301096749117960e+03,1.816152925004209010e+03,1.954995532610756982e+03,2.091628301969461972e+03,4.146356377284521955e+02,4.058094414590850647e+03
2.758900336529670927e+00,8.337461707067386669e+02,1.108391667090969349e+03,1.453825291590103234e+03,1.472864630975838736e+03,1.614116156579424569e+03,1.702324414090261826e+03,1.804175192237542660e+03,1.943154212427203447e+03,2.080199645602089731e+03,4.158008158309186797e+02,4.050396622596624638e+03
2.728583569260981445e+00,8.251644181791903065e+02,1.097974928291339666e+03,1.442158216739557474e+03,1.460930053773693317e+03,1.602307413978668819e+03,1.690455627421303689e+03,1.792299978647347189e+03,1.931404065298776686e+03,2.068846390077310843e+03,4.169114475195279965e+02,4.042657947499786133e+03
2.698651189074078527e+00,8.166858923039096680e+02,1.087674916090764100e+03,1.430605500728637026e+03,1.449118701543233101e+03,1.590607578753950293e+03,1.678693471809758648e+03,1.780526138070730440e+03,1.919744202110525748e+03,2.057567968984140407e+03,4.179687401853331608e+02,4.034879397466379487e+03
2.669097408839800512e+00,8.083090990792604771e+02,1.077490024375748135e+03,1.419165737644664659e+03,1.437428933389317081e+03,1.579015370289549764e+03,1.667036701339418187e+03,1.768852540778727416e+03,1.908173744400133273e+03,2.046363819805458434e+03,4.189738746182582645e+02,4.027061965841970959e+03
2.639916548795188334e+00,8.000325714000339303e+02,1.067418674886808958e+03,1.407837543606319514e+03,1.425859136374438549e+03,1.567529527108684988e+03,1.655484088814056577e+03,1.757278073237018816e+03,1.896691824257673488e+03,2.035233383968637781e+03,4.199280056434380413e+02,4.019206631363305860e+03
2.611103032632211995e+00,7.918548681042479984e+02,1.057459316272845172e+03,1.396619556060354171e+03,1.414407724681344462e+03,1.556148806307681298e+03,1.644034425218651677e+03,1.745801637646765130e+03,1.885297584021937610e+03,2.024176106717091670e+03,4.208322627768800430e+02,4.011314358254558556e+03
2.582651385774345609e+00,7.837745735512927467e+02,1.047610423663149959e+03,1.385510433484560735e+03,1.403073139150912994e+03,1.544871983306422180e+03,1.632686519463050900e+03,1.734422151739440324e+03,1.873990176204112686e+03,2.013191437173514487e+03,4.216877508219336050e+02,4.003386096444753548e+03
2.554556232978814290e+00,7.757902970356703918e+02,1.037870498078897981e+03,1.374508854961668021e+03,1.391853846707917683e+03,1.533697851497950978e+03,1.621439198036669723e+03,1.723138548490432868e+03,1.862768763334403957e+03,2.002278828333208367e+03,4.224955504639341939e+02,3.995422781740529445e+03
2.526812296022000304e+00,7.679006722206669338e+02,1.028238065864064311e+03,1.363613519766658783e+03,1.380748339804467378e+03,1.522625221908609092e+03,1.610291304673454988e+03,1.711949775841068686e+03,1.851632517813165123e+03,1.991437737057782670e+03,4.232567188482479423e+02,3.987425335998608716e+03
2.499414391472729591e+00,7.601043565930324348e+02,1.018711678136706723e+03,1.352823146968169567e+03,1.369755135881419392e+03,1.511652922869079475e+03,1.599241700027370825e+03,1.700854796429300222e+03,1.840580621766845979e+03,1.980667624069566727e+03,4.239722901421377514e+02,3.979394667298081004e+03
2.472357428628273457e+00,7.524000309570296849e+02,1.009289910278704042e+03,1.342136475058546694e+03,1.358872776860730255e+03,1.500779799707723441e+03,1.588289261368531470e+03,1.689852587338252533e+03,1.829612266917269153e+03,1.969967953954263521e+03,4.246432760796957382e+02,3.971331670117640897e+03
2.445636407683274616e+00,7.447863989857336264e+02,9.999713614824614751e+02,1.331552261628626184e+03,1.348099828683551550e+03,1.490004714479660606e+03,1.577432882312130005e+03,1.678942139873846372e+03,1.818726654474781753e+03,1.959338195181435367e+03,4.252706664894803907e+02,3.963237225525264421e+03
2.419246416678173972e+00,7.372621864713404420e+02,9.907546539988891254e+02,1.321069282798223867e+03,1.337434880630387852e+03,1.479326545501909777e+03,1.566671472374628138e+03,1.668122459184663740e+03,1.807922994883881302e+03,1.948777819992702007e+03,4.258554298287808138e+02,3.955112201274469953e+03
2.393182630228888996e+00,7.298261410138014753e+02,9.816384328199934544e+02,1.310686332997441923e+03,1.326876544966174606e+03,1.468744187167301334e+03,1.556003956780095905e+03,1.657392564108395618e+03,1.797200507773879963e+03,1.938286304466283809e+03,4.263985136749537901e+02,3.946957452022254074e+03
2.367440307564723678e+00,7.224770315378833629e+02,9.726213651899267916e+02,1.300402224605526271e+03,1.316423456458604733e+03,1.458256549643696417e+03,1.545429276164319162e+03,1.646751486924422125e+03,1.786558421820740932e+03,1.927863128500629728e+03,4.269008452161237983e+02,3.938773819489676043e+03
2.342014790668848878e+00,7.152136478356704856e+02,9.637021401418270443e+02,1.290215787609844028e+03,1.306074271919526836e+03,1.447862558589883747e+03,1.534946386294647255e+03,1.636198273120136946e+03,1.775995974619094113e+03,1.917507775804311677e+03,4.273633317281190216e+02,3.930562132626419952e+03
2.316901502475059882e+00,7.080348001226007000e+02,9.548794680479234103e+02,1.280125869273958187e+03,1.295827669758703450e+03,1.437561154878612342e+03,1.524554257796858110e+03,1.625731981162960665e+03,1.765512412557010748e+03,1.907219733885567848e+03,4.277868610387229751e+02,3.922323207774196362e+03
2.292095945117798905e+00,7.009393186063138046e+02,9.461520801822115345e+02,1.270131333814316122e+03,1.285682349549351557e+03,1.427351294326383822e+03,1.514251875888685618e+03,1.615351682277747386e+03,1.755106990693341913e+03,1.896998494041419690e+03,4.281723019796576750e+02,3.914057848828917031e+03
2.267593698233132393e+00,6.939260530677684073e+02,9.375187282951839052e+02,1.260231062085211533e+03,1.275637031605024958e+03,1.417231947429748288e+03,1.504038240119765305e+03,1.605056460229387540e+03,1.744778972637522884e+03,1.886843551346355525e+03,4.285205048266844869e+02,3.905766847401600444e+03
2.243390417308518181e+00,6.869938724541200372e+02,9.289781842001332279e+02,1.250423951271699025e+03,1.265690456567432420e+03,1.407202099107869799e+03,1.493912364117766856e+03,1.594845411110416762e+03,1.734527630431742864e+03,1.876754404640573739e+03,4.288323017281937268e+02,3.897450982977981312e+03
2.219481832079329919e+00,6.801416644828785820e+02,9.205292393705716449e+02,1.240708914590159111e+03,1.255841385004789345e+03,1.397260748451123163e+03,1.483873275340492228e+03,1.584717643133456249e+03,1.724352244435386183e+03,1.866730556517786226e+03,4.291085071226395371e+02,3.889111023076800393e+03
2.195863744970220299e+00,6.733683352568940563e+02,9.121707045483341290e+02,1.231084880996228776e+03,1.246088597020339193e+03,1.387406908475518549e+03,1.473920014833732239e+03,1.574672276428311079e+03,1.714252103211659687e+03,1.856771513312576644e+03,4.293499181451629170e+02,3.880747723406740533e+03
2.172532029579503643e+00,6.666728088897401676e+02,9.039014093619560981e+02,1.221550794899827679e+03,1.236430891870684945e+03,1.377639605882740398e+03,1.464051636994684486e+03,1.564708442843572357e+03,1.704226503416328569e+03,1.846876785087321196e+03,4.296213254392890235e+02,3.872302839019174371e+03
2.149482627425827630e+00,6.600540266202380053e+02,8.957202012890286369e+02,1.212105615050153574e+03,1.226867086600530001e+03,1.367957879743629519e+03,1.454267208209430919e+03,1.554825284556060979e+03,1.694274748393498840e+03,1.837045884220218568e+03,4.298585050528040483e+02,3.863836991408083122e+03
2.126711550157144526e+00,6.535109475232079603e+02,8.876259466549325907e+02,1.202748315971217608e+03,1.217396017705466193e+03,1.358360783473629681e+03,1.444565808931028187e+03,1.545021956316470778e+03,1.684396150702134946e+03,1.827278328233056982e+03,4.300622138936666943e+02,3.855350893132776037e+03
2.104214876287081371e+00,6.470425476180764690e+02,8.796175295839253749e+02,1.193477886825554151e+03,1.208016539743894327e+03,1.348847383484732063e+03,1.434946532284651084e+03,1.535297624023548224e+03,1.674590030670838587e+03,1.817573638332588871e+03,4.302331931339305129e+02,3.846845245517618878e+03
2.081988749903206593e+00,6.406478195487269431e+02,8.716938516714524212e+02,1.184293331168486930e+03,1.198727525003175288e+03,1.339416758976432902e+03,1.425408483860622027e+03,1.525651464550565379e+03,1.664855716301952953e+03,1.807931339402465028e+03,4.303721685602050684e+02,3.838320738812509262e+03
2.060029379204284972e+00,6.343257722213247689e+02,8.638538316151542631e+02,1.175193666668360493e+03,1.189527863138690918e+03,1.330068001700686182e+03,1.415950781484799563e+03,1.516082665550826050e+03,1.655192543154647410e+03,1.798350959974761054e+03,4.304798509173535876e+02,3.829778052337361714e+03
2.038333035246972624e+00,6.280754304931336947e+02,8.560964048957772548e+02,1.166177924865415207e+03,1.180416460849819941e+03,1.320800215756360558e+03,1.406572555015599619e+03,1.506590425286781965e+03,1.645599854247946041e+03,1.788832032216946345e+03,4.305569362409841006e+02,3.821217854636423453e+03
2.016896050756162850e+00,6.218958348774297065e+02,8.484205234748053499e+02,1.157245150944250099e+03,1.171392241571244995e+03,1.311612517395144550e+03,1.397272946151839733e+03,1.497173952468698644e+03,1.636076999971059422e+03,1.779374091923668402e+03,4.306041061815787998e+02,3.812640803635538759e+03
1.995714818862848627e+00,6.157860412301025690e+02,8.408251554734970341e+02,1.148394403489724255e+03,1.162454145151921693e+03,1.302504034814171746e+03,1.388051108229063175e+03,1.487832466082333440e+03,1.626623337981903887e+03,1.769976678496159593e+03,4.306220283220048941e+02,3.804047546787975534e+03
1.974785791912508248e+00,6.097451204537102285e+02,8.333092848695071098e+02,1.139624754256590677e+03,1.153601127549084822e+03,1.293473907959722965e+03,1.378906206026226300e+03,1.478565195225672369e+03,1.617238233112472926e+03,1.760639334926001766e+03,4.306113564867700347e+02,3.795438721222308686e+03
1.954105480477067003e+00,6.037721582519126287e+02,8.258719112439137007e+02,1.130935287979723626e+03,1.144832160560921920e+03,1.284521288362873975e+03,1.369837415601357634e+03,1.469371378971682134e+03,1.607921057296810432e+03,1.751361607797291526e+03,4.305727310417349258e+02,3.786814953903877267e+03
1.933670451813046753e+00,5.978662547462611201e+02,8.185120493903681336e+02,1.122325102069911054e+03,1.136146231459761566e+03,1.275645338885258752e+03,1.360843924047190740e+03,1.460250266157662281e+03,1.598671189429466040e+03,1.742143047225240480e+03,4.305067791934241654e+02,3.778176861743043446e+03
1.913477328995330184e+00,5.920265242606576521e+02,8.112287290922477041e+02,1.113793306447326586e+03,1.127542342750562057e+03,1.266845233573363203e+03,1.351924929344320844e+03,1.451201115263201473e+03,1.589488015304651981e+03,1.732983206864982321e+03,4.304141152733317881e+02,3.769525051758811514e+03
1.893522789828174124e+00,5.862520950502851065e+02,8.040209948440319749e+02,1.105339023328064286e+03,1.119019511889689511e+03,1.258120157475760834e+03,1.343079640181522336e+03,1.442223194257765954e+03,1.580370927525854995e+03,1.723881643892481861e+03,4.302953410184041445e+02,3.760860121218405766e+03
1.873803565787462322e+00,5.805421090382615148e+02,7.968879055805301732e+02,1.096961387016532854e+03,1.110576771011273422e+03,1.249469306465186492e+03,1.334307275780780628e+03,1.433315780452256149e+03,1.571319325417802702e+03,1.714837918986037266e+03,4.301510458447510246e+02,3.752182657775933421e+03
1.854316440987324954e+00,5.748957215582354365e+02,7.898285344120600939e+02,1.088659543702020983e+03,1.102213166659486433e+03,1.240891887063981812e+03,1.325607065725697112e+03,1.424478160353294697e+03,1.562332614939652558e+03,1.705851596307367799e+03,4.299818071148085323e+02,3.743493239609199918e+03
1.835058251176024058e+00,5.693121011042073860e+02,7.828419683669565075e+02,1.080432651260707416e+03,1.093927759527878152e+03,1.232387116274023128e+03,1.316978249794263547e+03,1.415709629521176339e+03,1.553410208600323358e+03,1.696922243483188595e+03,4.297881903981005962e+02,3.734792435555497377e+03
1.816025882764335186e+00,5.637904290882278246e+02,7.759273081418407401e+02,1.072279879063213684e+03,1.085719624205612035e+03,1.223954221410933087e+03,1.308420077795764882e+03,1.407009492431232275e+03,1.544551525375735309e+03,1.688049431587029858e+03,4.295707497256709075e+02,3.726080805246019281e+03
1.797216271830335277e+00,5.583298995922779113e+02,7.690836678462708278e+02,1.064200407777125292e+03,1.077587848921463319e+03,1.215592439934723188e+03,1.299931809404870592e+03,1.398377062332350306e+03,1.535755990622243417e+03,1.679232735116329650e+03,4.296219368360817157e+02,3.717066666002036982e+03
1.778626403297749237e+00,5.529297191680620926e+02,7.623101748054240261e+02,1.056193429240243631e+03,1.069531535380809601e+03,1.207301019381492779e+03,1.291512714104399492e+03,1.389811661222841394e+03,1.527023036118857135e+03,1.670471732110335097e+03,4.296450972006754796e+02,3.708048072516190132e+03
1.760253309804093780e+00,5.475891065445521235e+02,7.556059692395120919e+02,1.048258146159434546e+03,1.061549798362820184e+03,1.199079217018820600e+03,1.283162070826231002e+03,1.381312619494004139e+03,1.518352099735634056e+03,1.661766003849973004e+03,4.296408397328415276e+02,3.699025469489392890e+03
