# particle size bin bounds (um), with size bins represented by columns and their number (starting at 1 and in line with the lower bound) given in second line of header, per time step which is is represented by rows and corresponding times given in the time output file 
# 
4.999999999999999237e-03,7.033140206315965405e-03,9.893012232339628079e-03,1.391578841856870238e-02,1.957433820584431397e-02,2.753381300951006361e-02,3.872983346207417577e-02,5.447846978120705203e-02,7.663094323935530638e-02,1.077912335889252421e-01,1.516221717685331538e-01,2.132759984868432546e-01,2.999999999999999334e-01
4.999999999999999237e-03,7.033140206315965405e-03,9.893012232339628079e-03,1.391578841856870238e-02,1.957433820584431397e-02,2.753381300951006361e-02,3.872983346207417577e-02,5.447846978120705203e-02,7.663094323935530638e-02,1.077912335889252421e-01,1.516221717685331538e-01,2.132759984868432546e-01,2.999999999999999334e-01
4.999999999999999237e-03,7.033140206315965405e-03,9.893012232339628079e-03,1.391578841856870238e-02,1.957433820584431397e-02,2.753381300951006361e-02,3.872983346207417577e-02,5.447846978120705203e-02,7.663094323935530638e-02,1.077912335889252421e-01,1.516221717685331538e-01,2.132759984868432546e-01,2.999999999999999334e-01
4.999999999999999237e-03,1.399260125840527669e-02,2.380576138381245224e-02,3.355592595034845305e-02,4.232986865276047034e-02,5.002348217936349040e-02,5.691693407991792186e-02,6.102594184888326945e-02,6.432950818097635248e-02,6.689775192458118080e-02,6.822125615540466925e-02,7.176643669278684468e-02,2.999999999999981015e-01
4.999999999999999237e-03,1.211543512691443114e-02,2.423087025382886228e-02,3.558053484740917455e-02,4.429172054674749420e-02,5.216170642271239499e-02,5.923066163768440917e-02,6.554774587894035554e-02,7.132498856662361497e-02,7.503708711003384546e-02,7.785104016711037744e-02,8.043152498639023762e-02,2.999999999999978795e-01
4.999999999999999237e-03,7.055033650866046439e-03,1.411006730173209288e-02,2.985790463115040386e-02,4.108262167948074917e-02,4.912863951342200108e-02,5.648512569710720244e-02,6.316429629351194563e-02,6.918186287840491500e-02,7.471710106678888796e-02,7.840801460257015854e-02,8.111848371129264101e-02,2.999999999999976574e-01
4.999999999999999237e-03,1.042090116476952592e-02,1.963811002714105705e-02,3.424530386559530154e-02,4.503806470257818578e-02,5.262402782507386023e-02,5.963241903189404891e-02,6.604603835664986378e-02,7.185758259028168782e-02,7.722481716017455533e-02,8.086786638334035604e-02,8.364770346763088227e-02,2.999999999999974909e-01
4.999999999999999237e-03,1.556198708278154659e-02,2.426523143747762526e-02,3.776006794990391380e-02,4.811992122031361063e-02,5.536903016056083510e-02,6.211985358998673573e-02,6.833493256368224078e-02,7.399081535204038440e-02,7.922969382205412303e-02,8.280935287390174537e-02,8.558920647763768041e-02,2.999999999999974909e-01
4.999999999999999237e-03,2.001348057581640860e-02,2.802351364179395815e-02,4.061569495628516296e-02,5.060589480532658863e-02,5.759843490862216059e-02,6.415047619940501822e-02,7.021051910324682677e-02,7.574394067375958550e-02,8.088080754853296805e-02,8.440101803409391645e-02,8.719455721553137639e-02,2.999999999999974909e-01
4.999999999999999237e-03,2.367095663608285300e-02,3.108722676138311880e-02,4.297949374830228181e-02,5.266343409215638177e-02,5.945405191025487923e-02,6.584769372453502800e-02,7.178287277118106102e-02,7.721707894823846841e-02,8.227039073732260455e-02,8.575310695957044649e-02,8.856914695234426038e-02,2.999999999999974909e-01
4.999999999999999237e-03,2.667077434636576025e-02,3.362296464860911605e-02,4.496904429790110624e-02,5.439906453975180273e-02,6.102667863767726603e-02,6.729129132281178038e-02,7.312347397372480351e-02,7.847519358285917623e-02,8.345879943728430617e-02,8.692553821008709714e-02,8.977079448851604804e-02,2.999999999999974909e-01
4.999999999999999237e-03,2.916397694121316761e-02,3.575534233392987232e-02,4.666711913024239322e-02,5.588485917285238719e-02,6.237822267364701023e-02,6.853543995583590009e-02,7.428135158223529710e-02,7.956351015211227118e-02,8.448792482206343712e-02,8.795044486080084989e-02,9.082976425249476848e-02,2.999999999999974909e-01
4.999999999999999237e-03,3.126688965713883550e-02,3.757336332725009359e-02,4.813318105656567286e-02,5.717159944893976387e-02,6.355238478000156677e-02,6.961883734226240183e-02,7.529160024191032530e-02,8.051433112024772298e-02,8.538779930881572333e-02,8.885212767592792771e-02,9.176953584078852144e-02,2.999999999999974909e-01
4.999999999999999237e-03,3.306417909857161525e-02,3.914144481249982876e-02,4.941112870311259453e-02,5.829646059212305331e-02,6.458146674205970938e-02,7.057030065787789352e-02,7.618035174696374812e-02,8.135187585968585433e-02,8.618109496888125276e-02,8.964814458901204652e-02,9.260695876786594061e-02,2.999999999999974909e-01
4.999999999999999237e-03,3.461753059537965582e-02,4.050710478053905911e-02,5.053401901104678795e-02,5.928756509079837617e-02,6.549026078755139368e-02,7.141181090700352008e-02,7.696742374109784290e-02,8.209453664878282875e-02,8.688506712903350249e-02,9.035633168279864902e-02,9.335914722562931034e-02,2.999999999999974909e-01
4.999999999999999237e-03,3.597275234838673286e-02,4.170622594002568878e-02,5.152738672144133864e-02,6.016655871384875981e-02,6.629784306854473452e-02,7.216050842322759007e-02,7.766849519115062717e-02,8.275683368824238162e-02,8.751328333578266283e-02,9.099044806667488938e-02,9.403932408076151606e-02,2.999999999999974909e-01
4.999999999999999237e-03,3.716459669664413240e-02,4.276648804847565932e-02,5.241134204029485738e-02,6.095051736549862015e-02,6.701949782764428376e-02,7.283023730611337676e-02,7.829609975752353790e-02,8.335031080292001904e-02,8.807657679836324027e-02,9.156158188089481842e-02,9.465860888805423257e-02,2.999999999999974909e-01
4.999999999999999237e-03,3.821990218636543701e-02,4.370959263683370233e-02,5.320193369415853607e-02,6.165308345457409800e-02,6.766728613756793631e-02,7.343211606822418192e-02,7.886046862652157374e-02,8.388428395377774127e-02,8.858380636430106259e-02,9.207910400405960871e-02,9.522541346002168228e-02,2.999999999999974909e-01
4.999999999999999237e-03,3.915983385107236342e-02,4.455288975628513698e-02,5.391220259293398598e-02,6.228541902076155379e-02,6.825117628669218062e-02,7.397521895624875610e-02,7.937012266857472464e-02,8.436663410978363642e-02,8.904214703459112368e-02,9.254977198580290054e-02,9.574628943478659393e-02,2.999999999999974909e-01
4.999999999999999237e-03,4.000127271904335702e-02,4.531037989692586476e-02,5.455287786682311291e-02,6.285672766462879757e-02,6.877934880315229871e-02,7.446698892785118262e-02,7.983193356156494114e-02,8.480386015194152360e-02,8.945777614770206165e-02,9.297822408248625214e-02,9.622566774281840485e-02,2.999999999999974909e-01
4.999999999999999237e-03,4.075791112620958528e-02,4.599353877330575324e-02,5.513284504696185084e-02,6.337465311223262898e-02,6.925865005405938690e-02,7.491367172349421011e-02,8.025167549807557532e-02,8.520142167363382868e-02,8.983583832356012433e-02,9.336841380511942678e-02,9.666738834612381703e-02,2.999999999999974909e-01
4.999999999999999237e-03,4.144089228861311258e-02,4.661178630006985318e-02,5.565944769045581136e-02,6.384553545021563747e-02,6.969480745715304904e-02,7.532050045049762388e-02,8.063418223893369097e-02,8.556384996115612429e-02,9.018060726289157947e-02,9.372504556402429243e-02,9.707597553950275682e-02,2.999999999999974909e-01
4.999999999999999237e-03,4.205946230636815192e-02,4.717300228676017670e-02,5.613888947779502314e-02,6.427476447492055933e-02,7.009270077748133709e-02,7.569192070955954588e-02,8.098360489914464833e-02,8.589504143262552405e-02,9.049571580187956710e-02,9.405198762318024708e-02,9.745516252093727738e-02,2.999999999999974909e-01
4.999999999999999237e-03,4.262137966929132465e-02,4.768384717675241968e-02,5.657646145283923289e-02,6.466696743455628560e-02,7.045652436824639819e-02,7.603173615244684935e-02,8.130349358905573920e-02,8.619833738086900288e-02,9.078433066782243266e-02,9.435246599624583230e-02,9.780801885096089554e-02,2.999999999999974909e-01
4.999999999999999237e-03,4.313319023702219535e-02,4.814997605335862019e-02,5.697669118541111299e-02,6.502608651980555654e-02,7.078986141155532708e-02,7.634324467884118226e-02,8.159691011402031569e-02,8.647660725042964625e-02,9.104917486952163186e-02,9.462924101725135595e-02,9.813720691623294134e-02,2.999999999999974909e-01
4.999999999999999237e-03,4.360047774995681052e-02,4.857624091374944386e-02,5.734349154095039897e-02,6.535553735680216247e-02,7.109582393770938480e-02,7.662931456188407098e-02,8.186651957740381791e-02,8.673235286199187932e-02,9.129262236346509518e-02,9.488473898966841291e-02,9.844506924988923047e-02,2.999999999999974909e-01
4.999999999999999237e-03,4.402800953420805963e-02,4.896680492193824369e-02,5.768024062592917722e-02,6.565827554755732098e-02,7.137711858103860940e-02,7.689244264282690811e-02,8.211463553166713225e-02,8.696776433532113493e-02,9.151675094078916273e-02,9.512085218006363641e-02,9.873344317111470980e-02,2.999999999999974909e-01
4.999999999999999237e-03,4.441992073062107915e-02,4.932529674658017727e-02,5.798990109282461947e-02,6.593689946796797707e-02,7.163614275552555866e-02,7.713484014100298325e-02,8.234328173096096271e-02,8.718476718324416619e-02,9.172339793727757318e-02,9.533925235499415840e-02,9.900395770753865621e-02,2.999999999999974909e-01
4.999999999999999237e-03,4.477980953220210558e-02,4.965488736827271959e-02,5.827507595923495098e-02,6.619369698548015213e-02,7.187499036358886706e-02,7.735844178917866687e-02,8.255426615009532620e-02,8.738506409961155352e-02,9.191417421013180211e-02,9.554165901291680751e-02,9.925827945728997459e-02,2.999999999999974909e-01
4.999999999999999237e-03,4.511080618726147351e-02,4.995834570427028914e-02,5.853804891255678933e-02,6.643067920026363149e-02,7.209550446713136607e-02,7.756496546294440464e-02,8.274919430095002693e-02,8.757015406408209801e-02,9.209050037555154000e-02,9.572956231590895593e-02,9.949785262988256052e-02,2.999999999999974909e-01
4.999999999999999237e-03,4.541562116721523795e-02,5.023807668111535812e-02,5.878081095290305091e-02,6.664960705223457738e-02,7.229936169073396257e-02,7.775594742675646931e-02,8.292946220547460501e-02,8.774135514402756075e-02,9.225361363231839029e-02,9.590434819302176561e-02,9.972428317932148512e-02,2.999999999999974909e-01
4.999999999999999237e-03,4.569678767483572462e-02,5.049633898328716175e-02,5.900524467672858125e-02,6.685214116259823036e-02,7.248802878238601310e-02,7.793277253533485716e-02,8.309640872099934017e-02,8.789992893670930951e-02,9.240472189620370369e-02,9.606701890811687738e-02,9.993829133082775262e-02,2.999999999999974909e-01
4.999999999999999237e-03,4.595630030504000568e-02,5.073491053227212333e-02,5.921283007101581924e-02,6.703958971849387216e-02,7.266270625623998114e-02,7.809655045105112769e-02,8.325109078068444746e-02,8.804687164545979550e-02,9.254474583141956978e-02,9.621851842419390510e-02,1.001408007853528126e-01,2.999999999999974909e-01
4.999999999999999237e-03,4.619592565310880194e-02,5.095537024816441246e-02,5.940488599525198948e-02,6.721312031817316957e-02,7.282447836034811051e-02,7.824828483324201833e-02,8.339442784484882298e-02,8.818305244926120945e-02,9.267451809021955145e-02,9.635971099232119863e-02,1.003326570795559369e-01,2.999999999999974909e-01
4.999999999999999237e-03,4.641787274358977894e-02,5.115972855296365557e-02,5.958311351933041899e-02,6.737422979934433453e-02,7.297472864159947059e-02,7.838926875320055554e-02,8.352763507607681437e-02,8.830962223997418370e-02,9.279513462104721500e-02,9.649170013277670599e-02,1.005149357597369675e-01,2.999999999999974909e-01
4.999999999999999237e-03,4.662302165024704431e-02,5.134877003936390294e-02,5.974815705863897181e-02,6.752348032911048570e-02,7.311397221544736758e-02,7.851997813815171645e-02,8.365115730231825752e-02,8.842701461921106953e-02,9.290700569287060895e-02,9.661495197961841863e-02,1.006880934041806813e-01,2.999999999999974909e-01
4.999999999999999237e-03,4.681308703700780283e-02,5.152404450001184244e-02,5.990133464754557324e-02,6.766205114122848807e-02,7.324329977156557314e-02,7.864142773974099054e-02,8.376594882020703403e-02,8.853612921882147990e-02,9.301098765062781881e-02,9.673036770331143452e-02,1.008530073282063733e-01,2.999999999999974909e-01
4.999999999999999237e-03,4.698991038471722614e-02,5.168722338754516005e-02,6.004407667304225565e-02,6.779122493850456288e-02,7.336389972321522013e-02,7.875472537388264471e-02,8.387305254531364496e-02,8.863795434934516881e-02,9.310802241176875660e-02,9.683888142668821419e-02,1.010105910238734556e-01,2.999999999999974909e-01
4.999999999999999237e-03,4.715344641994431013e-02,5.183824799949580259e-02,6.017631003163358833e-02,6.791092876082381602e-02,7.347569885926223676e-02,7.885979669156110983e-02,8.397239565200809164e-02,8.873241791063025963e-02,9.319803900641045191e-02,9.694044004936593073e-02,1.011608074633813664e-01,2.999999999999974909e-01
4.999999999999999237e-03,4.730519212301062537e-02,5.197847992426526259e-02,6.029920321921273391e-02,6.802221184892277839e-02,7.357967008425363165e-02,7.895754928901040082e-02,8.406483305552910068e-02,8.882033027626652644e-02,9.328181032499995029e-02,9.703579799829428754e-02,1.013043966578381916e-01,2.999999999999974909e-01
4.999999999999999237e-03,4.744679200976623795e-02,5.210942002424043956e-02,6.041405062822029215e-02,6.812623868872114130e-02,7.367689471771385334e-02,7.904899345699778479e-02,8.415131718961187113e-02,8.890259503194164470e-02,9.336019872419652754e-02,9.712579103221248567e-02,1.014421768182219435e-01,2.999999999999974909e-01
4.999999999999999237e-03,4.757842981706627422e-02,5.223122740287248350e-02,6.052097806462305996e-02,6.822311894624562278e-02,7.376747175597712924e-02,7.913421852062267614e-02,8.423193089419542257e-02,8.897928908757665734e-02,9.343327646883030357e-02,9.721049071602363978e-02,1.015742310959508732e-01,2.999999999999974909e-01
4.999999999999999237e-03,4.770083196682036591e-02,5.234456197918948422e-02,6.062055046424358329e-02,6.831335972647128996e-02,7.385187104349930087e-02,7.921366222316238159e-02,8.430708639695484730e-02,8.905080283910439543e-02,9.350141571048445344e-02,9.729005662302837865e-02,1.017007365067541247e-01,2.999999999999974909e-01
4.999999999999999237e-03,4.781470117693768784e-02,5.245006342332021732e-02,6.071331702348675002e-02,6.839745458575779979e-02,7.393055025644122702e-02,7.928775135412134689e-02,8.437718581403774731e-02,8.911751728609923484e-02,9.356497968350696581e-02,9.736505041063073240e-02,1.018222374509597516e-01,2.999999999999974909e-01
4.999999999999999237e-03,4.792024717622363900e-02,5.254791853363745269e-02,6.079943250510717184e-02,6.847554102263568587e-02,7.400363548340534170e-02,7.935660187796111931e-02,8.444233778366744270e-02,8.917953445790600953e-02,9.362406508825284190e-02,9.743556368071620843e-02,1.019388355497532483e-01,2.999999999999974909e-01
4.999999999999999237e-03,4.801851501626382135e-02,5.263908501425248326e-02,6.087972762066080207e-02,6.854837075925454548e-02,7.407182574645687634e-02,7.942086466544126533e-02,8.450315682083917035e-02,8.923743910885341413e-02,9.367923039650793982e-02,9.750213146952010912e-02,1.020510578054911049e-01,2.999999999999974909e-01
4.999999999999999237e-03,4.811007024625824774e-02,5.272407836938188680e-02,6.095464566650414528e-02,6.861634640322221423e-02,7.413549359985369125e-02,7.948088059339582234e-02,8.455996437252009945e-02,8.929153806746234490e-02,9.373076802151733555e-02,9.756503177296013685e-02,1.021591839532775686e-01,2.999999999999974909e-01
4.999999999999999237e-03,4.819567672520319590e-02,5.280360028495871549e-02,6.102479735846270265e-02,6.868001984573313123e-02,7.419515301922603723e-02,7.953713211197521726e-02,8.461321644491344440e-02,8.934226425566134389e-02,9.377909167402631585e-02,9.762465998486867524e-02,1.022636064757177637e-01,2.999999999999974909e-01
4.999999999999999237e-03,4.827539635481747915e-02,5.287770418132403671e-02,6.109022440005437704e-02,6.873942670855112680e-02,7.425083587326000711e-02,7.958964845240239228e-02,8.466294003438212812e-02,8.938964210757065210e-02,9.382422405830891099e-02,9.768103461880550675e-02,1.023643558278636845e-01,2.999999999999974909e-01
4.999999999999999237e-03,4.834944438050934462e-02,5.294658600084730521e-02,6.115109480004481818e-02,6.879471784363286324e-02,7.430268206690543442e-02,7.963856072670508213e-02,8.470925880114794915e-02,8.943378835741827571e-02,9.386627638277141028e-02,9.773426002506011012e-02,1.024615444797558200e-01,2.999999999999974909e-01
4.999999999999999237e-03,4.841864672034600081e-02,5.301100432584142375e-02,6.120806858720236748e-02,6.884648849962396455e-02,7.435124559364898744e-02,7.968438837837819866e-02,8.475266307090885409e-02,8.947516837592001115e-02,9.390569302361997939e-02,9.778476156933535446e-02,1.025555917226168567e-01,2.999999999999974909e-01
4.999999999999999237e-03,4.848289155821528668e-02,5.307085509036810200e-02,6.126105314374596239e-02,6.889465485285213575e-02,7.439644817711603408e-02,7.972705819996649124e-02,8.479308378992941875e-02,8.951371599612635566e-02,9.394241053644471207e-02,9.783249090927956249e-02,1.026464627141862318e-01,2.999999999999974909e-01
4.999999999999999237e-03,4.854298707276804431e-02,5.312688103530686240e-02,6.131069528605658653e-02,6.893980027503418540e-02,7.443883282311279659e-02,7.976707932355249497e-02,8.483100151876347972e-02,8.954988738620817124e-02,9.397686448418905714e-02,9.787798934994290656e-02,1.027346808085873031e-01,2.999999999999974909e-01
4.999999999999999237e-03,4.859897502341799236e-02,5.317912017689423176e-02,6.135702743476193627e-02,6.898195421768466007e-02,7.447842703049169233e-02,7.980447787066752285e-02,8.486644109355491461e-02,8.958370582609609389e-02,9.400907703036831542e-02,9.792126563827277530e-02,1.028202663966601565e-01,2.999999999999974909e-01
4.999999999999999237e-03,4.865100502827782863e-02,5.322770926483830906e-02,6.140016751239692205e-02,6.902122269031008006e-02,7.451532926487795805e-02,7.983934620907190416e-02,8.489948964679704113e-02,8.961525363751783602e-02,9.403912658593399643e-02,9.796238207177782042e-02,1.029032906596055730e-01,2.999999999999974909e-01
4.999999999999999237e-03,4.869962886974042032e-02,5.327315592883081347e-02,6.144055820836369364e-02,6.905800529961274303e-02,7.454991170091834762e-02,7.987203349421911902e-02,8.493047685660634616e-02,8.964484381679084513e-02,9.406731204489453269e-02,9.800161445735310062e-02,1.029840282966939941e-01,2.999999999999974909e-01
4.999999999999999237e-03,4.874492696527228663e-02,5.331553409732452814e-02,6.147826376104405244e-02,6.909236026875642533e-02,7.458222870151590134e-02,7.990259102486343967e-02,8.495945131537287198e-02,8.967252232670105960e-02,9.409367719767902649e-02,9.803899466265986185e-02,1.030625208912100826e-01,2.999999999999974909e-01
4.999999999999999237e-03,4.878696394905291528e-02,5.335490273882741163e-02,6.151333478838981461e-02,6.912433307600565624e-02,7.461232251472847687e-02,7.993105853530046989e-02,8.498645053013249850e-02,8.969832447917205909e-02,9.411825560240212607e-02,9.807454588860523015e-02,1.031388012099095086e-01,2.999999999999974909e-01
4.999999999999999237e-03,4.882612107710531529e-02,5.339161263296600402e-02,6.154607718471855060e-02,6.915419977525341655e-02,7.464045022357583548e-02,7.995767721248159265e-02,8.501170220299458791e-02,8.972246639374915900e-02,9.414125354176632043e-02,9.810845855519698122e-02,1.032130611232907197e-01,2.999999999999974909e-01
4.999999999999999237e-03,4.886273776491574516e-02,5.342597708321820960e-02,6.157676551050359631e-02,6.918220909685662834e-02,7.466684401549610051e-02,7.998266532928534345e-02,8.503541275777783126e-02,8.974514428890409401e-02,9.416285851821284969e-02,9.814090624400430285e-02,1.032854763035425671e-01,2.999999999999974909e-01
4.999999999999999237e-03,4.889682293423874837e-02,5.345800385624400325e-02,6.160540579956715057e-02,6.920836620277215356e-02,7.469150856019363127e-02,8.000602731008776836e-02,8.505758631625838506e-02,8.976636179491999379e-02,9.418307374688379696e-02,9.817188607308888204e-02,1.033560536883029735e-01,2.999999999999974909e-01
4.999999999999999237e-03,4.892841658323514309e-02,5.348772957563541208e-02,6.163202963821129421e-02,6.923269955352059912e-02,7.471447037183090445e-02,8.002778817577620163e-02,8.507824653996631792e-02,8.978614120412771460e-02,9.420192033997926151e-02,9.820141333000333150e-02,1.034248172490335738e-01,2.999999999999974909e-01
4.999999999999999237e-03,4.895783436597468674e-02,5.351544528206074458e-02,6.165689164217282026e-02,6.925543938401804156e-02,7.473594413924479485e-02,8.004814953785124865e-02,8.509758392052454989e-02,8.980466348035177904e-02,9.421957108509020073e-02,9.822964994403841910e-02,1.034919302877663205e-01,2.999999999999974909e-01
4.999999999999999237e-03,4.898517083657864812e-02,5.354123811307597014e-02,6.168006790014583102e-02,6.927665450616248000e-02,7.475599406018804127e-02,8.006717179740721613e-02,8.511565556455372161e-02,8.982198278002273550e-02,9.423607756937815716e-02,9.825664203406164754e-02,1.035574455551731415e-01,2.999999999999974909e-01
4.999999999999999237e-03,4.901072715797521323e-02,5.356538604493564504e-02,6.170180198763045715e-02,6.929656537994371979e-02,7.477482582182255755e-02,8.008504817693398725e-02,8.513264409064673355e-02,8.983827265925374561e-02,9.425160553246464401e-02,9.828254612990768024e-02,1.036215205699994035e-01,2.999999999999974909e-01
4.999999999999999237e-03,4.903447766342467623e-02,5.358786521357212368e-02,6.172207264932701859e-02,6.931515265881897647e-02,7.479242135779452794e-02,8.010176181185317545e-02,8.514853356947166274e-02,8.985351782381233166e-02,9.426614015488889164e-02,9.830734573472921234e-02,1.036841479364778440e-01,2.999999999999974909e-01
4.999999999999999237e-03,4.905653765812505868e-02,5.360878200428905588e-02,6.174097299661514965e-02,6.933250059652303066e-02,7.480885929320438277e-02,8.011738663673446947e-02,8.516339389822254191e-02,8.986778464091603469e-02,9.427974470714721444e-02,9.833109998423433806e-02,1.037453919217359438e-01,2.999999999999974909e-01
4.999999999999999237e-03,4.907694635969715030e-02,5.362817263242456584e-02,6.175853470989235011e-02,6.934863791229912977e-02,7.482416648903460199e-02,8.013194802335761591e-02,8.517724911306857882e-02,8.988109589184378745e-02,9.429244081364150654e-02,9.835382847862646216e-02,1.038052789647430085e-01,2.999999999999974909e-01
4.999999999999999237e-03,4.909587192586401666e-02,5.364619215700746485e-02,6.177489342944800926e-02,6.936368719666302640e-02,7.483845724050100512e-02,8.014555329965974972e-02,8.519020059634134501e-02,8.989354785407956128e-02,9.430432029901331115e-02,9.837561866728646021e-02,1.038638996529733932e-01,2.999999999999974909e-01
4.999999999999999237e-03,4.911341656191795663e-02,5.366293517688947717e-02,6.179013234933949938e-02,6.937772398286795594e-02,7.485180218037001953e-02,8.015826898981687210e-02,8.520231132647333727e-02,8.990520041462707335e-02,9.431544030416245949e-02,9.839652514089985980e-02,1.039213132091589414e-01,2.999999999999974909e-01
4.999999999999999237e-03,4.912968168099089011e-02,5.367849508831210731e-02,6.180433298627249772e-02,6.939082181274697225e-02,7.486426981307832407e-02,8.017015939274964309e-02,8.521364199837069831e-02,8.991611115291781031e-02,9.432585564880140161e-02,9.841660049703343516e-02,1.039775766068716939e-01,2.999999999999974909e-01
4.999999999999999237e-03,4.914482665529366218e-02,5.369301922720685905e-02,6.181762473091953480e-02,6.940309795385991853e-02,7.487596964863442450e-02,8.018132746253639476e-02,8.522428996467050488e-02,8.992637262713039370e-02,9.433565467921338488e-02,9.843595145465876273e-02,1.040327968964768063e-01,2.999999999999974909e-01
4.999999999999999237e-03,4.915883682862830922e-02,5.370649405417279865e-02,6.182999563644975272e-02,6.941454158529439256e-02,7.488689163282558070e-02,8.019176385985084254e-02,8.523424643528143552e-02,8.993597643069263514e-02,9.434482921984391202e-02,9.845463311554092378e-02,1.040870297974832298e-01,2.999999999999974909e-01
4.999999999999999237e-03,4.917171787463715110e-02,5.371892483501677917e-02,6.184145030575639856e-02,6.942515690725505062e-02,7.489703975143180426e-02,8.020147245840233974e-02,8.524351512608073500e-02,8.994492606342224805e-02,9.435338251744675164e-02,9.847264381746130557e-02,1.041402805331399367e-01,2.999999999999974909e-01
4.999999999999999237e-03,4.918364972970011573e-02,5.373047776836378797e-02,6.185213451276418140e-02,6.943507586718909719e-02,7.490653711624600808e-02,8.021056888086050551e-02,8.525220529029060856e-02,8.995332536659694789e-02,9.436141369088227315e-02,9.849007355839890787e-02,1.041926410693709698e-01,2.999999999999974909e-01
4.999999999999999237e-03,4.919461876078195378e-02,5.374114031374572359e-02,6.186203727299054850e-02,6.944428856396371585e-02,7.491537455980001869e-02,8.021904463377495242e-02,8.526030895734323933e-02,8.996116674937164326e-02,9.436891538907288268e-02,9.850691735492392298e-02,1.042441128493040575e-01,2.999999999999974909e-01
4.999999999999999237e-03,4.920472607386355834e-02,5.375100579813603396e-02,6.187124034844145026e-02,6.945286893624993962e-02,7.492362104758416852e-02,8.022696449162038113e-02,8.526788731949030975e-02,8.996850834129149765e-02,9.437594303453460121e-02,9.852329437359394482e-02,1.042948112880712902e-01,2.999999999999974909e-01
4.999999999999999237e-03,4.921402293950306178e-02,5.376012171063499628e-02,6.187978553873432069e-02,6.946085493247117215e-02,7.493131207795609983e-02,8.023436189821887832e-02,8.527497203894374156e-02,8.997538025535621597e-02,9.438252534286667439e-02,9.853922395005590418e-02,1.043447610517808516e-01,2.999999999999974909e-01
4.999999999999999237e-03,4.922257355035134646e-02,5.376854737581075738e-02,6.188772489692220130e-02,6.946829367959886370e-02,7.493849164937750607e-02,8.024127822041013380e-02,8.528160221956464226e-02,8.998181964938965771e-02,9.438869773313873779e-02,9.855473162893660377e-02,1.043939925783115980e-01,2.999999999999974909e-01
4.999999999999999237e-03,4.923041467088910828e-02,5.377631674498691006e-02,6.189508816702951610e-02,6.947521207664493492e-02,7.494518487533620432e-02,8.024773708586593890e-02,8.528780019928600131e-02,8.998784773961544803e-02,9.439448038675785080e-02,9.856982913777925792e-02,1.044425230287089612e-01,2.999999999999974909e-01
4.999999999999999237e-03,4.923758596526675579e-02,5.378346649216383252e-02,6.190190754320723521e-02,6.948163928244495413e-02,7.495141899975815702e-02,8.025376413724943925e-02,8.529359023344980362e-02,8.999348757964480139e-02,9.439989525016138916e-02,9.858453065667145687e-02,1.044903716932598786e-01,2.999999999999974909e-01
4.999999999999999237e-03,4.924412765369114847e-02,5.379003385145536553e-02,6.190821577407826931e-02,6.948760500067860391e-02,7.495722179729502610e-02,8.025938553042713530e-02,8.529899707547450305e-02,8.999876271016159224e-02,9.440496474391589510e-02,9.859885151655065072e-02,1.045375587671712042e-01,2.999999999999974909e-01
4.999999999999999237e-03,4.925010587335346135e-02,5.379607993645859482e-02,6.191406647690379100e-02,6.949315775307417231e-02,7.496263854627828460e-02,8.026464380161031642e-02,8.530406091239152444e-02,9.000371131385152823e-02,9.440972525066053389e-02,9.861282103821025768e-02,1.045841174435158810e-01,2.999999999999974909e-01
4.999999999999999237e-03,4.925553019224614831e-02,5.380161360931079439e-02,6.191946743590438090e-02,6.949830459492456480e-02,7.496767587000027766e-02,8.026954523244765605e-02,8.530878771113274694e-02,9.000833906966761166e-02,9.441418212055896486e-02,9.862643938597903670e-02,1.046300532362439972e-01,2.999999999999974909e-01
4.999999999999999237e-03,4.926043525889402253e-02,5.380666693856436117e-02,6.192444684794384813e-02,6.950307108933280464e-02,7.497235766628880527e-02,8.027411232120960916e-02,8.531319875885740034e-02,9.001266622246523186e-02,9.441835462098678577e-02,9.863972060406932252e-02,1.046753845914319275e-01,2.999999999999974909e-01
4.999999999999999237e-03,4.926485395387271427e-02,5.381127036908935762e-02,6.192903149739363566e-02,6.950748152704726290e-02,7.497670664769282012e-02,8.027836645227813539e-02,8.531731429008565515e-02,9.001671201803412847e-02,9.442226106533899155e-02,9.865267830849568098e-02,1.047201293879459066e-01,2.999999999999974909e-01
4.999999999999999237e-03,4.926881686524674925e-02,5.381545212159488667e-02,6.193324607899512724e-02,6.951155820577263611e-02,7.498074361076510763e-02,8.028232716482333609e-02,8.532115276060858733e-02,9.002049398565142857e-02,9.442591810673299502e-02,9.866533740151117726e-02,1.047643152869045524e-01,2.999999999999974909e-01
4.999999999999999237e-03,4.927235770107581125e-02,5.381924338426368609e-02,6.193711800290412767e-02,6.951532595906881329e-02,7.498449175754591522e-02,8.028601628417286751e-02,8.532473480813659861e-02,9.002403174744916248e-02,9.442934441521887157e-02,9.867775642709046557e-02,1.048079998206898761e-01,2.999999999999974909e-01
4.999999999999999237e-03,4.927550130342691487e-02,5.382266717243870680e-02,6.194066753302323453e-02,6.951880317100204987e-02,7.498796828606907328e-02,8.028945000974473112e-02,8.532807576527859372e-02,9.002733989220702837e-02,9.443255387116369914e-02,9.868994261148920921e-02,1.048511945861186484e-01,2.999999999999974909e-01
4.999999999999999237e-03,4.927828893735435034e-02,5.382576161139011189e-02,6.194392810460176702e-02,6.952202007520176530e-02,7.499120139688332520e-02,8.029265481937290783e-02,8.533120063225549390e-02,9.003044216466116190e-02,9.443556907181674398e-02,9.870191151101405380e-02,1.048939189221298335e-01,2.999999999999974909e-01
4.999999999999999237e-03,4.928072564328091210e-02,5.382853138678975191e-02,6.194690385777625041e-02,6.952498043732212307e-02,7.499419464563401860e-02,8.029563410516632471e-02,8.533411264715239086e-02,9.003334166570169106e-02,9.443839293065364737e-02,9.871366040551952936e-02,1.049361748587684662e-01,2.999999999999974909e-01
4.999999999999999237e-03,4.928283269105644682e-02,5.383099620340473651e-02,6.194961214140043415e-02,6.952769999367465481e-02,7.499696275344906737e-02,8.029840173212135501e-02,8.533682493229283184e-02,9.003605088330400574e-02,9.444103731980285632e-02,9.872519566056027485e-02,1.049779728270007345e-01,2.999999999999974909e-01
4.999999999999999237e-03,4.928463135838573317e-02,5.383317572865192746e-02,6.195207021285563387e-02,6.953019435371787793e-02,7.499952029723365443e-02,8.030097140765148078e-02,8.533935044406003312e-02,9.003858213536916621e-02,9.444351393885989931e-02,9.873652393721647769e-02,1.050193233910555884e-01,2.999999999999974909e-01
4.999999999999999237e-03,4.928614065115537179e-02,5.383508756323789751e-02,6.195429355875105987e-02,6.953247755480786163e-02,7.500188040400877776e-02,8.030335549045293508e-02,8.534170087505099644e-02,9.004094654756551741e-02,9.444583335573726590e-02,9.874765125301222801e-02,1.050602363872253781e-01,2.999999999999974909e-01
4.999999999999999237e-03,4.928737441848139722e-02,5.383674453796587905e-02,6.195629347613118565e-02,6.953455984171377779e-02,7.500405266560079831e-02,8.030556302440462757e-02,8.534388479151952533e-02,9.004315227988543557e-02,9.444800331155150941e-02,9.875858132558018587e-02,1.051007193738751483e-01,2.999999999999974909e-01
4.999999999999999237e-03,4.928835934525029744e-02,5.383817131506880849e-02,6.195809159959395768e-02,6.953646077396259673e-02,7.500605532734498648e-02,8.030761113897048886e-02,8.534591836360251593e-02,9.004521469021718738e-02,9.445003839647379829e-02,9.876932477421403178e-02,1.051407862416350592e-01,2.999999999999974909e-01
4.999999999999999237e-03,4.928910719006968089e-02,5.383937875812737361e-02,6.195969745426774949e-02,6.953818895863488059e-02,7.500789643360990244e-02,8.030950740793622866e-02,8.534780875635360198e-02,9.004714059899886214e-02,9.445194506711634963e-02,9.877988479349042450e-02,1.051804438199648861e-01,2.999999999999974909e-01
4.999999999999999237e-03,4.928963775420232979e-02,5.384038519390935834e-02,6.196112714930318566e-02,6.953975897968243947e-02,7.500958960385165075e-02,8.031126463067270183e-02,8.534956806085178260e-02,9.004894149780974522e-02,9.445373423077879638e-02,9.879026914216217092e-02,1.052197030949608703e-01,2.999999999999974909e-01
4.999999999999999237e-03,4.928995850359244035e-02,5.384119754993266921e-02,6.196238679796981647e-02,6.954117638802349843e-02,7.501114005054143608e-02,8.031288773781379564e-02,8.535120095914985883e-02,9.005062185992010471e-02,9.445541011466260239e-02,9.880047949866162249e-02,1.052585692710189674e-01,2.999999999999974909e-01
4.999999999999999237e-03,4.929008427494482175e-02,5.384182954853541231e-02,6.196348845036384057e-02,6.954245208314968618e-02,7.501255795334797749e-02,8.031438629910374327e-02,8.535271649368618430e-02,9.005219028357924760e-02,9.445698086917812819e-02,9.881052154949798716e-02,1.052970511898629613e-01,2.999999999999974909e-01
4.999999999999999237e-03,4.929002668744697502e-02,5.384229195039520049e-02,6.196444157398495189e-02,6.954359464024645332e-02,7.501385133268460847e-02,8.031576786528249468e-02,8.535412180718120190e-02,9.005365356848990532e-02,9.445845293409775578e-02,9.882039959815262786e-02,1.053351563057724344e-01,2.999999999999974909e-01
4.999999999999999237e-03,4.928979711329060931e-02,5.384259527875998042e-02,6.196525541616603600e-02,6.954461242640892771e-02,7.501502800929792103e-02,8.031703979454729581e-02,8.535542385671568422e-02,9.005501833538376300e-02,9.445983257737021466e-02,9.883011801114682804e-02,1.053728920367406202e-01,2.999999999999974909e-01
4.999999999999999237e-03,4.928941557863762007e-02,5.384275801944055778e-02,6.196594615543497830e-02,6.954552002993399928e-02,7.501610156433773102e-02,8.031821480830356186e-02,8.535663462439151139e-02,9.005629594379467584e-02,9.446113055983304529e-02,9.883968563102793481e-02,1.054102698586277809e-01,2.999999999999974909e-01
4.999999999999999237e-03,4.928888177391057418e-02,5.384277993167099069e-02,6.196651364429082293e-02,6.954631736204790193e-02,7.501707196920853749e-02,8.031929293507911183e-02,8.535775418102968526e-02,9.005748650494391216e-02,9.446234696715523349e-02,9.884910134736116238e-02,1.054472919253174601e-01,2.999999999999974909e-01
4.999999999999999237e-03,4.928820576401336806e-02,5.384267032557813609e-02,6.196696605915914813e-02,6.954701181540676180e-02,7.501794613100784548e-02,8.032028066987224879e-02,8.535878866448222413e-02,9.005859585872301454e-02,9.446348732324055808e-02,9.885836939886646912e-02,1.054839652726706350e-01,2.999999999999974909e-01
4.999999999999999237e-03,4.928739631786504399e-02,5.384243732345810052e-02,6.196731054670272243e-02,6.954760985981053856e-02,7.501873010094543825e-02,8.032118370799221085e-02,8.535974346047539574e-02,9.005962913306989059e-02,9.446455647563033187e-02,9.886749354529140998e-02,1.055202964106424363e-01,2.999999999999974909e-01
4.999999999999999237e-03,4.928646174373406408e-02,5.384208861359870979e-02,6.196755386241631358e-02,6.954811760385502806e-02,7.501942958928098371e-02,8.032200742136774707e-02,8.536062364709551264e-02,9.006059116228642969e-02,9.446555899192855821e-02,9.887647742994723488e-02,1.055562916627425379e-01,2.999999999999974909e-01
4.999999999999999237e-03,4.928541001119216003e-02,5.384163158002851224e-02,6.196770250476652669e-02,6.954854092955060907e-02,7.502005009663455237e-02,8.032275698525216667e-02,8.536143411616588239e-02,9.006148660279464369e-02,9.446649760584822919e-02,9.888532329777953434e-02,1.055919574611964701e-01,2.999999999999974909e-01
4.999999999999999237e-03,4.928424833902129293e-02,5.384107288530649849e-02,6.196776230652910333e-02,6.954888509546862385e-02,7.502059653309989251e-02,8.032343701526165058e-02,8.536217922876160324e-02,9.006231960636136569e-02,9.446737937007491925e-02,9.889403750015682282e-02,1.056273003938068694e-01,2.999999999999974909e-01
4.999999999999999237e-03,4.928298416062697196e-02,5.384041941511998053e-02,6.196773932450958672e-02,6.954915558008331611e-02,7.502107401926821906e-02,8.032405232584612087e-02,8.536286353260928716e-02,9.006309450015601015e-02,9.446820832856979433e-02,9.890262364042026744e-02,1.056623265347839818e-01,2.999999999999974909e-01
4.999999999999999237e-03,4.928162473394474136e-02,5.383967787706706726e-02,6.196763943874970121e-02,6.954935768722567135e-02,7.502148750453241366e-02,8.032460756401668678e-02,8.536349141233828819e-02,9.006381545284099233e-02,9.446898835989436805e-02,9.891108526611093466e-02,1.056970418428026803e-01,2.999999999999974909e-01
4.999999999999999237e-03,4.928017698367345711e-02,5.383885467524821000e-02,6.196746826726223789e-02,6.954949648552716246e-02,7.502184171839419713e-02,8.032510716879900925e-02,8.536406705423957297e-02,9.006448644251005553e-02,9.446972316098142808e-02,9.891942584007278050e-02,1.057314521291469467e-01,2.999999999999974909e-01
4.999999999999999237e-03,4.927864400447497240e-02,5.383795269795804000e-02,6.196722838186292937e-02,6.954957432207907464e-02,7.502213887911131363e-02,8.032555324907722505e-02,8.536459246951384749e-02,9.006510940417900013e-02,9.447041450285814657e-02,9.892764709026730108e-02,1.057655615555989637e-01,2.999999999999974909e-01
4.999999999999999237e-03,4.927703153746152559e-02,5.383697724838077542e-02,6.196692442865869843e-02,6.954959538451450929e-02,7.502238289593729514e-02,8.032594947678337038e-02,8.536507112411971521e-02,9.006568763627459395e-02,9.447106544429954844e-02,9.893575203599325185e-02,1.057993754083616511e-01,2.999999999999974909e-01
4.999999999999999237e-03,4.927534465733431762e-02,5.383593302535313180e-02,6.196656053754818344e-02,6.954956340298303064e-02,7.502257725595090632e-02,8.032629913057748317e-02,8.536550611461524163e-02,9.006622408741873920e-02,9.447167871336271949e-02,9.894374345079094690e-02,1.058328986861132998e-01,2.999999999999974909e-01
4.999999999999999237e-03,4.927358808524779504e-02,5.383482439783910528e-02,6.196614054532725152e-02,6.954948184016711277e-02,7.502272519564416597e-02,8.032660525312562694e-02,8.536590031440735582e-02,9.006672149422971507e-02,9.447225800209525792e-02,9.895159365508507388e-02,1.058661086171247823e-01,2.999999999999974909e-01
4.999999999999999237e-03,4.927176634253317006e-02,5.383365555244559730e-02,6.196566813058409368e-02,6.954935401600960410e-02,7.502282981737885825e-02,8.032687075955374789e-02,8.536625647464091138e-02,9.006718247549348744e-02,9.447280635352478528e-02,9.895934118603035012e-02,1.058990408476516848e-01,2.999999999999974909e-01
4.999999999999999237e-03,4.926988553106342872e-02,5.383243210388678063e-02,6.196514817866950048e-02,6.954918430557724407e-02,7.502289518296713366e-02,8.032709944307021843e-02,8.536657815616917333e-02,9.006761040254795958e-02,9.447332684650600054e-02,9.896698935184904122e-02,1.059317007406886391e-01,2.999999999999974909e-01
4.999999999999999237e-03,4.926794813951290708e-02,5.383115637724381064e-02,6.196458275941756771e-02,6.954897459334256904e-02,7.502292306942193179e-02,8.032729298710226951e-02,8.536686695812290004e-02,9.006800680965754147e-02,9.447382081929305009e-02,9.897453979953899084e-02,1.059640921035368138e-01,2.999999999999974909e-01
4.999999999999999237e-03,4.926595634566834775e-02,5.382983040008026965e-02,6.196397367321989508e-02,6.954872651769876402e-02,7.502291502657904010e-02,8.032745286633112547e-02,8.536712428853644730e-02,9.006837305636211655e-02,9.447428945470275063e-02,9.898199407537730532e-02,1.059962186152043906e-01,2.999999999999974909e-01
4.999999999999999237e-03,4.926391351817082515e-02,5.382845729160398024e-02,6.196332366093238592e-02,6.954844255082368032e-02,7.502287336690061093e-02,8.032758125553733641e-02,8.536735220131352886e-02,9.006871110117375956e-02,9.447473449735036000e-02,9.898935428399446845e-02,1.060280844047723492e-01,2.999999999999974909e-01
4.999999999999999237e-03,4.926182387936900442e-02,5.382704094918747822e-02,6.196263612592287778e-02,6.954812574486904375e-02,7.502280092742938389e-02,8.032768080506955122e-02,8.536755318321950781e-02,9.006902329837039589e-02,9.447515805872641614e-02,9.899662289755614686e-02,1.060596938732095706e-01,2.999999999999974909e-01
4.999999999999999237e-03,4.925968926440137813e-02,5.382558307923399760e-02,6.196191258206294045e-02,6.954777747661490539e-02,7.502269901278557640e-02,8.032775275873328680e-02,8.536772842448052401e-02,9.006931080109067955e-02,9.447556113707999970e-02,9.900380138572698052e-02,1.060910504922178144e-01,2.999999999999974909e-01
4.999999999999999237e-03,4.925751272232540418e-02,5.382408650427569774e-02,6.196115550581972331e-02,6.954739997449604916e-02,7.502256970300630323e-02,8.032779906745625420e-02,8.536787976211011875e-02,9.006957535622425737e-02,9.447594528088729127e-02,9.901089174836812112e-02,1.061221581489696086e-01,2.999999999999974909e-01
4.999999999999999237e-03,4.925529697130345830e-02,5.382255373878452182e-02,6.196036710184282814e-02,6.954699522112858801e-02,7.502241484997811127e-02,8.032782146972256010e-02,8.536800883467444978e-02,9.006981852445956893e-02,9.447631186692836969e-02,9.901789584764468521e-02,1.061530205649792169e-01,2.999999999999974909e-01
4.999999999999999237e-03,4.925304451020331292e-02,5.382098709478209259e-02,6.195954939761982860e-02,6.954656503942208134e-02,7.502223615694823822e-02,8.032782156480469671e-02,8.536811714965875098e-02,9.007004174225727300e-02,9.447666215719151273e-02,9.902481881500391214e-02,1.061836442617010157e-01,2.999999999999974909e-01
4.999999999999999237e-03,4.925075788537728455e-02,5.381938892377418487e-02,6.195870444848634861e-02,6.954611127182371011e-02,7.502203534115597927e-02,8.032780096106316436e-02,8.536820621948666699e-02,9.007024644739580754e-02,9.447699741683152075e-02,9.903167178237744228e-02,1.062140409390849582e-01,2.999999999999974909e-01
4.999999999999999237e-03,4.924843898671221049e-02,5.381776098030157524e-02,6.195783380060658485e-02,6.954563531232361984e-02,7.502181370993817044e-02,8.032776088990045693e-02,8.536827720771111849e-02,9.007043375250536887e-02,9.447731861397729025e-02,9.903845576145900442e-02,1.062442134367277413e-01,2.999999999999974909e-01
4.999999999999999237e-03,4.924608977224882722e-02,5.381610507666323429e-02,6.195693904411474912e-02,6.954513858997964093e-02,7.502157260052444432e-02,8.032770260850406741e-02,8.536833130055491992e-02,9.007060479042457157e-02,9.447762673785116416e-02,9.904519455484050994e-02,1.062741843910985362e-01,2.999999999999974909e-01
4.999999999999999237e-03,4.924371278100891924e-02,5.381442355041931441e-02,6.195602220809733746e-02,6.954462291006953401e-02,7.502131368377042142e-02,8.032762766962699141e-02,8.536836994626467723e-02,9.007076092653866495e-02,9.447792299699220298e-02,9.905189002874018045e-02,1.063039572920492226e-01,2.999999999999974909e-01
4.999999999999999237e-03,4.924130873768491762e-02,5.381271709023063149e-02,6.195508392615372423e-02,6.954408886402874135e-02,7.502103753760334948e-02,8.032753663984330827e-02,8.536839370041650332e-02,9.007090271484874400e-02,9.447820786298988249e-02,9.905854161168370364e-02,1.063335335211903071e-01,2.999999999999974909e-01
4.999999999999999237e-03,4.923887940549383224e-02,5.381098732732458867e-02,6.195412562661103961e-02,6.954353773144431039e-02,7.502074535629900398e-02,8.032743063829193841e-02,8.536840361509863417e-02,9.007103115679329641e-02,9.447848221292796944e-02,9.906514916239041180e-02,1.063629147852668683e-01,2.999999999999974909e-01
4.999999999999999237e-03,4.923642651794403469e-02,5.380923586239028111e-02,6.195314870648670896e-02,6.954297076004306577e-02,7.502043830193440288e-02,8.032731075164811774e-02,8.536840070982656958e-02,9.007114722112434524e-02,9.447874689271108795e-02,9.907171259148629672e-02,1.063921027992000279e-01,2.999999999999974909e-01
4.999999999999999237e-03,4.923395141397540059e-02,5.380746393777208203e-02,6.195215425874591592e-02,6.954238893170418268e-02,7.502011729537845508e-02,8.032717784672617489e-02,8.536838580269838495e-02,9.007125169091548256e-02,9.447900257788494072e-02,9.907823173090164748e-02,1.064210991767074593e-01,2.999999999999974909e-01
4.999999999999999237e-03,4.923145545140426155e-02,5.380567281045678385e-02,6.195114338516464342e-02,6.954179323315050343e-02,7.501978325978370110e-02,8.032703278828853821e-02,8.536835970829069475e-02,9.007134534597092956e-02,9.447924994104311969e-02,9.908470648237108214e-02,1.064499055591179855e-01,2.999999999999974909e-01
4.999999999999999237e-03,4.922893991269824271e-02,5.380386366755487287e-02,6.195011712561266509e-02,6.954118459454744494e-02,7.501943706488024832e-02,8.032687639482180564e-02,8.536832319653636647e-02,9.007142891920832950e-02,9.447948961091798270e-02,9.909113677394437714e-02,1.064785235763483912e-01,2.999999999999974909e-01
4.999999999999999237e-03,4.922640599941834755e-02,5.380203762124526751e-02,6.194907645397884632e-02,6.954056388627000151e-02,7.501907952441470850e-02,8.032670942966115002e-02,8.536827698525711883e-02,9.007150309587576287e-02,9.447972217215126756e-02,9.909753167953232189e-02,1.065069627501286087e-01,2.999999999999974909e-01
4.999999999999999237e-03,4.922385541205396425e-02,5.380019622826622688e-02,6.194802270458206472e-02,6.953993227733848426e-02,7.501871170896620700e-02,8.032653287554031296e-02,8.536822197857125982e-02,9.007156871833199574e-02,9.447994834571914191e-02,9.910390202039752461e-02,1.065352340563647249e-01,2.999999999999974909e-01
4.999999999999999237e-03,4.922128856119721563e-02,5.379833988564591135e-02,6.194695625240969478e-02,6.953929012315733516e-02,7.501833397290133543e-02,8.032634708554907410e-02,8.536815852726696574e-02,9.007162614233449327e-02,9.448016843108165974e-02,9.911024681485569587e-02,1.065633382582324845e-01,2.999999999999974909e-01
4.999999999999999237e-03,4.921870642266008150e-02,5.379646949720925247e-02,6.194587788907179177e-02,6.953863812997554406e-02,7.501794697701899550e-02,8.032615267959170025e-02,8.536808721396654809e-02,9.007167592467175965e-02,9.448038290230209579e-02,9.911656519997903703e-02,1.065912761849744372e-01,2.999999999999974909e-01
4.999999999999999237e-03,4.921610994546123802e-02,5.379458594042747094e-02,6.194478837884587891e-02,6.953797697475927464e-02,7.501755135052187717e-02,8.032595024335750789e-02,8.536800858436743855e-02,9.007171858240660411e-02,9.448059219187636415e-02,9.912285635530974914e-02,1.066190486647966285e-01,2.999999999999974909e-01
4.999999999999999237e-03,4.921349995270833666e-02,5.379268997891491211e-02,6.194368839668823457e-02,6.953730726692131103e-02,7.501714767243014559e-02,8.032574032959932664e-02,8.536792316792024549e-02,9.007175463203771770e-02,9.448079674753567803e-02,9.912911957457817835e-02,1.066466566284089423e-01,2.999999999999974909e-01
4.999999999999999237e-03,4.921087718793859533e-02,5.379078230331749144e-02,6.194257854565416582e-02,6.953662953870065611e-02,7.501673643632328359e-02,8.032552339544087039e-02,8.536783138722402187e-02,9.007178447150222811e-02,9.448099688760810966e-02,9.913535408822730932e-02,1.066741008842827243e-01,2.999999999999974909e-01
4.999999999999999237e-03,4.920824241678375954e-02,5.378886362260271864e-02,6.194145944699178813e-02,6.953594434409081371e-02,7.501631816258970409e-02,8.032529993102206778e-02,8.536773370478105416e-02,9.007180854568418160e-02,9.448119298549331746e-02,9.914155926388669438e-02,1.067013823567426190e-01,2.999999999999974909e-01
4.999999999999999237e-03,4.920559639475854258e-02,5.378693463439736255e-02,6.194033170715326775e-02,6.953525221858292138e-02,7.501589334966664302e-02,8.032507040092107253e-02,8.536763055394441801e-02,9.007182726674860251e-02,9.448138537944315851e-02,9.914773450078886996e-02,1.067285019615452218e-01,2.999999999999974909e-01
4.999999999999999237e-03,4.920293989882067176e-02,5.378499605203646700e-02,6.193919593812682173e-02,6.953455369463226732e-02,7.501546248638163439e-02,8.032483525377132061e-02,8.536752234617649149e-02,9.007184101937106002e-02,9.448157437602246189e-02,9.915387922734679449e-02,1.067554606016652419e-01,2.999999999999974909e-01
4.999999999999999237e-03,4.920027332924925556e-02,5.378304825713785264e-02,6.193805249279395186e-02,6.953384910139444319e-02,7.501502589713508751e-02,8.032459480950879249e-02,8.536740939671540185e-02,9.007185012112219058e-02,9.448176024223996217e-02,9.915999292277921651e-02,1.067822592426151962e-01,2.999999999999974909e-01
4.999999999999999237e-03,4.919759730280006543e-02,5.378109181929405930e-02,6.193690186495124511e-02,6.953313887201906240e-02,7.501458398384430737e-02,8.032434944092613216e-02,8.536729205102901175e-02,9.007185489916856580e-02,9.448194323682752860e-02,9.916607509764550910e-02,1.068088988187393673e-01,2.999999999999974909e-01
4.999999999999999237e-03,4.919491237806375428e-02,5.377912725535716199e-02,6.193574450472145998e-02,6.953242340307873304e-02,7.501413711681055585e-02,8.032409949383030601e-02,8.536717063188765942e-02,9.007185566180016256e-02,9.448212360421071043e-02,9.917212530798401315e-02,1.068353802858899582e-01,2.999999999999974909e-01
4.999999999999999237e-03,4.919221907298491209e-02,5.377715504472028313e-02,6.193458082959921868e-02,6.953170306195699535e-02,7.501368563925066291e-02,8.032384528876940211e-02,8.536704543839813975e-02,9.007185269493038493e-02,9.448230156861775475e-02,9.917814314376016682e-02,1.068617046065313686e-01,2.999999999999974909e-01
4.999999999999999237e-03,4.918951786850370850e-02,5.377517563266400596e-02,6.193341122734542792e-02,6.953097818942370612e-02,7.501322986966496575e-02,8.032358712322104632e-02,8.536691674803642549e-02,9.007184626399601657e-02,9.448247733586444264e-02,9.918412822762187608e-02,1.068878727492098973e-01,2.999999999999974909e-01
