# particle radii (um) per size_bin (including water contribution to size), with size bins represented by columns and their number (starting from 1) given in second line of header, per time step which is represented by rows and corresponding times given in the time output file 
# 
6.016570103157982755e-03,8.463076219327797176e-03,1.190440032545416610e-02,1.674506331220650818e-02,2.355407560767718705e-02,3.313182323579211969e-02,4.660415162164061043e-02,6.555470651028118267e-02,9.221108841414027424e-02,1.297067026787291910e-01,1.824490851276882042e-01,2.566379992434215662e-01
6.016570103157982755e-03,8.463076219327797176e-03,1.190440032545416610e-02,1.674506331220650818e-02,2.355407560767718705e-02,3.313182323579211969e-02,4.660415162164061043e-02,6.555470651028118267e-02,9.221108841414027424e-02,1.297067026787291910e-01,1.824490851276882042e-01,2.566379992434215662e-01
6.016570103157982755e-03,8.463076219327797176e-03,1.190440032545416610e-02,1.674506331220650818e-02,2.355407560767718705e-02,3.313182323579211969e-02,4.660415162164061043e-02,6.555470651028118267e-02,9.221108841414027424e-02,1.297067026787291910e-01,1.824490851276882042e-01,2.566379992434215662e-01
7.273541488250415479e-03,1.725237864820333006e-02,2.803469595171961121e-02,3.779547201748549579e-02,4.618017916739997758e-02,5.348027816234807164e-02,6.010901549745220618e-02,6.204407165356082970e-02,6.658339227955110962e-02,6.733717942036020199e-02,6.921076264702173686e-02,7.427280260469606987e-02
2.000000000000000475e-03,9.789931712715183726e-03,3.039600981724410039e-02,3.993480874462963792e-02,4.834170464464897926e-02,5.593185949828786974e-02,6.264547383256460766e-02,6.865681672124146484e-02,7.423953484174070083e-02,7.625076349098450224e-02,7.980414517069281399e-02,8.670546946289622858e-02
2.000000000000000909e-03,6.620719989122244784e-03,1.763645157842383404e-02,3.661122182519228191e-02,4.526244876944177098e-02,5.302867317840574690e-02,6.014193523618037440e-02,6.650043170460212538e-02,7.223819156912407446e-02,7.759370733013043475e-02,7.975996084023323496e-02,8.314277826677980709e-02
6.070400765804440796e-03,1.290404787687633899e-02,2.389188471127480506e-02,4.107430349268989533e-02,4.912645492439222938e-02,5.646345773111085403e-02,6.325363272764780720e-02,6.936840119367998492e-02,7.491487458271627042e-02,8.011071337060247932e-02,8.234045276905559152e-02,8.561646803291068919e-02
1.150019007314949902e-02,1.870168289786330526e-02,2.870216747296559096e-02,4.455778932289951311e-02,5.218016210434679031e-02,5.920209789137696743e-02,6.575071045706522288e-02,7.168073220594264883e-02,7.708089361222594804e-02,8.215287207876627307e-02,8.435784595188043633e-02,8.764989836871837914e-02
1.671898796093054806e-02,2.336019854050899042e-02,3.249502586571828555e-02,4.737910335390552868e-02,5.467802424067937095e-02,6.145808265136150361e-02,6.781780213690877246e-02,7.360190561959784050e-02,7.888558694040964658e-02,8.385745923762868981e-02,8.602865751733057564e-02,8.936970578807562626e-02
2.102598224237450450e-02,2.709789958567955168e-02,3.557692421697360163e-02,4.972636417380790069e-02,5.677252119742959985e-02,6.336039761571603257e-02,6.956812756579493218e-02,7.523281081886565302e-02,8.042116868957525921e-02,8.530997666192319251e-02,8.748925768841202266e-02,9.085581302981945995e-02
2.453817081131014557e-02,3.016059148375722226e-02,3.814273368413984705e-02,5.171817459927583599e-02,5.856112968178189132e-02,6.499225726745466725e-02,7.107460862956271885e-02,7.663985738997006192e-02,8.174815437554522335e-02,8.656698285107709834e-02,8.878213958493977320e-02,9.215862354734445649e-02
2.744660760175403336e-02,3.272289784724920214e-02,4.031960855378800834e-02,5.343404621673942395e-02,6.011022097432638239e-02,6.641058808019648096e-02,7.238758259266427075e-02,7.786883250835410775e-02,8.290880058490164572e-02,8.766764580197307366e-02,8.992341218674279602e-02,9.331434299130599019e-02
2.989791234368560646e-02,3.490376504017268094e-02,4.219396897799615465e-02,5.493017636289749400e-02,6.146667208260676862e-02,6.765597887416752165e-02,7.354339559699828166e-02,7.895269189673313759e-02,8.393379672805705016e-02,8.864050326907094157e-02,9.093169094105239825e-02,9.434919237463063046e-02
3.199587318882354120e-02,3.678594414374813937e-02,4.382700630632446054e-02,5.624730259860938331e-02,6.266519904319656220e-02,6.875906976845214125e-02,7.456899056880207655e-02,7.991593943737192174e-02,8.484602187890052938e-02,8.950693605466603087e-02,9.182990343821263723e-02,9.528296912218899017e-02
3.381441085012826253e-02,3.842882170785718449e-02,4.526357688755697217e-02,5.741610208280050615e-02,6.373211902266909257e-02,6.974314277600325573e-02,7.548510915452341652e-02,8.077769581151210410e-02,8.566310545253570663e-02,9.028344239742419619e-02,9.263969590432380441e-02,9.613185849577808584e-02
3.540752682758895736e-02,3.987639178068738688e-02,4.653760522636328500e-02,5.846034097099962745e-02,6.468790837159719975e-02,7.062640302007087978e-02,7.630849674228737389e-02,8.155288027480904478e-02,8.639887669384922753e-02,9.098327254689714261e-02,9.337645301943682530e-02,9.690717794782584271e-02
3.681545004831165285e-02,4.116189148476066123e-02,4.767518322609741455e-02,5.939865448233498657e-02,6.554873406265454561e-02,7.142327189623529082e-02,7.705236638267558280e-02,8.225379247566712293e-02,8.706444097552219763e-02,9.161692774940394246e-02,9.404856036133775465e-02,9.761857049335888326e-02
3.806901145682787396e-02,4.231113986729960474e-02,4.869691178252365249e-02,6.024609647607506724e-02,6.632771104281878771e-02,7.214542949514149428e-02,7.772736560611448464e-02,8.289026821349913809e-02,8.766920186507852486e-02,9.219304682649487326e-02,9.465835549028013551e-02,9.827409126044833743e-02
3.919217208794090190e-02,4.334443723075614291e-02,4.961921097484009446e-02,6.101484590042756395e-02,6.703549200617571480e-02,7.280242947335772985e-02,7.834220189890062080e-02,8.347036422807510569e-02,8.822076000542038166e-02,9.271880037000032604e-02,9.521508936522254940e-02,9.888030697010788406e-02
4.020391499653364065e-02,4.427803252478781926e-02,5.045538235908022390e-02,6.171485086421331367e-02,6.768089505490446078e-02,7.340221014326672733e-02,7.890408388612010770e-02,8.400090315618086168e-02,8.872537994619685009e-02,9.320006422253100664e-02,9.572602274156225000e-02,9.944274408384806696e-02
4.111954759180644348e-02,4.512514964498567926e-02,5.121636830405844332e-02,6.235439443987454700e-02,6.827132935389915169e-02,7.395142023208869930e-02,7.941905937531151816e-02,8.448752309129171911e-02,8.918833943575678325e-02,9.364186493471618467e-02,9.619670541532127084e-02,9.996609876802217687e-02
4.195155349838216446e-02,4.589665894260418905e-02,5.191124764713780232e-02,6.294042156504359165e-02,6.881298235323063395e-02,7.445567052288944165e-02,7.989228118989687155e-02,8.493499828526415718e-02,8.961418977907241457e-02,9.404845392227025036e-02,9.663012762838206482e-02,1.004543640771883573e-01
4.271027902206359084e-02,4.660163534612758729e-02,5.254766498908963746e-02,6.347883809579998871e-02,6.931114063066819153e-02,7.491989601846096858e-02,8.032815240684081093e-02,8.534740413062069653e-02,9.000681557032295943e-02,9.442346342714200147e-02,9.703062030819291361e-02,1.009114624714998742e-01
4.340437376322409113e-02,4.724771367070253192e-02,5.313210020379637022e-02,6.397469377856518369e-02,6.977033058301854163e-02,7.534815505431882721e-02,8.073050679880013070e-02,8.572827829450038739e-02,9.036958250483599631e-02,9.477005345689068494e-02,9.740055525746216247e-02,1.013398851391484751e-01
4.404115788339180854e-02,4.784139282373962854e-02,5.367010742208482704e-02,6.443235206299549600e-02,7.019448095941849264e-02,7.574404192861232399e-02,8.110266661296973434e-02,8.608071183098847667e-02,9.070538129479745193e-02,9.509095469978851023e-02,9.774322654343353678e-02,1.017422261464031447e-01
4.462683440169154525e-02,4.838820645605214354e-02,5.416644321098428722e-02,6.485557497088249856e-02,7.058698845531422017e-02,7.611068129985665287e-02,8.144749337587522953e-02,8.640738893060191661e-02,9.101673641075913590e-02,9.538854033131338728e-02,9.806155519746795335e-02,1.021207579109182917e-01
4.516671256744314578e-02,4.889291219542838546e-02,5.462526598905154129e-02,6.524763387628343403e-02,7.095079861223310691e-02,7.645078309077767142e-02,8.176749112343036086e-02,8.671065873404873448e-02,9.130589524269749901e-02,9.566491155666147217e-02,9.835757387871167656e-02,1.024774787442064850e-01
4.566538262658378922e-02,4.935964012831604852e-02,5.505016971984661583e-02,6.561139754702792481e-02,7.128851751842482654e-02,7.676673424844820959e-02,8.206487026889344727e-02,8.699259500028971859e-02,9.157480868382619765e-02,9.592192528848697552e-02,9.863343777137037471e-02,1.028141607773762206e-01
4.612685241507277767e-02,4.979201069605663360e-02,5.544430829955743212e-02,6.594940934126097831e-02,7.160246469455515406e-02,7.706065887050927987e-02,8.234160132403675614e-02,8.725504776165057819e-02,9.182522179960021791e-02,9.616124293107959631e-02,9.889110609049736600e-02,1.031323961116502597e-01
4.655450501296626992e-02,5.019308614942768337e-02,5.581035549249273309e-02,6.626383139598968075e-02,7.189464699793726710e-02,7.733436282494433878e-02,8.259934201757983263e-02,8.749959316855325520e-02,9.205862164595157715e-02,9.638428165057257024e-02,9.913220243269096899e-02,1.034335475458513232e-01
4.695148997688803477e-02,5.056573178784162098e-02,5.615082887616096308e-02,6.655671718289495054e-02,7.216694652135315080e-02,7.758956952588942635e-02,8.283970079603344971e-02,8.772774203895046530e-02,9.227643597578204238e-02,9.659240404450042394e-02,9.935822643574436508e-02,1.037189271402239182e-01
