# particle_number_conc
3.240000000000000000e+04
3.194651229255358339e+04
3.150093016545355931e+04
3.106308917225032928e+04
3.063281764810657114e+04
3.020993822171606371e+04
2.979427388562602937e+04
2.938565147128848548e+04
2.898390308271563481e+04
2.858886648896585393e+04
2.820038510032600243e+04
2.781830778841764186e+04
2.743288506800455798e+04
2.705415287495471421e+04
2.668194196151843062e+04
2.631608976984965193e+04
2.595644003567392065e+04
2.560284243312066610e+04
2.525515224243472403e+04
2.491323004118355675e+04
2.457694142341305997e+04
2.424615673480993428e+04
2.392075082755002222e+04
2.360060283165040892e+04
2.328559593684385254e+04
2.297561721147336357e+04
2.267055740427122146e+04
2.237031077226050911e+04
2.207477491898168591e+04
2.178385064242014050e+04
2.149744179210825678e+04
2.121545513459988797e+04
2.093780022701111011e+04
2.066438929781802653e+04
2.039513713444422683e+04
2.012996097715957512e+04
1.986878041884376944e+04
1.961151731020640000e+04
1.935809567008974045e+04
1.910844160020038908e+04
1.886248320537097970e+04
1.862015051682469493e+04
1.838137541901634904e+04
1.814609158136295810e+04
1.791423439265745765e+04
1.768574089857794024e+04
1.746054974250994928e+04
1.723860110896206606e+04
1.701983666968927355e+04
1.680419953230422470e+04
1.659163419123632775e+04
1.638208648090340102e+04
1.617550353096953950e+04
1.597183372357233202e+04
1.577102665241125760e+04
1.557303308359626499e+04
1.537780491816358699e+04
1.518529515617127618e+04
1.499545786227550525e+04
1.480824813273608925e+04
1.462362206376397262e+04
1.444153672114368783e+04
1.426195011106706079e+04
1.408482933783546105e+04
1.391043847770633511e+04
1.373872433470287433e+04
1.356963504450017535e+04
1.340312003370430830e+04
1.323912997821354838e+04
1.307761676393586822e+04
1.291853344888948595e+04
1.276183422681967386e+04
1.260747439221664354e+04
1.245541030667613995e+04
1.230559936653737714e+04
1.215799997174012060e+04
1.201257149584529179e+04
1.186927425716674952e+04
1.172806949096459539e+04
1.158891932265304422e+04
1.145178674197827058e+04
1.131663557812400541e+04
1.118343047570476301e+04
1.105213687160852714e+04
1.092272097223945275e+04
1.079514973320386162e+04
1.066939083725572709e+04
1.054541267458227594e+04
1.042318432344628854e+04
1.030267553075295473e+04
1.018385669567998411e+04
1.006669885203345075e+04
9.951173644298716681e+03
9.837253324655124743e+03
9.724910726417687329e+03
9.614119252370164759e+03
9.504852859508335314e+03
9.397086044737021439e+03
9.290793844722615177e+03
9.185951786330606410e+03
9.082535900995164411e+03
8.980522708462745868e+03
8.879889205099909304e+03
8.780612849981458567e+03
8.682671553427055187e+03
8.586043665878729371e+03
8.490707967060356168e+03
8.396643644638395926e+03
8.303830312656760725e+03
8.212247979871282951e+03
8.121877042370589152e+03
8.032698275506029859e+03
7.944692825178790372e+03
7.857842199238346439e+03
7.772128259030613663e+03
7.687533210833448720e+03
7.604039598830439900e+03
7.521630296186463056e+03
7.440288497982010085e+03
7.359997713745316105e+03
7.280741760285201963e+03
7.202504754721386234e+03
7.125271107705296345e+03
7.049025516825966406e+03
6.973752960195325613e+03
6.899438690207153741e+03
6.826068227464189476e+03
6.753627354867967370e+03
6.682102111866210180e+03
6.611478788852768957e+03
6.541743921715289616e+03
6.472884286525957577e+03
6.404886894370864866e+03
6.337738986313655005e+03
6.271428028489345706e+03
6.205941707324257550e+03
6.141267924878264239e+03
6.077394794300405010e+03
6.014310635386485046e+03
5.952003970313910941e+03
5.890463519414963230e+03
5.829678197075071694e+03
5.769637107734360143e+03
5.710329541988407982e+03
5.651744972785056234e+03
5.593873051714374014e+03
5.536703605262132442e+03
5.480226631633715442e+03
5.424432296987014524e+03
5.369310932153412068e+03
5.314853029360315304e+03
