# tendency to change, top row gives equation number (%/hour)
3.600000000000000000e+01,4.600000000000000000e+01,1.300000000000000000e+01,0.000000000000000000e+00,0.000000000000000000e+00
0.000000000000000000e+00,0.000000000000000000e+00,0.000000000000000000e+00,7.653953878847921515e-61,1.324842258622187125e-66
-1.373235469120712660e+05,-1.559046845814421028e+07,3.188204276722184848e+06,-4.685515042012917250e+07,-3.433088672801781213e+05
-1.512675980780009413e+05,-1.717354939924729615e+07,9.695173340870795771e+06,-5.170328881500484794e+07,-3.781689951950023533e+05
-1.624344676689260232e+05,-1.844133436437787488e+07,1.475648653736760654e+07,-5.556640156017097831e+07,-4.060861691723150434e+05
-1.683519546276333276e+05,-1.911315209597402811e+07,1.747889088988299668e+07,-5.768976107501735538e+07,-4.208798865690833190e+05
-1.708736136867103924e+05,-1.939943836593111977e+07,1.871711614519468695e+07,-5.868237604777215421e+07,-4.271840342167759663e+05
-1.717420247630810481e+05,-1.949802987335503101e+07,1.922689801629768312e+07,-5.911318218422880769e+07,-4.293550619077025913e+05
-1.719082493071613426e+05,-1.951690149857683480e+07,1.941723893742658570e+07,-5.929346838794181496e+07,-4.297706232679033419e+05
-1.718069754538468551e+05,-1.950540378495642170e+07,1.947487767709252238e+07,-5.936645230535192043e+07,-4.295174386346170795e+05
-1.716279767813457293e+05,-1.948508190119773149e+07,1.948160905139591172e+07,-5.939557784351095557e+07,-4.290699419533642940e+05
-1.714481180669208406e+05,-1.946466237608920038e+07,1.947153200207886845e+07,-5.940720775258434564e+07,-4.286202951673020725e+05
-1.712927150556423003e+05,-1.944701932942954823e+07,1.945660160638742894e+07,-5.941060927134601772e+07,-4.282317876391057507e+05
-1.711733495738795027e+05,-1.943346765660823882e+07,1.944260267232172191e+07,-5.941055669824275374e+07,-4.279333739346987568e+05
-1.711220154872677522e+05,-1.942763965058782697e+07,1.943356373751566187e+07,-5.940734516172112525e+07,-4.278050387181693804e+05
-1.711114375014976249e+05,-1.942643872214395553e+07,1.942943581136852503e+07,-5.940428601039646566e+07,-4.277785937537440914e+05
-1.711382772037819959e+05,-1.942948585820546746e+07,1.942930771758338064e+07,-5.940081418094818294e+07,-4.278456930094549898e+05
-1.712023953165120911e+05,-1.943676524645746499e+07,1.943364196614878625e+07,-5.939753528230001777e+07,-4.280059882912802277e+05
-1.713013966895487392e+05,-1.944800496330390498e+07,1.944210598100642860e+07,-5.939420683753941208e+07,-4.282534917238718481e+05
-1.714338601793475682e+05,-1.946304366501240805e+07,1.945444309858138487e+07,-5.939088581784766167e+07,-4.285846504483689205e+05
-1.715992121344901971e+05,-1.948181622441035509e+07,1.947089919480432570e+07,-5.938787871556504071e+07,-4.289980303362254635e+05
-1.717952491788318730e+05,-1.950407249017950147e+07,1.949096799263349548e+07,-5.938488362869892269e+07,-4.294881229470796534e+05
-1.720205585639642668e+05,-1.952965207169496641e+07,1.951441681146216765e+07,-5.938184551299469173e+07,-4.300513964099106379e+05
-1.722740122871531930e+05,-1.955842690576990321e+07,1.954106844900761917e+07,-5.937877321888258308e+07,-4.306850307178830262e+05
-1.725545001134295890e+05,-1.959027094640814513e+07,1.957099121286613122e+07,-5.937565217112335563e+07,-4.313862502835739870e+05
-1.728649292998903838e+05,-1.962551425717918947e+07,1.960617277296553552e+07,-5.937381932333519310e+07,-4.321623232497259742e+05
-1.732000147699995723e+05,-1.966355681848780811e+07,1.964314772266770154e+07,-5.937175145171901584e+07,-4.330000369249989162e+05
-1.735580796476362448e+05,-1.970420825304723158e+07,1.968248446700295061e+07,-5.936919865377236903e+07,-4.338951991190905683e+05
-1.739391252010882599e+05,-1.974746870484734327e+07,1.972436008819257095e+07,-5.936643009288340807e+07,-4.348478130027206498e+05
-1.743427287062205141e+05,-1.979329018162867054e+07,1.976879946849221364e+07,-5.936355287690408528e+07,-4.358568217655512854e+05
-1.747683300809409120e+05,-1.984160909675667807e+07,1.981576730725825205e+07,-5.936061114982432127e+07,-4.369208252023523091e+05
-1.752156148985316686e+05,-1.989238975307718664e+07,1.986518126437114552e+07,-5.935771691866386682e+07,-4.380390372463291278e+05
-1.756835158967533789e+05,-1.994551098332753032e+07,1.991701619184793532e+07,-5.935471269001647085e+07,-4.392087897418834618e+05
-1.761717213148748851e+05,-2.000093739302543551e+07,1.997119979628367722e+07,-5.935168372241079062e+07,-4.404293032871871837e+05
-1.766796966339106730e+05,-2.005860829773935303e+07,2.002766796041927114e+07,-5.934862754138039052e+07,-4.416992415847766679e+05
-1.772069433123683557e+05,-2.011846709759557247e+07,2.008636149329480529e+07,-5.934554245864367485e+07,-4.430173582809208892e+05
-1.777529958645044826e+05,-2.018046094556993991e+07,2.014722531532545388e+07,-5.934242736275655776e+07,-4.443824896612612065e+05
-1.783174189610219328e+05,-2.024454041832735017e+07,2.021020797582456097e+07,-5.933928148522048444e+07,-4.457935474025548319e+05
-1.788998049541672517e+05,-2.031065923524380475e+07,2.027526132073997334e+07,-5.933610424625109881e+07,-4.472495123854181147e+05
-1.794997717125627096e+05,-2.037877401259286702e+07,2.034234023285774142e+07,-5.933289514823813736e+07,-4.487494292814067448e+05
-1.801190772403753945e+05,-2.044908433820294216e+07,2.041156937670773268e+07,-5.933035087863606960e+07,-4.502976931009385153e+05
-1.807549139475682459e+05,-2.052127146379741281e+07,2.048264829512308538e+07,-5.932765088577159494e+07,-4.518872848689205712e+05
-1.814017783949495933e+05,-2.059471057886812463e+07,2.055554311953416467e+07,-5.932310166700728238e+07,-4.535044459873739397e+05
-1.820690567597551853e+05,-2.067046730474096537e+07,2.063033087406277657e+07,-5.931987847509549558e+07,-4.551726418993879925e+05
-1.827524641615455621e+05,-2.074805517500255257e+07,2.070697262241122499e+07,-5.931666287438766658e+07,-4.568811604038638761e+05
-1.834503928057722806e+05,-2.082729165526052192e+07,2.078541210113260895e+07,-5.931301936456415057e+07,-4.586259820144306868e+05
-1.841653046128534770e+05,-2.090845624960201979e+07,2.086563287979770079e+07,-5.930982447051012516e+07,-4.604132615321337362e+05
-1.848949012087965093e+05,-2.099128802151585370e+07,2.094760861520552635e+07,-5.930640823211529106e+07,-4.622372530219912878e+05
-1.856391973959778261e+05,-2.107578865152941644e+07,2.103130988690508157e+07,-5.930284668751339614e+07,-4.640979934899445507e+05
-1.863981148973557283e+05,-2.116194925277824700e+07,2.111671169509819150e+07,-5.929918052715256065e+07,-4.659952872433892917e+05
-1.871716375009863987e+05,-2.124976798470545933e+07,2.120379152565225959e+07,-5.929546551092336327e+07,-4.679290937524659676e+05
-1.879597203745929583e+05,-2.133923975746147707e+07,2.129252924575351179e+07,-5.929174372001154721e+07,-4.698993009364823811e+05
-1.887622477381300123e+05,-2.143035142643135414e+07,2.138290657142298669e+07,-5.928803073492907733e+07,-4.719056193453249871e+05
-1.895790584961686400e+05,-2.152308470230302960e+07,2.147490631462819129e+07,-5.928432439867563546e+07,-4.739476462404216290e+05
-1.904099870205350744e+05,-2.161742078115775064e+07,2.156851197209560126e+07,-5.928061807144216448e+07,-4.760249675513376715e+05
-1.912548846413901774e+05,-2.171334278437208012e+07,2.166370770349051058e+07,-5.927690755317221582e+07,-4.781372116034754436e+05
-1.921136246662175981e+05,-2.181083632842822000e+07,2.176047843316422030e+07,-5.927319273032425344e+07,-4.802840616655439953e+05
-1.929860355408571195e+05,-2.190988193662473932e+07,2.185880936059967801e+07,-5.926945709760855883e+07,-4.824650888521427405e+05
-1.938717730616917252e+05,-2.201044053120873123e+07,2.195868487164240330e+07,-5.926562921802289039e+07,-4.846794326542292838e+05
-1.947709427729948366e+05,-2.211252409471853450e+07,2.206009285830120742e+07,-5.926177354070352763e+07,-4.869273569324871060e+05
-1.956834846961908042e+05,-2.221612581773134321e+07,2.216302287548443675e+07,-5.925790091302766651e+07,-4.892087117404769524e+05
-1.966093197568408214e+05,-2.232123672285347059e+07,2.226746478690982610e+07,-5.925401415518180281e+07,-4.915232993921020534e+05
-1.975483748181391275e+05,-2.242784850679614767e+07,2.237340886793404445e+07,-5.925011583928140998e+07,-4.938709370453478186e+05
-1.985005864667149144e+05,-2.253595397018112615e+07,2.248084594078097865e+07,-5.924620951103090495e+07,-4.962514661667872570e+05
-1.994659009739232424e+05,-2.264554701314597577e+07,2.258976742390376702e+07,-5.924229973721857369e+07,-4.986647524348080624e+05
-2.004582492215610982e+05,-2.275820922150124609e+07,2.270021642205978185e+07,-5.924255667449603975e+07,-5.011456230539027019e+05
-2.014420169991455332e+05,-2.286989728120734915e+07,2.281184593221209571e+07,-5.923775715338566899e+07,-5.036050424978638184e+05
-2.024373556653120904e+05,-2.298289899452587217e+07,2.292445925636804849e+07,-5.923389618176762760e+07,-5.060933891632801970e+05
-2.034400297789040196e+05,-2.309673350793064386e+07,2.303803583966747671e+07,-5.922974053622474521e+07,-5.086000744472600054e+05
-2.044510901758885884e+05,-2.321152012379456311e+07,2.315255876275155693e+07,-5.922561454264933616e+07,-5.111277254397214856e+05
-2.054702557265757059e+05,-2.332722692520560324e+07,2.326801706540296599e+07,-5.922145068904551864e+07,-5.136756393164392794e+05
-2.064975504142234568e+05,-2.344385663500509039e+07,2.338440235969724879e+07,-5.921726977881430835e+07,-5.162438760355586419e+05
-2.075329306925983401e+05,-2.356140430934912711e+07,2.350170841199061275e+07,-5.921307222556992620e+07,-5.188323267314957920e+05
-2.085763709917500964e+05,-2.367986704525776207e+07,2.361992981290174276e+07,-5.920886291678835452e+07,-5.214409274793752120e+05
-2.096278395029125677e+05,-2.379924123145255074e+07,2.373906169113110006e+07,-5.920464428338152170e+07,-5.240695987572813756e+05
-2.106873040076575417e+05,-2.391952321014573425e+07,2.385909952122266963e+07,-5.920041802869091928e+07,-5.267182600191438105e+05
-2.117547308107350545e+05,-2.404070915588461980e+07,2.398003904958750308e+07,-5.919618487212209404e+07,-5.293868270268376218e+05
-2.128300854664247017e+05,-2.416279515801492706e+07,2.410187625074965134e+07,-5.919194479899702221e+07,-5.320752136660617543e+05
-2.139133332864413969e+05,-2.428577727834376320e+07,2.422460730184384435e+07,-5.918769724127006531e+07,-5.347833332161034923e+05
-2.150044398665062618e+05,-2.440965161092175171e+07,2.434822856459555775e+07,-5.918344125710181892e+07,-5.375110996662656544e+05
-2.161033715327024693e+05,-2.453441433271816745e+07,2.447273657150384411e+07,-5.917917568214683235e+07,-5.402584288317561150e+05
-2.172100956626744883e+05,-2.466006174008701742e+07,2.459812801607257128e+07,-5.917489924133478850e+07,-5.430252391566862352e+05
-2.183245809724556457e+05,-2.478659028133081272e+07,2.472439974551470578e+07,-5.917061064707800746e+07,-5.458114524311390705e+05
-2.194467976661231660e+05,-2.491399657369106635e+07,2.485154875508768857e+07,-5.916630865668106824e+07,-5.486169941653078422e+05
-2.205767182466697413e+05,-2.504227749540727213e+07,2.497957220021168888e+07,-5.916199230453466624e+07,-5.514417956166743534e+05
-2.217179585041571700e+05,-2.517184355044745281e+07,2.510851422876831517e+07,-5.915863239573583752e+07,-5.542948962603929685e+05
-2.228622970661668514e+05,-2.530176135884686187e+07,2.523830595230636746e+07,-5.915403656466158479e+07,-5.571557426654171431e+05
-2.240147640118216223e+05,-2.543260199011011794e+07,2.536894196442510188e+07,-5.914955866763199121e+07,-5.600369100295540411e+05
-2.251748854905921617e+05,-2.556431164755123109e+07,2.550043504559304565e+07,-5.914507657062257826e+07,-5.629372137264803750e+05
-2.263402113187975483e+05,-2.569661215956560522e+07,2.563283195780197531e+07,-5.913995459133677930e+07,-5.658505282969938125e+05
-2.275208408463691303e+05,-2.583065011463054642e+07,2.576609085172420368e+07,-5.913683205033752322e+07,-5.688021021159228403e+05
-2.286939087457858550e+05,-2.596382959110320359e+07,2.590041551743474603e+07,-5.912976840376652777e+07,-5.717347718644646229e+05
-2.298395282859819126e+05,-2.609389283013311401e+07,2.603593466480674595e+07,-5.911371638992860168e+07,-5.745988207149547525e+05
-2.310998347956885409e+05,-2.623697658618957922e+07,2.617107390362939239e+07,-5.912518760187329352e+07,-5.777495869892213959e+05
-2.322973185492621560e+05,-2.637292801701872423e+07,2.630784027852948382e+07,-5.911856544339580089e+07,-5.807432963731553173e+05
-2.335110751126111718e+05,-2.651072691489364579e+07,2.644534193184587732e+07,-5.911417362795852125e+07,-5.837776877815278713e+05
-2.347311419527812104e+05,-2.664924222429414093e+07,2.658370284813710302e+07,-5.910946518353998661e+07,-5.868278548819529824e+05
-2.359588249951999169e+05,-2.678862220813393220e+07,2.672290857923081517e+07,-5.910477526373583078e+07,-5.898970624879997922e+05
-2.371939590460765467e+05,-2.692884811181017384e+07,2.686296080215349048e+07,-5.910006451432065666e+07,-5.929848976151914103e+05
-2.384166782525478338e+05,-2.706766454679392651e+07,2.699791771321172267e+07,-5.909041161405245960e+07,-5.960416956313695991e+05
-2.396595503829137015e+05,-2.720876896174457297e+07,2.713712197622847930e+07,-5.908395252923633903e+07,-5.991488759572842391e+05
-2.409139842728542862e+05,-2.735118599388304725e+07,2.727859315263435245e+07,-5.907848984203263372e+07,-6.022849606821356574e+05
-2.421785256990336929e+05,-2.749475054389784113e+07,2.742178443962284550e+07,-5.907366357446759939e+07,-6.054463142475842033e+05
-2.434503594962554635e+05,-2.763914300349752977e+07,2.756583444115092233e+07,-5.906878437042437494e+07,-6.086258987406386295e+05
-2.447297057567411975e+05,-2.778438835995427147e+07,2.771076212328552455e+07,-5.906391112213232368e+07,-6.118242643918530084e+05
-2.460165637868599442e+05,-2.793048653451950103e+07,2.785656982890444994e+07,-5.905904446213557571e+07,-6.150414094671498751e+05
-2.473109076905620168e+05,-2.807743458719090000e+07,2.800324478428760916e+07,-5.905417892293290794e+07,-6.182772692264050711e+05
-2.486127018020133546e+05,-2.822522846879355982e+07,2.815078728848700598e+07,-5.904930675778091699e+07,-6.215317545050333720e+05
-2.499301201072902768e+05,-2.837479617947724089e+07,2.830503215546504781e+07,-5.904635974698072672e+07,-6.248253002682257211e+05
-2.512538717314337264e+05,-2.852508291767109185e+07,2.845656379740132391e+07,-5.904310100145440549e+07,-6.281346793285843451e+05
-2.525796373063639621e+05,-2.867559830154825002e+07,2.860760036576927453e+07,-5.903856304286751151e+07,-6.314490932659099344e+05
-2.539136666010226472e+05,-2.882705187311914191e+07,2.875890000307792053e+07,-5.903421151350844651e+07,-6.347841665025565308e+05
-2.552540081053695467e+05,-2.897922207565579936e+07,2.891082704092605412e+07,-5.902958852683906257e+07,-6.381350202634237939e+05
-2.566012488779686973e+05,-2.913217555845640227e+07,2.906350942792541534e+07,-5.902483220458381623e+07,-6.415031221949217143e+05
-2.579556125613590702e+05,-2.928593771186388656e+07,2.921699730119813606e+07,-5.901999513798274100e+07,-6.448890314033976756e+05
-2.593171976036409615e+05,-2.944051971278153360e+07,2.937131008895456791e+07,-5.901510056562396884e+07,-6.482929940091023454e+05
-2.606910655721156800e+05,-2.959649620559579507e+07,2.952650795355287194e+07,-5.901129475559373200e+07,-6.517276639302892145e+05
-2.620629958778636646e+05,-2.975225271378030628e+07,2.968259224045510963e+07,-5.900535722374776751e+07,-6.551574896946591325e+05
-2.634462396819489659e+05,-2.990929365382625163e+07,2.983943747480987012e+07,-5.900029073310825229e+07,-6.586155992048723856e+05
-2.648368764026581193e+05,-3.006717391848935559e+07,2.999710820014535636e+07,-5.899520650110006332e+07,-6.620921910066453274e+05
-2.662348268165303161e+05,-3.022588451345729828e+07,3.015561179564403743e+07,-5.899008680853395909e+07,-6.655870670413257321e+05
-2.676400964635191485e+05,-3.038542606768612936e+07,3.031495079575117677e+07,-5.898493271181099862e+07,-6.691002411587978713e+05
-2.690526886314143776e+05,-3.054579895444162190e+07,3.047512630676322058e+07,-5.897974468977326900e+07,-6.726317215785359731e+05
-2.704726048385149334e+05,-3.070700334609764814e+07,3.063613891215435416e+07,-5.897452276459411532e+07,-6.761815120962872170e+05
-2.718998458391248132e+05,-3.086903932829105109e+07,3.079798901152282208e+07,-5.896926673101316392e+07,-6.797496145978120621e+05
-2.733344121346818865e+05,-3.103190695795051381e+07,3.096067694664959982e+07,-5.896397627362990379e+07,-6.833360303367046872e+05
-2.747763040516067413e+05,-3.119560627213487029e+07,3.112420307341462001e+07,-5.895865098828619719e+07,-6.869407601290168241e+05
-2.762255219364414224e+05,-3.136013731018736959e+07,3.128856775571196899e+07,-5.895329042801672965e+07,-6.905638048411036143e+05
-2.776820658980723238e+05,-3.152550008446997404e+07,3.145377139492790774e+07,-5.894789405160308629e+07,-6.942051647451808676e+05
-2.791459358764571953e+05,-3.169169458816602454e+07,3.161981442410240695e+07,-5.894246124259210378e+07,-6.978648396911429008e+05
-2.806171314310088055e+05,-3.185872077125525847e+07,3.178669731234085560e+07,-5.893699126888825744e+07,-7.015428285775219556e+05
-2.820956517022124026e+05,-3.202657853615617752e+07,3.195442056347843632e+07,-5.893148327979823947e+07,-7.052391292555310065e+05
-2.835814952745386981e+05,-3.219526772216243297e+07,3.212298471626717597e+07,-5.892593628264745325e+07,-7.089537381863467162e+05
-2.850746596348350286e+05,-3.236478804395350069e+07,3.229239035521650687e+07,-5.892034903653803468e+07,-7.126866490870874841e+05
-2.865751416316013783e+05,-3.253513914373669028e+07,3.246263809419166669e+07,-5.891472015527711809e+07,-7.164378540790034458e+05
-2.880829359066867037e+05,-3.270632041319617629e+07,3.263372860941446573e+07,-5.890904779244846851e+07,-7.202073397667167010e+05
-2.895980362495341687e+05,-3.287833114724175259e+07,3.280566260289631039e+07,-5.890332993103480339e+07,-7.239950906238354510e+05
-2.911204334500222467e+05,-3.305117030023984239e+07,3.297844084263639525e+07,-5.889756395547817647e+07,-7.278010836250556167e+05
-2.926503351387431612e+05,-3.322486144468237460e+07,3.315206217323504388e+07,-5.889179090942074358e+07,-7.316258378468579613e+05
-2.941886555506412406e+05,-3.339950837450259179e+07,3.332651987554327399e+07,-5.888619235367157310e+07,-7.354716388766029850e+05
-2.957343515851402190e+05,-3.357499266553365439e+07,3.350182608029544726e+07,-5.888055618821386248e+07,-7.393358789628505474e+05
-2.972874124313470675e+05,-3.375131309040492028e+07,3.367797976112508774e+07,-5.887487933676777780e+07,-7.432185310783676105e+05
-2.988478619500576169e+05,-3.392847235805448890e+07,3.385498058871759474e+07,-5.886916552792771906e+07,-7.471196548751440132e+05
-3.004157262368376832e+05,-3.410647343113590777e+07,3.403282873164990544e+07,-5.886341881649227440e+07,-7.510393155920942081e+05
-3.019910321590788662e+05,-3.428531935992883891e+07,3.421152456465035677e+07,-5.885764329382624477e+07,-7.549775803976970492e+05
-3.035738074404394138e+05,-3.446501329192567617e+07,3.439106854578319937e+07,-5.885184310433235765e+07,-7.589345186010985635e+05
-3.051640811974984244e+05,-3.464555853275839239e+07,3.457146116532662511e+07,-5.884602254786702245e+07,-7.629102029937460320e+05
-3.067696057022314053e+05,-3.482783520498740673e+07,3.475258607391426712e+07,-5.884166719168128818e+07,-7.669240142555785133e+05
-3.083763940960000036e+05,-3.501025536769993603e+07,3.493466200636911392e+07,-5.883608296784467995e+07,-7.709409852400000673e+05
-3.099903334567796555e+05,-3.519348738626775891e+07,3.511759310363519937e+07,-5.883040553708732873e+07,-7.749758336419491097e+05
-3.116118199427610380e+05,-3.537757623689427972e+07,3.530137503360452503e+07,-5.882470908938474208e+07,-7.790295498569025658e+05
-3.132409215414532227e+05,-3.556252963826385885e+07,3.548600857052636147e+07,-5.881900487169895321e+07,-7.831023038536331151e+05
