# particle_size
5.871307527324362563e-02
5.939870718504852015e-02
6.005141645240941878e-02
6.075031780607740434e-02
6.147843491962209223e-02
6.221743004242664271e-02
6.295724445777128864e-02
6.369336698552172105e-02
6.442406338640556396e-02
6.514879459632187675e-02
6.586752954976239638e-02
6.658045443009201481e-02
6.729565443624015153e-02
6.800550716615111346e-02
6.871018138161577582e-02
6.940993020614941167e-02
7.010498152793742666e-02
7.079555770231396594e-02
7.148186818534355003e-02
7.216410668053291344e-02
7.284246355246425109e-02
7.351711707660404937e-02
7.418823609977676092e-02
7.485597915581364281e-02
7.552048003158218226e-02
7.618191361979330389e-02
7.684041308727028452e-02
7.749610815745462677e-02
7.814912423252602658e-02
7.879958187645323686e-02
7.944759693623305863e-02
8.009328018821323947e-02
8.073673817264219454e-02
8.137807320604516226e-02
8.201738359837536241e-02
8.265476388879872127e-02
8.329030506237347642e-02
8.392409475021704590e-02
8.455621741512292511e-02
8.518675276668637164e-02
8.581578202657046128e-02
8.644338216045931167e-02
8.706962371930275502e-02
8.769457853307824347e-02
8.831831577542974265e-02
8.894090131950460609e-02
8.956240001728024702e-02
9.018287432973097484e-02
9.080238483802265115e-02
9.142099031897141237e-02
9.203874784685811550e-02
9.265571288402188466e-02
9.327193935489200283e-02
9.388747971006397575e-02
9.450238498733969095e-02
9.511670487153793541e-02
9.573048776974399376e-02
9.634378089988514249e-02
9.695663018622938112e-02
9.756908044526486912e-02
9.818117541427905104e-02
9.879295778973812281e-02
9.940446926752062595e-02
1.000157505825013116e-01
1.006268380844791560e-01
1.012377683991944749e-01
1.018485651877971965e-01
1.024592549505536077e-01
1.030698625084709302e-01
1.036804123073822304e-01
1.042909281418839262e-01
1.049014332510471298e-01
1.055119503299146444e-01
1.061225015538622279e-01
1.067331085955012387e-01
1.073437926413750299e-01
1.079545744073788227e-01
1.085654741534884810e-01
1.091765116977899408e-01
1.097877064299658395e-01
1.103990773242049944e-01
1.110106429516161258e-01
1.116224214921482244e-01
1.122344307458034013e-01
1.128466870753314644e-01
1.134592096845244702e-01
1.140720143042073254e-01
1.146851172983426453e-01
1.152985348657658699e-01
1.159122809883267463e-01
1.165263742630212734e-01
1.171408329065499604e-01
1.177556541220518560e-01
1.183708741542856685e-01
1.189864976136461305e-01
1.196025395780302286e-01
1.202190136102229551e-01
1.208359331971146505e-01
1.214533574182399545e-01
1.220712265083647163e-01
1.226895688973951015e-01
1.233084014491859087e-01
1.239277431649612460e-01
1.245476059582835138e-01
1.251680016601154632e-01
1.257889420030653960e-01
1.264104384255433644e-01
1.270324599235062302e-01
1.276550852159544502e-01
1.282783106014423469e-01
1.289021399813674862e-01
1.295265816357855926e-01
1.301516448258100145e-01
1.307773392709528359e-01
1.314036747670285776e-01
1.320306596271959565e-01
1.326583064581954019e-01
1.332866228086695970e-01
1.339156183645109077e-01
1.345453022529847775e-01
1.351756834669078644e-01
1.358067708639633386e-01
1.364385731633001031e-01
1.370710989458942541e-01
1.377043566564163102e-01
1.383383546055154123e-01
1.389731009725402311e-01
1.396086038080289748e-01
1.402448710363031759e-01
1.408819104579876469e-01
1.415197297524563025e-01
1.421583364802281590e-01
1.427977380853039935e-01
1.434379418974330300e-01
1.440789551343903963e-01
1.447207849040599570e-01
1.453634382066961994e-01
1.460069219041711941e-01
1.466512426357148846e-01
1.472964072381670042e-01
1.479424223130900995e-01
1.485892943509763142e-01
1.492370297418553482e-01
1.498856347793481592e-01
1.505351156631523635e-01
1.511854785009365543e-01
1.518367283894373476e-01
1.524888728903320001e-01
1.531419172001428075e-01
1.537958670248555926e-01
1.544507280269677152e-01
