# particle_number_conc
3.240000000000000000e+04
3.194781850834977013e+04
3.150483372818271164e+04
3.105839394826487478e+04
3.062156266779869475e+04
3.019375131727538974e+04
2.977419861984640738e+04
2.936256012195352378e+04
2.895853621496379128e+04
2.856185363661208248e+04
2.817226179363055053e+04
2.778952963325142628e+04
2.741344301928537607e+04
2.704380255288693661e+04
2.668042176541456865e+04
2.632312561105921122e+04
2.597174920834043951e+04
2.562613677094664308e+04
2.528614069928898243e+04
2.495162080114538549e+04
2.462244361891763401e+04
2.429873504137106283e+04
2.398137024209669107e+04
2.367014791551603412e+04
2.336487728084961782e+04
2.306537724586655531e+04
2.277147566681481112e+04
2.248300867392751024e+04
2.219982007649348816e+04
2.192176082214267808e+04
2.164868850682620177e+04
2.138046693583755041e+04
2.111696571634882639e+04
2.085805989270508508e+04
2.060362961051890306e+04
2.035355980902603187e+04
2.010773993938769490e+04
1.986606370549265193e+04
1.962842882458797612e+04
1.939473680702343700e+04
1.916489275046561306e+04
1.893880515135808673e+04
1.871638572874846795e+04
1.849754926065326072e+04
1.828221343950019582e+04
1.807029870574963934e+04
1.786172814309810201e+04
1.765642734230075075e+04
1.745432429163164488e+04
1.725534925628444034e+04
1.705943468277742795e+04
1.686651509606316904e+04
1.667652702638789924e+04
1.648940890895947086e+04
1.630510100624102415e+04
1.612354533395541512e+04
1.594468559013871891e+04
1.576846707800109652e+04
1.559483665960898361e+04
1.542374268427338757e+04
1.525513493420969462e+04
1.508896456891232810e+04
1.492518407518196364e+04
1.476374720146171239e+04
1.460460893681334710e+04
1.444772545485637602e+04
1.429305407138287956e+04
1.414055320392887006e+04
1.399018233312955272e+04
1.384190197737293238e+04
1.369567363549846050e+04
1.355145976246854661e+04
1.340922374102339381e+04
1.326892984216013792e+04
1.313054320921895123e+04
1.299402982334477747e+04
1.285935646912300035e+04
1.272649072382458871e+04
1.259540093545406489e+04
1.246605617805891598e+04
1.233842623843165893e+04
1.221248159623709762e+04
1.208819340364506388e+04
1.196553346067339044e+04
1.184447420174528088e+04
1.172498867517121653e+04
1.160705052459714716e+04
1.149063396580085100e+04
1.137571378211450428e+04
1.126226531191104732e+04
1.115026441296207668e+04
1.103968745833271896e+04
1.093051131922994136e+04
1.082271335772347629e+04
1.071627140989662439e+04
1.061116377220519098e+04
1.050736919030035278e+04
1.040486684575209256e+04
1.030363634947616993e+04
1.020365772159443259e+04
1.010491138593572396e+04
1.000737816018188096e+04
9.911039243231916771e+03
9.815876206762557558e+03
9.721870985739242315e+03
9.629005861094319698e+03
9.537263467644968841e+03
9.446626776659959432e+03
9.357079087709800660e+03
9.268604020612185195e+03
9.181185507675614645e+03
9.094807786075863987e+03
9.009455390534265462e+03
8.925113146200379560e+03
8.841766161747704245e+03
8.759399822674926327e+03
8.677999784805266245e+03
8.597551967976714877e+03
8.518042549916272037e+03
8.439457960255213038e+03
8.361784874843511716e+03
8.285010210064718194e+03
8.209121117400247385e+03
8.134104978130785639e+03
8.059949398185619430e+03
7.986642203101517225e+03
7.914171433252607130e+03
7.842525339021013679e+03
7.771692376219776634e+03
7.701661201613023877e+03
7.632420668556153032e+03
7.563959822750743115e+03
7.496267898119741403e+03
7.429334312781051267e+03
7.363148665137158787e+03
7.297700730061510512e+03
7.232980455185289429e+03
7.168977957280369992e+03
7.105683518735309917e+03
7.043087590404576986e+03
6.981180775844921300e+03
6.919953833638594915e+03
6.859397668612122288e+03
6.799503341586846545e+03
6.740262059525530276e+03
6.681665172694513785e+03
6.623704171803910867e+03
6.566370685203251924e+03
6.509656476144206863e+03
6.453553440109310031e+03
6.398053602204663548e+03
