# particle_size
5.871307527324362563e-02
6.150619576968192892e-02
6.461799787784773541e-02
6.766174461644022808e-02
7.051787274770499048e-02
7.319970011696419476e-02
7.525222471312474626e-02
7.721936468910040041e-02
7.912786378676302246e-02
8.098218409549746977e-02
8.278675105854357841e-02
8.454571078086493829e-02
8.626281685456343995e-02
8.794141742458115585e-02
8.958448921899320183e-02
9.119467619718504836e-02
9.277435408727272015e-02
9.432564986178351707e-02
9.585048168922634393e-02
9.735058561744415473e-02
9.882753942976817141e-02
1.002827802612818314e-01
1.017176141604533568e-01
1.031331909391561830e-01
1.045305686452334404e-01
1.059107210983821906e-01
1.072745528769374207e-01
1.086228940402488574e-01
1.099565188970550306e-01
1.112761468468057985e-01
1.125824460816807343e-01
1.138760446363695777e-01
1.151575240431508690e-01
1.164274313817788981e-01
1.176862790986164531e-01
1.189345478628189567e-01
1.201726901064105735e-01
1.214011322682634758e-01
1.226202762211870273e-01
1.238305023707984565e-01
1.250321682688368130e-01
1.262256135458113826e-01
1.274111595200418667e-01
1.285891107484584128e-01
1.297597697212507228e-01
1.309233829022324325e-01
1.320802307147529164e-01
1.332305607171876405e-01
1.343746211842153926e-01
1.355126279569432435e-01
1.366447986695731032e-01
1.377713277373830147e-01
1.388924350524537998e-01
1.400083022218137629e-01
1.411191076438009229e-01
1.422250258289721736e-01
1.433262257049633948e-01
1.444228479964742573e-01
1.455150668647874068e-01
1.466030263215201412e-01
1.476868721141142982e-01
1.487667423401373146e-01
1.498427748016837868e-01
1.509150604360748049e-01
1.519837504563968100e-01
1.530489634170061064e-01
1.541108138636811675e-01
1.551694124212751602e-01
1.562248657011368891e-01
1.572773099553937681e-01
1.583268151722909967e-01
1.593734731605019328e-01
1.604173835920186253e-01
1.614586159403249288e-01
1.624972777839774063e-01
1.635334547380268289e-01
1.645672051523026092e-01
1.655986333508404351e-01
1.666278527674914800e-01
1.676549043193185928e-01
1.686798572389483220e-01
1.697027853670032560e-01
1.707237629319018901e-01
1.717428457670624742e-01
1.727601093948901434e-01
1.737756210329106099e-01
1.747894439322858762e-01
1.758016159311859283e-01
1.768122203260611702e-01
1.778213551735590425e-01
1.788290351655031640e-01
1.798353161016986446e-01
1.808402401646114765e-01
1.818438761357301647e-01
1.828462769812577993e-01
1.838474909840845106e-01
1.848475708101429138e-01
1.858465621831810466e-01
1.868445334736393015e-01
1.878415101119821073e-01
1.888375411488809330e-01
1.898326779594276537e-01
1.908269586444987509e-01
1.918204269257806072e-01
1.928131256014364581e-01
1.938050531915785080e-01
1.947962952051653929e-01
1.957868911017842939e-01
1.967768805115638064e-01
1.977663024121116553e-01
1.987551954378349028e-01
1.997435973067355763e-01
2.007315452399409672e-01
2.017190758874752854e-01
2.027062253462772190e-01
2.036930291795021331e-01
2.046795224354043263e-01
2.056657396655697800e-01
2.066517149423316158e-01
2.076374816364491838e-01
2.086230732666043697e-01
2.096085224517355294e-01
2.105938615040763295e-01
2.115791223369452856e-01
2.125643364748895370e-01
2.135495348247361258e-01
2.145347486303531837e-01
2.155200081208008822e-01
2.165053433850091247e-01
2.174907841894323235e-01
2.184763599825126634e-01
2.194620998881098572e-01
2.204480327706455078e-01
2.214341871596181566e-01
2.224205913372231669e-01
2.234072733024118351e-01
2.243942607879328976e-01
2.253815812687683939e-01
2.263692619692052876e-01
2.273573844482296158e-01
2.283459241748712065e-01
2.293349028679857460e-01
2.303242910518445707e-01
2.313141733100753383e-01
2.323045743547254016e-01
2.332955196542510490e-01
2.342870346128750336e-01
2.352791444414744360e-01
2.362718741500278719e-01
2.372652485480297169e-01
2.382592922434886296e-01
