# tendency to change, top row gives equation number (%/hour)
3.600000000000000000e+01,4.600000000000000000e+01,1.300000000000000000e+01,0.000000000000000000e+00,0.000000000000000000e+00
0.000000000000000000e+00,0.000000000000000000e+00,0.000000000000000000e+00,2.454519096940158225e-63,1.324842258622187125e-66
-6.995579619095562957e+05,-7.942145819156575203e+07,3.335823648745113611e+07,-8.663041478281874442e+05,-1.748894904773890739e+06
-1.410410283010339830e+06,-1.601251753597258627e+08,1.246848270767880082e+08,-1.741115294520167401e+06,-3.526025707525849342e+06
-2.342024360467976891e+06,-2.658921775699612796e+08,2.374623189517830014e+08,-2.885144892044329084e+06,-5.855060901169941761e+06
-3.338160616627539974e+06,-3.789844420132442117e+08,3.556350201005323529e+08,-4.104614136046815664e+06,-8.345401541568850167e+06
-4.321813625568698160e+06,-4.906594719298193455e+08,4.711946837366703153e+08,-5.305531520385410637e+06,-1.080453406392174587e+07
-5.256311476041197777e+06,-5.967538715401339531e+08,5.804130234722667933e+08,-6.443975948721936904e+06,-1.314077869010299444e+07
-6.120501024283179082e+06,-6.948661049967266321e+08,6.810464142998645306e+08,-7.495072457227388397e+06,-1.530125256070794724e+07
-6.904999333730082959e+06,-7.839309188900845051e+08,7.721778278723152876e+08,-8.448309291755419225e+06,-1.726249833432520553e+07
-7.610534338633630425e+06,-8.640309562646541595e+08,8.540097451391302347e+08,-9.305344676179729402e+06,-1.902633584658407792e+07
-8.240207856261374429e+06,-9.355183692848687172e+08,9.269378457304972410e+08,-1.007046355586921610e+07,-2.060051964065343514e+07
-8.799643303630748764e+06,-9.990315896516908407e+08,9.916724075515930653e+08,-1.075087144507585466e+07,-2.199910825907687098e+07
-9.294412305205473676e+06,-1.055203169009871483e+09,1.048881693437693357e+09,-1.135354859021126106e+07,-2.323603076301368326e+07
-9.730397936030982062e+06,-1.104701018274873972e+09,1.099264237524535179e+09,-1.188576644346942753e+07,-2.432599484007745236e+07
-1.011325940931634791e+07,-1.148167633122188330e+09,1.143483083984677076e+09,-1.235444454384133406e+07,-2.528314852329086885e+07
-1.044979898548327386e+07,-1.186375280427622795e+09,1.182306867912689686e+09,-1.276784939247488789e+07,-2.612449746370818466e+07
-1.074259671131635457e+07,-1.219616875273260593e+09,1.216116288180810213e+09,-1.312902449674733542e+07,-2.685649177829088643e+07
-1.099767145354993641e+07,-1.248575745129776955e+09,1.245547145240364075e+09,-1.344527338522394747e+07,-2.749417863387484103e+07
-1.121932736263433844e+07,-1.273740544152586699e+09,1.271117619362811565e+09,-1.372171858631015196e+07,-2.804831840658584610e+07
-1.141168193031748012e+07,-1.295578734963112593e+09,1.293301839297290564e+09,-1.396327478198502772e+07,-2.852920482579370216e+07
-1.157906076273063943e+07,-1.314581407599941730e+09,1.312598871516950130e+09,-1.417511128449120931e+07,-2.894765190682659671e+07
-1.172406049149177223e+07,-1.331043360036528349e+09,1.329315950236154318e+09,-1.436027390292662382e+07,-2.931015122872942686e+07
-1.184943594551764801e+07,-1.345277350531017303e+09,1.343767944829603672e+09,-1.452204122308998927e+07,-2.962358986379411817e+07
-1.195768492646447010e+07,-1.357566956800496340e+09,1.356244185907556772e+09,-1.466337575006757863e+07,-2.989421231616117433e+07
-1.205100665749788657e+07,-1.368161858671677113e+09,1.366998795470546246e+09,-1.478688258607199416e+07,-3.012751664374471456e+07
-1.213133423730180040e+07,-1.377281522614335775e+09,1.376255044547847271e+09,-1.489485104533484019e+07,-3.032833559325450286e+07
-1.220036229763134383e+07,-1.385118341728713036e+09,1.384208613634373665e+09,-1.498928791349903308e+07,-3.050090574407835677e+07
-1.226000684588531777e+07,-1.391889842095283508e+09,1.391080303448002100e+09,-1.507248197740664333e+07,-3.065001711471329629e+07
-1.231145181785237044e+07,-1.397730437031969786e+09,1.397006288125210524e+09,-1.514582168039012328e+07,-3.077862954463092610e+07
-1.235572503199755773e+07,-1.402756815713501930e+09,1.402106389067345619e+09,-1.521052418311008252e+07,-3.088931257999389246e+07
-1.239373572572467849e+07,-1.407072204697769165e+09,1.406484712805188656e+09,-1.526766739700287767e+07,-3.098433931431169435e+07
-1.242628192657556012e+07,-1.410767204784848213e+09,1.410233280462979794e+09,-1.531819809881949238e+07,-3.106570481643890217e+07
-1.245406398399860971e+07,-1.413921327291119814e+09,1.413432839662012100e+09,-1.536294787832034193e+07,-3.113515995999652520e+07
-1.247769558831768669e+07,-1.416604245042929888e+09,1.416154136457963228e+09,-1.540264612282352522e+07,-3.119423897079421580e+07
-1.249771380380912870e+07,-1.418876931441042423e+09,1.418459076248704195e+09,-1.543793181553582847e+07,-3.124428450952282175e+07
-1.251458812540309504e+07,-1.420792688676265717e+09,1.420401770743528605e+09,-1.546936418134898879e+07,-3.128647031350773573e+07
-1.252870786692018062e+07,-1.422395715904365301e+09,1.422027635663850307e+09,-1.549740658607563190e+07,-3.132176966730045155e+07
-1.254045894589127414e+07,-1.423729826697216511e+09,1.423380054045425177e+09,-1.552252147793915495e+07,-3.135114736472818255e+07
-1.255015065671660751e+07,-1.424830135532267094e+09,1.424495200408958197e+09,-1.554507804330799170e+07,-3.137537664179151878e+07
-1.255805404509859532e+07,-1.425727414477157116e+09,1.425404311558446646e+09,-1.556540088263614476e+07,-3.139513511274648830e+07
-1.256440524136575311e+07,-1.426448471625047445e+09,1.426134595028514624e+09,-1.558377323181392811e+07,-3.141101310341437906e+07
-1.256940985771786049e+07,-1.427016650317902088e+09,1.426709741180147648e+09,-1.560044213971410133e+07,-3.142352464429465309e+07
-1.257324686616110988e+07,-1.427452269412028790e+09,1.427150370384287357e+09,-1.561562303696915135e+07,-3.143311716540277377e+07
-1.257607199887835234e+07,-1.427773009325238705e+09,1.427474425043214321e+09,-1.562950374487756193e+07,-3.144017999719588086e+07
-1.257802072570026852e+07,-1.427994250071882486e+09,1.427697512807684898e+09,-1.564224798839098774e+07,-3.144505181425066665e+07
-1.257921085832474008e+07,-1.428129366922270298e+09,1.427833206743789434e+09,-1.565399847118897177e+07,-3.144802714581184834e+07
-1.257974482671429403e+07,-1.428189988844163418e+09,1.427893307687725067e+09,-1.566487956597052142e+07,-3.144936206678573415e+07
-1.257971166666475311e+07,-1.428186224153270483e+09,1.427888073297905684e+09,-1.567499966543965414e+07,-3.144927916666188091e+07
-1.257918875444888324e+07,-1.428126857448934555e+09,1.427826417946331263e+09,-1.568445323599632457e+07,-3.144797188612220809e+07
-1.257824331971967407e+07,-1.428019521375432014e+09,1.427716087048276901e+09,-1.569332261056538299e+07,-3.144560829929918423e+07
-1.257693376436475664e+07,-1.427870846352727413e+09,1.427563809025624990e+09,-1.570167955295686610e+07,-3.144233441091189161e+07
-1.257531081158833764e+07,-1.427686591032800436e+09,1.427375427702090740e+09,-1.570958662215952948e+07,-3.143827702897084504e+07
-1.257341850703895837e+07,-1.427471755958599806e+09,1.427156017652112007e+09,-1.571709836215204932e+07,-3.143354626759739220e+07
-1.257129509019881114e+07,-1.427230682493675470e+09,1.426909984591858387e+09,-1.572426233852637559e+07,-3.142823772549702600e+07
-1.256897375324705057e+07,-1.426967138976624489e+09,1.426641152814157486e+09,-1.573112004218091816e+07,-3.142243438311762735e+07
-1.256648330112986267e+07,-1.426684395659453869e+09,1.426352841229814529e+09,-1.573770767613339610e+07,-3.141620825282465667e+07
-1.256384872609118931e+07,-1.426385289934582472e+09,1.426047929564433098e+09,-1.574405684109307826e+07,-3.140962181522797048e+07
-1.256109170728702471e+07,-1.426072283056509495e+09,1.425728915916881084e+09,-1.575019513223658502e+07,-3.140272926821755990e+07
-1.255823104525835253e+07,-1.425747509467927694e+09,1.425397966817171097e+09,-1.575614665871537104e+07,-3.139557761314587668e+07
-1.255528303982349858e+07,-1.425412819702188253e+09,1.425056960768806458e+09,-1.576193249599022977e+07,-3.138820759955874830e+07
-1.255226181866344810e+07,-1.425069817687894106e+09,1.424707526112309933e+09,-1.576757107956205122e+07,-3.138065454665862024e+07
-1.254917962275134400e+07,-1.424719893153973818e+09,1.424351073917490244e+09,-1.577307854734640755e+07,-3.137294905687835813e+07
-1.254604705451858044e+07,-1.424364249804205656e+09,1.423988826592034578e+09,-1.577846903768104687e+07,-3.136511763629645109e+07
-1.254287329341630451e+07,-1.424003929790112019e+09,1.423621842735964775e+09,-1.578375494845688902e+07,-3.135718323354076222e+07
-1.253966628315765224e+07,-1.423639834968744993e+09,1.423251038741999388e+09,-1.578894716245718859e+07,-3.134916570789413154e+07
-1.253643289482995495e+07,-1.423272745420961857e+09,1.422877207645330191e+09,-1.579405524390067160e+07,-3.134108223707488552e+07
-1.253317906765920855e+07,-1.422903335432547808e+09,1.422501035379499912e+09,-1.579908760819527693e+07,-3.133294766914801672e+07
-1.252990993198733032e+07,-1.422532187455934286e+09,1.422123115058618546e+09,-1.580405167047157697e+07,-3.132477482996832579e+07
-1.252662991545706801e+07,-1.422159804165470839e+09,1.421743959328596592e+09,-1.580895397393971123e+07,-3.131657478864267096e+07
-1.252334283512052521e+07,-1.421786618914589643e+09,1.421364011180371761e+09,-1.581380030137085728e+07,-3.130835708780131117e+07
-1.252005197706825845e+07,-1.421413004776171446e+09,1.420983653431350708e+09,-1.581859577157779969e+07,-3.130012994267064705e+07
-1.251676016493130289e+07,-1.421039282319641590e+09,1.420603217109580278e+09,-1.582334492248664610e+07,-3.129190041232825443e+07
-1.251346981815248542e+07,-1.420665726226567745e+09,1.420222988966359377e+09,-1.582805178183447383e+07,-3.128367454538121074e+07
-1.251018300053520873e+07,-1.420292570802446604e+09,1.419843218470506191e+09,-1.583271992604752257e+07,-3.127545750133801997e+07
-1.250690043021486886e+07,-1.419919897577848911e+09,1.419463876110316038e+09,-1.583735122438652068e+07,-3.126725107553717121e+07
-1.250362005944673903e+07,-1.419547474070434809e+09,1.419084381272513151e+09,-1.584194406084456481e+07,-3.125905014861684665e+07
-1.250034727474050969e+07,-1.419175911815598488e+09,1.418706329356720924e+09,-1.584650628733527102e+07,-3.125086818685127422e+07
-1.249708301858710311e+07,-1.418805317815200567e+09,1.418329005147392750e+09,-1.585103990533357859e+07,-3.124270754646775872e+07
-1.249382690962432325e+07,-1.418435648772840261e+09,1.417952619402361631e+09,-1.585554540808455087e+07,-3.123456727406080812e+07
-1.249057993313057162e+07,-1.418067016548079967e+09,1.417577297174027920e+09,-1.586002497317415476e+07,-3.122644983282642812e+07
-1.248734295466414467e+07,-1.417699519408548355e+09,1.417203138890700102e+09,-1.586448060225691833e+07,-3.121835738666036353e+07
-1.248411670623594522e+07,-1.417333240460115910e+09,1.416830229286320925e+09,-1.586891411827214807e+07,-3.121029176558986306e+07
-1.248090180300177447e+07,-1.416968249541985750e+09,1.416458639612754583e+09,-1.587332718609626777e+07,-3.120225450750443712e+07
-1.247769875864258036e+07,-1.416604604972827911e+09,1.416088429424446106e+09,-1.587772133158750832e+07,-3.119424689660644904e+07
-1.247450799872345105e+07,-1.416242355067438126e+09,1.415719648118134499e+09,-1.588209795816848427e+07,-3.118626999680862948e+07
-1.247132987227942236e+07,-1.415881539452084541e+09,1.415352336262899637e+09,-1.588645836124766804e+07,-3.117832468069855496e+07
-1.246816466203906573e+07,-1.415522190225201607e+09,1.414986526784209728e+09,-1.589080374098681286e+07,-3.117041165509766340e+07
-1.246501259306246787e+07,-1.415164332938067675e+09,1.414622245950123787e+09,-1.589513521311884001e+07,-3.116253148265616596e+07
-1.246187384053034335e+07,-1.414807987479110718e+09,1.414259514278025866e+09,-1.589945381874460541e+07,-3.115468460132585838e+07
-1.245874853624903969e+07,-1.414453168812425613e+09,1.413898347276884794e+09,-1.590376053254004940e+07,-3.114687134062259644e+07
-1.245563677461095713e+07,-1.414099887654469252e+09,1.413538756138614655e+09,-1.590805627031649463e+07,-3.113909193652739376e+07
-1.245253861741868407e+07,-1.413748151021745920e+09,1.413180748292396307e+09,-1.591234189516304433e+07,-3.113134654354671016e+07
-1.244945409839739837e+07,-1.413397962743105412e+09,1.412824327921772480e+09,-1.591661822322647087e+07,-3.112363524599349126e+07
-1.244638322690819576e+07,-1.413049323881322622e+09,1.412469496397565365e+09,-1.592088602849362232e+07,-3.111595806727048755e+07
-1.244332599129765481e+07,-1.412702233113373041e+09,1.412116252658039093e+09,-1.592514604713381641e+07,-3.110831497824413702e+07
-1.244028236169720069e+07,-1.412356687048250437e+09,1.411764593538856030e+09,-1.592939898115384020e+07,-3.110070590424299985e+07
-1.243725229256514832e+07,-1.412012680515565157e+09,1.411414514055321932e+09,-1.593364550174316764e+07,-3.109313073141286895e+07
-1.243423572478874773e+07,-1.411670206804192543e+09,1.411066007658364773e+09,-1.593788625206526183e+07,-3.108558931197186559e+07
-1.243123258763957024e+07,-1.411329257884268999e+09,1.410719066447447062e+09,-1.594212184987472184e+07,-3.107808146909892187e+07
-1.242824280028071068e+07,-1.410989824578306675e+09,1.410373681350004435e+09,-1.594635288956729695e+07,-3.107060700070177391e+07
-1.242526627329752222e+07,-1.410651896734978199e+09,1.410029842297997475e+09,-1.595057994426986016e+07,-3.106316568324380741e+07
-1.242230290989309549e+07,-1.410315463364841700e+09,1.409687538365893841e+09,-1.595480356750235520e+07,-3.105575727473273873e+07
-1.241935260690177605e+07,-1.409980512755405426e+09,1.409346757884266138e+09,-1.595902429461448453e+07,-3.104838151725444198e+07
-1.241641525572716258e+07,-1.409647032577620506e+09,1.409007488554438353e+09,-1.596324264412776195e+07,-3.104103813931790739e+07
-1.241349074320499413e+07,-1.409315009983844042e+09,1.408669717537919521e+09,-1.596745911898158118e+07,-3.103372685801248625e+07
-1.241057895222479850e+07,-1.408984431678416729e+09,1.408333431538573503e+09,-1.597167420747538283e+07,-3.102644738056199253e+07
-1.240767976237388887e+07,-1.408655283990775824e+09,1.407998616871408224e+09,-1.597588838423680328e+07,-3.101919940593472496e+07
-1.240479305042815395e+07,-1.408327552931174278e+09,1.407665259519974232e+09,-1.598010211099539325e+07,-3.101198262607038021e+07
-1.240191869084405899e+07,-1.408001224246539593e+09,1.407333345193415642e+09,-1.598431583735804260e+07,-3.100479672711014748e+07
-1.239905655611229688e+07,-1.407676283460622787e+09,1.407002859368634701e+09,-1.598853000140560605e+07,-3.099764139028074220e+07
-1.239620651714282110e+07,-1.407352715917712212e+09,1.406673787331777811e+09,-1.599274503032889031e+07,-3.099051629285705090e+07
-1.239336844351552427e+07,-1.407030506811093330e+09,1.406346114209753990e+09,-1.599696134089164063e+07,-3.098342110878880695e+07
-1.239054220373677835e+07,-1.406709641212173939e+09,1.406019824999726534e+09,-1.600117933989945613e+07,-3.097635550934194773e+07
-1.238772766552954353e+07,-1.406390104103419781e+09,1.405694904602270603e+09,-1.600539942471072637e+07,-3.096931916382385790e+07
-1.238492469595426321e+07,-1.406071880392081022e+09,1.405371337833971262e+09,-1.600962198352819867e+07,-3.096231173988565430e+07
-1.238213316159987822e+07,-1.405754954931877851e+09,1.405049109451770544e+09,-1.601384739577818848e+07,-3.095533290399969369e+07
-1.237935292872130498e+07,-1.405439312538607597e+09,1.404728204168027878e+09,-1.601807603242082521e+07,-3.094838232180326059e+07
-1.237658386339079589e+07,-1.405124938007329941e+09,1.404408606668245792e+09,-1.602230825627565384e+07,-3.094145965847698599e+07
-1.237382583158392459e+07,-1.404811816122128963e+09,1.404090301621991158e+09,-1.602654442225973308e+07,-3.093456457895980775e+07
-1.237107869927867875e+07,-1.404499931667362452e+09,1.403773273690567732e+09,-1.603078487764245085e+07,-3.092769674819669500e+07
-1.236834233253503591e+07,-1.404189269436696529e+09,1.403457507542044640e+09,-1.603502996227286011e+07,-3.092085583133758977e+07
-1.236561659760048799e+07,-1.403879814245085955e+09,1.403142987859901428e+09,-1.603928000883728079e+07,-3.091404149400122091e+07
-1.236290136092955619e+07,-1.403571550930989504e+09,1.402829699345987558e+09,-1.604353534300611727e+07,-3.090725340232388675e+07
-1.236019648927173764e+07,-1.403264464366355896e+09,1.402517626729405642e+09,-1.604779628366418928e+07,-3.090049122317934409e+07
-1.235750184967429563e+07,-1.402958539456938267e+09,1.402206754770259380e+09,-1.605206314303145185e+07,-3.089375462418573722e+07
-1.235481735055322386e+07,-1.402653765805120468e+09,1.401897073254776716e+09,-1.605633628015244380e+07,-3.088704337638306245e+07
-1.235214289744296111e+07,-1.402350132686140060e+09,1.401588571375484228e+09,-1.606061604297683388e+07,-3.088035724360739812e+07
-1.234947834866078384e+07,-1.402047624014627934e+09,1.401281232593381405e+09,-1.606490271147823334e+07,-3.087369587165195867e+07
-1.234682356361397915e+07,-1.401746223828963757e+09,1.400975040764340639e+09,-1.606919656113992631e+07,-3.086705890903494880e+07
-1.234417840348147228e+07,-1.401445916368663311e+09,1.400669979948833466e+09,-1.607349786320368201e+07,-3.086044600870367885e+07
-1.234154273103943653e+07,-1.401146686054579973e+09,1.400366034389563799e+09,-1.607780688455155119e+07,-3.085385682759859040e+07
-1.233891641053984873e+07,-1.400848517475115299e+09,1.400063188491027355e+09,-1.608212388765692525e+07,-3.084729102634962276e+07
-1.233629930763805285e+07,-1.400551395377997637e+09,1.399761426818752289e+09,-1.608644913059581630e+07,-3.084074826909513026e+07
-1.233369128926502168e+07,-1.400255304655777693e+09,1.399460734079565763e+09,-1.609078286698418856e+07,-3.083422822316255420e+07
-1.233109222354368307e+07,-1.399960230336330414e+09,1.399161095112930059e+09,-1.609512534596954659e+07,-3.082773055885920674e+07
-1.232850197972516529e+07,-1.399666157575616121e+09,1.398862494886113167e+09,-1.609947681224684045e+07,-3.082125494931291416e+07
-1.232592042812867276e+07,-1.399373071650855064e+09,1.398564918485198736e+09,-1.610383750607649609e+07,-3.081480107032168284e+07
-1.232334744008975662e+07,-1.399080957954654217e+09,1.398268351109756470e+09,-1.610820766331094317e+07,-3.080836860022439435e+07
-1.232078288791683130e+07,-1.398789801990070343e+09,1.397972778067334890e+09,-1.611258751543078572e+07,-3.080195721979207546e+07
-1.231822664485750161e+07,-1.398499589366787672e+09,1.397678184769726038e+09,-1.611697728959176876e+07,-3.079556661214375496e+07
-1.231567858506647311e+07,-1.398210305797474146e+09,1.397384556732933998e+09,-1.612137720867032185e+07,-3.078919646266617998e+07
-1.231313858356419578e+07,-1.397921937093086958e+09,1.397091879565981627e+09,-1.612578749129796401e+07,-3.078284645891048759e+07
-1.231060651624291204e+07,-1.397634469163558245e+09,1.396800138977385283e+09,-1.613020835195306502e+07,-3.077651629060728103e+07
-1.230808225980630890e+07,-1.397347888010943890e+09,1.396509320765877008e+09,-1.613464000096670724e+07,-3.077020564951577038e+07
-1.230556569179552980e+07,-1.397062179732378006e+09,1.396219410822618723e+09,-1.613908264463787712e+07,-3.076391422948882356e+07
-1.230305669054696336e+07,-1.396777330515278578e+09,1.395930395128210545e+09,-1.614353648525901139e+07,-3.075764172636741027e+07
-1.230055513520905934e+07,-1.396493326639258146e+09,1.395642259756168604e+09,-1.614800172121660039e+07,-3.075138783802264929e+07
-1.229806090568997152e+07,-1.396210154470179081e+09,1.395354990862009048e+09,-1.615247854700064100e+07,-3.074515226422492787e+07
-1.229557388269266114e+07,-1.395927800464139223e+09,1.395068574689906359e+09,-1.615696715332599916e+07,-3.073893470673165098e+07
-1.229309394768167101e+07,-1.395646251163698673e+09,1.394782997572795391e+09,-1.616146772716415301e+07,-3.073273486920417473e+07
-1.229062098289879784e+07,-1.395365493199661016e+09,1.394498245928112745e+09,-1.616598045183635876e+07,-3.072655245724699646e+07
