# tendency to change, top row gives equation number (%/hour)
3.600000000000000000e+01,4.600000000000000000e+01,1.300000000000000000e+01,0.000000000000000000e+00,0.000000000000000000e+00
0.000000000000000000e+00,0.000000000000000000e+00,0.000000000000000000e+00,0.000000000000000000e+00,1.324842258622187125e-66
-7.086114256511407439e+05,-8.044930624875657260e+07,3.391613728781122714e+07,0.000000000000000000e+00,-1.771528564127851743e+06
-1.444847003870045301e+06,-1.640348079204761684e+08,1.277723541801476926e+08,0.000000000000000000e+00,-3.612117509675113484e+06
-2.427920860172797460e+06,-2.756440861058693528e+08,2.460045832343133986e+08,0.000000000000000000e+00,-6.069802150431993417e+06
-3.505463469544699416e+06,-3.979784886280802488e+08,3.731181589514539838e+08,0.000000000000000000e+00,-8.763658673861747608e+06
-4.600297662887761369e+06,-5.222760205665910840e+08,5.010727860677724481e+08,0.000000000000000000e+00,-1.150074415721940249e+07
-5.310781288177035749e+05,-6.029378793605011702e+07,3.819766071409531287e+05,0.000000000000000000e+00,-1.327695322044258937e+06
-5.168799334095015656e+05,-5.868185376560609043e+07,5.060989435833644238e+05,0.000000000000000000e+00,-1.292199833523753798e+06
-5.177569815824404941e+05,-5.878142585053943843e+07,6.119782143228468485e+05,0.000000000000000000e+00,-1.294392453956101090e+06
-5.186270935480265762e+05,-5.888021046147881448e+07,7.133425845050329808e+05,0.000000000000000000e+00,-1.296567733870066470e+06
-5.194924455642591929e+05,-5.897845467099449039e+07,8.147090780534084188e+05,0.000000000000000000e+00,-1.298731113910647808e+06
-5.203678010456608026e+05,-5.907783458310231566e+07,9.174252759843621170e+05,0.000000000000000000e+00,-1.300919502614151919e+06
-5.212580194359900779e+05,-5.917890189491719753e+07,1.021943115069157444e+06,0.000000000000000000e+00,-1.303145048589975107e+06
-5.221648932523785625e+05,-5.928186011255612224e+07,1.128434644888926996e+06,0.000000000000000000e+00,-1.305412233130946523e+06
-5.230892423042092705e+05,-5.938680230973159522e+07,1.236984814934562659e+06,0.000000000000000000e+00,-1.307723105760523118e+06
-5.240316081527932547e+05,-5.949378997039686888e+07,1.347651113649735926e+06,0.000000000000000000e+00,-1.310079020381983137e+06
-5.249923840974096674e+05,-5.960286774618048966e+07,1.460483179947416065e+06,0.000000000000000000e+00,-1.312480960243524052e+06
-5.259719948730124161e+05,-5.971408385763202608e+07,1.575526050173643278e+06,0.000000000000000000e+00,-1.314929987182531040e+06
-5.269707921989854658e+05,-5.982747823577629775e+07,1.692824187743799994e+06,0.000000000000000000e+00,-1.317426980497463606e+06
-5.279891354399103438e+05,-5.994309167960447073e+07,1.812411611095546978e+06,0.000000000000000000e+00,-1.319972838599775918e+06
-5.290273074233649531e+05,-6.006095629879131913e+07,1.934331436625625938e+06,0.000000000000000000e+00,-1.322568268558412325e+06
-5.300856489561140770e+05,-6.018111078544199467e+07,2.058615019159791293e+06,0.000000000000000000e+00,-1.325214122390285367e+06
-5.311644233638234437e+05,-6.030358503516126424e+07,2.185295760380619206e+06,0.000000000000000000e+00,-1.327911058409558609e+06
-5.322638965003906051e+05,-6.042840923058640957e+07,2.314403991749033332e+06,0.000000000000000000e+00,-1.330659741250976454e+06
-5.333843112839263631e+05,-6.055561095043375343e+07,2.445967660962187219e+06,0.000000000000000000e+00,-1.333460778209815733e+06
-5.345258960879672086e+05,-6.068521612216073275e+07,2.580013745017923880e+06,0.000000000000000000e+00,-1.336314740219918080e+06
-5.356888787976473104e+05,-6.081725061777599901e+07,2.716568636281527579e+06,0.000000000000000000e+00,-1.339222196994118160e+06
-5.368734727018544218e+05,-6.095173865216296911e+07,2.855657408835431095e+06,0.000000000000000000e+00,-1.342183681754636113e+06
-5.380798814397470560e+05,-6.108870334466240555e+07,2.997302490874231793e+06,0.000000000000000000e+00,-1.345199703599367756e+06
-5.393083036056170240e+05,-6.122816724186674505e+07,3.141528555998434778e+06,0.000000000000000000e+00,-1.348270759014042327e+06
-5.405589385569765000e+05,-6.137015297701752931e+07,3.288357996216142550e+06,0.000000000000000000e+00,-1.351397346392441308e+06
-5.418319838140769862e+05,-6.151468297477038205e+07,3.437814384864659049e+06,0.000000000000000000e+00,-1.354579959535192465e+06
-5.431276381211790722e+05,-6.166177979874381423e+07,3.589920923435191158e+06,0.000000000000000000e+00,-1.357819095302947564e+06
-5.444461015920147765e+05,-6.181146616803371906e+07,3.744700079563030042e+06,0.000000000000000000e+00,-1.361115253980036825e+06
-5.457875762417342048e+05,-6.196376501760568470e+07,3.902177285366876516e+06,0.000000000000000000e+00,-1.364468940604335396e+06
-5.471522761626645224e+05,-6.211870065355835110e+07,4.062376902693395969e+06,0.000000000000000000e+00,-1.367880690406661248e+06
-5.485404208157554967e+05,-6.227629799149496108e+07,4.225325214939553291e+06,0.000000000000000000e+00,-1.371351052039388800e+06
-5.499522347290928010e+05,-6.243658252229540795e+07,4.391047916415778920e+06,0.000000000000000000e+00,-1.374880586822731886e+06
-5.513879514743140899e+05,-6.259958076356231421e+07,4.559573027556343004e+06,0.000000000000000000e+00,-1.378469878685784992e+06
-5.528478187171990285e+05,-6.276532083301921934e+07,4.730929304970358498e+06,0.000000000000000000e+00,-1.382119546792997280e+06
-5.543320885706774425e+05,-6.293383135327869654e+07,4.905146914344987832e+06,0.000000000000000000e+00,-1.385830221426693490e+06
-5.558410345945602749e+05,-6.310514338183743507e+07,5.082258111560407095e+06,0.000000000000000000e+00,-1.389602586486400571e+06
-5.573749508564367425e+05,-6.327929030445903540e+07,5.262296434524774551e+06,0.000000000000000000e+00,-1.393437377141091740e+06
-5.589341133606614312e+05,-6.345630345617146790e+07,5.445296373748075217e+06,0.000000000000000000e+00,-1.397335283401653636e+06
-5.605188296893865336e+05,-6.363621775705908984e+07,5.631293604036184028e+06,0.000000000000000000e+00,-1.401297074223466218e+06
-5.621293756964830682e+05,-6.381906452506536245e+07,5.820322920488767326e+06,0.000000000000000000e+00,-1.405323439241207670e+06
-5.637661833314952673e+05,-6.400489279981889576e+07,6.012429828134537674e+06,0.000000000000000000e+00,-1.409415458328738110e+06
-5.654295760837233393e+05,-6.419373930735719949e+07,6.207655296001258306e+06,0.000000000000000000e+00,-1.413573940209308174e+06
-5.671200715847584652e+05,-6.438566281487044692e+07,6.406047113211288117e+06,0.000000000000000000e+00,-1.417800178961896105e+06
-5.688375856709860964e+05,-6.458065376718611270e+07,6.607640230988176540e+06,0.000000000000000000e+00,-1.422093964177465299e+06
-5.705830356305140303e+05,-6.477881630486591905e+07,6.812489948602371849e+06,0.000000000000000000e+00,-1.426457589076285018e+06
-5.723566207633952145e+05,-6.498017305462802947e+07,7.020645357285574079e+06,0.000000000000000000e+00,-1.430891551908488153e+06
-5.741588167453868082e+05,-6.518477802037817985e+07,7.232158463035956956e+06,0.000000000000000000e+00,-1.435397041863467079e+06
-5.759900876087339129e+05,-6.539268388412355632e+07,7.447083763538725674e+06,0.000000000000000000e+00,-1.439975219021834899e+06
-5.778508482016521739e+05,-6.560393774396321923e+07,7.665475856081910431e+06,0.000000000000000000e+00,-1.444627120504130377e+06
-5.797417260453177150e+05,-6.581861084295292944e+07,7.887397823629065417e+06,0.000000000000000000e+00,-1.449354315113294404e+06
-5.816634049961016281e+05,-6.603678081993479282e+07,8.112917699441517703e+06,0.000000000000000000e+00,-1.454158512490253896e+06
-5.836160427154047647e+05,-6.625846557435255498e+07,8.342082182804682292e+06,0.000000000000000000e+00,-1.459040106788511854e+06
-5.856005858959377510e+05,-6.648377258509948850e+07,8.574980579473992810e+06,0.000000000000000000e+00,-1.464001464739844436e+06
-5.876169954213161254e+05,-6.671269741125651449e+07,8.811659069472620264e+06,0.000000000000000000e+00,-1.469042488553290255e+06
-5.896661128209035378e+05,-6.694533559242553264e+07,9.052194340705161914e+06,0.000000000000000000e+00,-1.474165282052258728e+06
-5.917490723659859505e+05,-6.718181590346781909e+07,9.296670104296686128e+06,0.000000000000000000e+00,-1.479372680914964760e+06
-5.938662740471727448e+05,-6.742218375568480790e+07,9.545162239460282028e+06,0.000000000000000000e+00,-1.484665685117931804e+06
-5.960188044706961373e+05,-6.766656251248042285e+07,9.797760531332602724e+06,0.000000000000000000e+00,-1.490047011176740285e+06
-5.982062334801394027e+05,-6.791490333780145645e+07,1.005452696182035282e+07,0.000000000000000000e+00,-1.495515583700348390e+06
-6.004301985559716122e+05,-6.816739213631011546e+07,1.031555619529472291e+07,0.000000000000000000e+00,-1.501075496389928740e+06
-6.026912224036520347e+05,-6.842408825123748183e+07,1.058095623827114888e+07,0.000000000000000000e+00,-1.506728056009130087e+06
-6.049901807989681838e+05,-6.868509111021338403e+07,1.085079702290278301e+07,0.000000000000000000e+00,-1.512475451997420285e+06
-6.073275050119500374e+05,-6.895044967572060227e+07,1.112517875611468963e+07,0.000000000000000000e+00,-1.518318762529875152e+06
-6.097048400949847419e+05,-6.922035071206817031e+07,1.140421551686301827e+07,0.000000000000000000e+00,-1.524262100237461738e+06
-6.121225528518974315e+05,-6.949483586283139884e+07,1.168799713530016877e+07,0.000000000000000000e+00,-1.530306382129743695e+06
-6.145815395209877752e+05,-6.977400687876792252e+07,1.197664594385684468e+07,0.000000000000000000e+00,-1.536453848802469438e+06
-6.170827287872253219e+05,-7.005796919433563948e+07,1.227025097915718332e+07,0.000000000000000000e+00,-1.542706821968063246e+06
-6.196274554350917460e+05,-7.034687434884321690e+07,1.256896074314109981e+07,0.000000000000000000e+00,-1.549068638587729307e+06
-6.222160641104475362e+05,-7.064076147025185823e+07,1.287285992498794571e+07,0.000000000000000000e+00,-1.555540160276118899e+06
-6.248503272145543015e+05,-7.093983178090532124e+07,1.318210532500025816e+07,0.000000000000000000e+00,-1.562125818036385579e+06
-6.275308682996376883e+05,-7.124415607326073945e+07,1.349678218576874956e+07,0.000000000000000000e+00,-1.568827170749094104e+06
-6.302592516937165055e+05,-7.155391194691544771e+07,1.381706769957820326e+07,0.000000000000000000e+00,-1.575648129234291147e+06
-6.330360745090696728e+05,-7.186916719257509708e+07,1.414307485536846705e+07,0.000000000000000000e+00,-1.582590186272674007e+06
-6.358627932797223330e+05,-7.219008717188587785e+07,1.447495245750472508e+07,0.000000000000000000e+00,-1.589656983199305832e+06
-6.387408233556129271e+05,-7.251683257082676888e+07,1.481284653582363203e+07,0.000000000000000000e+00,-1.596852058389032492e+06
-6.416715752764776116e+05,-7.284956352927006781e+07,1.515692706981551088e+07,0.000000000000000000e+00,-1.604178938191194087e+06
-6.446560980320788221e+05,-7.318839913998733461e+07,1.550733350563791022e+07,0.000000000000000000e+00,-1.611640245080197230e+06
-6.476955549046691740e+05,-7.353347147148159146e+07,1.586421840777278133e+07,0.000000000000000000e+00,-1.619238887261673110e+06
-6.507920132435915293e+05,-7.388501523182326555e+07,1.622779766428676806e+07,0.000000000000000000e+00,-1.626980033108978765e+06
-6.539465785273143556e+05,-7.424315592699864507e+07,1.659820008151063696e+07,0.000000000000000000e+00,-1.634866446318286005e+06
-6.571609759220568230e+05,-7.460808941671371460e+07,1.697565064100969583e+07,0.000000000000000000e+00,-1.642902439805141883e+06
-6.604375760601710062e+05,-7.498008484103763103e+07,1.736033241962690651e+07,0.000000000000000000e+00,-1.651093940150427632e+06
-6.637755354789789999e+05,-7.535904644087754190e+07,1.775239780949407816e+07,0.000000000000000000e+00,-1.659438838697447442e+06
-6.671792471426713746e+05,-7.574547295349442959e+07,1.815207853182900324e+07,0.000000000000000000e+00,-1.667948117856678320e+06
-6.706500913348719478e+05,-7.613952108375634253e+07,1.855963912584580481e+07,0.000000000000000000e+00,-1.676625228337179637e+06
-6.741892123475918779e+05,-7.654132074418674409e+07,1.897523937860558927e+07,0.000000000000000000e+00,-1.685473030868979637e+06
-6.777976966017371742e+05,-7.695099527714927495e+07,1.939909545492805913e+07,0.000000000000000000e+00,-1.694494241504342761e+06
-6.814790502202995121e+05,-7.736894273600874841e+07,1.983146119739132747e+07,0.000000000000000000e+00,-1.703697625550748548e+06
-6.852355037891136017e+05,-7.779541636122451723e+07,2.027266804214587435e+07,0.000000000000000000e+00,-1.713088759472783888e+06
-6.890686652383562177e+05,-7.823059870258697867e+07,2.072287273280897364e+07,0.000000000000000000e+00,-1.722671663095890544e+06
-6.929815641369003570e+05,-7.867483370983392000e+07,2.118239190408986434e+07,0.000000000000000000e+00,-1.732453910342250951e+06
-6.969747511648627697e+05,-7.912818390218499303e+07,2.165148035714657605e+07,0.000000000000000000e+00,-1.742436877912156750e+06
-7.010526751403628150e+05,-7.959115435804900527e+07,2.213044563710556924e+07,0.000000000000000000e+00,-1.752631687850907212e+06
-7.052167695673778653e+05,-8.006390782444962859e+07,2.261957026990747079e+07,0.000000000000000000e+00,-1.763041923918444663e+06
-7.094690091503383592e+05,-8.054666849139530957e+07,2.311914717192106321e+07,0.000000000000000000e+00,-1.773672522875845898e+06
-7.138132306380255613e+05,-8.103987194850048423e+07,2.362953696267123893e+07,0.000000000000000000e+00,-1.784533076595063787e+06
-7.182524052374872845e+05,-8.154385551963135600e+07,2.415108314843151718e+07,0.000000000000000000e+00,-1.795631013093718095e+06
-7.227895113289671717e+05,-8.205895734303361177e+07,2.468413957678245008e+07,0.000000000000000000e+00,-1.806973778322417988e+06
-7.274276045947661623e+05,-8.258552433312650025e+07,2.522905546440326795e+07,0.000000000000000000e+00,-1.818569011486915406e+06
-7.321699315976882353e+05,-8.312392507516823709e+07,2.578628545865420997e+07,0.000000000000000000e+00,-1.830424828994220588e+06
-7.370197336358320899e+05,-8.367452755671015382e+07,2.635612530205256119e+07,0.000000000000000000e+00,-1.842549334089579992e+06
-7.419821471396634588e+05,-8.423791492142255604e+07,2.693910849041493610e+07,0.000000000000000000e+00,-1.854955367849158589e+06
-7.470577228424291825e+05,-8.481414969455699623e+07,2.753554787335254252e+07,0.000000000000000000e+00,-1.867644307106073014e+06
-7.522522522728573531e+05,-8.540388939369137585e+07,2.814597017535703257e+07,0.000000000000000000e+00,-1.880630630682143150e+06
-7.575697043839449761e+05,-8.600758461770628393e+07,2.877083444470866397e+07,0.000000000000000000e+00,-1.893924260959862266e+06
-7.630136236631154316e+05,-8.662563777551566064e+07,2.941066059354323521e+07,0.000000000000000000e+00,-1.907534059157788521e+06
-7.685884440044561634e+05,-8.725855225118927658e+07,3.006592411722589657e+07,0.000000000000000000e+00,-1.921471110011140350e+06
-7.743022693934070412e+05,-8.790724809764029086e+07,3.073731813997082412e+07,0.000000000000000000e+00,-1.935755673483517719e+06
-7.801539442933617393e+05,-8.857159412573605776e+07,3.142517900819470733e+07,0.000000000000000000e+00,-1.950384860733404290e+06
-7.861516915418381104e+05,-8.925252388177539408e+07,3.213023112727884576e+07,0.000000000000000000e+00,-1.965379228854595218e+06
-7.923007753013087204e+05,-8.995063501096066833e+07,3.285309832592615113e+07,0.000000000000000000e+00,-1.980751938253271859e+06
-7.986068021834042156e+05,-9.066656403706184030e+07,3.359443849739099294e+07,0.000000000000000000e+00,-1.996517005458510481e+06
-8.050753418859882513e+05,-9.140094329299502075e+07,3.435492834288772941e+07,0.000000000000000000e+00,-2.012688354714970570e+06
-8.117127075062214863e+05,-9.215448951048147678e+07,3.513529791293258220e+07,0.000000000000000000e+00,-2.029281768765553599e+06
-8.185252786695535760e+05,-9.292792697426036000e+07,3.593630252776214480e+07,0.000000000000000000e+00,-2.046313196673884057e+06
-8.255197887849720428e+05,-9.372202013444085419e+07,3.675873661800459772e+07,0.000000000000000000e+00,-2.063799471962430049e+06
-8.327033810496021761e+05,-9.453757996475602686e+07,3.760338923699149489e+07,0.000000000000000000e+00,-2.081758452624005266e+06
-8.400832050463476917e+05,-9.537541816392216086e+07,3.847125184619770944e+07,0.000000000000000000e+00,-2.100208012615869287e+06
-8.476671291817983147e+05,-9.623642803936915100e+07,3.936319174537663162e+07,0.000000000000000000e+00,-2.119167822954495903e+06
-8.554629292216338217e+05,-9.712149238091924787e+07,4.028006683625444770e+07,0.000000000000000000e+00,-2.138657323054084554e+06
-8.634796084071350051e+05,-9.803163333482749760e+07,4.122300696923679113e+07,0.000000000000000000e+00,-2.158699021017837338e+06
-8.717265650109022390e+05,-9.896791789561766386e+07,4.219308286411008984e+07,0.000000000000000000e+00,-2.179316412527255714e+06
-8.802191521538606612e+05,-9.993208911721532047e+07,4.319168105937390029e+07,0.000000000000000000e+00,-2.200547880384651478e+06
-8.889571941491919570e+05,-1.009241270537345409e+08,4.421947160577156395e+07,0.000000000000000000e+00,-2.222392985372979660e+06
-8.979543841814209009e+05,-1.019455863049961776e+08,4.527805874598093331e+07,0.000000000000000000e+00,-2.244885960453552194e+06
-9.072249502167691244e+05,-1.029980821850784272e+08,4.636859785631348938e+07,0.000000000000000000e+00,-2.268062375541922636e+06
-9.167763025173664792e+05,-1.040824559878497422e+08,4.749248869618099183e+07,0.000000000000000000e+00,-2.291940756293416023e+06
-9.266234428131432505e+05,-1.052004108734931201e+08,4.865129059278611839e+07,0.000000000000000000e+00,-2.316558607032857835e+06
-9.367803378704369534e+05,-1.063535325018239915e+08,4.984660663755554706e+07,0.000000000000000000e+00,-2.341950844676092267e+06
-9.472610441557712620e+05,-1.075434167164023221e+08,5.108009928481305391e+07,0.000000000000000000e+00,-2.368152610389428213e+06
-9.580841073376545683e+05,-1.087721690240141749e+08,5.235372094011482596e+07,0.000000000000000000e+00,-2.395210268344136421e+06
-9.692594069833718240e+05,-1.100409110610111058e+08,5.366896957005072385e+07,0.000000000000000000e+00,-2.423148517458429560e+06
-9.808044451036126120e+05,-1.113516298467480987e+08,5.502801447811044008e+07,0.000000000000000000e+00,-2.452011112759031355e+06
-9.927362119587318739e+05,-1.127062543010944277e+08,5.643276513509454578e+07,0.000000000000000000e+00,-2.481840529896829743e+06
-1.005076353354722494e+06,-1.141072418922933191e+08,5.788565523170895875e+07,0.000000000000000000e+00,-2.512690883386806119e+06
-1.017844784644278814e+06,-1.155568536286350191e+08,5.938904808739995211e+07,0.000000000000000000e+00,-2.544611961610696744e+06
-1.031062974213883397e+06,-1.170575268357627541e+08,6.094541891298656166e+07,0.000000000000000000e+00,-2.577657435534708668e+06
-1.044741598494179547e+06,-1.186104736186572462e+08,6.255694060991114378e+07,0.000000000000000000e+00,-2.611853996235448867e+06
-1.058924843623935478e+06,-1.202207104702525139e+08,6.422746280864101648e+07,0.000000000000000000e+00,-2.647312109059839044e+06
-1.073629326509793755e+06,-1.218901239232277870e+08,6.595955410854174197e+07,0.000000000000000000e+00,-2.684073316274484154e+06
-1.088883962993201567e+06,-1.236219968196313828e+08,6.775653910310906172e+07,0.000000000000000000e+00,-2.722209907483003568e+06
-1.104715636794582708e+06,-1.254193812929446548e+08,6.962175878700868785e+07,0.000000000000000000e+00,-2.761789091986456886e+06
-1.121159230137891136e+06,-1.272862375541039109e+08,7.155910711302991211e+07,0.000000000000000000e+00,-2.802898075344727375e+06
-1.138244103490987560e+06,-1.292258989240027964e+08,7.357230555805869401e+07,0.000000000000000000e+00,-2.845610258727469016e+06
-1.156007582672222285e+06,-1.312426030370946676e+08,7.566568920679900050e+07,0.000000000000000000e+00,-2.890018956680555362e+06
