# chamber environmental conditions throughout the simulation, with rows corresponding to the time points in the time output file, first column is temperature (K), second is pressure (Pa), third is relative humidity (fraction (0-1), fourth is transmission factor of light (0-1))
294.15,98000.0,0.6500002203029472,1.0
294.15,98000.0,0.6468206479029329,1.0
294.15,98000.0,0.6468206777053496,1.0
294.15,98000.0,0.6468206775313351,1.0
294.15,98000.0,0.6468206775345314,1.0
294.15,98000.0,0.6468206775387826,1.0
294.15,98000.0,0.6468206775426381,1.0
294.15,98000.0,0.6468206775459094,1.0
294.15,98000.0,0.6468206775484647,1.0
294.15,98000.0,0.6468206775502123,1.0
294.15,98000.0,0.6468206775510948,1.0
294.15,98000.0,0.6468206775510814,1.0
294.15,98000.0,0.6468206775501628,1.0
294.15,98000.0,0.6468206775483466,1.0
294.15,98000.0,0.6468206775456523,1.0
294.15,98000.0,0.6468206775421101,1.0
294.15,98000.0,0.6468206775377635,1.0
294.15,98000.0,0.6468206775326535,1.0
294.15,98000.0,0.6468206775268274,1.0
294.15,98000.0,0.6468206775203352,1.0
294.15,98000.0,0.6468206775115614,1.0
294.15,98000.0,0.6468206775021456,1.0
294.15,98000.0,0.6468206774921447,1.0
294.15,98000.0,0.6468206774816196,1.0
294.15,98000.0,0.64682067747063,1.0
294.15,98000.0,0.6468206774592345,1.0
294.15,98000.0,0.6468206774474885,1.0
294.15,98000.0,0.646820677435445,1.0
294.15,98000.0,0.6468206774231543,1.0
294.15,98000.0,0.6468206773103675,1.0
294.15,98000.0,0.6468206772001648,1.0
294.15,98000.0,0.6468206770926138,1.0
294.15,98000.0,0.6468206769877728,1.0
294.15,98000.0,0.6468206768687397,1.0
294.15,98000.0,0.6468206767528456,1.0
294.15,98000.0,0.6468206766400998,1.0
294.15,98000.0,0.6468206765304944,1.0
294.15,98000.0,0.6468206764240066,1.0
294.15,98000.0,0.6468206754727388,1.0
294.15,98000.0,0.6468206745132333,1.0
294.15,98000.0,0.646820673546702,1.0
294.15,98000.0,0.6468206725746338,1.0
294.15,98000.0,0.6468206715983142,1.0
294.15,98000.0,0.6468206706190278,1.0
294.15,98000.0,0.6468206696377821,1.0
294.15,98000.0,0.6468206686553822,1.0
294.15,98000.0,0.6468206676724241,1.0
294.15,98000.0,0.6468206666892926,1.0
294.15,98000.0,0.6468206657061703,1.0
294.15,98000.0,0.6468206647230483,1.0
294.15,98000.0,0.6468206637397487,1.0
294.15,98000.0,0.6468206627559464,1.0
294.15,98000.0,0.6468206617711993,1.0
294.15,98000.0,0.6468206607849817,1.0
294.15,98000.0,0.646820659796716,1.0
294.15,98000.0,0.6468206588058084,1.0
294.15,98000.0,0.6468206578116826,1.0
294.15,98000.0,0.6468206568138088,1.0
294.15,98000.0,0.6468206558117324,1.0
294.15,98000.0,0.646820654805097,1.0
294.15,98000.0,0.6468206537936615,1.0
