# concentration of components on wall due to particle deposition to wall (# molecules/cm3 (air)) time changes with rows which correspond to the time output file, components in columns and size bin changing with columns with size bin numbers given in the second row of the header
# 12
0.000000000000000000e+00,0.000000000000000000e+00,0.000000000000000000e+00,0.000000000000000000e+00,0.000000000000000000e+00,0.000000000000000000e+00,0.000000000000000000e+00,0.000000000000000000e+00,0.000000000000000000e+00,0.000000000000000000e+00,0.000000000000000000e+00,0.000000000000000000e+00,0.000000000000000000e+00,0.000000000000000000e+00,0.000000000000000000e+00,0.000000000000000000e+00
0.000000000000000000e+00,0.000000000000000000e+00,0.000000000000000000e+00,0.000000000000000000e+00,0.000000000000000000e+00,0.000000000000000000e+00,0.000000000000000000e+00,0.000000000000000000e+00,1.550599347262380761e+05,8.501326071910384053e+04,1.798908378239773214e+06,6.749414563786922455e+09,1.799204379383479943e+06,1.773152752053464098e+02,1.253712447615141869e+10,0.000000000000000000e+00
0.000000000000000000e+00,0.000000000000000000e+00,0.000000000000000000e+00,0.000000000000000000e+00,0.000000000000000000e+00,0.000000000000000000e+00,0.000000000000000000e+00,0.000000000000000000e+00,3.087118895503174281e+05,1.695976519658436300e+05,3.952791001989396289e+06,1.347922287655812645e+10,6.996365328548602760e+06,3.572571533279405230e+03,2.504794764484473038e+10,0.000000000000000000e+00
0.000000000000000000e+00,0.000000000000000000e+00,0.000000000000000000e+00,0.000000000000000000e+00,0.000000000000000000e+00,0.000000000000000000e+00,0.000000000000000000e+00,0.000000000000000000e+00,4.615473189977729926e+05,2.537967755341939628e+05,6.165806882357168943e+06,2.018920460723308563e+10,1.583207512918556295e+07,1.950256668603405706e+04,3.752940265739773560e+10,0.000000000000000000e+00
0.000000000000000000e+00,0.000000000000000000e+00,0.000000000000000000e+00,0.000000000000000000e+00,0.000000000000000000e+00,0.000000000000000000e+00,0.000000000000000000e+00,0.000000000000000000e+00,6.136665273422831669e+05,3.376122262765457272e+05,8.386732620641418733e+06,2.687937409556784821e+10,2.829874409609059244e+07,6.398731111665691424e+04,4.998100225419897461e+10,0.000000000000000000e+00
0.000000000000000000e+00,0.000000000000000000e+00,0.000000000000000000e+00,0.000000000000000000e+00,0.000000000000000000e+00,0.000000000000000000e+00,0.000000000000000000e+00,0.000000000000000000e+00,7.650888958654735470e+05,4.210455358401044505e+05,1.060654489407211915e+07,3.354978626720928192e+10,4.433552232856932282e+07,1.593362953484237660e+05,6.240268852565029144e+10,0.000000000000000000e+00
0.000000000000000000e+00,0.000000000000000000e+00,0.000000000000000000e+00,0.000000000000000000e+00,0.000000000000000000e+00,0.000000000000000000e+00,0.000000000000000000e+00,0.000000000000000000e+00,9.158203715872243047e+05,5.040984606342539773e+05,1.282365440995022655e+07,4.020050302563675690e+10,6.386288053431891650e+07,3.336629871356420917e+05,7.479447626384661865e+10,0.000000000000000000e+00
0.000000000000000000e+00,0.000000000000000000e+00,0.000000000000000000e+00,0.000000000000000000e+00,0.000000000000000000e+00,0.000000000000000000e+00,0.000000000000000000e+00,0.000000000000000000e+00,1.065864558536636410e+06,5.867727344324223232e+05,1.503780146160822362e+07,4.683158728715397644e+10,8.678974129975998402e+07,6.203019610392636387e+05,8.715638285337333679e+10,0.000000000000000000e+00
0.000000000000000000e+00,0.000000000000000000e+00,0.000000000000000000e+00,0.000000000000000000e+00,0.000000000000000000e+00,0.000000000000000000e+00,0.000000000000000000e+00,0.000000000000000000e+00,1.215224582514991518e+06,6.690700379092142684e+05,1.724895667099622265e+07,5.344310194479627991e+10,1.130156274558047950e+08,1.057252896830247249e+06,9.948842060717570496e+10,0.000000000000000000e+00
0.000000000000000000e+00,0.000000000000000000e+00,0.000000000000000000e+00,0.000000000000000000e+00,0.000000000000000000e+00,0.000000000000000000e+00,0.000000000000000000e+00,0.000000000000000000e+00,1.363903364068105351e+06,7.509919734568998683e+05,1.945713449688543379e+07,6.003510968410772705e+10,1.424320712350174487e+08,1.686568240515351761e+06,1.117905903536239319e+11,0.000000000000000000e+00
0.000000000000000000e+00,0.000000000000000000e+00,0.000000000000000000e+00,0.000000000000000000e+00,0.000000000000000000e+00,0.000000000000000000e+00,0.000000000000000000e+00,0.000000000000000000e+00,1.511903705686378991e+06,8.325400841703468468e+05,2.166235291761801019e+07,6.660767294008849335e+10,1.749239245814278126e+08,2.553719691067109350e+06,1.240628850761463013e+11,0.000000000000000000e+00
0.000000000000000000e+00,0.000000000000000000e+00,0.000000000000000000e+00,0.000000000000000000e+00,0.000000000000000000e+00,0.000000000000000000e+00,0.000000000000000000e+00,0.000000000000000000e+00,1.659228315966375172e+06,9.137158623580054846e+05,2.386463344707129896e+07,7.316085390346986389e+10,2.103706204125691950e+08,3.706964551040710881e+06,1.363052911381572266e+11,0.000000000000000000e+00
0.000000000000000000e+00,0.000000000000000000e+00,0.000000000000000000e+00,0.000000000000000000e+00,0.000000000000000000e+00,0.000000000000000000e+00,0.000000000000000000e+00,0.000000000000000000e+00,1.805879826492825756e+06,9.945207580495508155e+05,2.606400123533038050e+07,7.969471452018484497e+10,2.486474311840710342e+08,5.196716829096312635e+06,1.485177895397234497e+11,0.000000000000000000e+00
0.000000000000000000e+00,0.000000000000000000e+00,0.000000000000000000e+00,0.000000000000000000e+00,0.000000000000000000e+00,0.000000000000000000e+00,0.000000000000000000e+00,0.000000000000000000e+00,1.951860806907059858e+06,1.074956187168058706e+06,2.826046354543415084e+07,8.620931647115695190e+10,2.896267021584501863e+08,7.074940832056381740e+06,1.607003571436057434e+11,0.000000000000000000e+00
0.000000000000000000e+00,0.000000000000000000e+00,0.000000000000000000e+00,0.000000000000000000e+00,0.000000000000000000e+00,0.000000000000000000e+00,0.000000000000000000e+00,0.000000000000000000e+00,2.097173777920543216e+06,1.155023538679222343e+06,3.045404062339742854e+07,9.270472120888810730e+10,3.331789595212779641e+08,9.394578933386700228e+06,1.728529676733690491e+11,0.000000000000000000e+00
0.000000000000000000e+00,0.000000000000000000e+00,0.000000000000000000e+00,0.000000000000000000e+00,0.000000000000000000e+00,0.000000000000000000e+00,0.000000000000000000e+00,0.000000000000000000e+00,2.241821226317150984e+06,1.234724182854613289e+06,3.264482275818372145e+07,9.918099000465937805e+10,3.791739398143154383e+08,1.220901337601157278e+07,1.849755930044636536e+11,0.000000000000000000e+00
0.000000000000000000e+00,0.000000000000000000e+00,0.000000000000000000e+00,0.000000000000000000e+00,0.000000000000000000e+00,0.000000000000000000e+00,0.000000000000000000e+00,0.000000000000000000e+00,2.385805619445435237e+06,1.314059479255673941e+06,3.483278009569530189e+07,1.056381837699200134e+11,4.274817678484951258e+08,1.557156674388049543e+07,1.970682046792036743e+11,0.000000000000000000e+00
0.000000000000000000e+00,0.000000000000000000e+00,0.000000000000000000e+00,0.000000000000000000e+00,0.000000000000000000e+00,0.000000000000000000e+00,0.000000000000000000e+00,0.000000000000000000e+00,2.529129405868286267e+06,1.393030777093010722e+06,3.701792399683830887e+07,1.120763632184140778e+11,4.779736759799082875e+08,1.953506138068810105e+07,2.091307733760226746e+11,0.000000000000000000e+00
0.000000000000000000e+00,0.000000000000000000e+00,0.000000000000000000e+00,0.000000000000000000e+00,0.000000000000000000e+00,0.000000000000000000e+00,0.000000000000000000e+00,0.000000000000000000e+00,2.671795031689940020e+06,1.471639424221993191e+06,3.920027330977693945e+07,1.184955888320414429e+11,5.305228281198943853e+08,2.415142457289790362e+07,2.211632706455412598e+11,0.000000000000000000e+00
0.000000000000000000e+00,0.000000000000000000e+00,0.000000000000000000e+00,0.000000000000000000e+00,0.000000000000000000e+00,0.000000000000000000e+00,0.000000000000000000e+00,0.000000000000000000e+00,2.813804948623550124e+06,1.549886771588343428e+06,4.137981619263500720e+07,1.248959208258883514e+11,5.850050236157263517e+08,2.947135421300598979e+07,2.331656696382656860e+11,0.000000000000000000e+00
0.000000000000000000e+00,0.000000000000000000e+00,0.000000000000000000e+00,0.000000000000000000e+00,0.000000000000000000e+00,0.000000000000000000e+00,0.000000000000000000e+00,0.000000000000000000e+00,2.955161619321947917e+06,1.627774176165540004e+06,4.355660459136079252e+07,1.312774192368446655e+11,6.412992220235403776e+08,3.554401222223669291e+07,2.451379454455491638e+11,0.000000000000000000e+00
0.000000000000000000e+00,0.000000000000000000e+00,0.000000000000000000e+00,0.000000000000000000e+00,0.000000000000000000e+00,0.000000000000000000e+00,0.000000000000000000e+00,0.000000000000000000e+00,3.095867526909806300e+06,1.705303006207227707e+06,4.573072631678697467e+07,1.376401438994071960e+11,6.992880482570025921e+08,4.241678419084291160e+07,2.570800761295447388e+11,0.000000000000000000e+00
0.000000000000000000e+00,0.000000000000000000e+00,0.000000000000000000e+00,0.000000000000000000e+00,0.000000000000000000e+00,0.000000000000000000e+00,0.000000000000000000e+00,0.000000000000000000e+00,3.235925176612251438e+06,1.782474642144600861e+06,4.790215802199538052e+07,1.439841543093348694e+11,7.588582985299751759e+08,5.013509469708274305e+07,2.689920429066764526e+11,0.000000000000000000e+00
0.000000000000000000e+00,0.000000000000000000e+00,0.000000000000000000e+00,0.000000000000000000e+00,0.000000000000000000e+00,0.000000000000000000e+00,0.000000000000000000e+00,0.000000000000000000e+00,3.375337098761052359e+06,1.859290478242584970e+06,5.007090762010569870e+07,1.503095097567930298e+11,8.199011138674654961e+08,5.874225409359455109e+07,2.808738302819736938e+11,0.000000000000000000e+00
0.000000000000000000e+00,0.000000000000000000e+00,0.000000000000000000e+00,0.000000000000000000e+00,0.000000000000000000e+00,0.000000000000000000e+00,0.000000000000000000e+00,0.000000000000000000e+00,3.514105853388093412e+06,1.935751925131437834e+06,5.223699184231263399e+07,1.566162693099195251e+11,8.823122196426399946e+08,6.827934706967647374e+07,2.927254265870189819e+11,0.000000000000000000e+00
0.000000000000000000e+00,0.000000000000000000e+00,0.000000000000000000e+00,0.000000000000000000e+00,0.000000000000000000e+00,0.000000000000000000e+00,0.000000000000000000e+00,0.000000000000000000e+00,3.652234043409017846e+06,2.011860417070861207e+06,5.440043101106401533e+07,1.629044918103659973e+11,9.459920791150490046e+08,7.878515822271835804e+07,3.045468256788850708e+11,0.000000000000000000e+00
0.000000000000000000e+00,0.000000000000000000e+00,0.000000000000000000e+00,0.000000000000000000e+00,0.000000000000000000e+00,0.000000000000000000e+00,0.000000000000000000e+00,0.000000000000000000e+00,3.789724290948277805e+06,2.087617398904686794e+06,5.656124562566138059e+07,1.691742358706517639e+11,1.010845980527717590e+09,9.029612994915935397e+07,3.163380238243803101e+11,0.000000000000000000e+00
0.000000000000000000e+00,0.000000000000000000e+00,0.000000000000000000e+00,0.000000000000000000e+00,0.000000000000000000e+00,0.000000000000000000e+00,0.000000000000000000e+00,0.000000000000000000e+00,3.926579250844229013e+06,2.163024333502449561e+06,5.871945582659257948e+07,1.754255598750389099e+11,1.076784064296775579e+09,1.028463485211752504e+08,3.280990214930740967e+11,0.000000000000000000e+00
0.000000000000000000e+00,0.000000000000000000e+00,0.000000000000000000e+00,0.000000000000000000e+00,0.000000000000000000e+00,0.000000000000000000e+00,0.000000000000000000e+00,0.000000000000000000e+00,4.062801610527208075e+06,2.238082701692195609e+06,6.087508099452645332e+07,1.816585219805986023e+11,1.143721301646868467e+09,1.164675543462082297e+08,3.398298233874911499e+11,0.000000000000000000e+00
0.000000000000000000e+00,0.000000000000000000e+00,0.000000000000000000e+00,0.000000000000000000e+00,0.000000000000000000e+00,0.000000000000000000e+00,0.000000000000000000e+00,0.000000000000000000e+00,4.198394089293110184e+06,2.312794001860200427e+06,6.302813827520048618e+07,1.878731801181233521e+11,1.211577432664690256e+09,1.311891725937407017e+08,3.515304384148463745e+11,0.000000000000000000e+00
0.000000000000000000e+00,0.000000000000000000e+00,0.000000000000000000e+00,0.000000000000000000e+00,0.000000000000000000e+00,0.000000000000000000e+00,0.000000000000000000e+00,0.000000000000000000e+00,4.333359471910300665e+06,2.387159768468650524e+06,6.517840344731746614e+07,1.940695922991618042e+11,1.280273852669792652e+09,1.470397164668017030e+08,3.632008796232943726e+11,0.000000000000000000e+00
0.000000000000000000e+00,0.000000000000000000e+00,0.000000000000000000e+00,0.000000000000000000e+00,0.000000000000000000e+00,0.000000000000000000e+00,0.000000000000000000e+00,0.000000000000000000e+00,4.467700516992445104e+06,2.461181521568050142e+06,6.732609415518771112e+07,2.002478161941594849e+11,1.349739771796077490e+09,1.640439187239813805e+08,3.748411611587622070e+11,0.000000000000000000e+00
0.000000000000000000e+00,0.000000000000000000e+00,0.000000000000000000e+00,0.000000000000000000e+00,0.000000000000000000e+00,0.000000000000000000e+00,0.000000000000000000e+00,0.000000000000000000e+00,4.601420038257695735e+06,2.534860811572193634e+06,6.947127433443188667e+07,2.064079090972376709e+11,1.419908884329003334e+09,1.822244145837329626e+08,3.864513048283264771e+11,0.000000000000000000e+00
0.000000000000000000e+00,0.000000000000000000e+00,0.000000000000000000e+00,0.000000000000000000e+00,0.000000000000000000e+00,0.000000000000000000e+00,0.000000000000000000e+00,0.000000000000000000e+00,4.734520872541753575e+06,2.608199201632739045e+06,7.161397324656592309e+07,2.125499280482211304e+11,1.490719122525987148e+09,2.016018039127461016e+08,3.980313359118182983e+11,0.000000000000000000e+00
0.000000000000000000e+00,0.000000000000000000e+00,0.000000000000000000e+00,0.000000000000000000e+00,0.000000000000000000e+00,0.000000000000000000e+00,0.000000000000000000e+00,0.000000000000000000e+00,4.867005879690493457e+06,2.681198267580040731e+06,7.375421206335331500e+07,2.186739298604699402e+11,1.562112455174556732e+09,2.221947381366117895e+08,4.095812832324824829e+11,0.000000000000000000e+00
0.000000000000000000e+00,0.000000000000000000e+00,0.000000000000000000e+00,0.000000000000000000e+00,0.000000000000000000e+00,0.000000000000000000e+00,0.000000000000000000e+00,0.000000000000000000e+00,4.998877941027831286e+06,2.753859597078913357e+06,7.589200996212521195e+07,2.247799711281961975e+11,1.634034699578092337e+09,2.440200106942297816e+08,4.211011790600050659e+11,0.000000000000000000e+00
0.000000000000000000e+00,0.000000000000000000e+00,0.000000000000000000e+00,0.000000000000000000e+00,0.000000000000000000e+00,0.000000000000000000e+00,0.000000000000000000e+00,0.000000000000000000e+00,5.130139957321542315e+06,2.826184788507755380e+06,7.802738555659909546e+07,2.308681082290550537e+11,1.706435333863381386e+09,2.670926496937923729e+08,4.325910589512870483e+11,0.000000000000000000e+00
0.000000000000000000e+00,0.000000000000000000e+00,0.000000000000000000e+00,0.000000000000000000e+00,0.000000000000000000e+00,0.000000000000000000e+00,0.000000000000000000e+00,0.000000000000000000e+00,5.260794846667333506e+06,2.898175449792625848e+06,8.016035724961557984e+07,2.369383973256148987e+11,1.779267308480952263e+09,2.914260115322986245e+08,4.440509615798246460e+11,0.000000000000000000e+00
0.000000000000000000e+00,0.000000000000000000e+00,0.000000000000000000e+00,0.000000000000000000e+00,0.000000000000000000e+00,0.000000000000000000e+00,0.000000000000000000e+00,0.000000000000000000e+00,5.390845542370607145e+06,2.969833197240053676e+06,8.229094332938545942e+07,2.429908943665448303e+11,1.852486858252932787e+09,3.170318743822882771e+08,4.554809285622065430e+11,0.000000000000000000e+00
0.000000000000000000e+00,0.000000000000000000e+00,0.000000000000000000e+00,0.000000000000000000e+00,0.000000000000000000e+00,0.000000000000000000e+00,0.000000000000000000e+00,0.000000000000000000e+00,5.520294991146026179e+06,3.041159654544962570e+06,8.441916199820822477e+07,2.490256550877227478e+11,1.926053316610206842e+09,3.439205306231474876e+08,4.668810043238225098e+11,0.000000000000000000e+00
0.000000000000000000e+00,0.000000000000000000e+00,0.000000000000000000e+00,0.000000000000000000e+00,0.000000000000000000e+00,0.000000000000000000e+00,0.000000000000000000e+00,0.000000000000000000e+00,5.649146149923070334e+06,3.112156451030468568e+06,8.654503139178082347e+07,2.550427350133094788e+11,1.999928933556750774e+09,3.721008774256648421e+08,4.782512357712011108e+11,0.000000000000000000e+00
0.000000000000000000e+00,0.000000000000000000e+00,0.000000000000000000e+00,0.000000000000000000e+00,0.000000000000000000e+00,0.000000000000000000e+00,0.000000000000000000e+00,0.000000000000000000e+00,5.777401985728357919e+06,3.182825221583036706e+06,8.866856956686201692e+07,2.610421894568188477e+11,2.074078698410023689e+09,4.015805049497010112e+08,4.895916723757743530e+11,0.000000000000000000e+00
0.000000000000000000e+00,0.000000000000000000e+00,0.000000000000000000e+00,0.000000000000000000e+00,0.000000000000000000e+00,0.000000000000000000e+00,0.000000000000000000e+00,0.000000000000000000e+00,5.905065472144769505e+06,3.253167604701390956e+06,9.078979451704661548e+07,2.670240735221780090e+11,2.148470168470409393e+09,4.323657815824809670e+08,5.009023657882089844e+11,0.000000000000000000e+00
0.000000000000000000e+00,0.000000000000000000e+00,0.000000000000000000e+00,0.000000000000000000e+00,0.000000000000000000e+00,0.000000000000000000e+00,0.000000000000000000e+00,0.000000000000000000e+00,6.032139588456171565e+06,3.323185242025240790e+06,9.290872416152547300e+07,2.729884421047819824e+11,2.223073304159573078e+09,4.644619359444888830e+08,5.121833698111742554e+11,0.000000000000000000e+00
0.000000000000000000e+00,0.000000000000000000e+00,0.000000000000000000e+00,0.000000000000000000e+00,0.000000000000000000e+00,0.000000000000000000e+00,0.000000000000000000e+00,0.000000000000000000e+00,6.158627317555625923e+06,3.392879777182666585e+06,9.502537634626775980e+07,2.789353498925482178e+11,2.297860311221849918e+09,4.978731353637961745e+08,5.234347401982161255e+11,0.000000000000000000e+00
0.000000000000000000e+00,0.000000000000000000e+00,0.000000000000000000e+00,0.000000000000000000e+00,0.000000000000000000e+00,0.000000000000000000e+00,0.000000000000000000e+00,0.000000000000000000e+00,6.284531644560498185e+06,3.462252855027017649e+06,9.713976883975914121e+07,2.848648513669669800e+11,2.372805490287369728e+09,5.326025606711881161e+08,5.346565345429316406e+11,0.000000000000000000e+00
0.000000000000000000e+00,0.000000000000000000e+00,0.000000000000000000e+00,0.000000000000000000e+00,0.000000000000000000e+00,0.000000000000000000e+00,0.000000000000000000e+00,0.000000000000000000e+00,6.409855556144351140e+06,3.531306121268775780e+06,9.925191932927080989e+07,2.907770008041486816e+11,2.447885093990568638e+09,5.686524772186981440e+08,5.458488122609015503e+11,0.000000000000000000e+00
0.000000000000000000e+00,0.000000000000000000e+00,0.000000000000000000e+00,0.000000000000000000e+00,0.000000000000000000e+00,0.000000000000000000e+00,0.000000000000000000e+00,0.000000000000000000e+00,6.534602036336912774e+06,3.600041220161261968e+06,1.013618454231298864e+08,2.966718522758722534e+11,2.523077191709805012e+09,6.060243020874181986e+08,5.570116340806303711e+11,0.000000000000000000e+00
0.000000000000000000e+00,0.000000000000000000e+00,0.000000000000000000e+00,0.000000000000000000e+00,0.000000000000000000e+00,0.000000000000000000e+00,0.000000000000000000e+00,0.000000000000000000e+00,6.658774067151032388e+06,3.668459794846103061e+06,1.034695646415281296e+08,3.025494596506237183e+11,2.598361541883326054e+09,6.447186675109504461e+08,5.681450621907170410e+11,0.000000000000000000e+00
0.000000000000000000e+00,0.000000000000000000e+00,0.000000000000000000e+00,0.000000000000000000e+00,0.000000000000000000e+00,0.000000000000000000e+00,0.000000000000000000e+00,0.000000000000000000e+00,6.782374626999086700e+06,3.736563486480643973e+06,1.055750944165363461e+08,3.084098765946370239e+11,2.673719471795471668e+09,6.847354805627014637e+08,5.792491600785781250e+11,0.000000000000000000e+00
0.000000000000000000e+00,0.000000000000000000e+00,0.000000000000000000e+00,0.000000000000000000e+00,0.000000000000000000e+00,0.000000000000000000e+00,0.000000000000000000e+00,0.000000000000000000e+00,6.905406689491155557e+06,3.804353933575723786e+06,1.076784520902683437e+08,3.142531565729292603e+11,2.749133764658236027e+09,7.260739791980397701e+08,5.903239924161994629e+11,0.000000000000000000e+00
0.000000000000000000e+00,0.000000000000000000e+00,0.000000000000000000e+00,0.000000000000000000e+00,0.000000000000000000e+00,0.000000000000000000e+00,0.000000000000000000e+00,0.000000000000000000e+00,7.027873222385114059e+06,3.871832771417160984e+06,1.097796549132819325e+08,3.200793528503311157e+11,2.824588553763112545e+09,7.687327847633672953e+08,6.013696249617572021e+11,0.000000000000000000e+00
0.000000000000000000e+00,0.000000000000000000e+00,0.000000000000000000e+00,0.000000000000000000e+00,0.000000000000000000e+00,0.000000000000000000e+00,0.000000000000000000e+00,0.000000000000000000e+00,7.149777186591436155e+06,3.939001631517384201e+06,1.118787200433081836e+08,3.258885184925127563e+11,2.900069223443286419e+09,8.127099511020900011e+08,6.123861244639770508e+11,0.000000000000000000e+00
0.000000000000000000e+00,0.000000000000000000e+00,0.000000000000000000e+00,0.000000000000000000e+00,0.000000000000000000e+00,0.000000000000000000e+00,0.000000000000000000e+00,0.000000000000000000e+00,7.271121535244723782e+06,4.005862141103832982e+06,1.139756645442488194e+08,3.316807063670045776e+11,2.975562316561457157e+09,8.580030104000095129e+08,6.233735585711407471e+11,0.000000000000000000e+00
0.000000000000000000e+00,0.000000000000000000e+00,0.000000000000000000e+00,0.000000000000000000e+00,0.000000000000000000e+00,0.000000000000000000e+00,0.000000000000000000e+00,0.000000000000000000e+00,7.391909212836677209e+06,4.072415922641210258e+06,1.160705053854137957e+08,3.374559691442130737e+11,3.051055448221651554e+09,9.046090159210623503e+08,6.343319957442646484e+11,0.000000000000000000e+00
0.000000000000000000e+00,0.000000000000000000e+00,0.000000000000000000e+00,0.000000000000000000e+00,0.000000000000000000e+00,0.000000000000000000e+00,0.000000000000000000e+00,0.000000000000000000e+00,7.512143154476054944e+06,4.138664593423713930e+06,1.181632594411029965e+08,3.432143592984305420e+11,3.126537225394748211e+09,9.525245817888858318e+08,6.452615051838840332e+11,0.000000000000000000e+00
0.000000000000000000e+00,0.000000000000000000e+00,0.000000000000000000e+00,0.000000000000000000e+00,0.000000000000000000e+00,0.000000000000000000e+00,0.000000000000000000e+00,0.000000000000000000e+00,7.631826285130545497e+06,4.204609765157296322e+06,1.202539434902020097e+08,3.489559291088396606e+11,3.201997172140334129e+09,1.001745919972612023e+09,6.561621567504703369e+11,0.000000000000000000e+00
0.000000000000000000e+00,0.000000000000000000e+00,0.000000000000000000e+00,0.000000000000000000e+00,0.000000000000000000e+00,0.000000000000000000e+00,0.000000000000000000e+00,0.000000000000000000e+00,7.750961518989392556e+06,4.270253043608463369e+06,1.223425742161422074e+08,3.546807306605119019e+11,3.277425660112138271e+09,1.052268874633736730e+09,6.670340208981165771e+11,0.000000000000000000e+00
0.000000000000000000e+00,0.000000000000000000e+00,0.000000000000000000e+00,0.000000000000000000e+00,0.000000000000000000e+00,0.000000000000000000e+00,0.000000000000000000e+00,0.000000000000000000e+00,7.869551758870729245e+06,4.335596028277711011e+06,1.244291682069487721e+08,3.603888158453996582e+11,3.352813844035438538e+09,1.104088953989793062e+09,6.778771686111446533e+11,0.000000000000000000e+00
0.000000000000000000e+00,0.000000000000000000e+00,0.000000000000000000e+00,0.000000000000000000e+00,0.000000000000000000e+00,0.000000000000000000e+00,0.000000000000000000e+00,0.000000000000000000e+00,7.987599895684016868e+06,4.400640312103322707e+06,1.265137419554309249e+08,3.660802363633224487e+11,3.428153601853056431e+09,1.157201359846611500e+09,6.886916713453260498e+11,0.000000000000000000e+00
0.000000000000000000e+00,0.000000000000000000e+00,0.000000000000000000e+00,0.000000000000000000e+00,0.000000000000000000e+00,0.000000000000000000e+00,0.000000000000000000e+00,0.000000000000000000e+00,8.105108807949722745e+06,4.465387481196708977e+06,1.285963118595053852e+08,3.717550437229463501e+11,3.503437479245679379e+09,1.211601014946382523e+09,6.994776009742591553e+11,0.000000000000000000e+00
