number_of_size_bins,3
number_of_components,8
factor_for_multiplying_ppb_to_get_molec/cm3_with_time,[[24130923358.320396], [24130923358.320396], [24130923358.320396], [24130923358.320396], [24130923358.320396], [24130923358.320396], [24130923358.320396], [24130923358.320396], [24130923358.320396], [24130923358.320396], [24130923358.320396], [24130923358.320396], [24130923358.320396], [24130923358.320396], [24130923358.320396], [24130923358.320396], [24130923358.320396], [24130923358.320396], [24130923358.320396], [24130923358.320396], [24130923358.320396], [24130923358.320396], [24130923358.320396], [24130923358.320396], [24130923358.320396], [24130923358.320396], [24130923358.320396], [24130923358.320396], [24130923358.320396], [24130923358.320396], [24130923358.320396], [24130923358.320396], [24130923358.320396], [24130923358.320396], [24130923358.320396], [24130923358.320396], [24130923358.320396], [24130923358.320396], [24130923358.320396], [24130923358.320396], [24130923358.320396], [24130923358.320396], [24130923358.320396], [24130923358.320396], [24130923358.320396], [24130923358.320396], [24130923358.320396], [24130923358.320396], [24130923358.320396], [24130923358.320396], [24130923358.320396], [24130923358.320396], [24130923358.320396], [24130923358.320396], [24130923358.320396], [24130923358.320396], [24130923358.320396], [24130923358.320396], [24130923358.320396], [24130923358.320396], [24130923358.320396]]
simulation_computer_time(s),2.4759771823883057
seed_name,['AMM_SUL']
wall_on_flag_0forNO_>0forYES,1
space_mode,log
index_of_water,6
index_of_seed_components,[3]
size_structure_0_for_moving_centre_1_for_full_moving,0
output_by_sim_sch_ext,/Users/user/Documents/GitHub/PyCHAM/PyCHAM/output/ex_scheme_inc_aq/example_run_output_inc_aq/inputs/ex_scheme_inc_aq.kpp
output_by_sim_mv_ext,/Users/user/Documents/GitHub/PyCHAM/PyCHAM/output/ex_scheme_inc_aq/example_run_output_inc_aq/inputs/ex_model_var_inc_aq.txt
