# particle radii (um) per size_bin (including water contribution to size), with size bins represented by columns and their number (starting from 1) given in second line of header, per time step which is represented by rows and corresponding times given in the time output file 
# 12345678
1.441524501818955981e-03,3.176237474501910144e-03,6.998482843476020246e-03,1.542037158859127510e-02,3.397705834942478520e-02,7.486463522930453252e-02,1.649558225546534918e-01,3.634616439569755553e-01
1.441524501818956415e-03,3.176237474501911445e-03,6.998482843476021981e-03,1.542037158859127857e-02,3.480916377904933606e-02,7.568670936262304749e-02,1.657280082416879852e-01,3.634616439569755553e-01
1.441524501818956415e-03,3.176237474501911445e-03,6.998482843476021981e-03,1.542037158859127857e-02,3.512609923944112755e-02,7.590717680237434040e-02,1.657843993157946949e-01,3.634616439569755553e-01
1.441524501818956415e-03,3.176237474501911445e-03,6.998482843476021981e-03,1.542037158859127857e-02,3.551967875348942261e-02,7.622133361642279004e-02,1.660235830005857838e-01,3.634616439569755553e-01
1.441524501818956415e-03,3.176237474501911445e-03,6.998482843476021981e-03,1.542037158859127857e-02,3.591013885409111844e-02,7.651778628688969686e-02,1.662580074019225085e-01,3.634616439569755553e-01
1.441524501818956415e-03,3.176237474501911445e-03,6.998482843476021981e-03,1.542037158859127857e-02,3.629512695740499950e-02,7.679521113342666072e-02,1.664859503504469429e-01,3.634616439569755553e-01
1.441524501818956415e-03,3.176237474501911445e-03,6.998482843476021981e-03,1.542037158859127857e-02,3.667472398746165346e-02,7.705456875102933978e-02,1.667074242036715448e-01,3.634616439569755553e-01
1.441524501818956415e-03,3.176237474501911445e-03,6.998482843476021981e-03,1.542037158859127857e-02,3.704926594632950571e-02,7.729701414491665923e-02,1.669226280103042748e-01,3.634616439569755553e-01
1.441524501818956415e-03,3.176237474501911445e-03,6.998482843476021981e-03,1.542037158859127857e-02,3.741907730276599481e-02,7.752365241209727142e-02,1.671317694192538672e-01,3.634616439569755553e-01
1.441524501818956415e-03,3.176237474501911445e-03,6.998482843476021981e-03,1.542037158859127857e-02,3.778445128795252655e-02,7.773551847499463041e-02,1.673350484177719977e-01,3.634616439569755553e-01
1.441524501818956415e-03,3.176237474501911445e-03,6.998482843476021981e-03,1.542037158859127857e-02,3.814565494041777943e-02,7.793358072515062240e-02,1.675326580309494107e-01,3.634616439569755553e-01
1.441524501818956415e-03,3.176237474501911445e-03,6.998482843476021981e-03,1.542037158859127857e-02,3.850292985994512029e-02,7.811874249729358621e-02,1.677247832343481959e-01,3.634616439569755553e-01
1.441524501818956415e-03,3.176237474501911445e-03,6.998482843476021981e-03,1.542037158859127857e-02,3.885649574078652718e-02,7.829184551991165419e-02,1.679116014312646565e-01,3.634616439569755553e-01
1.441524501818956415e-03,3.176237474501911445e-03,6.998482843476021981e-03,1.542037158859127857e-02,3.920655407151217575e-02,7.845367436359794444e-02,1.680932836427410926e-01,3.634616439569755553e-01
1.441524501818956415e-03,3.176237474501911445e-03,6.998482843476021981e-03,1.542037158859127857e-02,3.955329011842827897e-02,7.860495953462993957e-02,1.682699946446929995e-01,3.634616439569755553e-01
1.441524501818956415e-03,3.176237474501911445e-03,6.998482843476021981e-03,1.542037158859127857e-02,3.989687448681641241e-02,7.874638062635583302e-02,1.684418931169063827e-01,3.634616439569755553e-01
1.441524501818956415e-03,3.176237474501911445e-03,6.998482843476021981e-03,1.542037158859127857e-02,4.023746497900722308e-02,7.887856917507556076e-02,1.686091318149935681e-01,3.634616439569755553e-01
1.441524501818956415e-03,3.176237474501911445e-03,6.998482843476021981e-03,1.542037158859127857e-02,4.057520669741431635e-02,7.900211231419544677e-02,1.687718576108011570e-01,3.634616439569755553e-01
1.441524501818956415e-03,3.176237474501911445e-03,6.998482843476021981e-03,1.542037158859127857e-02,4.091023458922864176e-02,7.911755669240472244e-02,1.689302124179580533e-01,3.634616439569755553e-01
1.441524501818956415e-03,3.176237474501911445e-03,6.998482843476021981e-03,1.542037158859127857e-02,4.124267479179623275e-02,7.922541153577072892e-02,1.690843334920300867e-01,3.634616439569755553e-01
1.441524501818956415e-03,3.176237474501911445e-03,6.998482843476021981e-03,1.542037158859127857e-02,4.157263775382710747e-02,7.932613316230112399e-02,1.692343425106210275e-01,3.634616439569755553e-01
1.441524501818956415e-03,3.176237474501911445e-03,6.998482843476021981e-03,1.542037158859127857e-02,4.190023581146225251e-02,7.942017251403722666e-02,1.693803723036672870e-01,3.634616439569755553e-01
1.441524501818956415e-03,3.176237474501911445e-03,6.998482843476021981e-03,1.542037158859127857e-02,4.222557447313523421e-02,7.950794807994476798e-02,1.695225489189020607e-01,3.634616439569755553e-01
1.441524501818956415e-03,3.176237474501911445e-03,6.998482843476021981e-03,1.542037158859127857e-02,4.254875118728438516e-02,7.958984878398099594e-02,1.696609928821661839e-01,3.634616439569755553e-01
1.441524501818956415e-03,3.176237474501911445e-03,6.998482843476021981e-03,1.542037158859127857e-02,4.286985729444414001e-02,7.966623807278348790e-02,1.697958198599346102e-01,3.634616439569755553e-01
1.441524501818956415e-03,3.176237474501911445e-03,6.998482843476021981e-03,1.542037158859127857e-02,4.318897854149413712e-02,7.973745681855680389e-02,1.699271412563504724e-01,3.634616439569755553e-01
1.441524501818956415e-03,3.176237474501911445e-03,6.998482843476021981e-03,1.542037158859127857e-02,4.350619551322767314e-02,7.980382652281149680e-02,1.700550646039888369e-01,3.634616439569755553e-01
1.441524501818956415e-03,3.176237474501911445e-03,6.998482843476021981e-03,1.542037158859127857e-02,4.382158436136089630e-02,7.986565129470310498e-02,1.701796938902022105e-01,3.634616439569755553e-01
1.441524501818956415e-03,3.176237474501911445e-03,6.998482843476021981e-03,1.542037158859127857e-02,4.413521719972363089e-02,7.992321966137605482e-02,1.703011297200331675e-01,3.634616439569755553e-01
1.441524501818956415e-03,3.176237474501911445e-03,6.998482843476021981e-03,1.542037158859127857e-02,4.444716229840117716e-02,7.997680613646794556e-02,1.704194693641489788e-01,3.634616439569755553e-01
1.441524501818956415e-03,3.176237474501911445e-03,6.998482843476021981e-03,1.542037158859127857e-02,4.475748560872329362e-02,8.002667362877005641e-02,1.705348078927984568e-01,3.634616439569755553e-01
1.441524501818956415e-03,3.176237474501911445e-03,6.998482843476021981e-03,1.542037158859127857e-02,4.506624916398423858e-02,8.007307348005716918e-02,1.706472368892019975e-01,3.634616439569755553e-01
1.441524501818956415e-03,3.176237474501911445e-03,6.998482843476021981e-03,1.542037158859127857e-02,4.537351070767842859e-02,8.011624614244117204e-02,1.707568440503054452e-01,3.634616439569755553e-01
1.441524501818956415e-03,3.176237474501911445e-03,6.998482843476021981e-03,1.542037158859127857e-02,4.567932522673258389e-02,8.015642328805691608e-02,1.708637142377718021e-01,3.634616439569755553e-01
1.441524501818956415e-03,3.176237474501911445e-03,6.998482843476021981e-03,1.542037158859127857e-02,4.598374513901187094e-02,8.019382876669872706e-02,1.709679296213975630e-01,3.634616439569755553e-01
1.441524501818956415e-03,3.176237474501911445e-03,6.998482843476021981e-03,1.542037158859127857e-02,4.628682018072394905e-02,8.022867916214407313e-02,1.710695695911696457e-01,3.634616439569755553e-01
1.441524501818956415e-03,3.176237474501911445e-03,6.998482843476021981e-03,1.542037158859127857e-02,4.658859750988323528e-02,8.026118444179244915e-02,1.711687108176915828e-01,3.634616439569755553e-01
1.441524501818956415e-03,3.176237474501911445e-03,6.998482843476021981e-03,1.542037158859127857e-02,3.397705834942479214e-02,8.029154450460990189e-02,1.712654273135242322e-01,3.634616439569755553e-01
1.441524501818956415e-03,3.176237474501911445e-03,6.998482843476021981e-03,1.542037158859127857e-02,3.397705834942479214e-02,8.032002214978044285e-02,1.713598553169522754e-01,3.634616439569755553e-01
1.441524501818956415e-03,3.176237474501911445e-03,6.998482843476021981e-03,1.542037158859127857e-02,3.397705834942479214e-02,8.034678267672518137e-02,1.714520271867322754e-01,3.634616439569755553e-01
1.441524501818956415e-03,3.176237474501911445e-03,6.998482843476021981e-03,1.542037158859127857e-02,3.397705834942479214e-02,8.037198473179077429e-02,1.715419901997674024e-01,3.634616439569755553e-01
1.441524501818956415e-03,3.176237474501911445e-03,6.998482843476021981e-03,1.542037158859127857e-02,3.397705834942479214e-02,8.039581123997165124e-02,1.716298090023757328e-01,3.634616439569755553e-01
1.441524501818956415e-03,3.176237474501911445e-03,6.998482843476021981e-03,1.542037158859127857e-02,3.397705834942479214e-02,8.041844199237201118e-02,1.717155472546422479e-01,3.634616439569755553e-01
1.441524501818956415e-03,3.176237474501911445e-03,6.998482843476021981e-03,1.542037158859127857e-02,3.397705834942479214e-02,8.044005066465637066e-02,1.717992649206763756e-01,3.634616439569755553e-01
1.441524501818956415e-03,3.176237474501911445e-03,6.998482843476021981e-03,1.542037158859127857e-02,3.397705834942479214e-02,8.046080680462312784e-02,1.718810198389481292e-01,3.634616439569755553e-01
1.441524501818956415e-03,3.176237474501911445e-03,6.998482843476021981e-03,1.542037158859127857e-02,3.397705834942479214e-02,8.048087635850660615e-02,1.719608681909514103e-01,3.634616439569755553e-01
1.441524501818956415e-03,3.176237474501911445e-03,6.998482843476021981e-03,1.542037158859127857e-02,3.397705834942479214e-02,8.050042111348244822e-02,1.720388641326894841e-01,3.634616439569755553e-01
1.441524501818956415e-03,3.176237474501911445e-03,6.998482843476021981e-03,1.542037158859127857e-02,3.397705834942479214e-02,8.051959870261429786e-02,1.721150598389550590e-01,3.634616439569755553e-01
1.441524501818956415e-03,3.176237474501911445e-03,6.998482843476021981e-03,1.542037158859127857e-02,3.397705834942479214e-02,8.053856261150353635e-02,1.721895055599134972e-01,3.634616439569755553e-01
1.441524501818956415e-03,3.176237474501911445e-03,6.998482843476021981e-03,1.542037158859127857e-02,3.397705834942479214e-02,8.055746217420448052e-02,1.722622496776750611e-01,3.634616439569755553e-01
1.441524501818956415e-03,3.176237474501911445e-03,6.998482843476021981e-03,1.542037158859127857e-02,3.397705834942479214e-02,8.057644256173847330e-02,1.723333387621426294e-01,3.634616439569755553e-01
1.441524501818956415e-03,3.176237474501911445e-03,6.998482843476021981e-03,1.542037158859127857e-02,3.397705834942479214e-02,8.059564476500021002e-02,1.724028176261317991e-01,3.634616439569755553e-01
1.441524501818956415e-03,3.176237474501911445e-03,6.998482843476021981e-03,1.542037158859127857e-02,3.397705834942479214e-02,8.061520557569619438e-02,1.724707293798272423e-01,3.634616439569755553e-01
1.441524501818956415e-03,3.176237474501911445e-03,6.998482843476021981e-03,1.542037158859127857e-02,3.397705834942479214e-02,8.063525756685362145e-02,1.725371154846556121e-01,3.634616439569755553e-01
1.441524501818956415e-03,3.176237474501911445e-03,6.998482843476021981e-03,1.542037158859127857e-02,3.397705834942479214e-02,8.065592907465196637e-02,1.726020158066554344e-01,3.634616439569755553e-01
1.441524501818956415e-03,3.176237474501911445e-03,6.998482843476021981e-03,1.542037158859127857e-02,3.397705834942479214e-02,8.067734418281211073e-02,1.726654686694039931e-01,3.634616439569755553e-01
1.441524501818956415e-03,3.176237474501911445e-03,6.998482843476021981e-03,1.542037158859127857e-02,3.397705834942479214e-02,8.069962271042145641e-02,1.727275109065326275e-01,3.634616439569755553e-01
1.441524501818956415e-03,3.176237474501911445e-03,6.998482843476021981e-03,1.542037158859127857e-02,3.397705834942479214e-02,8.072288020376934548e-02,1.727881779138258633e-01,3.634616439569755553e-01
1.441524501818956415e-03,3.176237474501911445e-03,6.998482843476021981e-03,1.542037158859127857e-02,3.397705834942479214e-02,8.074722793252352149e-02,1.728475037008730675e-01,3.634616439569755553e-01
1.441524501818956415e-03,3.176237474501911445e-03,6.998482843476021981e-03,1.542037158859127857e-02,3.397705834942479214e-02,8.077277289038796437e-02,1.729055209422190043e-01,3.634616439569755553e-01
1.441524501818956415e-03,3.176237474501911445e-03,6.998482843476021981e-03,1.542037158859127857e-02,3.397705834942479214e-02,8.077277289038796437e-02,1.729055209422190043e-01,3.634616439569755553e-01
