# particle size bin bounds (um), with size bins represented by columns and their number (starting at 1 and in line with the lower bound) given in second line of header, per time step which is is represented by rows and corresponding times given in the time output file 
# 12
8.999999999999997585e-04,2.121320343559641997e-02,5.000000000000000000e-01
8.999999999999997585e-04,2.121320343559641997e-02,5.000000000000000000e-01
8.999999999999997585e-04,2.121320343559641997e-02,5.000000000000000000e-01
8.999999999999997585e-04,2.121320343559641997e-02,5.000000000000000000e-01
8.999999999999997585e-04,2.121320343559641997e-02,5.000000000000000000e-01
8.999999999999997585e-04,2.121320343559641997e-02,5.000000000000000000e-01
8.999999999999997585e-04,2.121320343559641997e-02,5.000000000000000000e-01
8.999999999999997585e-04,2.121320343559641997e-02,5.000000000000000000e-01
8.999999999999997585e-04,2.121320343559641997e-02,5.000000000000000000e-01
8.999999999999997585e-04,2.121320343559641997e-02,5.000000000000000000e-01
8.999999999999997585e-04,2.121320343559641997e-02,5.000000000000000000e-01
8.999999999999997585e-04,2.121320343559641997e-02,5.000000000000000000e-01
8.999999999999997585e-04,2.121320343559641997e-02,5.000000000000000000e-01
8.999999999999997585e-04,2.121320343559641997e-02,5.000000000000000000e-01
8.999999999999997585e-04,2.121320343559641997e-02,5.000000000000000000e-01
8.999999999999997585e-04,2.121320343559641997e-02,5.000000000000000000e-01
8.999999999999997585e-04,2.121320343559641997e-02,5.000000000000000000e-01
8.999999999999997585e-04,2.121320343559641997e-02,5.000000000000000000e-01
8.999999999999997585e-04,2.121320343559641997e-02,5.000000000000000000e-01
8.999999999999997585e-04,2.121320343559641997e-02,5.000000000000000000e-01
8.999999999999997585e-04,2.121320343559641997e-02,5.000000000000000000e-01
8.999999999999997585e-04,2.121320343559641997e-02,5.000000000000000000e-01
8.999999999999997585e-04,2.121320343559641997e-02,5.000000000000000000e-01
8.999999999999997585e-04,2.121320343559641997e-02,5.000000000000000000e-01
8.999999999999997585e-04,2.121320343559641997e-02,5.000000000000000000e-01
8.999999999999997585e-04,2.121320343559641997e-02,5.000000000000000000e-01
8.999999999999997585e-04,2.121320343559641997e-02,5.000000000000000000e-01
8.999999999999997585e-04,2.121320343559641997e-02,5.000000000000000000e-01
8.999999999999997585e-04,2.121320343559641997e-02,5.000000000000000000e-01
8.999999999999997585e-04,2.121320343559641997e-02,5.000000000000000000e-01
8.999999999999997585e-04,2.121320343559641997e-02,5.000000000000000000e-01
8.999999999999997585e-04,2.121320343559641997e-02,5.000000000000000000e-01
8.999999999999997585e-04,2.121320343559641997e-02,5.000000000000000000e-01
8.999999999999997585e-04,2.121320343559641997e-02,5.000000000000000000e-01
8.999999999999997585e-04,2.121320343559641997e-02,5.000000000000000000e-01
8.999999999999997585e-04,2.121320343559641997e-02,5.000000000000000000e-01
8.999999999999997585e-04,2.121320343559641997e-02,5.000000000000000000e-01
8.999999999999997585e-04,2.121320343559641997e-02,5.000000000000000000e-01
8.999999999999997585e-04,2.121320343559641997e-02,5.000000000000000000e-01
8.999999999999997585e-04,2.121320343559641997e-02,5.000000000000000000e-01
8.999999999999997585e-04,2.121320343559641997e-02,5.000000000000000000e-01
8.999999999999997585e-04,2.121320343559641997e-02,5.000000000000000000e-01
8.999999999999997585e-04,2.121320343559641997e-02,5.000000000000000000e-01
8.999999999999997585e-04,2.121320343559641997e-02,5.000000000000000000e-01
8.999999999999997585e-04,2.121320343559641997e-02,5.000000000000000000e-01
8.999999999999997585e-04,2.121320343559641997e-02,5.000000000000000000e-01
8.999999999999997585e-04,2.121320343559641997e-02,5.000000000000000000e-01
8.999999999999997585e-04,2.121320343559641997e-02,5.000000000000000000e-01
8.999999999999997585e-04,2.121320343559641997e-02,5.000000000000000000e-01
8.999999999999997585e-04,2.121320343559641997e-02,5.000000000000000000e-01
8.999999999999997585e-04,2.121320343559641997e-02,5.000000000000000000e-01
8.999999999999997585e-04,2.121320343559641997e-02,5.000000000000000000e-01
8.999999999999997585e-04,2.121320343559641997e-02,5.000000000000000000e-01
8.999999999999997585e-04,2.121320343559641997e-02,5.000000000000000000e-01
8.999999999999997585e-04,2.121320343559641997e-02,5.000000000000000000e-01
8.999999999999997585e-04,2.121320343559641997e-02,5.000000000000000000e-01
8.999999999999997585e-04,2.121320343559641997e-02,5.000000000000000000e-01
8.999999999999997585e-04,2.121320343559641997e-02,5.000000000000000000e-01
8.999999999999997585e-04,2.121320343559641997e-02,5.000000000000000000e-01
8.999999999999997585e-04,2.121320343559641997e-02,5.000000000000000000e-01
8.999999999999997585e-04,2.121320343559641997e-02,5.000000000000000000e-01
