# the total concentration (ug/m3) of injected (through initial gas-phase concentration, instantaneous and/or continuous gas-phase influx) components, with component index (relative to all components) in the first row and its cumulative injected concentrations in following rows
0.000000000000000000e+00,1.000000000000000000e+00,2.000000000000000000e+00
1.637683330089259925e+02,5.769912718898324755e+01,0.000000000000000000e+00
1.637683330089259925e+02,5.769912718898324755e+01,0.000000000000000000e+00
1.637683330089259925e+02,5.769912718898324755e+01,0.000000000000000000e+00
1.637683330089259925e+02,5.769912718898324755e+01,0.000000000000000000e+00
1.637683330089259925e+02,5.769912718898324755e+01,0.000000000000000000e+00
1.637683330089259925e+02,5.769912718898324755e+01,0.000000000000000000e+00
1.637683330089259925e+02,5.769912718898324755e+01,0.000000000000000000e+00
1.637683330089259925e+02,5.769912718898324755e+01,0.000000000000000000e+00
1.637683330089259925e+02,5.769912718898324755e+01,0.000000000000000000e+00
1.637683330089259925e+02,5.769912718898324755e+01,0.000000000000000000e+00
1.637683330089259925e+02,5.769912718898324755e+01,0.000000000000000000e+00
1.637683330089259925e+02,5.769912718898324755e+01,0.000000000000000000e+00
1.637683330089259925e+02,5.769912718898324755e+01,0.000000000000000000e+00
1.637683330089259925e+02,5.769912718898324755e+01,0.000000000000000000e+00
1.637683330089259925e+02,5.769912718898324755e+01,0.000000000000000000e+00
1.637683330089259925e+02,5.769912718898324755e+01,0.000000000000000000e+00
1.637683330089259925e+02,5.769912718898324755e+01,0.000000000000000000e+00
1.637683330089259925e+02,5.769912718898324755e+01,0.000000000000000000e+00
1.637683330089259925e+02,5.769912718898324755e+01,0.000000000000000000e+00
1.637683330089259925e+02,5.769912718898324755e+01,0.000000000000000000e+00
1.637683330089259925e+02,5.769912718898324755e+01,0.000000000000000000e+00
1.637683330089259925e+02,5.769912718898324755e+01,0.000000000000000000e+00
1.637683330089259925e+02,5.769912718898324755e+01,0.000000000000000000e+00
1.637683330089259925e+02,5.769912718898324755e+01,0.000000000000000000e+00
1.637683330089259925e+02,5.769912718898324755e+01,0.000000000000000000e+00
1.637683330089259925e+02,5.769912718898324755e+01,0.000000000000000000e+00
1.637683330089259925e+02,5.769912718898324755e+01,0.000000000000000000e+00
1.637683330089259925e+02,5.769912718898324755e+01,0.000000000000000000e+00
1.637683330089259925e+02,5.769912718898324755e+01,0.000000000000000000e+00
1.637683330089259925e+02,5.769912718898324755e+01,0.000000000000000000e+00
1.637683330089259925e+02,5.769912718898324755e+01,0.000000000000000000e+00
1.637683330089259925e+02,5.769912718898324755e+01,0.000000000000000000e+00
1.637683330089259925e+02,5.769912718898324755e+01,0.000000000000000000e+00
1.637683330089259925e+02,5.769912718898324755e+01,0.000000000000000000e+00
1.637683330089259925e+02,5.769912718898324755e+01,0.000000000000000000e+00
1.637683330089259925e+02,5.769912718898324755e+01,0.000000000000000000e+00
1.637683330089259925e+02,5.769912718898324755e+01,0.000000000000000000e+00
1.637683330089259925e+02,5.769912718898324755e+01,0.000000000000000000e+00
1.637683330089259925e+02,5.769912718898324755e+01,0.000000000000000000e+00
1.637683330089259925e+02,5.769912718898324755e+01,0.000000000000000000e+00
1.637683330089259925e+02,5.769912718898324755e+01,0.000000000000000000e+00
1.637683330089259925e+02,5.769912718898324755e+01,0.000000000000000000e+00
1.637683330089259925e+02,5.769912718898324755e+01,0.000000000000000000e+00
1.637683330089259925e+02,5.769912718898324755e+01,0.000000000000000000e+00
1.637683330089259925e+02,5.769912718898324755e+01,0.000000000000000000e+00
1.637683330089259925e+02,5.769912718898324755e+01,0.000000000000000000e+00
1.637683330089259925e+02,5.769912718898324755e+01,0.000000000000000000e+00
1.637683330089259925e+02,5.769912718898324755e+01,0.000000000000000000e+00
1.637683330089259925e+02,5.769912718898324755e+01,0.000000000000000000e+00
1.637683330089259925e+02,5.769912718898324755e+01,0.000000000000000000e+00
1.637683330089259925e+02,5.769912718898324755e+01,0.000000000000000000e+00
1.637683330089259925e+02,5.769912718898324755e+01,0.000000000000000000e+00
1.637683330089259925e+02,5.769912718898324755e+01,0.000000000000000000e+00
1.637683330089259925e+02,5.769912718898324755e+01,0.000000000000000000e+00
1.637683330089259925e+02,5.769912718898324755e+01,0.000000000000000000e+00
1.637683330089259925e+02,5.769912718898324755e+01,0.000000000000000000e+00
1.637683330089259925e+02,5.769912718898324755e+01,0.000000000000000000e+00
1.637683330089259925e+02,5.769912718898324755e+01,0.000000000000000000e+00
1.637683330089259925e+02,5.769912718898324755e+01,0.000000000000000000e+00
1.637683330089259925e+02,5.769912718898324755e+01,0.000000000000000000e+00
1.637683330089259925e+02,5.769912718898324755e+01,0.000000000000000000e+00
