# particle size bin bounds (um), with size bins represented by columns and their number (starting at 1 and in line with the lower bound) given in second line of header, per time step which is is represented by rows and corresponding times given in the time output file 
# 
4.999999999999999237e-03,7.033140206315965405e-03,9.893012232339628079e-03,1.391578841856870238e-02,1.957433820584431397e-02,2.753381300951006361e-02,3.872983346207417577e-02,5.447846978120705203e-02,7.663094323935530638e-02,1.077912335889252421e-01,1.516221717685331538e-01,2.132759984868432546e-01,2.999999999999999334e-01
4.999999999999999237e-03,7.033140206315965405e-03,9.893012232339628079e-03,1.391578841856870238e-02,1.957433820584431397e-02,2.753381300951006361e-02,3.872983346207417577e-02,5.447846978120705203e-02,7.663094323935530638e-02,1.077912335889252421e-01,1.516221717685331538e-01,2.132759984868432546e-01,2.999999999999999334e-01
4.999999999999999237e-03,7.033140206315965405e-03,9.893012232339628079e-03,1.391578841856870238e-02,1.957433820584431397e-02,2.753381300951006361e-02,3.872983346207417577e-02,5.447846978120705203e-02,7.663094323935530638e-02,1.077912335889252421e-01,1.516221717685331538e-01,2.132759984868432546e-01,2.999999999999999334e-01
4.999999999999999237e-03,1.399367101303443557e-02,2.380465979790359968e-02,3.355010863706446578e-02,4.231790969201399549e-02,5.000514609319629822e-02,5.689240211489262483e-02,6.116536009169066396e-02,6.444899667153164424e-02,6.738670564717701150e-02,7.112760308835665291e-02,2.052941280220084985e-01,2.999999999999981015e-01
4.999999999999999237e-03,1.211735104615296529e-02,2.423470209230593059e-02,3.558022377381728218e-02,4.428582575302981994e-02,5.214989726422202682e-02,5.921058860230610232e-02,6.551990731367365872e-02,7.129105753889858343e-02,7.602302769477616018e-02,7.876232277908415402e-02,8.174124845203245560e-02,2.999999999999978795e-01
4.999999999999999237e-03,7.060537755021086860e-03,1.412107551004217372e-02,2.986144779670078103e-02,4.107820316568228797e-02,4.911608646917167004e-02,5.646523740381559353e-02,6.313571309077864457e-02,6.914427027890836241e-02,7.467497866776413862e-02,7.934410860860388603e-02,8.199025663651811346e-02,2.999999999999976574e-01
4.999999999999999237e-03,1.043133283177674273e-02,1.965519928796045229e-02,3.425096521406915950e-02,4.503325984206643651e-02,5.260976849667450134e-02,5.960881486538616159e-02,6.601279539100635141e-02,7.181529155285849841e-02,7.717993174474838125e-02,8.190608739678646721e-02,8.461952224132716915e-02,2.999999999999974909e-01
4.999999999999999237e-03,1.558153625627055512e-02,2.428968634557874748e-02,3.777019703963975517e-02,4.811687170337985292e-02,5.535533113675193684e-02,6.209603580335273237e-02,6.830028793101093620e-02,7.394657574662510946e-02,7.918559843040198776e-02,8.395230163404948653e-02,8.665789552565877907e-02,2.999999999999974909e-01
4.999999999999999237e-03,2.003933510073694843e-02,2.805348412182998713e-02,4.062866080363669585e-02,5.060347128478313861e-02,5.758625019601765899e-02,6.412858697110933315e-02,7.017636994732555367e-02,7.569982440183593841e-02,8.083893502314565271e-02,8.562333509802455556e-02,8.833594272201295006e-02,2.999999999999974909e-01
4.999999999999999237e-03,2.370155052305225607e-02,3.111991701081255612e-02,4.299381219499245205e-02,5.266066984528670197e-02,5.943997512662121258e-02,6.582452327228489886e-02,7.174949676872174886e-02,7.717420664863487711e-02,8.223081949045814298e-02,8.692812027117068074e-02,8.966475145855680451e-02,2.999999999999974909e-01
4.999999999999999237e-03,2.670539119915132237e-02,3.365858413642406483e-02,4.498572465055326874e-02,5.439733694313821782e-02,6.101210535900471188e-02,6.726621376205155212e-02,7.308958422275445288e-02,7.843382095257146747e-02,8.342290098231792961e-02,8.805558178271326308e-02,9.082188999393889239e-02,2.999999999999974909e-01
4.999999999999999237e-03,2.920217688970548273e-02,3.579407085986364284e-02,4.668564325586728458e-02,5.588334271722354002e-02,6.236352236275655853e-02,6.850935810349516319e-02,7.424625616761447444e-02,7.952340796718984639e-02,8.445622912814476635e-02,8.908639932052066224e-02,9.188432298469932646e-02,2.999999999999974909e-01
4.999999999999999237e-03,3.130865345320472948e-02,3.761559725926300057e-02,4.815425517359304963e-02,5.717026478908613513e-02,6.353716433788153539e-02,6.959241152450687529e-02,7.525669863857507857e-02,8.047560143525930854e-02,8.536040992076600331e-02,9.000781254238147955e-02,9.284011039047125602e-02,2.999999999999974909e-01
4.999999999999999237e-03,3.310940224239326823e-02,3.918743209488777940e-02,4.943518003271532568e-02,5.829603377603332498e-02,6.456598697272264431e-02,7.054320858628655710e-02,7.614533366711594142e-02,8.131432563499059463e-02,8.615718029837676761e-02,9.082646364326854571e-02,9.369700922128355869e-02,2.999999999999974909e-01
4.999999999999999237e-03,3.466625217972515299e-02,4.055469538673207169e-02,5.055873084252199279e-02,5.928775494973255455e-02,6.547535812410690270e-02,7.138438922104713147e-02,7.693197099067934641e-02,8.205872777502885851e-02,8.686582771710026074e-02,9.153625890188256398e-02,9.444868533317210546e-02,2.999999999999974909e-01
4.999999999999999237e-03,3.602501956278048728e-02,4.175571527545595546e-02,5.155328783062256004e-02,6.016796788165088700e-02,6.628424433758112189e-02,7.213380964768130454e-02,7.763371863730196554e-02,8.272207970824063672e-02,8.749793484594407811e-02,9.217844660827034797e-02,9.513428123954167925e-02,2.999999999999974909e-01
4.999999999999999237e-03,3.722039746228657936e-02,4.281809865323805281e-02,5.243883895368648546e-02,6.095361707037340315e-02,6.700765840095278258e-02,7.280610475364558687e-02,7.826416210721849620e-02,8.331786977374652792e-02,8.806546999470817039e-02,9.276115217056100926e-02,9.576220511573391159e-02,2.999999999999974909e-01
4.999999999999999237e-03,3.827923079526285993e-02,4.376352132862205285e-02,5.323138275969570288e-02,6.165832269738691362e-02,6.765721034131022549e-02,7.341033319076943620e-02,7.883181543802804392e-02,8.385463747410562552e-02,8.857707069469189509e-02,9.329244344462028771e-02,9.633971405214404593e-02,2.999999999999974909e-01
4.999999999999999237e-03,3.922258546355209680e-02,4.460921172827535253e-02,5.394383446759213468e-02,6.229311765917667360e-02,6.824318061836784355e-02,7.395614076227079170e-02,7.934518194933502799e-02,8.434040528467501296e-02,8.903951217521800798e-02,9.375801970600440571e-02,9.685400941931392171e-02,2.999999999999974909e-01
4.999999999999999237e-03,4.006728052210295488e-02,4.536909991586194485e-02,5.458679155169221531e-02,6.286622276509494511e-02,6.877235099481307512e-02,7.445036197840271264e-02,7.981104620047986542e-02,8.478151929441450629e-02,8.945975173283936266e-02,9.418530972274985480e-02,9.733038176019574717e-02,2.999999999999974909e-01
4.999999999999999237e-03,4.082697977971783826e-02,4.605461729163792123e-02,5.516905981741871551e-02,6.338600435609025030e-02,6.925292060025620144e-02,7.489981157719834137e-02,8.023511820485404455e-02,8.518330921612846107e-02,8.984281980054258099e-02,9.457443011499221119e-02,9.776893802236104325e-02,2.999999999999974909e-01
4.999999999999999237e-03,4.151279403727089340e-02,4.667513829066901460e-02,5.569793453818040752e-02,6.385877871433998099e-02,6.969055039901045356e-02,7.530963387556885436e-02,8.062217062210158547e-02,8.555023826177515778e-02,9.019291080042189657e-02,9.493239836923031416e-02,9.817649909817155462e-02,2.999999999999974909e-01
4.999999999999999237e-03,4.213403356903917818e-02,4.723858705147201964e-02,5.617964982835151055e-02,6.428994485868262665e-02,7.009010887598632333e-02,7.568354315255669540e-02,8.097513361466041060e-02,8.588567531215264561e-02,9.051283012752851798e-02,9.524746943751358219e-02,9.854291039680301845e-02,2.999999999999974909e-01
4.999999999999999237e-03,4.269848746011548762e-02,4.775163987482480138e-02,5.661950415043577600e-02,6.468410416650231809e-02,7.045575510823047505e-02,7.602602690913873307e-02,8.129875424335455958e-02,8.619347760579786077e-02,9.080646031896580372e-02,9.554023753324868140e-02,9.888687990273206663e-02,2.999999999999974909e-01
4.999999999999999237e-03,4.321267017474950817e-02,4.821991322555772147e-02,5.702198716311505239e-02,6.504516503211960066e-02,7.079028961040492729e-02,7.633916152156842994e-02,8.159555671940178778e-02,8.647645004934714774e-02,9.107649898441749770e-02,9.581192887657610791e-02,9.920961599387734253e-02,2.999999999999974909e-01
4.999999999999999237e-03,4.368206888132521171e-02,4.864816167779374700e-02,5.739092314480698925e-02,6.537646339429241393e-02,7.109744048308724862e-02,7.662694632613842316e-02,8.186865779498363194e-02,8.673700742546061604e-02,9.132523199696651606e-02,9.606419860735254668e-02,9.951274270068681538e-02,2.999999999999974909e-01
4.999999999999999237e-03,4.411132125573663521e-02,4.903982691357758328e-02,5.772880498938244564e-02,6.568058824464199918e-02,7.137982197123447781e-02,7.689176354744567399e-02,8.212025414467939710e-02,8.697722697353785226e-02,9.155462538707602460e-02,9.629856130083259969e-02,9.979774537637260690e-02,2.999999999999974909e-01
4.999999999999999237e-03,4.450499501297913718e-02,4.939951466848400974e-02,5.803971684414407223e-02,6.596071784957928397e-02,7.164007788831314172e-02,7.713604778632220105e-02,8.235261186766400232e-02,8.719924314800849008e-02,9.176670270011218211e-02,9.651667526811023856e-02,1.000662483422835175e-01,2.999999999999974909e-01
4.999999999999999237e-03,4.486654489869337098e-02,4.973026616729543659e-02,5.832614008579203868e-02,6.621902651442961030e-02,7.188019673324989867e-02,7.736162845109892383e-02,8.256743207305784760e-02,8.740465697697535896e-02,9.196298104093025838e-02,9.671979174035108540e-02,1.003194796844943670e-01,2.999999999999974909e-01
4.999999999999999237e-03,4.519857331770579800e-02,5.003436278713514762e-02,5.858958351402847320e-02,6.645662737199187209e-02,7.210145674397319682e-02,7.756986966765440361e-02,8.276512891789425397e-02,8.759356682274807571e-02,9.214429067461847589e-02,9.690885170679156002e-02,1.005583668132585401e-01,2.999999999999974909e-01
4.999999999999999237e-03,4.550516037316842261e-02,5.031545555985064699e-02,5.883344757866763863e-02,6.667677262462144705e-02,7.230695548480645107e-02,7.776361110022984857e-02,8.294898916952136991e-02,8.776918284027178385e-02,9.231273677778126241e-02,9.708184669395632238e-02,1.007812511270354816e-01,2.999999999999974909e-01
4.999999999999999237e-03,4.578798068962061651e-02,5.057501574510483294e-02,5.905894268834931821e-02,6.688050858057617565e-02,7.249727340286077348e-02,7.794217729335380096e-02,8.311846371778162934e-02,8.793206212999522819e-02,9.246922215021120828e-02,9.724350267282286242e-02,1.009924482803277318e-01,2.999999999999974909e-01
4.999999999999999237e-03,4.604914254035993165e-02,5.081492081662010440e-02,5.926763295069887444e-02,6.706921669821926113e-02,7.267367570688985923e-02,7.810775448921783437e-02,8.327576731959783485e-02,8.808343405167573525e-02,9.261471795071805901e-02,9.739461718539335622e-02,1.011927415194899399e-01,2.999999999999974909e-01
4.999999999999999237e-03,4.629004625727587557e-02,5.103641005721262086e-02,5.946054048395710973e-02,6.724379521937420834e-02,7.283698398058785495e-02,7.826111980646073552e-02,8.342160342584185873e-02,8.822394303701608376e-02,9.274985025520515736e-02,9.753571221886385423e-02,1.013826510485542898e-01,2.999999999999974909e-01
4.999999999999999237e-03,4.651288255430202634e-02,5.124145583151473726e-02,5.963933405609786464e-02,6.740572908454463275e-02,7.298856803396111537e-02,7.840354656896107721e-02,8.355683223493046152e-02,8.835416235454758571e-02,9.287545961335677558e-02,9.766775781843059501e-02,1.015631296979682546e-01,2.999999999999974909e-01
4.999999999999999237e-03,4.671928469714684007e-02,5.143152843586214218e-02,5.980525708713282929e-02,6.755612495009943874e-02,7.312944883665355167e-02,7.853598362079453055e-02,8.368265847191863616e-02,8.847548899912154041e-02,9.299259210340828086e-02,9.779146903065026597e-02,1.017348832572983752e-01,2.999999999999974909e-01
4.999999999999999237e-03,4.691103574545638782e-02,5.160823639694112758e-02,5.995967348251705908e-02,6.769619597079569451e-02,7.326074539495561200e-02,7.865947075853586823e-02,8.379912147402564238e-02,8.858709119039410995e-02,9.310106032354158179e-02,9.790746545513244470e-02,1.018987310647670591e-01,2.999999999999974909e-01
4.999999999999999237e-03,4.708846212244017365e-02,5.177186198858081678e-02,6.010280690219784588e-02,6.782613556670215316e-02,7.338263264961965293e-02,7.877416733126568760e-02,8.390730247793189156e-02,8.869084935494275790e-02,9.320207737438640505e-02,9.801605076973367303e-02,1.020547485887216693e-01,2.999999999999974909e-01
4.999999999999999237e-03,4.725388407029146309e-02,5.192451919895032381e-02,6.023647623546089097e-02,6.794757478673263407e-02,7.349662306420699787e-02,7.888148545084684715e-02,8.400854705243288034e-02,8.878804110099693114e-02,9.329682590523755148e-02,9.811833906205963407e-02,1.022040417979614979e-01,2.999999999999974909e-01
4.999999999999999237e-03,4.740752151342245840e-02,5.206639550478542322e-02,6.036082586388111237e-02,6.806063539773128668e-02,7.360282494479052084e-02,7.898152209335319862e-02,8.410294302756049500e-02,8.887874543782998960e-02,9.338537811292917101e-02,9.821439137654887352e-02,1.023466847175076022e-01,2.999999999999974909e-01
4.999999999999999237e-03,4.755028372760092270e-02,5.219831449307547888e-02,6.047655777018166867e-02,6.816594390578731288e-02,7.370181750264552523e-02,7.907481637769644967e-02,8.419099590382211895e-02,8.896343880059380538e-02,9.346818657448512091e-02,9.830463562314499526e-02,1.024831042732136654e-01,2.999999999999974909e-01
4.999999999999999237e-03,4.768300627414481102e-02,5.232103428691536884e-02,6.058431967284513137e-02,6.826407905394411835e-02,7.379413620203247037e-02,7.916186701999713971e-02,8.427317353313557025e-02,8.904256236189179996e-02,9.354567053889889516e-02,9.838947108082100879e-02,1.026136992961594746e-01,2.999999999999974909e-01
4.999999999999999237e-03,4.780654477320781665e-02,5.243533338645783859e-02,6.068477945606708113e-02,6.835563881578572698e-02,7.388033504280135111e-02,7.924319063666403207e-02,8.434996108729961306e-02,8.911657421075745711e-02,9.361826572137378621e-02,9.846931541287179401e-02,1.027388858051617726e-01,2.999999999999974909e-01
4.999999999999999237e-03,4.792106373728025753e-02,5.254135560975507768e-02,6.077805248920279541e-02,6.844072284172920961e-02,7.396050420479075016e-02,7.931886928580990370e-02,8.442143379486399812e-02,8.918468308101332176e-02,9.368519432074963460e-02,9.854418983242825558e-02,1.028587536742595204e-01,2.999999999999974909e-01
4.999999999999999237e-03,4.802764571785556741e-02,5.264009049709507393e-02,6.086499361788256374e-02,6.852009886266555161e-02,7.403535640985382804e-02,7.938956890714717052e-02,8.448821819443383396e-02,8.924833575305905764e-02,9.374787464558544114e-02,9.861469302510333934e-02,1.029738210282752225e-01,2.999999999999974909e-01
4.999999999999999237e-03,4.812689643551907454e-02,5.273209114315473983e-02,6.094607968623416694e-02,6.859419503699552834e-02,7.410528909077641890e-02,7.945566068551444816e-02,8.455066329504914990e-02,8.930787781180318796e-02,9.380662044281669332e-02,9.868111821199969380e-02,1.030843954955965591e-01,2.999999999999974909e-01
4.999999999999999237e-03,4.821934017383738835e-02,5.281783583477375754e-02,6.102172237099833668e-02,6.866292799910236888e-02,7.416992029851404711e-02,7.951717145165979050e-02,8.460906953090405191e-02,8.936359342517032067e-02,9.386170156139587994e-02,9.874373156462960821e-02,1.031907458851746423e-01,2.999999999999974909e-01
4.999999999999999237e-03,4.830546545251081236e-02,5.289777078385192455e-02,6.109230643047227488e-02,6.872708612933499384e-02,7.423030457137652638e-02,7.957470846384627483e-02,8.466371741660920491e-02,8.941574716958201885e-02,9.391336954330678499e-02,9.880277753469134117e-02,1.032931197736900175e-01,2.999999999999974909e-01
4.999999999999999237e-03,4.838571860885639703e-02,5.297230399375953136e-02,6.115818405666236662e-02,6.878699725208638205e-02,7.428673540367138062e-02,7.962853718955868743e-02,8.471486472469766382e-02,8.946458266946963334e-02,9.396185605828591414e-02,9.885848562024149300e-02,1.033917497331342111e-01,2.999999999999974909e-01
4.999999999999999237e-03,4.846057130822974124e-02,5.304186758774191018e-02,6.121972956313405378e-02,6.884299845714376975e-02,7.433952552662551061e-02,7.967894982234523249e-02,8.476278694319742957e-02,8.951036061874942384e-02,9.400740928594043810e-02,9.891110146120245250e-02,1.034868834390327563e-01,2.999999999999974909e-01
4.999999999999999237e-03,4.853036341164114476e-02,5.310677213145661296e-02,6.127721079237485186e-02,6.889533014955481760e-02,7.438889755748352706e-02,7.972615402453414601e-02,8.480767951678960803e-02,8.955326558483706068e-02,9.405020466050455219e-02,9.896080122321317118e-02,1.035787013697646863e-01,2.999999999999974909e-01
4.999999999999999237e-03,4.859541587871131496e-02,5.316731171173633835e-02,6.133088242724409750e-02,6.894422160353896878e-02,7.443506423187352949e-02,7.977034859015458279e-02,8.484972980970147127e-02,8.959347474945959788e-02,9.409041081678215512e-02,9.900775470540551515e-02,1.036673776310247791e-01,2.999999999999974909e-01
4.999999999999999237e-03,4.865604666817373303e-02,5.322377781154741944e-02,6.138099708648948882e-02,6.898990023624282375e-02,7.447823660450941796e-02,7.981173077283544581e-02,8.488912373112750265e-02,8.963116396131663721e-02,9.412819516494999594e-02,9.905213042604321672e-02,1.037530846806531543e-01,2.999999999999974909e-01
4.999999999999999237e-03,4.871282351252915338e-02,5.327669281567579823e-02,6.142801033228405261e-02,6.903277739879415398e-02,7.451879752631127007e-02,7.985065926250772828e-02,8.492619983042029586e-02,8.966665438587023695e-02,9.416386412352707735e-02,9.909422987263430405e-02,1.038361220953184366e-01,2.999999999999974909e-01
4.999999999999999237e-03,4.876557944373275527e-02,5.332590124511678992e-02,6.147178372974351768e-02,6.907272686986126731e-02,7.455662838652095392e-02,7.988702203892017462e-02,8.496085188909822949e-02,8.969984421297672039e-02,9.419731991825205930e-02,9.913611039205739994e-02,1.039185054978153527e-01,2.999999999999974909e-01
4.999999999999999237e-03,4.881476378998013399e-02,5.337181635048200701e-02,6.151267737086735937e-02,6.911007354733994523e-02,7.459203141680091631e-02,7.992110213414378717e-02,8.499334695307200760e-02,8.973098665450833511e-02,9.422880406894057481e-02,9.917585045658117160e-02,1.039983679727800731e-01,2.999999999999974909e-01
4.999999999999999237e-03,4.886059529549480196e-02,5.341463690115893365e-02,6.155086311387340109e-02,6.914497429730916134e-02,7.462515349061486780e-02,7.995303702843892246e-02,8.502381474441284004e-02,8.976020452914913739e-02,9.425843367246748705e-02,9.921348120439510421e-02,1.040757591335868537e-01,2.999999999999974909e-01
4.999999999999999237e-03,4.890331054267424427e-02,5.345458286776516577e-02,6.158653373617623689e-02,6.917760134279991868e-02,7.465615368997301216e-02,7.998297566722425977e-02,8.505239580715530379e-02,8.978763097191155840e-02,9.428633570566080646e-02,9.924913815226708846e-02,1.041508177984677291e-01,2.999999999999974909e-01
4.999999999999999237e-03,4.894313022709050748e-02,5.349185719702324870e-02,6.161986586185090597e-02,6.920811394513740056e-02,7.468518007307897721e-02,8.001105662463457724e-02,8.507922084869552759e-02,8.981338976518156436e-02,9.431262821433969434e-02,9.928294845576995931e-02,1.042236743508365843e-01,2.999999999999974909e-01
4.999999999999999237e-03,4.898042420309969142e-02,5.352680086566671824e-02,6.165115768667159962e-02,6.923678173375669154e-02,7.471248386161055688e-02,8.003751549144484667e-02,8.510451237159855076e-02,8.983769213406650467e-02,9.433751292422981605e-02,9.931914887790703472e-02,1.042984661536900531e-01,2.999999999999974909e-01
4.999999999999999237e-03,4.901499875999200395e-02,5.355923439013379056e-02,6.168025071935680920e-02,6.926346072802337661e-02,7.473793026646557980e-02,8.006222538314478054e-02,8.512815026807314667e-02,8.986042338482073955e-02,9.436088006358121782e-02,9.935355571149410980e-02,1.043711219575836069e-01,2.999999999999974909e-01
4.999999999999999237e-03,4.904737372881646379e-02,5.358963747663006427e-02,6.170756521226957586e-02,6.928853124558818910e-02,7.476187393287553329e-02,8.008551910646381777e-02,8.515044899020768332e-02,8.988188230762024500e-02,9.438301512154526063e-02,9.938630218747339373e-02,1.044417953262946619e-01,2.999999999999974909e-01
4.999999999999999237e-03,4.907752176228674656e-02,5.361798442283466359e-02,6.173307782450344200e-02,6.931197177168231527e-02,7.478429444459595843e-02,8.010737724065465637e-02,8.517139002695781058e-02,8.990205093184186480e-02,9.440390083967890866e-02,9.941739748109112984e-02,1.045105021373153031e-01,2.999999999999974909e-01
4.999999999999999237e-03,4.910545115798220506e-02,5.364428264961844384e-02,6.175679457454547050e-02,6.933378759141163583e-02,7.480519652965081367e-02,8.012780408746818239e-02,8.519097738000812325e-02,8.992093278555944591e-02,9.442354057191042205e-02,9.944686991548679078e-02,1.045772762627374258e-01,2.999999999999974909e-01
4.999999999999999237e-03,4.913145653116877259e-02,5.366880378433708243e-02,6.177895303073933919e-02,6.935419341141260685e-02,7.482478021577068650e-02,8.014698721417981564e-02,8.520938815801688826e-02,8.993869600319326363e-02,9.444209492769346792e-02,9.947489604929835028e-02,1.046422928697891830e-01,2.999999999999974909e-01
4.999999999999999237e-03,4.915565737834976662e-02,5.369165819350840696e-02,6.179964989269551290e-02,6.937327682106425586e-02,7.484312717575283824e-02,8.016500328212240734e-02,8.522669482058367607e-02,8.995540933356689639e-02,9.445962967687263068e-02,9.950156053611675100e-02,1.047056393049332901e-01,2.999999999999974909e-01
4.999999999999999237e-03,4.917816685505037311e-02,5.371295017208881084e-02,6.181897625649620392e-02,6.939112011227197008e-02,7.486031402230583498e-02,8.018192410627279776e-02,8.524296516295462589e-02,8.997113703532493012e-02,9.447620625240610304e-02,9.952694229030729922e-02,1.047673972090618633e-01,2.999999999999974909e-01
4.999999999999999237e-03,4.919909995483830872e-02,5.373278587327810080e-02,6.183702507462599668e-02,6.940780740763924372e-02,7.487641917364379340e-02,8.019782327710540948e-02,8.525826871792592521e-02,8.998594508312987572e-02,9.449188777925593419e-02,9.955112049290057441e-02,1.048276483435040540e-01,2.999999999999974909e-01
4.999999999999999237e-03,4.921855780940057046e-02,5.375125838794752448e-02,6.185387749574133842e-02,6.942341187078422682e-02,7.489151067424827668e-02,8.021276452387282596e-02,8.527266559340586360e-02,8.999989041407122081e-02,9.450672868385190384e-02,9.957416468754309857e-02,1.048864650466496962e-01,2.999999999999974909e-01
4.999999999999999237e-03,4.923662901417080046e-02,5.376844963653128195e-02,6.186960542356312320e-02,6.943799869646241629e-02,7.490564937350203956e-02,8.022680501950057996e-02,8.528620985907145458e-02,9.001302436275804286e-02,9.452077815665720084e-02,9.959613836737125914e-02,1.049439138302542401e-01,2.999999999999974909e-01
4.999999999999999237e-03,4.925342426353300496e-02,5.378446183019216370e-02,6.188429841413302379e-02,6.945164893466930500e-02,7.491891084943448631e-02,8.024001571017203016e-02,8.529896855150641277e-02,9.002541056873911152e-02,9.453409711935117921e-02,9.961711511463579305e-02,1.050000706280222323e-01,2.999999999999974909e-01
4.999999999999999237e-03,4.926900024730265087e-02,5.379934713841136307e-02,6.189800189686157916e-02,6.946440351247196165e-02,7.493133314940914058e-02,8.025243223144575000e-02,8.531097527118639001e-02,9.003708082421701953e-02,9.454671602475238357e-02,9.963713843090757361e-02,1.050549825269177368e-01,2.999999999999974909e-01
4.999999999999999237e-03,4.928344725446227176e-02,5.381318903772212836e-02,6.191078915291444579e-02,6.947632884831095312e-02,7.494297827199197792e-02,8.026411284146782454e-02,8.532228510656406084e-02,9.004808745806508474e-02,9.455868502851474955e-02,9.965626976237131063e-02,1.051087136261861094e-01,2.999999999999974909e-01
4.999999999999999237e-03,4.929681404410807960e-02,5.382603248242204264e-02,6.192269944037898793e-02,6.948746038437922379e-02,7.495387921718679736e-02,8.027508849548162240e-02,8.533292727610197748e-02,9.005845814519078396e-02,9.457003068784800015e-02,9.967454716908025203e-02,1.051613055762749688e-01,2.999999999999974909e-01
4.999999999999999237e-03,4.930918006531957026e-02,5.383795089670081330e-02,6.193379717616750990e-02,6.949785646606533585e-02,7.496409043320184651e-02,8.028541034870625981e-02,8.534295013810623554e-02,9.006823881432672596e-02,9.458079703925342807e-02,9.969543458182003604e-02,1.052161397993891523e-01,2.999999999999974909e-01
4.999999999999999237e-03,4.932061354394174507e-02,5.384900729396684821e-02,6.194413758552706067e-02,6.950756706762122039e-02,7.497365853340087760e-02,8.029512218107731636e-02,8.535239506161827749e-02,9.007746873828882672e-02,9.459102175084323216e-02,9.971551741418940851e-02,1.052698907045290511e-01,2.999999999999974909e-01
4.999999999999999237e-03,4.933120968732342820e-02,5.385928964764898769e-02,6.195379785811688106e-02,6.951666208861147223e-02,7.498264875102987614e-02,8.030428527604058231e-02,8.536131997329474141e-02,9.008620296031495667e-02,9.460075757420077780e-02,9.973475379189089551e-02,1.053225372696945383e-01,2.999999999999974909e-01
4.999999999999999237e-03,4.934097697090108342e-02,5.386880575511975022e-02,6.196278473454570196e-02,6.952514757315499117e-02,7.499106669898135402e-02,8.031290491426122669e-02,8.536972984712662416e-02,9.009444614001115015e-02,9.461000910677871967e-02,9.975316681023602139e-02,1.053741059090483878e-01,2.999999999999974909e-01
4.999999999999999237e-03,4.934996963790393848e-02,5.387760573164371292e-02,6.197114216032036799e-02,6.953306329905732663e-02,7.499894949759315643e-02,8.032101598130111930e-02,8.537765765554473918e-02,9.010222958918732983e-02,9.461880642423019239e-02,9.977080364995528916e-02,1.054246457097041817e-01,2.999999999999974909e-01
4.999999999999999237e-03,4.935823634916971375e-02,5.388573456545101698e-02,6.197890962358735406e-02,6.954044503516917941e-02,7.500633054451315285e-02,8.032864988237842230e-02,8.538513309188607014e-02,9.010958151405053240e-02,9.462717664366884773e-02,9.978770745609120973e-02,1.054742018417559740e-01,2.999999999999974909e-01
4.999999999999999237e-03,4.936582237105401061e-02,5.389323408778842056e-02,6.198612381688904660e-02,6.954732599728921660e-02,7.501324084525363978e-02,8.033583576871027032e-02,8.539218371119249029e-02,9.011652808506702417e-02,9.463514493295892283e-02,9.980391837473441552e-02,1.055228165352787295e-01,2.999999999999974909e-01
4.999999999999999237e-03,4.937277078765661686e-02,5.390014416322047586e-02,6.199281977659693021e-02,6.955373795096919665e-02,7.501971008309715749e-02,8.034260157567153782e-02,8.539883593909565473e-02,9.012309441889110317e-02,9.464273546769411127e-02,9.981947457728937434e-02,1.055705300739417513e-01,2.999999999999974909e-01
4.999999999999999237e-03,4.937912043795992384e-02,5.390650060494374396e-02,6.199902881184121001e-02,6.955970915661141563e-02,7.502576459750455451e-02,8.034897203895925710e-02,8.540511312679811839e-02,9.012930267062836676e-02,9.464996955980234383e-02,9.983441051151184520e-02,1.056173790893518566e-01,2.999999999999974909e-01
4.999999999999999237e-03,4.938491457941213136e-02,5.391234343056423850e-02,6.200478609144259579e-02,6.956527149384686415e-02,7.503143417930113745e-02,8.035497519563057633e-02,8.541104179464845125e-02,9.013517805393955751e-02,9.465687147789358935e-02,9.984876259689241806e-02,1.056634020365350007e-01,2.999999999999974909e-01
4.999999999999999237e-03,4.939018628128464400e-02,5.391770323933645775e-02,6.201011851053639390e-02,6.957044934318711016e-02,7.503674161908942264e-02,8.036063250841868344e-02,8.541664224682171680e-02,9.014073987080362116e-02,9.466345984088958554e-02,9.986256105611648892e-02,1.057086314086985446e-01,2.999999999999974909e-01
4.999999999999999237e-03,4.939496792741331771e-02,5.392260996337541051e-02,6.201505233611747520e-02,6.957526648322852336e-02,7.504170912822095973e-02,8.036596488159247764e-02,8.542193424716731931e-02,9.014600690206460432e-02,9.466975276090365543e-02,9.987583486379757181e-02,1.057530984285780795e-01,2.999999999999974909e-01
4.999999999999999237e-03,4.939929016552944280e-02,5.392709193998623807e-02,6.201961245014743496e-02,6.957974544812778328e-02,7.504635776384879775e-02,8.037099214146517512e-02,8.542693654484771748e-02,9.015099696960059139e-02,9.467576743633929204e-02,9.988861142943739058e-02,1.057968327611975567e-01,2.999999999999974909e-01
4.999999999999999237e-03,4.940320198859237538e-02,5.393119446528899658e-02,6.202383864063280156e-02,6.958392228367629717e-02,7.505072120092895482e-02,8.037574596795371562e-02,8.543167909759573353e-02,9.015573856484560000e-02,9.468153126265588249e-02,9.990092723957276488e-02,1.058398726027370285e-01,2.999999999999974909e-01
4.999999999999999237e-03,4.940670716502628540e-02,5.393492103851382086e-02,6.202773398078556544e-02,6.958779976781308274e-02,7.505480205941383876e-02,8.038022887615353662e-02,8.543616429079722852e-02,9.016023394755855180e-02,9.468704656874760150e-02,9.991279431224113494e-02,1.058822328827472709e-01,2.999999999999974909e-01
4.999999999999999237e-03,4.940983142321381250e-02,5.393829542966088048e-02,6.203131932037991847e-02,6.959139676365100335e-02,7.505861796276250275e-02,8.038445746154157523e-02,8.544040781340603297e-02,9.016449803031842403e-02,9.469232776653473127e-02,9.992423559077524831e-02,1.059239388090053025e-01,2.999999999999974909e-01
4.999999999999999237e-03,4.941259841720499479e-02,5.394133953103385365e-02,6.203461391409482301e-02,6.959473072835330176e-02,7.506218524529008340e-02,8.038844712777992729e-02,8.544442424277470804e-02,9.016854468240885490e-02,9.469738828039626910e-02,9.993527257218307036e-02,1.059650141596606282e-01,2.999999999999974909e-01
4.999999999999999237e-03,4.941502318906788871e-02,5.394406726227581050e-02,6.203762999652781551e-02,6.959781274513299199e-02,7.506551428421598393e-02,8.039220767794065525e-02,8.544822285647320215e-02,9.017238272811992084e-02,9.470223670917418679e-02,9.994592166989622883e-02,1.060054778266469738e-01,2.999999999999974909e-01
4.999999999999999237e-03,4.941714042105282978e-02,5.394651070027565998e-02,6.204039576266067585e-02,6.960066836642846144e-02,7.506862896872999735e-02,8.039576160849697117e-02,8.545182493547963387e-02,9.017603241686149296e-02,9.470689256953208901e-02,9.995620924537612639e-02,1.060453580556388886e-01,2.999999999999974909e-01
4.999999999999999237e-03,4.941896401215944978e-02,5.394868266107807897e-02,6.204292241775199307e-02,6.960330769691187858e-02,7.507153873738267591e-02,8.039911781968134274e-02,8.545523888608769214e-02,9.017950173313563078e-02,9.471136364354490467e-02,9.996615006347993326e-02,1.060846720342106531e-01,2.999999999999974909e-01
4.999999999999999237e-03,4.942051474846336639e-02,5.395060240728823814e-02,6.204522694197733140e-02,6.960574615753750694e-02,7.507425804034754957e-02,8.040228995847290006e-02,8.545847763518479856e-02,9.018280299091645247e-02,9.471566187138037718e-02,9.997576247642110669e-02,1.061234403048914865e-01,2.999999999999974909e-01
4.999999999999999237e-03,4.942180799234507926e-02,5.395228413127957368e-02,6.204732178499149792e-02,6.960799500646973337e-02,7.507679740869525886e-02,8.040528796359890096e-02,8.546155058125831649e-02,9.018594512982711087e-02,9.471979595177543176e-02,9.998506136954156409e-02,1.061616800512518999e-01,2.999999999999974909e-01
4.999999999999999237e-03,4.942285999607441693e-02,5.395374287388420009e-02,6.204922017836026621e-02,6.961006623759570522e-02,7.507916807634930356e-02,8.040812244687439714e-02,8.546446776997047856e-02,9.018893771523936453e-02,9.472377518720431766e-02,9.999406186721343515e-02,1.061994086300103307e-01,2.999999999999974909e-01
4.999999999999999237e-03,4.942369087754376611e-02,5.395499724531572366e-02,6.205093848616126395e-02,6.961197468079319273e-02,7.508138392337240785e-02,8.041080650381521311e-02,8.546724159410298838e-02,9.019179254607154195e-02,9.472761101193913347e-02,1.000027817931184448e-01,1.062366458542077091e-01,2.999999999999974909e-01
4.999999999999999237e-03,4.942430779608600333e-02,5.395605386378546364e-02,6.205248251772117057e-02,6.961372558654214948e-02,7.508344987872980769e-02,8.041334481626502551e-02,8.546987648611442667e-02,9.019451384336073241e-02,9.473130761402383249e-02,1.000112297843709641e-01,1.062734028609862574e-01,2.999999999999974909e-01
4.999999999999999237e-03,4.942472441218014045e-02,5.395692536990959881e-02,6.205386339303784610e-02,6.961532903281780760e-02,7.508537538670122247e-02,8.041574631353699820e-02,8.547238090022325763e-02,9.019710966040712929e-02,9.473487284528109287e-02,1.000194186642092975e-01,1.063096946589812963e-01,2.999999999999974909e-01
4.999999999999999237e-03,4.942495076276786498e-02,5.395762105286900506e-02,6.205508928514762851e-02,6.961679242487929520e-02,7.508716739512184823e-02,8.041801757892255709e-02,8.547476107164196646e-02,9.019958593906185484e-02,9.473831253752047765e-02,1.000273590832795323e-01,1.063455341451427921e-01,2.999999999999974909e-01
4.999999999999999237e-03,4.942500702146822300e-02,5.395815955375465878e-02,6.205617656167913831e-02,6.961813057816536310e-02,7.508883976037149244e-02,8.042017167604671724e-02,8.547702935624859610e-02,9.020195444077780400e-02,9.474163807696646400e-02,1.000350667255687637e-01,1.063809389116621706e-01,2.999999999999974909e-01
4.999999999999999237e-03,4.942490132145772874e-02,5.395854842125114709e-02,6.205713189407794511e-02,6.961934955750437304e-02,7.509039819079843525e-02,8.042221403333331409e-02,8.547919090529018660e-02,9.020422008414048787e-02,9.474485431992804574e-02,1.000425508431119215e-01,1.064159204334227116e-01,2.999999999999974909e-01
4.999999999999999237e-03,4.942464033226924569e-02,5.395879381525119090e-02,6.205796068600762105e-02,6.962045424347255984e-02,7.509184726859655101e-02,8.042414900428318525e-02,8.548124984003492577e-02,9.020638679694242823e-02,9.474796516447334116e-02,1.000498195428711767e-01,1.064504890428088768e-01,2.999999999999974909e-01
4.999999999999999237e-03,4.942423366693533826e-02,5.395890463038811868e-02,6.205867076365132601e-02,6.962145172702864648e-02,7.509319364794696250e-02,8.042598289502457531e-02,8.548321213377980954e-02,9.020846027441337123e-02,9.475097619940586746e-02,1.000568823349216457e-01,1.064846563508135974e-01,2.999999999999974909e-01
4.999999999999999237e-03,4.942369030605013591e-02,5.395888917472278085e-02,6.205926943559314513e-02,6.962234862833045768e-02,7.509444354228186902e-02,8.042772159639681451e-02,8.548508336638160898e-02,9.021044583722140353e-02,9.475389265316561116e-02,1.000637481906035964e-01,1.065184334100058583e-01,2.999999999999974909e-01
4.999999999999999237e-03,4.942301868357518169e-02,5.395875525069415007e-02,6.205976356625305529e-02,6.962315116513517754e-02,7.509560278923883836e-02,8.042937064588888407e-02,8.548686878363924435e-02,9.021234848860069933e-02,9.475671944899012600e-02,1.000739031972719406e-01,1.065550266616048097e-01,2.999999999999974909e-01
4.999999999999999237e-03,4.942222727847864205e-02,5.395851070213526085e-02,6.206016005670351998e-02,6.962386558871899722e-02,7.509667725769629543e-02,8.043093560997598146e-02,8.548857365883442971e-02,9.021417325837124968e-02,9.475946153364819824e-02,1.000838363127044411e-01,1.065912102777971660e-01,2.999999999999974909e-01
4.999999999999999237e-03,4.942132290878827744e-02,5.395816183658896231e-02,6.206046445720292404e-02,6.962449692544915580e-02,7.509767167236809648e-02,8.043242097974527549e-02,8.549020224818801306e-02,9.021592420868274065e-02,9.476212292724921216e-02,1.000934998879863397e-01,1.066269503688790088e-01,2.999999999999974909e-01
4.999999999999999237e-03,4.942031251597838598e-02,5.395771507616500817e-02,6.206068241977517885e-02,6.962505029487645047e-02,7.509859084524034278e-02,8.043383132817033543e-02,8.549175888567996096e-02,9.021760547621524018e-02,9.476470771939682347e-02,1.001029045350184110e-01,1.066622591451989871e-01,2.999999999999974909e-01
4.999999999999999237e-03,4.941920260901534051e-02,5.395717644257078116e-02,6.206081924417375384e-02,6.962553049703693042e-02,7.509943928957059367e-02,8.043517094699322023e-02,8.549324763922748482e-02,9.021922094459654262e-02,9.476721975589044722e-02,1.001120608885796431e-01,1.066971487148562769e-01,2.999999999999974909e-01
4.999999999999999237e-03,4.941799928662911345e-02,5.395655157806989594e-02,6.206087989676313532e-02,6.962594202991982673e-02,7.510022123638929181e-02,8.043644386238509025e-02,8.549467232563151553e-02,9.022077425870624057e-02,9.476966265250044708e-02,1.001209790297452606e-01,1.067316306312007940e-01,2.999999999999974909e-01
4.999999999999999237e-03,4.941670931511259884e-02,5.395584674185876367e-02,6.206086988627215750e-02,6.962628988345795356e-02,7.510094137592002173e-02,8.043765453141209221e-02,8.549603716920053942e-02,9.022226945146498422e-02,9.477204039392157775e-02,1.001296690699428338e-01,1.067657164445672963e-01,2.999999999999974909e-01
4.999999999999999237e-03,4.941533680142915635e-02,5.395506573337974232e-02,6.206079255805277417e-02,6.962657708530652079e-02,7.510160256523361333e-02,8.043880568819371246e-02,8.549734476452480747e-02,9.022370900468154598e-02,9.477435548058935066e-02,1.001381394072355935e-01,1.067994160598851883e-01,2.999999999999974909e-01
4.999999999999999237e-03,4.941388678079603608e-02,5.395421321175070811e-02,6.206065201543045640e-02,6.962680735224847928e-02,7.510220830565525474e-02,8.043990067235666508e-02,8.549859827949816971e-02,9.022509594643036979e-02,9.477661093347106158e-02,1.001463986502887371e-01,1.068327395504283517e-01,2.999999999999974909e-01
4.999999999999999237e-03,4.941236396744713016e-02,5.395329353833792918e-02,6.206045209888464559e-02,6.962698416202696416e-02,7.510276187451368768e-02,8.044094261215752051e-02,8.549980068174825587e-02,9.022643311399350385e-02,9.477880958910382680e-02,1.001544549645080051e-01,1.068656965415963889e-01,2.999999999999974909e-01
4.999999999999999237e-03,4.941077278176044668e-02,5.395231080268480389e-02,6.206019640998980402e-02,6.962711077592796671e-02,7.510326634674402424e-02,8.044193444521081926e-02,8.550095475859918748e-02,9.022772317313645929e-02,9.478095411828857397e-02,1.001623161054489841e-01,1.068982962432093592e-01,2.999999999999974909e-01
4.999999999999999237e-03,4.940911739154572185e-02,5.395126886056095250e-02,6.205988834470372445e-02,6.962719026886068918e-02,7.510372462292015661e-02,8.044287894478063805e-02,8.550206314190390844e-02,9.022896864169813180e-02,9.478304704863042829e-02,1.001699894545486497e-01,1.069305474836630965e-01,2.999999999999974909e-01
4.999999999999999237e-03,4.940740190027624601e-02,5.395017150801970779e-02,6.205953124636858637e-02,6.962722566806760216e-02,7.510413955876479863e-02,8.044377884142227264e-02,8.550312842305625438e-02,9.023017199901586793e-02,9.478509086910345827e-02,1.001774821319451336e-01,1.069624588165859064e-01,2.999999999999974909e-01
4.999999999999999237e-03,4.940563069225848564e-02,5.394902280550201851e-02,6.205912869728740650e-02,6.962722022247595788e-02,7.510451421953681650e-02,8.044463706430493577e-02,8.550415338313112346e-02,9.023133590650450619e-02,9.478708824216752760e-02,1.001848012120895165e-01,1.069940387255915032e-01,2.999999999999974909e-01
4.999999999999999237e-03,4.940380600913488185e-02,5.394782481731063423e-02,6.205868250484903453e-02,6.962717555672852388e-02,7.510485014474489740e-02,8.044545510167526448e-02,8.550513943467281941e-02,9.023246171841720065e-02,9.478904057551373885e-02,1.001919523722293592e-01,1.070252943478114949e-01,2.999999999999974909e-01
4.999999999999999237e-03,4.940193117821187196e-02,5.394658062707320678e-02,6.205819539358799208e-02,6.962709414296165689e-02,7.510514967410281129e-02,8.044623520044641429e-02,8.550608871380593889e-02,9.023355148260310543e-02,9.479094994201668622e-02,1.001989417360325541e-01,1.070562332175731268e-01,2.999999999999974909e-01
4.999999999999999237e-03,4.940000922952417217e-02,5.394529303800035119e-02,6.205766983409601034e-02,6.962697821760827077e-02,7.510541492366631933e-02,8.044697939419861998e-02,8.550700315265681584e-02,9.023460705092650747e-02,9.479281822400598134e-02,1.002057750650205137e-01,1.070868624999493923e-01,2.999999999999974909e-01
4.999999999999999237e-03,4.939804299670029486e-02,5.394396467155033320e-02,6.205710813709242046e-02,6.962682987220483732e-02,7.510564787385351493e-02,8.044768958854600638e-02,8.550788456228314294e-02,9.023563015998278813e-02,9.479464719195407341e-02,1.002124578444936742e-01,1.071171890738200488e-01,2.999999999999974909e-01
4.999999999999999237e-03,4.939603513112864747e-02,5.394259798058295696e-02,6.205651246503284674e-02,6.962665106394021197e-02,7.510585037930039842e-02,8.044836757039751374e-02,8.550873464142819125e-02,9.023662243941474315e-02,9.479643851243967079e-02,1.002189953000251210e-01,1.071472195478661432e-01,2.999999999999974909e-01
4.999999999999999237e-03,4.939398811411069290e-02,5.394119526060320302e-02,6.205588484198933802e-02,6.962644362460924941e-02,7.510602417721908008e-02,8.044901501580851988e-02,8.550955498394285925e-02,9.023758541896484409e-02,9.479819375490747269e-02,1.002253924122591400e-01,1.071769602749685912e-01,2.999999999999974909e-01
4.999999999999999237e-03,4.939190426818034635e-02,5.393975866023327514e-02,6.205522716285274964e-02,6.962620926895268791e-02,7.510617089518344114e-02,8.044963349729578050e-02,8.551034708570078025e-02,9.023852053504625992e-02,9.479991439796887909e-02,1.002316539307578913e-01,1.072064173657020919e-01,2.999999999999974909e-01
4.999999999999999237e-03,4.938978576765166301e-02,5.393829019097087785e-02,6.205454120190809914e-02,6.962594960242868281e-02,7.510629205838510736e-02,8.045022449065530878e-02,8.551111235104358332e-02,9.023942913686811007e-02,9.480160183527719386e-02,1.002377843869646235e-01,1.072355967009882283e-01,2.999999999999974909e-01
4.999999999999999237e-03,4.938763464844143913e-02,5.393679173627662082e-02,6.205382862082078205e-02,6.962566612845054459e-02,7.510638909639136274e-02,8.045078938131280943e-02,8.551185209878449378e-02,9.024031249214119199e-02,9.480325738100203736e-02,1.002437881063407282e-01,1.072645039439625303e-01,2.999999999999974909e-01
4.999999999999999237e-03,4.938545281721190561e-02,5.393526506003250981e-02,6.205309097607023677e-02,6.962536025512379434e-02,7.510646334943610336e-02,8.045132947023622694e-02,8.551256756779793133e-02,9.024117179239067588e-02,9.480488227492873954e-02,1.002496692197318851e-01,1.072931445511068616e-01,2.999999999999974909e-01
4.999999999999999237e-03,4.938324205987804777e-02,5.393371181441272699e-02,6.205232972586748053e-02,6.962503330151531555e-02,7.510651607427443199e-02,8.045184597943841331e-02,8.551325992222190420e-02,9.024200815790113517e-02,9.480647768720625035e-02,1.002556904665081600e-01,1.073217612069077564e-01,2.999999999999974909e-01
4.999999999999999237e-03,4.938100406434580564e-02,5.393213356090644645e-02,6.205154624862969232e-02,6.962468651439937539e-02,7.510654845982160654e-02,8.045234006667258131e-02,8.551393026535385189e-02,9.024282265093920563e-02,9.480804473101071828e-02,1.002615957613169489e-01,1.073501205054357699e-01,2.999999999999974909e-01
4.999999999999999237e-03,4.937874037999234050e-02,5.393053173286927598e-02,6.205074181006779710e-02,6.962432103841559305e-02,7.510656159928560949e-02,8.045281279925646511e-02,8.551457961489476733e-02,9.024361625218202398e-02,9.480958444003488583e-02,1.002673852090865403e-01,1.073782247253210059e-01,2.999999999999974909e-01
4.999999999999999237e-03,4.937645247637317825e-02,5.392890768980707072e-02,6.204991761091095681e-02,6.962393795934822271e-02,7.510655653058900816e-02,8.045326519205218962e-02,8.551520893886943586e-02,9.024438989490402019e-02,9.481109780118250618e-02,1.002730623541015081e-01,1.074060786711501236e-01,2.999999999999974909e-01
4.999999999999999237e-03,4.937414188244506480e-02,5.392726284517167235e-02,6.204907489801094606e-02,6.962353840395556215e-02,7.510653432906165550e-02,8.045369829410158047e-02,8.551581923719751843e-02,9.024514454231206961e-02,9.481258582822754688e-02,1.002786307018606882e-01,1.074336870822919510e-01,2.999999999999974909e-01
4.999999999999999237e-03,4.937180973710417198e-02,5.392559825434705550e-02,6.204821460686613110e-02,6.962312321929904624e-02,7.510649581001849207e-02,8.045411291092102735e-02,8.551641128042564155e-02,9.024588094000828009e-02,9.481404932629734772e-02,1.002840934637313913e-01,1.074610544019474895e-01,2.999999999999974909e-01
4.999999999999999237e-03,4.936945717127048938e-02,5.392391496252953165e-02,6.204733766024317365e-02,6.962269323820641231e-02,7.510644177357420070e-02,8.045450983193012939e-02,8.551698582274615268e-02,9.024659981702690126e-02,9.481548908251824503e-02,1.002894537404992459e-01,1.074881849480131130e-01,2.999999999999974909e-01
4.999999999999999237e-03,4.936708539474582436e-02,5.392221408954829542e-02,6.204644504878644579e-02,6.962224935685272509e-02,7.510637307967803211e-02,8.045488990306859378e-02,8.551754367239597365e-02,9.024730195423753820e-02,9.481690593258643163e-02,1.002947145912589239e-01,1.075150829794197932e-01,2.999999999999974909e-01
4.999999999999999237e-03,4.936469546358575322e-02,5.392049661199604937e-02,6.204553763573503189e-02,6.962179235487428453e-02,7.510629047852555862e-02,8.045525386617514985e-02,8.551808553867813745e-02,9.024798803788301738e-02,9.481830062012802651e-02,1.002998789032122917e-01,1.075417525736239860e-01,2.999999999999974909e-01
4.999999999999999237e-03,4.936228837518722573e-02,5.391876345257093361e-02,6.204461623738460191e-02,6.962132296976668300e-02,7.510619468086568440e-02,8.045560242572029341e-02,8.551861209562987287e-02,9.024865872062330652e-02,9.481967385542526550e-02,1.003049494516684848e-01,1.075681976836593556e-01,2.999999999999974909e-01
4.999999999999999237e-03,4.935986549212072888e-02,5.391701587194506345e-02,6.204368196759271065e-02,6.962084220930295220e-02,7.510608664973519866e-02,8.045593652282963248e-02,8.551912424114314903e-02,9.024931486811160752e-02,9.482102655097501831e-02,1.003099291273699956e-01,1.075944223513271986e-01,2.999999999999974909e-01
4.999999999999999237e-03,4.935742715435961769e-02,5.391525418377295098e-02,6.204273510554738497e-02,6.962035032283657443e-02,7.510596663877294743e-02,8.045625643108851588e-02,8.551962224118378475e-02,9.024995674403350765e-02,9.482235904252869774e-02,1.003148201999825850e-01,1.076204300174133932e-01,2.999999999999974909e-01
4.999999999999999237e-03,4.935497421632146359e-02,5.391347917930172651e-02,6.204177635290648862e-02,6.961984794489742279e-02,7.510583526214462124e-02,8.045656276319686218e-02,8.552010668311109398e-02,9.025058491839955954e-02,9.482367195768312551e-02,1.003196251466024619e-01,1.076462242988485418e-01,2.999999999999974909e-01
4.999999999999999237e-03,4.935250746567518970e-02,5.391169158721240834e-02,6.204080635512661951e-02,6.961933565824296455e-02,7.510569308486821083e-02,8.045685608479849482e-02,8.552057810936627980e-02,9.025119991804890496e-02,9.482496588127756199e-02,1.003243463366090132e-01,1.076718086930501250e-01,2.999999999999974909e-01
4.999999999999999237e-03,4.935002763967172301e-02,5.390989208953994583e-02,6.203982571658143291e-02,6.961881400841345158e-02,7.510554063690821902e-02,8.045713692814208950e-02,8.552103703073304919e-02,9.025180223954937242e-02,9.482624136797992986e-02,1.003289860468096345e-01,1.076971865927359440e-01,2.999999999999974909e-01
4.999999999999999237e-03,4.934753542600310572e-02,5.390808132236749733e-02,6.203883500103249404e-02,6.961828350405158128e-02,7.510537841341512200e-02,8.045740579226018374e-02,8.552148392646446995e-02,9.025239234928364440e-02,9.482749894236086607e-02,1.003335464642592101e-01,1.077223612888592585e-01,2.999999999999974909e-01
4.999999999999999237e-03,4.934503147863468497e-02,5.390625989103151050e-02,6.203783474575857299e-02,6.961774463028222448e-02,7.510520688755048524e-02,8.045766315529075119e-02,8.552191925615426626e-02,9.025297069492407842e-02,9.482873911002624723e-02,1.003380296996201487e-01,1.077473359836100403e-01,2.999999999999974909e-01
4.999999999999999237e-03,4.934251644296195477e-02,5.390442839203030134e-02,6.203682547900151584e-02,6.961719786318278091e-02,7.510502652322434414e-02,8.045790948580623658e-02,8.552234346992863834e-02,9.025353771470906450e-02,9.482996236613988605e-02,1.003424377973871906e-01,1.077721137998643025e-01,2.999999999999974909e-01
4.999999999999999237e-03,4.933999083976346733e-02,5.390258730762825801e-02,6.203580762984925445e-02,6.961664358994004709e-02,7.510483770162998396e-02,8.045814517471208682e-02,8.552275694477634582e-02,9.025409377744850192e-02,9.483116913864240993e-02,1.003484274622225697e-01,1.077982992756269243e-01,2.999999999999974909e-01
4.999999999999999237e-03,4.933745534487879447e-02,5.390073726308949181e-02,6.203478175257049615e-02,6.961608231095398058e-02,7.510464090918782254e-02,8.045837071113381977e-02,8.552316015034473751e-02,9.025463933986017928e-02,9.483235993818235621e-02,1.003543489338681732e-01,1.078242926274461388e-01,2.999999999999974909e-01
4.999999999999999237e-03,4.933491026754703579e-02,5.389887854403887374e-02,6.203374810188442418e-02,6.961551425433951112e-02,7.510443637741782974e-02,8.045858634404985665e-02,8.552355332887998096e-02,9.025517464194557360e-02,9.483353506712800807e-02,1.003601665547521476e-01,1.078500680449236693e-01,2.999999999999974909e-01
