# particle_number_conc (#/cc (air))
6.000000000000000000e+02
5.996917643389532486e+02
5.993838369342697661e+02
5.990762187354331445e+02
5.987689093474566562e+02
5.984619080821989883e+02
5.981552144863726426e+02
5.978488280022631898e+02
5.975427481533234868e+02
5.972369744350280598e+02
5.969315063713845575e+02
5.966263434841067692e+02
5.963214853071157222e+02
5.960169313784672340e+02
5.957126812438325487e+02
5.954087344530036034e+02
5.951050905617473745e+02
5.948017491297074457e+02
5.944987080729356421e+02
5.941959617490730352e+02
5.938935099272546267e+02
5.935913530448239044e+02
5.932894901950288613e+02
5.929879191505216340e+02
5.926866365116823090e+02
5.923856378372939844e+02
5.920849178303334384e+02
5.917844705997724759e+02
5.914842899834221726e+02
5.911843699219519976e+02
5.908847048421363297e+02
5.905852900056728458e+02
5.902861217242618750e+02
5.899871974097818565e+02
5.896885153945622733e+02
5.893900746492979579e+02
5.890918745486105763e+02
5.887939148128282341e+02
5.884961955349980371e+02
5.881987172331084821e+02
5.879014808750579277e+02
5.876044878525701733e+02
5.873077399631226854e+02
5.870112393537252728e+02
5.867149884544114684e+02
5.864189899275845619e+02
5.861232466036775577e+02
5.858277614181570243e+02
5.855325373513841214e+02
