# particle_size
2.500000000000000000e-01
2.844130439774114616e-01
2.848729300111934037e-01
2.852393245338525340e-01
2.855900326575726567e-01
2.859410578248381407e-01
2.862812212258994404e-01
2.866163894670535339e-01
2.869433509361118406e-01
2.872640443389928300e-01
2.875777544310095801e-01
2.878851252769432656e-01
2.881861280581003992e-01
2.884810530732158096e-01
2.887700167079262359e-01
2.890532533275201876e-01
2.893308989030876632e-01
2.896031507354220325e-01
2.899318394845484259e-01
2.904433147750608013e-01
2.909325370237111907e-01
2.913784641275127263e-01
2.918294300785567730e-01
2.923284504499049641e-01
2.929093939317344297e-01
2.935976722126347749e-01
2.944087370464730791e-01
2.953467634600560610e-01
2.964047873000430489e-01
2.975658415433577453e-01
2.988053973572588062e-01
3.000944233076329182e-01
3.014038129503887609e-01
3.027081388483494062e-01
3.039896469954159186e-01
3.052387310275441745e-01
3.064514688474130333e-01
3.076253239569693987e-01
3.087573450126414043e-01
3.098437424250778394e-01
3.108804313537957831e-01
3.118638926000898426e-01
3.127909359223954300e-01
3.136592591701047872e-01
3.144675094860333586e-01
3.152149408679167930e-01
3.159015824743897083e-01
3.165281733675663345e-01
3.170960921905258134e-01
