# particle radii (um) per size_bin (including water contribution to size), with size bins represented by columns and their number (starting from 1) given in second line of header, per time step which is represented by rows and corresponding times given in the time output file 
# 
5.465033770110374993e-03,6.481603873268357643e-03,7.687269747487561478e-03,9.117205760499392381e-03,1.081312918757022443e-02,1.282451728068476071e-02,1.521005072903776519e-02,1.803932562267557271e-02,2.139488386450019014e-02,2.537462126633306669e-02,3.009464358337539044e-02,3.569265380965744305e-02,4.233196955619724505e-02,5.020628771576368665e-02,5.954533541964683596e-02,7.062157214872095967e-02,8.375813852769764534e-02,9.933828370248262707e-02,1.178165463370664801e-01,1.397320154268704429e-01,1.657240578025019895e-01,1.965509711616570399e-01,2.331121068169215715e-01,2.764741075734998832e-01
5.465033770110376728e-03,6.481603873268359378e-03,7.687269747487563212e-03,9.842159161007453527e-03,1.081312918757022616e-02,1.298925327302516246e-02,1.521005072903776865e-02,1.803932562267557618e-02,2.139488386450019361e-02,2.537462126633307363e-02,3.009464358337539391e-02,3.569265380965744999e-02,4.233196955619725199e-02,5.020628771576369359e-02,5.954533541964684290e-02,7.062157214872097355e-02,8.375813852769764534e-02,9.933828370248264095e-02,1.178165463370664801e-01,1.397320154268704429e-01,1.657240578025019895e-01,1.965509711616570676e-01,2.331121068169215715e-01,2.764741075734998832e-01
5.465033770110376728e-03,6.481603873268359378e-03,7.514070105583611596e-03,9.117205760499394115e-03,1.081312918757022616e-02,1.282451728068476418e-02,1.602780341243190479e-02,1.826682760437001174e-02,2.139488386450019361e-02,2.410463040896334425e-02,3.060693089953337928e-02,3.321426420253992262e-02,3.895791987105674814e-02,4.618852425694196934e-02,5.954533541964684290e-02,7.062157214872097355e-02,8.375813852769764534e-02,9.933828370248264095e-02,1.178165463370664801e-01,1.397320154268704429e-01,1.657240578025019895e-01,1.965509711616570676e-01,2.331121068169215715e-01,2.764741075734998832e-01
5.465033770110376728e-03,6.481603873268359378e-03,7.687269747487563212e-03,9.723648107003738869e-03,1.081312918757022616e-02,1.282451728068476418e-02,1.521005072903776865e-02,1.803932562267557618e-02,2.272741868888342523e-02,2.568272539648579558e-02,3.009464358337539391e-02,3.572620750293805519e-02,4.365096791611392663e-02,4.981072572091103934e-02,5.890193673257274748e-02,6.838429003495605230e-02,7.833041920696599825e-02,9.933828370248264095e-02,1.178165463370664801e-01,1.397320154268704429e-01,1.657240578025019895e-01,1.965509711616570676e-01,2.331121068169215715e-01,2.764741075734998832e-01
2.000000000000000909e-03,6.528199739813436361e-03,7.742533074629047093e-03,9.182748812988656556e-03,1.068193535278027899e-02,1.345839520458409072e-02,1.531939488331986350e-02,1.816900926667980309e-02,2.154869041806159805e-02,2.555703791648261322e-02,2.936101716303234077e-02,3.691427574972067777e-02,4.237934301366245993e-02,5.346186911366097860e-02,6.009286691710986894e-02,7.126954324197243285e-02,8.560116208013797412e-02,1.008224780686655386e-01,1.186635225141458860e-01,1.407365406138781916e-01,1.669154382434637762e-01,1.979639644578573277e-01,2.347879359529908838e-01,2.381101577952296939e+05
2.000000000000000909e-03,6.528199739813436361e-03,7.742533074629047093e-03,9.397743849331431643e-03,1.089086413318093687e-02,1.184041529729274247e-02,1.531939488331986350e-02,1.816900926667980309e-02,2.154869041806159805e-02,2.487292485605952647e-02,2.972243797618518563e-02,3.408201947948423516e-02,4.297874861962151793e-02,5.422939221399208920e-02,6.392432687240667821e-02,6.983135242122723296e-02,7.994621523522996154e-02,9.510305032801773251e-02,1.120539370818342123e-01,1.407365406138781916e-01,1.669154382434637762e-01,1.979639644578573277e-01,2.347879359529908838e-01,2.381101577952296939e+05
2.000000000000000475e-03,6.528199739813436361e-03,7.964098750309248076e-03,9.182748812988656556e-03,1.003413565895607158e-02,1.291671197622614418e-02,1.531939488331986350e-02,1.816900926667980309e-02,1.995663094885900823e-02,2.514368679275071419e-02,3.031099219454492025e-02,3.482741224582312084e-02,4.063448962187876656e-02,5.078358217849518463e-02,6.096176082594624568e-02,7.276302938265484521e-02,8.497738714626100476e-02,1.001351661255663605e-01,1.170964433620833023e-01,1.391556838282145270e-01,1.669154382434637762e-01,1.979639644578573277e-01,2.347879359529908838e-01,2.381101577952296939e+05
2.000000000000000909e-03,6.926777630941773067e-03,7.742533074629047093e-03,8.727192945164479604e-03,1.089086413318093687e-02,1.291671197622614418e-02,1.603566170663091317e-02,1.832817724086570690e-02,2.020380732462226728e-02,2.555703791648261322e-02,2.771455560280727121e-02,3.491788260686794210e-02,4.096626017391485214e-02,4.751737454564834012e-02,5.559864079890476651e-02,7.306177711566801125e-02,8.817172977115986243e-02,1.015004313059370278e-01,1.115289234448228889e-01,1.496435367862891108e-01,1.775846230022718741e-01,1.979639644578573277e-01,2.347879359529908838e-01,2.381101577952296939e+05
2.000000000000000909e-03,6.278858808211766618e-03,7.910866381783841425e-03,9.182748812988656556e-03,1.089086413318093687e-02,1.353156905238978545e-02,1.465898466353536371e-02,1.704879723516548526e-02,2.259886131502217982e-02,2.520183803778038370e-02,2.847332642038934852e-02,3.309294177677999521e-02,4.522336384644122520e-02,5.082143232386836240e-02,5.900344625636271684e-02,7.578459030242999661e-02,9.048581753117072857e-02,1.025942429121263072e-01,1.139068009927379360e-01,1.416285581833996721e-01,1.745301861267879728e-01,1.979639644578573277e-01,2.201197919508784961e-01,2.381101577952296939e+05
5.292416144765318964e-03,6.528199739813436361e-03,7.372803480600322382e-03,9.182748812988656556e-03,1.089086413318093687e-02,1.196830881686966261e-02,1.507912158156077959e-02,1.932507194869560047e-02,2.107869852545453393e-02,2.434819676350746809e-02,2.754755225154961046e-02,3.712317398514256711e-02,4.086267465735648335e-02,4.848405280942404832e-02,6.164800358188116114e-02,6.844482442492916263e-02,7.793629028087881161e-02,9.245725025987940049e-02,1.133416313609098142e-01,1.401397703282782625e-01,1.717438871279992896e-01,1.935572818038900633e-01,2.210764906411067654e-01,2.459943807658112325e-01
2.000000000000000909e-03,6.528199739813436361e-03,7.742533074629047093e-03,9.182748812988656556e-03,1.020482721075312120e-02,1.280481379507545509e-02,1.513921235949069501e-02,1.718354174694330244e-02,2.089210455284248175e-02,2.391708404426829207e-02,3.141401493642730081e-02,3.489029249452397369e-02,4.032438734315457740e-02,5.111333551440102457e-02,6.381324443182508077e-02,7.047386364467032871e-02,7.971336635154677164e-02,9.398979874002881540e-02,1.142895046872518250e-01,1.384801128904423195e-01,1.683186230654784843e-01,1.938684791964983001e-01,2.217747113491277400e-01,2.381101577952296939e+05
5.277986196757669321e-03,6.649845910349571482e-03,7.742533074629047093e-03,9.182748812988656556e-03,1.089086413318093687e-02,1.291671197622614418e-02,1.497465542624842189e-02,1.799891468060084085e-02,2.143909340652738749e-02,2.517585483788432194e-02,2.758942408191018478e-02,3.454089308551719362e-02,4.295419735474981238e-02,5.330448071773541407e-02,6.002029764595275679e-02,6.565192333416633441e-02,8.122247057648139534e-02,9.529796998666907604e-02,1.153889002844520895e-01,1.380004971000539371e-01,1.650142932880140356e-01,1.945840748737401871e-01,2.223772518500262974e-01,2.381101577952296939e+05
4.706697725794448117e-03,6.528199739813436361e-03,7.742533074629047093e-03,9.380488090782981153e-03,1.095691473133180924e-02,1.181867471540235491e-02,1.531939488331986350e-02,1.897349312150966791e-02,2.163611011887863964e-02,2.489641326158087767e-02,3.059419151904585119e-02,3.713362264324527456e-02,4.516405095306291057e-02,5.078021121011979527e-02,5.517162347916824278e-02,6.721770967672469066e-02,8.252429830064811345e-02,9.643178811861237432e-02,1.164499366819656684e-01,1.366757584830357308e-01,1.635138082656968639e-01,1.951287513383161143e-01,2.229050747435581958e-01,2.381101577952296939e+05
4.706697725794448117e-03,6.528199739813436361e-03,7.742533074629047093e-03,9.182748812988656556e-03,1.089086413318093687e-02,1.335870077555587933e-02,1.522633109629872687e-02,1.683090893818057696e-02,2.226452232099530859e-02,2.468220617889637161e-02,2.775187176450711127e-02,3.310327563797282185e-02,3.932386036615473368e-02,4.705182065681694920e-02,5.677659281621915549e-02,6.857607392902989596e-02,8.365794578743472598e-02,9.742415607235996311e-02,1.174340103606751201e-01,1.366151628854083699e-01,1.613660816309536172e-01,1.955203671212990824e-01,2.233718695746927108e-01,2.381101577952296939e+05
4.706697725794448117e-03,6.528199739813436361e-03,7.742533074629047093e-03,9.182748812988656556e-03,1.089086413318093687e-02,1.291671197622614418e-02,1.531939488331986350e-02,1.676164019575764400e-02,2.057763680323248037e-02,2.500268330440928374e-02,3.015150387456817793e-02,3.523309420236100942e-02,4.120080197374805658e-02,4.868304294422141215e-02,5.817440559915291326e-02,6.976476291386028705e-02,8.465520558611075441e-02,9.829756225261065961e-02,1.180698122791381810e-01,1.369967348329780843e-01,1.599143637913228722e-01,1.956385185263771753e-01,2.237878368398369400e-01,2.381101577952296939e+05
4.706697725794448117e-03,6.528199739813436361e-03,7.742533074629047093e-03,9.182748812988656556e-03,1.089086413318093687e-02,1.291671197622614418e-02,1.531939488331986350e-02,1.816900926667980309e-02,1.961568020563960943e-02,2.731472783075974964e-02,3.219795079750722988e-02,3.706481425653501000e-02,4.282758018210330170e-02,5.010681418243181917e-02,5.940168070897172692e-02,7.081376182420028031e-02,8.553782556204832244e-02,9.907299362213926874e-02,1.187097785419204549e-01,1.374179522802942699e-01,1.590958665651306114e-01,1.960639119612757608e-01,2.241606638988604128e-01,2.381101577952296939e+05
4.706697725794448117e-03,6.528199739813436361e-03,7.742533074629047093e-03,9.182748812988656556e-03,1.089086413318093687e-02,1.291671197622614418e-02,1.531939488331986350e-02,1.816900926667980309e-02,2.202558062944912076e-02,2.555703791648261322e-02,2.929382881141262898e-02,3.774572227126588020e-02,4.425091967535450116e-02,5.135980669594442799e-02,6.048701718697304525e-02,7.174495806709844936e-02,8.632437491800475093e-02,9.976316474310717441e-02,1.191088282970825807e-01,1.378991665533401412e-01,1.586705931555560389e-01,1.964411331322030718e-01,2.244965774809252190e-01,2.381101577952296939e+05
4.706697725794448117e-03,6.528199739813436361e-03,7.742533074629047093e-03,9.182748812988656556e-03,1.089086413318093687e-02,1.291671197622614418e-02,1.531939488331986350e-02,1.816900926667980309e-02,2.154869041806159805e-02,2.408376649951943574e-02,3.100717488776271596e-02,3.524889069800088426e-02,4.394818049696676970e-02,5.246990356518840826e-02,6.145277462762041565e-02,7.257598178957654078e-02,8.702823661780255404e-02,1.003824311001306202e-01,1.195355461780366751e-01,1.380629158956050984e-01,1.585921221889852184e-01,1.967769397611978388e-01,2.248005302490998225e-01,2.381101577952296939e+05
4.706697725794448117e-03,6.528199739813436361e-03,7.742533074629047093e-03,9.182748812988656556e-03,1.089086413318093687e-02,1.291671197622614418e-02,1.531939488331986350e-02,1.816900926667980309e-02,2.154869041806159805e-02,2.586153219964273248e-02,3.250481295638914248e-02,3.696882858885518208e-02,4.509245635909175237e-02,5.345920174849054518e-02,6.231669488213950614e-02,7.332169113436977359e-02,8.766106717953073280e-02,1.009381761051165449e-01,1.198215742440116027e-01,1.383118201876912812e-01,1.585335095068000910e-01,1.970727469220790173e-01,2.250766540719835174e-01,2.381101577952296939e+05
4.706697725794448117e-03,6.528199739813436361e-03,7.742533074629047093e-03,9.182748812988656556e-03,1.089086413318093687e-02,1.291671197622614418e-02,1.531939488331986350e-02,1.816900926667980309e-02,2.154869041806159805e-02,2.741198258025658724e-02,3.031099219454492025e-02,3.382423528455276440e-02,4.221495873454528952e-02,5.209595294946679778e-02,6.309290382543525366e-02,7.399298083418126559e-02,8.823241897940077572e-02,1.014407780479864712e-01,1.201334912967811086e-01,1.385579941691703065e-01,1.585250847270776031e-01,1.973274762476803224e-01,2.253283336718966690e-01,2.381101577952296939e+05
4.706697725794448117e-03,6.528199739813436361e-03,7.742533074629047093e-03,9.182748812988656556e-03,1.089086413318093687e-02,1.291671197622614418e-02,1.531939488331986350e-02,1.816900926667980309e-02,2.154869041806159805e-02,2.555703791648261322e-02,2.877544498125284705e-02,3.499447679184232440e-02,4.350105035826142691e-02,5.291999329841257788e-02,6.379297848613268984e-02,7.459990342791160411e-02,8.874995364501550577e-02,1.018967519897658047e-01,1.202475393066745196e-01,1.320464319563061650e-01,1.608192996481189463e-01,1.974210176916396664e-01,2.255584023342668554e-01,2.381101577952296939e+05
4.706697725794448117e-03,6.528199739813436361e-03,7.742533074629047093e-03,9.182748812988656556e-03,1.089086413318093687e-02,1.291671197622614418e-02,1.531939488331986350e-02,1.816900926667980309e-02,2.154869041806159805e-02,2.555703791648261322e-02,2.998295268294360119e-02,3.603837908675173313e-02,4.462695431595153917e-02,5.366509732443203867e-02,6.442656417698783278e-02,7.515037396519870516e-02,8.922012274337320914e-02,1.023115837731444072e-01,1.203786554922153390e-01,1.313467007162764377e-01,1.599842976260058836e-01,1.896364675927003085e-01,2.257693408881354113e-01,2.381101577952296939e+05
4.706697725794448117e-03,6.528199739813436361e-03,7.742533074629047093e-03,9.182748812988656556e-03,1.089086413318093687e-02,1.291671197622614418e-02,1.531939488331986350e-02,1.816900926667980309e-02,2.154869041806159805e-02,2.555703791648261322e-02,3.105886272937785283e-02,3.697425376521964319e-02,4.535461467215534670e-02,5.433960454772943788e-02,5.941004281744016735e-02,7.090325988044673955e-02,8.964769253344728739e-02,1.026899855530918892e-01,1.205015918739470171e-01,1.312817920036946362e-01,1.592447755906110929e-01,1.866714445073756612e-01,2.259633219192604403e-01,2.381101577952296939e+05
4.706697725794448117e-03,6.528199739813436361e-03,7.742533074629047093e-03,9.182748812988656556e-03,1.089086413318093687e-02,1.291671197622614418e-02,1.531939488331986350e-02,1.816900926667980309e-02,2.154869041806159805e-02,2.555703791648261322e-02,3.202206289819824886e-02,3.781651826144560163e-02,4.418628875295009528e-02,4.641679604545087545e-02,5.495179776422053075e-02,7.138494607680183346e-02,9.003791622685665408e-02,1.030344241988676995e-01,1.205332958201964511e-01,1.314117850970806523e-01,1.586328306347415673e-01,1.850150843520715072e-01,2.261419765074013377e-01,2.381101577952296939e+05
4.706697725794448117e-03,6.528199739813436361e-03,7.742533074629047093e-03,9.182748812988656556e-03,1.089086413318093687e-02,1.291671197622614418e-02,1.531939488331986350e-02,1.816900926667980309e-02,2.154869041806159805e-02,2.555703791648261322e-02,3.031099219454492025e-02,3.828619601865448918e-02,4.491445303089071361e-02,4.730564993859628919e-02,5.550896832513155243e-02,7.182709352938317082e-02,9.039483586625303435e-02,1.033497245105175905e-01,1.205875821635810224e-01,1.316100535821660700e-01,1.581223238599339942e-01,1.852219802915215374e-01,2.263068834070015578e-01,2.619568285576228672e-01
4.706697725794448117e-03,6.528199739813436361e-03,7.742533074629047093e-03,9.182748812988656556e-03,1.089086413318093687e-02,1.291671197622614418e-02,1.531939488331986350e-02,1.816900926667980309e-02,2.154869041806159805e-02,2.555703791648261322e-02,3.031099219454492025e-02,3.594924618495110025e-02,3.898002515242413035e-02,4.810051121646147232e-02,5.601746763104026305e-02,7.223180334358005050e-02,9.072195361995004370e-02,1.036375414285645585e-01,1.206565757503963721e-01,1.318341839033276008e-01,1.577100670886156797e-01,1.853571918830578535e-01,2.264594496509582111e-01,2.619591709223666465e-01
4.706697725794448117e-03,6.528199739813436361e-03,7.742533074629047093e-03,9.182748812988656556e-03,1.089086413318093687e-02,1.291671197622614418e-02,1.531939488331986350e-02,1.816900926667980309e-02,2.154869041806159805e-02,2.555703791648261322e-02,3.031099219454492025e-02,3.594924618495110025e-02,3.961121746817781314e-02,4.881837610312039083e-02,5.648257784739597887e-02,7.260293010396953739e-02,8.358739442228459160e-02,9.889038784155201878e-02,1.208121368524096712e-01,1.322232897045960698e-01,1.573564645688388663e-01,1.855181037501734131e-01,2.266008872702956201e-01,2.619579094639684635e-01
4.706697725794448117e-03,6.528199739813436361e-03,7.742533074629047093e-03,9.182748812988656556e-03,1.089086413318093687e-02,1.291671197622614418e-02,1.531939488331986350e-02,1.816900926667980309e-02,2.154869041806159805e-02,2.555703791648261322e-02,3.031099219454492025e-02,3.594924618495110025e-02,4.018560631107243042e-02,4.947033361567239329e-02,5.690806486559527033e-02,7.294321405710868511e-02,8.402293741087478451e-02,9.914551647070816986e-02,1.209706650112690324e-01,1.325799942259577591e-01,1.570717027634415952e-01,1.856459712085944402e-01,2.267320076297544840e-01,2.620101338464974061e-01
4.706697725794448117e-03,6.528199739813436361e-03,7.742533074629047093e-03,9.182748812988656556e-03,1.089086413318093687e-02,1.291671197622614418e-02,1.531939488331986350e-02,1.816900926667980309e-02,2.154869041806159805e-02,2.555703791648261322e-02,3.031099219454492025e-02,3.594924618495110025e-02,4.070971602526077260e-02,5.006552843979305417e-02,5.729814043928268402e-02,7.325582438189981449e-02,8.438999489124877906e-02,9.938227989797880635e-02,1.211272834272441173e-01,1.329217074375491636e-01,1.568475215018023394e-01,1.857433596876909287e-01,2.268538010609487399e-01,2.620376730024653322e-01
4.706697725794448117e-03,6.528199739813436361e-03,7.742533074629047093e-03,9.182748812988656556e-03,1.089086413318093687e-02,1.291671197622614418e-02,1.531939488331986350e-02,1.816900926667980309e-02,2.154869041806159805e-02,2.555703791648261322e-02,3.031099219454492025e-02,3.594924618495110025e-02,4.118953699480563946e-02,5.061145369575992259e-02,5.765676824199061218e-02,7.354377139503405492e-02,8.472096302316579897e-02,9.960076235706237513e-02,1.212802388757290850e-01,1.332497011418435906e-01,1.566752854370875581e-01,1.858145209734118897e-01,2.269672333753825211e-01,2.620456118239699039e-01
4.706697725794448117e-03,6.528199739813436361e-03,7.742533074629047093e-03,9.182748812988656556e-03,1.089086413318093687e-02,1.291671197622614418e-02,1.531939488331986350e-02,1.816900926667980309e-02,2.154869041806159805e-02,2.555703791648261322e-02,3.031099219454492025e-02,3.594924618495110025e-02,4.162971457553796273e-02,5.111376474766016892e-02,5.798702326966780063e-02,7.380938828798862261e-02,8.502443392182272575e-02,9.980262522467379938e-02,1.214284034862965767e-01,1.335647646511068654e-01,1.565466698813567370e-01,1.858641728876140597e-01,2.270730511116122452e-01,2.620391669169200299e-01
