# particle size bin bounds (um), with size bins represented by columns and their number (starting at 1 and in line with the lower bound) given in second line of header, per time step which is is represented by rows and corresponding times given in the time output file 
# 
4.999999999999999237e-03,5.930067540220750749e-03,7.033140206315965405e-03,8.341399288659158417e-03,9.893012232339628079e-03,1.173324614280081904e-02,1.391578841856870238e-02,1.650431303950682799e-02,1.957433820584431397e-02,2.321542952315606978e-02,2.753381300951006361e-02,3.265547415724071728e-02,3.872983346207417577e-02,4.593410565032031434e-02,5.447846978120705203e-02,6.461220105808661296e-02,7.663094323935530638e-02,9.088533381603999817e-02,1.077912335889252421e-01,1.278418590852077319e-01,1.516221717685331538e-01,1.798259438364708529e-01,2.132759984868432546e-01,2.529482151469998885e-01,2.999999999999999334e-01
4.999999999999999237e-03,5.930067540220750749e-03,7.033140206315965405e-03,8.341399288659158417e-03,9.893012232339628079e-03,1.173324614280081904e-02,1.391578841856870238e-02,1.650431303950682799e-02,1.957433820584431397e-02,2.321542952315606978e-02,2.753381300951006361e-02,3.265547415724071728e-02,3.872983346207417577e-02,4.593410565032031434e-02,5.447846978120705203e-02,6.461220105808661296e-02,7.663094323935530638e-02,9.088533381603999817e-02,1.077912335889252421e-01,1.278418590852077319e-01,1.516221717685331538e-01,1.798259438364708529e-01,2.132759984868432546e-01,2.529482151469998885e-01,2.999999999999999334e-01
4.999999999999999237e-03,5.930067540220750749e-03,7.033140206315965405e-03,8.341399288659158417e-03,9.893012232339628079e-03,1.173324614280081904e-02,1.391578841856870238e-02,1.650431303950682799e-02,1.957433820584431397e-02,2.321542952315606978e-02,2.753381300951006361e-02,3.265547415724071728e-02,3.872983346207417577e-02,4.593410565032031434e-02,5.447846978120705203e-02,6.461220105808661296e-02,7.663094323935530638e-02,9.088533381603999817e-02,1.077912335889252421e-01,1.278418590852077319e-01,1.516221717685331538e-01,1.798259438364708529e-01,2.132759984868432546e-01,2.529482151469998885e-01,2.999999999999999334e-01
4.999999999999999237e-03,5.930067540220750749e-03,7.033140206315965405e-03,8.341399288659158417e-03,9.893012232339628079e-03,1.173324614280081904e-02,1.391578841856870238e-02,1.650431303950682799e-02,1.957433820584431397e-02,2.321542952315606978e-02,2.753381300951006361e-02,3.265547415724071728e-02,3.872983346207417577e-02,4.593410565032031434e-02,5.447846978120705203e-02,6.461220105808661296e-02,7.663094323935530638e-02,9.088533381603999817e-02,1.077912335889252421e-01,1.278418590852077319e-01,1.516221717685331538e-01,1.798259438364708529e-01,2.132759984868432546e-01,2.529482151469998885e-01,2.999999999999999334e-01
4.999999999999999237e-03,5.930067540220750749e-03,7.033140206315965405e-03,8.341399288659158417e-03,9.893012232339628079e-03,1.173324614280081904e-02,1.391578841856870238e-02,1.650431303950682799e-02,1.957433820584431397e-02,2.321542952315606978e-02,2.753381300951006361e-02,3.265547415724071728e-02,3.872983346207417577e-02,4.593410565032031434e-02,5.447846978120705203e-02,6.461220105808661296e-02,7.663094323935530638e-02,9.088533381603999817e-02,1.077912335889252421e-01,1.278418590852077319e-01,1.516221717685331538e-01,1.798259438364708529e-01,2.132759984868432546e-01,2.529482151469998885e-01,2.999999999999999334e-01
4.999999999999999237e-03,5.930067540220750749e-03,7.033140206315965405e-03,8.341399288659158417e-03,9.893012232339628079e-03,1.173324614280081904e-02,1.391578841856870238e-02,1.650431303950682799e-02,1.957433820584431397e-02,2.321542952315606978e-02,2.753381300951006361e-02,3.265547415724071728e-02,3.872983346207417577e-02,4.593410565032031434e-02,5.447846978120705203e-02,6.461220105808661296e-02,7.663094323935530638e-02,9.088533381603999817e-02,1.077912335889252421e-01,1.278418590852077319e-01,1.516221717685331538e-01,1.798259438364708529e-01,2.132759984868432546e-01,2.529482151469998885e-01,2.999999999999999334e-01
4.999999999999999237e-03,5.930067540220750749e-03,7.033140206315965405e-03,8.341399288659158417e-03,9.893012232339628079e-03,1.173324614280081904e-02,1.391578841856870238e-02,1.650431303950682799e-02,1.957433820584431397e-02,2.321542952315606978e-02,2.753381300951006361e-02,3.265547415724071728e-02,3.872983346207417577e-02,4.593410565032031434e-02,5.447846978120705203e-02,6.461220105808661296e-02,7.663094323935530638e-02,9.088533381603999817e-02,1.077912335889252421e-01,1.278418590852077319e-01,1.516221717685331538e-01,1.798259438364708529e-01,2.132759984868432546e-01,2.529482151469998885e-01,2.999999999999999334e-01
4.999999999999999237e-03,5.930067540220750749e-03,7.033140206315965405e-03,8.341399288659158417e-03,9.893012232339628079e-03,1.173324614280081904e-02,1.391578841856870238e-02,1.650431303950682799e-02,1.957433820584431397e-02,2.321542952315606978e-02,2.753381300951006361e-02,3.265547415724071728e-02,3.872983346207417577e-02,4.593410565032031434e-02,5.447846978120705203e-02,6.461220105808661296e-02,7.663094323935530638e-02,9.088533381603999817e-02,1.077912335889252421e-01,1.278418590852077319e-01,1.516221717685331538e-01,1.798259438364708529e-01,2.132759984868432546e-01,2.529482151469998885e-01,2.999999999999999334e-01
4.999999999999999237e-03,5.930067540220750749e-03,7.033140206315965405e-03,8.341399288659158417e-03,9.893012232339628079e-03,1.173324614280081904e-02,1.391578841856870238e-02,1.650431303950682799e-02,1.957433820584431397e-02,2.321542952315606978e-02,2.753381300951006361e-02,3.265547415724071728e-02,3.872983346207417577e-02,4.593410565032031434e-02,5.447846978120705203e-02,6.461220105808661296e-02,7.663094323935530638e-02,9.088533381603999817e-02,1.077912335889252421e-01,1.278418590852077319e-01,1.516221717685331538e-01,1.798259438364708529e-01,2.132759984868432546e-01,2.529482151469998885e-01,2.999999999999999334e-01
4.999999999999999237e-03,5.930067540220750749e-03,7.033140206315965405e-03,8.341399288659158417e-03,9.893012232339628079e-03,1.173324614280081904e-02,1.391578841856870238e-02,1.650431303950682799e-02,1.957433820584431397e-02,2.321542952315606978e-02,2.753381300951006361e-02,3.265547415724071728e-02,3.872983346207417577e-02,4.593410565032031434e-02,5.447846978120705203e-02,6.461220105808661296e-02,7.663094323935530638e-02,9.088533381603999817e-02,1.077912335889252421e-01,1.278418590852077319e-01,1.516221717685331538e-01,1.798259438364708529e-01,2.132759984868432546e-01,2.529482151469998885e-01,2.999999999999999334e-01
4.999999999999999237e-03,5.930067540220750749e-03,7.033140206315965405e-03,8.341399288659158417e-03,9.893012232339628079e-03,1.173324614280081904e-02,1.391578841856870238e-02,1.650431303950682799e-02,1.957433820584431397e-02,2.321542952315606978e-02,2.753381300951006361e-02,3.265547415724071728e-02,3.872983346207417577e-02,4.593410565032031434e-02,5.447846978120705203e-02,6.461220105808661296e-02,7.663094323935530638e-02,9.088533381603999817e-02,1.077912335889252421e-01,1.278418590852077319e-01,1.516221717685331538e-01,1.798259438364708529e-01,2.132759984868432546e-01,2.529482151469998885e-01,2.999999999999999334e-01
4.999999999999999237e-03,5.930067540220750749e-03,7.033140206315965405e-03,8.341399288659158417e-03,9.893012232339628079e-03,1.173324614280081904e-02,1.391578841856870238e-02,1.650431303950682799e-02,1.957433820584431397e-02,2.321542952315606978e-02,2.753381300951006361e-02,3.265547415724071728e-02,3.872983346207417577e-02,4.593410565032031434e-02,5.447846978120705203e-02,6.461220105808661296e-02,7.663094323935530638e-02,9.088533381603999817e-02,1.077912335889252421e-01,1.278418590852077319e-01,1.516221717685331538e-01,1.798259438364708529e-01,2.132759984868432546e-01,2.529482151469998885e-01,2.999999999999999334e-01
4.999999999999999237e-03,5.930067540220750749e-03,7.033140206315965405e-03,8.341399288659158417e-03,9.893012232339628079e-03,1.173324614280081904e-02,1.391578841856870238e-02,1.650431303950682799e-02,1.957433820584431397e-02,2.321542952315606978e-02,2.753381300951006361e-02,3.265547415724071728e-02,3.872983346207417577e-02,4.593410565032031434e-02,5.447846978120705203e-02,6.461220105808661296e-02,7.663094323935530638e-02,9.088533381603999817e-02,1.077912335889252421e-01,1.278418590852077319e-01,1.516221717685331538e-01,1.798259438364708529e-01,2.132759984868432546e-01,2.529482151469998885e-01,2.999999999999999334e-01
4.999999999999999237e-03,5.930067540220750749e-03,7.033140206315965405e-03,8.341399288659158417e-03,9.893012232339628079e-03,1.173324614280081904e-02,1.391578841856870238e-02,1.650431303950682799e-02,1.957433820584431397e-02,2.321542952315606978e-02,2.753381300951006361e-02,3.265547415724071728e-02,3.872983346207417577e-02,4.593410565032031434e-02,5.447846978120705203e-02,6.461220105808661296e-02,7.663094323935530638e-02,9.088533381603999817e-02,1.077912335889252421e-01,1.278418590852077319e-01,1.516221717685331538e-01,1.798259438364708529e-01,2.132759984868432546e-01,2.529482151469998885e-01,2.999999999999999334e-01
4.999999999999999237e-03,5.930067540220750749e-03,7.033140206315965405e-03,8.341399288659158417e-03,9.893012232339628079e-03,1.173324614280081904e-02,1.391578841856870238e-02,1.650431303950682799e-02,1.957433820584431397e-02,2.321542952315606978e-02,2.753381300951006361e-02,3.265547415724071728e-02,3.872983346207417577e-02,4.593410565032031434e-02,5.447846978120705203e-02,6.461220105808661296e-02,7.663094323935530638e-02,9.088533381603999817e-02,1.077912335889252421e-01,1.278418590852077319e-01,1.516221717685331538e-01,1.798259438364708529e-01,2.132759984868432546e-01,2.529482151469998885e-01,2.999999999999999334e-01
4.999999999999999237e-03,5.930067540220750749e-03,7.033140206315965405e-03,8.341399288659158417e-03,9.893012232339628079e-03,1.173324614280081904e-02,1.391578841856870238e-02,1.650431303950682799e-02,1.957433820584431397e-02,2.321542952315606978e-02,2.753381300951006361e-02,3.265547415724071728e-02,3.872983346207417577e-02,4.593410565032031434e-02,5.447846978120705203e-02,6.461220105808661296e-02,7.663094323935530638e-02,9.088533381603999817e-02,1.077912335889252421e-01,1.278418590852077319e-01,1.516221717685331538e-01,1.798259438364708529e-01,2.132759984868432546e-01,2.529482151469998885e-01,2.999999999999999334e-01
4.999999999999999237e-03,5.930067540220750749e-03,7.033140206315965405e-03,8.341399288659158417e-03,9.893012232339628079e-03,1.173324614280081904e-02,1.391578841856870238e-02,1.650431303950682799e-02,1.957433820584431397e-02,2.321542952315606978e-02,2.753381300951006361e-02,3.265547415724071728e-02,3.872983346207417577e-02,4.593410565032031434e-02,5.447846978120705203e-02,6.461220105808661296e-02,7.663094323935530638e-02,9.088533381603999817e-02,1.077912335889252421e-01,1.278418590852077319e-01,1.516221717685331538e-01,1.798259438364708529e-01,2.132759984868432546e-01,2.529482151469998885e-01,2.999999999999999334e-01
4.999999999999999237e-03,5.930067540220750749e-03,7.033140206315965405e-03,8.341399288659158417e-03,9.893012232339628079e-03,1.173324614280081904e-02,1.391578841856870238e-02,1.650431303950682799e-02,1.957433820584431397e-02,2.321542952315606978e-02,2.753381300951006361e-02,3.265547415724071728e-02,3.872983346207417577e-02,4.593410565032031434e-02,5.447846978120705203e-02,6.461220105808661296e-02,7.663094323935530638e-02,9.088533381603999817e-02,1.077912335889252421e-01,1.278418590852077319e-01,1.516221717685331538e-01,1.798259438364708529e-01,2.132759984868432546e-01,2.529482151469998885e-01,2.999999999999999334e-01
4.999999999999999237e-03,5.930067540220750749e-03,7.033140206315965405e-03,8.341399288659158417e-03,9.893012232339628079e-03,1.173324614280081904e-02,1.391578841856870238e-02,1.650431303950682799e-02,1.957433820584431397e-02,2.321542952315606978e-02,2.753381300951006361e-02,3.265547415724071728e-02,3.872983346207417577e-02,4.593410565032031434e-02,5.447846978120705203e-02,6.461220105808661296e-02,7.663094323935530638e-02,9.088533381603999817e-02,1.077912335889252421e-01,1.278418590852077319e-01,1.516221717685331538e-01,1.798259438364708529e-01,2.132759984868432546e-01,2.529482151469998885e-01,2.999999999999999334e-01
4.999999999999999237e-03,5.930067540220750749e-03,7.033140206315965405e-03,8.341399288659158417e-03,9.893012232339628079e-03,1.173324614280081904e-02,1.391578841856870238e-02,1.650431303950682799e-02,1.957433820584431397e-02,2.321542952315606978e-02,2.753381300951006361e-02,3.265547415724071728e-02,3.872983346207417577e-02,4.593410565032031434e-02,5.447846978120705203e-02,6.461220105808661296e-02,7.663094323935530638e-02,9.088533381603999817e-02,1.077912335889252421e-01,1.278418590852077319e-01,1.516221717685331538e-01,1.798259438364708529e-01,2.132759984868432546e-01,2.529482151469998885e-01,2.999999999999999334e-01
4.999999999999999237e-03,5.930067540220750749e-03,7.033140206315965405e-03,8.341399288659158417e-03,9.893012232339628079e-03,1.173324614280081904e-02,1.391578841856870238e-02,1.650431303950682799e-02,1.957433820584431397e-02,2.321542952315606978e-02,2.753381300951006361e-02,3.265547415724071728e-02,3.872983346207417577e-02,4.593410565032031434e-02,5.447846978120705203e-02,6.461220105808661296e-02,7.663094323935530638e-02,9.088533381603999817e-02,1.077912335889252421e-01,1.278418590852077319e-01,1.516221717685331538e-01,1.798259438364708529e-01,2.132759984868432546e-01,2.529482151469998885e-01,2.999999999999999334e-01
4.999999999999999237e-03,5.930067540220750749e-03,7.033140206315965405e-03,8.341399288659158417e-03,9.893012232339628079e-03,1.173324614280081904e-02,1.391578841856870238e-02,1.650431303950682799e-02,1.957433820584431397e-02,2.321542952315606978e-02,2.753381300951006361e-02,3.265547415724071728e-02,3.872983346207417577e-02,4.593410565032031434e-02,5.447846978120705203e-02,6.461220105808661296e-02,7.663094323935530638e-02,9.088533381603999817e-02,1.077912335889252421e-01,1.278418590852077319e-01,1.516221717685331538e-01,1.798259438364708529e-01,2.132759984868432546e-01,2.529482151469998885e-01,2.999999999999999334e-01
4.999999999999999237e-03,5.930067540220750749e-03,7.033140206315965405e-03,8.341399288659158417e-03,9.893012232339628079e-03,1.173324614280081904e-02,1.391578841856870238e-02,1.650431303950682799e-02,1.957433820584431397e-02,2.321542952315606978e-02,2.753381300951006361e-02,3.265547415724071728e-02,3.872983346207417577e-02,4.593410565032031434e-02,5.447846978120705203e-02,6.461220105808661296e-02,7.663094323935530638e-02,9.088533381603999817e-02,1.077912335889252421e-01,1.278418590852077319e-01,1.516221717685331538e-01,1.798259438364708529e-01,2.132759984868432546e-01,2.529482151469998885e-01,2.999999999999999334e-01
4.999999999999999237e-03,5.930067540220750749e-03,7.033140206315965405e-03,8.341399288659158417e-03,9.893012232339628079e-03,1.173324614280081904e-02,1.391578841856870238e-02,1.650431303950682799e-02,1.957433820584431397e-02,2.321542952315606978e-02,2.753381300951006361e-02,3.265547415724071728e-02,3.872983346207417577e-02,4.593410565032031434e-02,5.447846978120705203e-02,6.461220105808661296e-02,7.663094323935530638e-02,9.088533381603999817e-02,1.077912335889252421e-01,1.278418590852077319e-01,1.516221717685331538e-01,1.798259438364708529e-01,2.132759984868432546e-01,2.529482151469998885e-01,2.999999999999999334e-01
4.999999999999999237e-03,5.930067540220750749e-03,7.033140206315965405e-03,8.341399288659158417e-03,9.893012232339628079e-03,1.173324614280081904e-02,1.391578841856870238e-02,1.650431303950682799e-02,1.957433820584431397e-02,2.321542952315606978e-02,2.753381300951006361e-02,3.265547415724071728e-02,3.872983346207417577e-02,4.593410565032031434e-02,5.447846978120705203e-02,6.461220105808661296e-02,7.663094323935530638e-02,9.088533381603999817e-02,1.077912335889252421e-01,1.278418590852077319e-01,1.516221717685331538e-01,1.798259438364708529e-01,2.132759984868432546e-01,2.529482151469998885e-01,2.999999999999999334e-01
4.999999999999999237e-03,5.930067540220750749e-03,7.033140206315965405e-03,8.341399288659158417e-03,9.893012232339628079e-03,1.173324614280081904e-02,1.391578841856870238e-02,1.650431303950682799e-02,1.957433820584431397e-02,2.321542952315606978e-02,2.753381300951006361e-02,3.265547415724071728e-02,3.872983346207417577e-02,4.593410565032031434e-02,5.447846978120705203e-02,6.461220105808661296e-02,7.663094323935530638e-02,9.088533381603999817e-02,1.077912335889252421e-01,1.278418590852077319e-01,1.516221717685331538e-01,1.798259438364708529e-01,2.132759984868432546e-01,2.529482151469998885e-01,2.999999999999999334e-01
4.999999999999999237e-03,5.930067540220750749e-03,7.033140206315965405e-03,8.341399288659158417e-03,9.893012232339628079e-03,1.173324614280081904e-02,1.391578841856870238e-02,1.650431303950682799e-02,1.957433820584431397e-02,2.321542952315606978e-02,2.753381300951006361e-02,3.265547415724071728e-02,3.872983346207417577e-02,4.593410565032031434e-02,5.447846978120705203e-02,6.461220105808661296e-02,7.663094323935530638e-02,9.088533381603999817e-02,1.077912335889252421e-01,1.278418590852077319e-01,1.516221717685331538e-01,1.798259438364708529e-01,2.132759984868432546e-01,2.529482151469998885e-01,2.999999999999999334e-01
4.999999999999999237e-03,5.930067540220750749e-03,7.033140206315965405e-03,8.341399288659158417e-03,9.893012232339628079e-03,1.173324614280081904e-02,1.391578841856870238e-02,1.650431303950682799e-02,1.957433820584431397e-02,2.321542952315606978e-02,2.753381300951006361e-02,3.265547415724071728e-02,3.872983346207417577e-02,4.593410565032031434e-02,5.447846978120705203e-02,6.461220105808661296e-02,7.663094323935530638e-02,9.088533381603999817e-02,1.077912335889252421e-01,1.278418590852077319e-01,1.516221717685331538e-01,1.798259438364708529e-01,2.132759984868432546e-01,2.529482151469998885e-01,2.999999999999999334e-01
4.999999999999999237e-03,5.930067540220750749e-03,7.033140206315965405e-03,8.341399288659158417e-03,9.893012232339628079e-03,1.173324614280081904e-02,1.391578841856870238e-02,1.650431303950682799e-02,1.957433820584431397e-02,2.321542952315606978e-02,2.753381300951006361e-02,3.265547415724071728e-02,3.872983346207417577e-02,4.593410565032031434e-02,5.447846978120705203e-02,6.461220105808661296e-02,7.663094323935530638e-02,9.088533381603999817e-02,1.077912335889252421e-01,1.278418590852077319e-01,1.516221717685331538e-01,1.798259438364708529e-01,2.132759984868432546e-01,2.529482151469998885e-01,2.999999999999999334e-01
4.999999999999999237e-03,5.930067540220750749e-03,7.033140206315965405e-03,8.341399288659158417e-03,9.893012232339628079e-03,1.173324614280081904e-02,1.391578841856870238e-02,1.650431303950682799e-02,1.957433820584431397e-02,2.321542952315606978e-02,2.753381300951006361e-02,3.265547415724071728e-02,3.872983346207417577e-02,4.593410565032031434e-02,5.447846978120705203e-02,6.461220105808661296e-02,7.663094323935530638e-02,9.088533381603999817e-02,1.077912335889252421e-01,1.278418590852077319e-01,1.516221717685331538e-01,1.798259438364708529e-01,2.132759984868432546e-01,2.529482151469998885e-01,2.999999999999999334e-01
4.999999999999999237e-03,5.930067540220750749e-03,7.033140206315965405e-03,8.341399288659158417e-03,9.893012232339628079e-03,1.173324614280081904e-02,1.391578841856870238e-02,1.650431303950682799e-02,1.957433820584431397e-02,2.321542952315606978e-02,2.753381300951006361e-02,3.265547415724071728e-02,3.872983346207417577e-02,4.593410565032031434e-02,5.447846978120705203e-02,6.461220105808661296e-02,7.663094323935530638e-02,9.088533381603999817e-02,1.077912335889252421e-01,1.278418590852077319e-01,1.516221717685331538e-01,1.798259438364708529e-01,2.132759984868432546e-01,2.529482151469998885e-01,2.999999999999999334e-01
