number_of_size_bins,21
number_of_components,19
molecular_weights_g/mol_corresponding_to_component_names,[47.9982, 15.9994, 18.01528, 136.23404, 184.23223999999993, 184.23223999999993, 62.0049, 230.23773999999997, 230.23773999999997, 17.00734, 185.24017999999995, 185.24017999999995, 185.24018, 479.4523399999999, 431.4541399999998, 44.0095, 170.33483999999999, 18.0, 132.14]
molar_volumes_cm3/mol,[30.000750046877926, 10.000250015625976, 11.260253765860366, 156.51718954744797, 190.90623092542373, 190.90623092542373, 40.00058060770272, 208.69360364987762, 208.69360364987762, 15.00029987652143, 171.99738160146399, 171.99738160146399, 179.1639391681917, 373.0748532588684, 349.99686875663434, 30.000340839373763, 249.99242691088406, 18.0, 132.14]
component_names,['O3', 'O1D', 'O', 'APINENE', 'APINOOA', 'APINOOB', 'NO3', 'NAPINAO2', 'NAPINBO2', 'OH', 'APINAO2', 'APINBO2', 'APINCO2', 'ELVOC_oh', 'ELVOC_o3', 'CO2', 'NC12H26', 'H2O', 'core']
factor_for_multiplying_ppb_to_get_molec/cm3_with_time,[[25476151457.080963], [25476151457.080963], [25476151457.080963], [25476151457.080963], [25476151457.080963], [25476151457.080963], [25476151457.080963], [25476151457.080963], [25476151457.080963], [25476151457.080963], [25476151457.080963], [25476151457.080963], [25476151457.080963], [25476151457.080963], [25476151457.080963], [25476151457.080963], [25476151457.080963], [25476151457.080963], [25476151457.080963], [25476151457.080963], [25476151457.080963], [25476151457.080963], [25476151457.080963], [25476151457.080963], [25476151457.080963], [25476151457.080963], [25476151457.080963], [25476151457.080963], [25476151457.080963], [25476151457.080963], [25476151457.080963], [25476151457.080963], [25476151457.080963], [25476151457.080963], [25476151457.080963], [25476151457.080963], [25476151457.080963], [25476151457.080963], [25476151457.080963], [25476151457.080963], [25476151457.080963], [25476151457.080963], [25476151457.080963], [25476151457.080963], [25476151457.080963], [25476151457.080963], [25476151457.080963], [25476151457.080963], [25476151457.080963], [25476151457.080963], [25476151457.080963], [25476151457.080963], [25476151457.080963], [25476151457.080963], [25476151457.080963], [25476151457.080963], [25476151457.080963], [25476151457.080963], [25476151457.080963], [25476151457.080963], [25476151457.080963]]
simulation_computer_time(s),13.241696119308472
seed_name,['core']
wall_on_flag_0forNO_1forYES,1
space_mode,lin
