# particle number concentration assuming water not removed from particles (#/cc (air)), with time changing with rows (corresponding times given in the time output file) and size bin changing with columns with size bin numbers given in the second row of the header
# 
0.000000000000000000e+00,0.000000000000000000e+00,0.000000000000000000e+00,0.000000000000000000e+00,0.000000000000000000e+00,0.000000000000000000e+00,0.000000000000000000e+00,0.000000000000000000e+00,0.000000000000000000e+00,0.000000000000000000e+00,0.000000000000000000e+00,0.000000000000000000e+00,0.000000000000000000e+00,0.000000000000000000e+00,0.000000000000000000e+00,0.000000000000000000e+00,0.000000000000000000e+00,0.000000000000000000e+00,0.000000000000000000e+00,0.000000000000000000e+00
0.000000000000000000e+00,0.000000000000000000e+00,0.000000000000000000e+00,0.000000000000000000e+00,0.000000000000000000e+00,0.000000000000000000e+00,0.000000000000000000e+00,0.000000000000000000e+00,0.000000000000000000e+00,0.000000000000000000e+00,0.000000000000000000e+00,0.000000000000000000e+00,0.000000000000000000e+00,0.000000000000000000e+00,0.000000000000000000e+00,0.000000000000000000e+00,0.000000000000000000e+00,0.000000000000000000e+00,0.000000000000000000e+00,0.000000000000000000e+00
0.000000000000000000e+00,0.000000000000000000e+00,0.000000000000000000e+00,0.000000000000000000e+00,0.000000000000000000e+00,0.000000000000000000e+00,0.000000000000000000e+00,0.000000000000000000e+00,0.000000000000000000e+00,0.000000000000000000e+00,0.000000000000000000e+00,0.000000000000000000e+00,0.000000000000000000e+00,0.000000000000000000e+00,0.000000000000000000e+00,0.000000000000000000e+00,0.000000000000000000e+00,0.000000000000000000e+00,0.000000000000000000e+00,0.000000000000000000e+00
0.000000000000000000e+00,0.000000000000000000e+00,0.000000000000000000e+00,0.000000000000000000e+00,0.000000000000000000e+00,0.000000000000000000e+00,0.000000000000000000e+00,0.000000000000000000e+00,0.000000000000000000e+00,0.000000000000000000e+00,0.000000000000000000e+00,0.000000000000000000e+00,0.000000000000000000e+00,0.000000000000000000e+00,0.000000000000000000e+00,0.000000000000000000e+00,0.000000000000000000e+00,0.000000000000000000e+00,0.000000000000000000e+00,0.000000000000000000e+00
0.000000000000000000e+00,0.000000000000000000e+00,0.000000000000000000e+00,0.000000000000000000e+00,0.000000000000000000e+00,0.000000000000000000e+00,0.000000000000000000e+00,0.000000000000000000e+00,0.000000000000000000e+00,0.000000000000000000e+00,0.000000000000000000e+00,0.000000000000000000e+00,0.000000000000000000e+00,0.000000000000000000e+00,0.000000000000000000e+00,0.000000000000000000e+00,0.000000000000000000e+00,0.000000000000000000e+00,0.000000000000000000e+00,0.000000000000000000e+00
0.000000000000000000e+00,0.000000000000000000e+00,0.000000000000000000e+00,0.000000000000000000e+00,0.000000000000000000e+00,0.000000000000000000e+00,0.000000000000000000e+00,0.000000000000000000e+00,0.000000000000000000e+00,0.000000000000000000e+00,0.000000000000000000e+00,0.000000000000000000e+00,0.000000000000000000e+00,0.000000000000000000e+00,0.000000000000000000e+00,0.000000000000000000e+00,0.000000000000000000e+00,0.000000000000000000e+00,0.000000000000000000e+00,0.000000000000000000e+00
1.814331014028219258e+01,0.000000000000000000e+00,0.000000000000000000e+00,0.000000000000000000e+00,0.000000000000000000e+00,0.000000000000000000e+00,0.000000000000000000e+00,0.000000000000000000e+00,0.000000000000000000e+00,0.000000000000000000e+00,0.000000000000000000e+00,0.000000000000000000e+00,0.000000000000000000e+00,0.000000000000000000e+00,0.000000000000000000e+00,0.000000000000000000e+00,0.000000000000000000e+00,0.000000000000000000e+00,0.000000000000000000e+00,0.000000000000000000e+00
1.315044476146414638e+02,0.000000000000000000e+00,1.803985815035594342e+01,1.756106332069932080e-05,0.000000000000000000e+00,0.000000000000000000e+00,0.000000000000000000e+00,0.000000000000000000e+00,0.000000000000000000e+00,0.000000000000000000e+00,0.000000000000000000e+00,0.000000000000000000e+00,0.000000000000000000e+00,0.000000000000000000e+00,0.000000000000000000e+00,0.000000000000000000e+00,0.000000000000000000e+00,0.000000000000000000e+00,0.000000000000000000e+00,0.000000000000000000e+00
5.290342314851734500e+02,0.000000000000000000e+00,1.307527318852293945e+02,9.277741302831738141e-04,1.793701176544342246e+01,1.832721037671551499e-05,0.000000000000000000e+00,0.000000000000000000e+00,0.000000000000000000e+00,0.000000000000000000e+00,0.000000000000000000e+00,0.000000000000000000e+00,0.000000000000000000e+00,0.000000000000000000e+00,0.000000000000000000e+00,0.000000000000000000e+00,0.000000000000000000e+00,0.000000000000000000e+00,0.000000000000000000e+00,0.000000000000000000e+00
1.326427052630579055e+03,0.000000000000000000e+00,5.259788501664969544e+02,1.507674096138630557e-02,1.300052337276812580e+02,1.783634479131146477e+01,2.953818787841607798e-04,1.827037431879589231e-05,0.000000000000000000e+00,0.000000000000000000e+00,0.000000000000000000e+00,0.000000000000000000e+00,0.000000000000000000e+00,0.000000000000000000e+00,0.000000000000000000e+00,0.000000000000000000e+00,0.000000000000000000e+00,0.000000000000000000e+00,0.000000000000000000e+00,0.000000000000000000e+00
2.352474065049515957e+03,0.000000000000000000e+00,1.318562375276002967e+03,9.502195620438361190e-02,5.229401797779472645e+02,1.292596563534927725e+02,1.776219582143575693e+01,6.421614719342810980e-03,3.037874242138742303e-04,0.000000000000000000e+00,0.000000000000000000e+00,0.000000000000000000e+00,0.000000000000000000e+00,0.000000000000000000e+00,0.000000000000000000e+00,0.000000000000000000e+00,0.000000000000000000e+00,0.000000000000000000e+00,0.000000000000000000e+00,0.000000000000000000e+00
3.099999999999998181e+03,0.000000000000000000e+00,0.000000000000000000e+00,2.338717929963669121e+03,1.311055420874331730e+03,5.199772349768066988e+02,0.000000000000000000e+00,1.288096334524248050e+02,1.767842446747416218e+01,1.619143000156145250e-03,1.667651942524234118e-05,0.000000000000000000e+00,0.000000000000000000e+00,0.000000000000000000e+00,0.000000000000000000e+00,0.000000000000000000e+00,0.000000000000000000e+00,0.000000000000000000e+00,0.000000000000000000e+00,0.000000000000000000e+00
0.000000000000000000e+00,3.100000000000000000e+03,3.082448173556581878e+03,4.445537066422200478e-01,2.327112426113250422e+03,1.304800358759040364e+03,0.000000000000000000e+00,5.179511888684546648e+02,1.282904752252526919e+02,1.760285563688512411e+01,3.381434944241861352e-03,3.014300471051401136e-05,0.000000000000000000e+00,0.000000000000000000e+00,0.000000000000000000e+00,0.000000000000000000e+00,0.000000000000000000e+00,0.000000000000000000e+00,0.000000000000000000e+00,0.000000000000000000e+00
0.000000000000000000e+00,3.099999999999996362e+03,0.000000000000000000e+00,3.086333040954430999e+03,3.070846180003940390e+03,0.000000000000000000e+00,2.318190341291014192e+03,1.299432206170786230e+03,5.163584880754208370e+02,1.282232606830145869e+02,1.774455020629864066e+01,4.547715163129544512e-03,1.907233022743455651e-04,0.000000000000000000e+00,0.000000000000000000e+00,0.000000000000000000e+00,0.000000000000000000e+00,0.000000000000000000e+00,0.000000000000000000e+00,0.000000000000000000e+00
0.000000000000000000e+00,0.000000000000000000e+00,3.099999999999998181e+03,3.088642155693009045e+03,3.075640466687519620e+03,3.062183261158441383e+03,0.000000000000000000e+00,2.310432847709833823e+03,1.295915365184986513e+03,5.152762708259638202e+02,1.282898272927248513e+02,1.783559197339252833e+01,1.098939222329646612e-03,1.235825532611786075e-04,3.870430803535893967e-08,0.000000000000000000e+00,0.000000000000000000e+00,0.000000000000000000e+00,0.000000000000000000e+00,0.000000000000000000e+00
1.542613720648460003e+03,3.066027984107509837e+03,5.392391955619816324e-01,3.063565009898128210e+03,3.055170999582614513e+03,6.072450484181084903e+03,6.843346120118448894e+00,2.287283711396661602e+03,1.286201268748448456e+03,5.127193696358149282e+02,1.287039276364157274e+02,1.822826359885874226e+01,1.069338127786645526e-01,1.349329913239702416e-02,2.781997191129779025e-04,8.764518975663188061e-07,2.461577322685758903e-08,0.000000000000000000e+00,0.000000000000000000e+00,0.000000000000000000e+00
2.370413438226645667e+03,0.000000000000000000e+00,4.566237357829981192e+03,3.039250393212757899e+03,1.730373415765008138e+00,3.033287660287856852e+03,6.028996848404288357e+03,8.964665422062720879e+00,2.272756167772536173e+03,1.279863833068548502e+03,5.103959114024772248e+02,1.287070812122306620e+02,1.845309631927231209e+01,5.869236578727197312e-02,2.395487603951478202e-03,2.712230337971611299e-05,2.005747854042622190e-07,0.000000000000000000e+00,0.000000000000000000e+00,0.000000000000000000e+00
1.858311005676772766e+03,2.340583694424243276e+03,3.144137243150911254e-01,4.525719227252473502e+03,3.017210232256861218e+03,3.010605780170140406e+03,5.979778014946748954e+03,1.620410248063400971e+01,2.259475077775177397e+03,1.271843966183424527e+03,5.102670556555624444e+02,1.289449599148228174e+02,1.876136203465679486e+01,1.405114025368111585e-01,1.361952173587201685e-02,3.128894101001231912e-04,3.557293805116982547e-06,2.940078059447873078e-08,0.000000000000000000e+00,0.000000000000000000e+00
1.420235578994670504e+03,1.832386499378921371e+03,2.313182354405530077e+03,4.486691086725993046e+03,2.992258690898793702e+03,2.987461639341169302e+03,4.888643557260379247e+00,5.953355694699585911e+03,2.239310027180109500e+03,1.269589866515188987e+03,5.107849858828303695e+02,1.304278752922865294e+02,1.935729124811218682e+01,2.927950345637913565e-01,2.974845773371017146e-02,6.398131627363732405e-04,1.176307531322773984e-05,1.079246749365389888e-07,0.000000000000000000e+00,0.000000000000000000e+00
1.065794446680418332e+03,3.207531490721495175e+03,2.291417193738396236e+03,4.447230607490820148e+03,2.341105249268402577e+00,2.969172128415256338e+03,2.970150315402516753e+03,5.909983182681323342e+03,4.226757716856737623e+00,2.225200702895912855e+03,1.263238593809607210e+03,6.379583212457579293e+02,2.005376039443964942e+01,5.513740357430265693e-01,5.834783038826774071e-02,2.144966291132524659e-03,4.220293773733086080e-05,3.037549350661962717e-07,0.000000000000000000e+00,0.000000000000000000e+00
7.894057147247331159e+02,1.048233143392450529e+03,5.442522386724265743e+03,1.573511008455172444e+00,4.411722376096691733e+03,2.945911863545608867e+03,2.949742442097931871e+03,5.862801275903755595e+03,1.256152792633813853e+01,2.211203588781650524e+03,1.256433464747038670e+03,6.349369992631438890e+02,2.088945785812650158e+01,8.978686406837357303e-01,8.704523508244181584e-02,3.838007646606914330e-03,8.202522407815699139e-05,6.940235503682495096e-07,1.122484742719532677e-08,0.000000000000000000e+00
5.792288308399583912e+02,1.808091284883493699e+03,5.387967176410231332e+03,3.121756829506672659e+00,4.374476898893675752e+03,2.922933488607360232e+03,2.927374634847762081e+03,5.818346934245389093e+03,1.864675370561498013e+01,2.198405210863457341e+03,1.249088091937381250e+03,6.331008605114615193e+02,2.194048242883291522e+01,1.258369494337548078e+00,1.159603894796350509e-01,5.726433033492872929e-03,1.998188440897876123e-04,2.091928507302987923e-06,3.327343835510150027e-08,0.000000000000000000e+00
4.221604487434888142e+02,2.349911863719410121e+03,5.333645385760132740e+03,6.366747225651518072e+00,4.337782425984497422e+03,2.900220973113633590e+03,2.905245946262863981e+03,5.768418098909017317e+03,3.046364350483098349e+01,2.185703573651371244e+03,1.241279100362755571e+03,6.314724601455789070e+02,2.323645887224318685e+01,1.533533891510639346e+00,2.239859094720708654e-01,1.083240680072375915e-02,4.021544093244745419e-04,4.564282961402814134e-06,7.484092202127017180e-08,0.000000000000000000e+00
3.062035081169560726e+02,2.729725297297706220e+03,4.141347614267013033e-01,5.288216764037149005e+03,4.300330241808939718e+03,2.878399807309632251e+03,2.883052980254047725e+03,5.720842154424589353e+03,4.265405359434416255e+01,2.169803892894725323e+03,1.236812680777997912e+03,6.298151150965359193e+02,2.445835626335912494e+01,1.844852260214108419e+00,3.310963608953428339e-01,1.631966520960045908e-02,6.048850896496085847e-04,8.601833129014828754e-06,1.527777866657942716e-07,0.000000000000000000e+00
2.213306107789103407e+02,2.990663235465122398e+03,9.190995540258583008e-01,5.237561622070826161e+03,4.263420466951606613e+03,2.855784230999277952e+03,2.862158526493126374e+03,4.367582483675888305e+00,5.721981222775796596e+03,2.156012341648076927e+03,1.231430165097749068e+03,6.277293823218083162e+02,2.710718687955755879e+00,2.634629620067209999e+01,4.524394830860022365e-01,2.174456288389930991e-02,7.286019848815349954e-04,1.401108071081826951e-05,2.651180232532618547e-07,0.000000000000000000e+00
1.595867754085520573e+02,2.168548716232236870e+02,2.948481253634760833e+03,5.187936028632994748e+03,4.227025109403371971e+03,2.831487960533195746e+03,2.841740718977280721e+03,1.102525268094103161e+01,5.680851019749537954e+03,2.142344632875268871e+03,1.226036354187540610e+03,6.256251246911930366e+02,4.660046757775511139e+00,2.707821157744094975e+01,5.733431324364555159e-01,2.742947580140020145e-02,1.021255058938643455e-03,2.116742027869679562e-05,4.155354564354571580e-07,0.000000000000000000e+00
1.148633048691044678e+02,3.691372053441737080e+02,2.907169407545390186e+03,5.139254195791690108e+03,4.189167155589126196e+03,4.915835148752726980e+00,2.809759509586595868e+03,2.833343511913232760e+03,5.639640125924932363e+03,2.127041232554850467e+03,1.222122015088039689e+03,6.242098349058240956e+02,6.554942707640161181e+00,2.779794597417418345e+01,6.740276041037274180e-01,5.299001088203853654e-02,1.385331365272921781e-03,3.193782854534997360e-05,8.018571715156068120e-07,0.000000000000000000e+00
8.256827616568625672e+01,4.749885700377319040e+02,2.867370632144299634e+03,5.090163119468881632e+03,3.517536336420709731e+00,4.159737885382940476e+03,2.788259456316991418e+03,2.812636705933386565e+03,5.600251289776217163e+03,2.110048589327678656e+03,1.219277981002207298e+03,6.233357586506954249e+02,9.134955485591857993e+00,2.849473698673570254e+01,7.784101884249867709e-01,8.354045132562680498e-02,3.572633628785219177e-03,5.077694152941895369e-05,1.533399493028427663e-06,1.582659908184063233e-08
5.929925284192358959e+01,5.475745079808932587e+02,2.836175352008373466e+03,5.041858428162525342e+03,6.676312631743453352e+00,4.125808841661977567e+03,2.766982395701177666e+03,2.791690795216261904e+03,5.558625004082527084e+03,5.274848604480938619e+00,3.308118182014039121e+03,6.191839003502439027e+02,1.331592346055940546e+01,2.927340758799355314e+01,1.018913468553567236e+00,1.143353604406760066e-01,5.819360660183225779e-03,1.206504868605958028e-04,2.240657490746730854e-06,3.279709793576259352e-08
4.255999161855288548e+01,5.964028718081721081e+02,2.805912417407040266e+03,4.993877345594704821e+03,8.883228831399149428e+00,4.091228377114935483e+03,2.748394824328910090e+03,2.770949164087929148e+03,5.517407451641612170e+03,1.039369009078478534e+01,3.287070669644903774e+03,2.233949658787715897e+00,6.302474550415977319e+02,3.002579145017608298e+01,1.255879156387532003e+00,1.452716684906280864e-01,8.257039250833066862e-03,2.098711417943221710e-04,3.280705235966311942e-06,8.210466540764549364e-08
7.213637570144396705e+01,5.865658515552432846e+02,2.776271817837291565e+03,6.282440798753661237e-01,4.957240738121990944e+03,4.057075245654759328e+03,2.728173963919621201e+03,2.752182090928497928e+03,5.476590579310343855e+03,1.536299852868082283e+01,3.264255118600677633e+03,6.339053120138382624e+00,6.277741420201422216e+02,3.097556315281650186e+01,1.490700264202238667e+00,1.763418702872078803e-01,1.074243970673112447e-02,4.192275862542142718e-04,4.758369944844242259e-06,1.579633579906166465e-07
2.189545319706667215e+01,6.480976323658678666e+02,2.747354359876505896e+03,1.264623041553770921e+00,4.912422283135494581e+03,4.023337092556460902e+03,2.708151057810500788e+03,2.733555132151540874e+03,5.436167224161727063e+03,2.019372120802784920e+01,3.241659076885966897e+03,1.032804339637877789e+01,6.253032130570078380e+02,3.188679415213602653e+01,1.735507574070667136e+00,2.076208330959969928e-01,1.336736759478944145e-02,6.598689894045463343e-04,6.766351976701339460e-06,2.681129616543787222e-07
3.708638274058685624e+01,6.380077447050587125e+02,2.530186526235691027e-02,2.720552172100872667e+03,4.868274833498299813e+03,3.990003631193282672e+03,2.687406865088923496e+03,2.714132945360430767e+03,5.393112962404062273e+03,2.975090257342302635e+01,3.217682230358831930e+03,1.580279969398078421e+01,6.228252386110373209e+02,3.278105198997234737e+01,1.979205732139632135e+00,2.398759253676475689e-01,1.612771663265939043e-02,9.376317275032259235e-04,9.355131725444080956e-06,4.177607586559173799e-07
1.125322895429417258e+01,3.635518385262552243e+01,6.283856064851120209e+02,2.693106088208791334e+03,4.825171996808305266e+03,3.955569701698205336e+03,2.668368588840945904e+03,2.694887138493336352e+03,5.350545948570984365e+03,3.734364213442909630e+01,3.195616769694619961e+03,2.113459936589006105e+01,6.203461196543170217e+02,3.365528389060032310e+01,2.219877739507938319e+00,2.739106918656096235e-01,1.919079885698343757e-02,1.247883227919766589e-03,1.257697225624612509e-05,6.170961072400214499e-07
1.905088500409427610e+01,3.567752739315378108e+01,6.191215669103460186e+02,2.666235559241752981e+03,4.781144141313057844e+03,3.923112191872948642e+03,2.648368808540134978e+03,2.675718031461470218e+03,5.309661707539166855e+03,4.469171429317647437e+01,3.171103940265501933e+03,2.797557182567032186e+01,6.186446753860749368e+02,3.470556490381520831e+01,2.481458169717330797e+00,3.086105692316112870e-01,2.242966780343216837e-02,1.584233072985489175e-03,2.411011288311340757e-05,8.784099268787602985e-07
5.780694438981299754e+00,5.371934531923296419e+01,6.101953044081188864e+02,2.639902961259159383e+03,4.737751101099497646e+03,3.891037479444023575e+03,2.628566338116757834e+03,2.655498233142061054e+03,5.267722944133819510e+03,5.445455362000477351e+01,3.146926872041735805e+03,3.460055240605353788e+01,6.169103562743102884e+02,3.574897833804701008e+01,2.742334021557870205e+00,3.440675321216805638e-01,2.585582269391255988e-02,1.946146866075009396e-03,4.564416492913437429e-05,1.204945032703097887e-06
9.782227448752408350e+00,5.277279960694829697e+01,6.033146294972863188e+02,2.614095127971758302e+03,4.694972013975524533e+03,3.858927453153567058e+03,2.609040133820536994e+03,2.635809589718428469e+03,5.225427028840466846e+03,6.471314114056397671e+01,3.123045573734111713e+03,4.102001000573550016e+01,6.151571883965630150e+02,3.677245836708365090e+01,3.002500225441838921e+00,3.799808769287427168e-01,2.970489932577619410e-02,2.329367625090692905e-03,9.288811478464470254e-05,1.629153496351923849e-06
2.968723400928865885e+00,6.147227567271191617e+01,5.966377814079753534e+02,2.588579255060717514e+03,4.652576355462156243e+03,3.826294272143291892e+03,5.170868417009633511e+00,5.201806007696804045e+03,5.183566849638464191e+03,7.510830709707690289e+01,3.097642742631765032e+03,4.806161793238477742e+01,6.143624921945124697e+02,3.777456472688167821e+01,3.236566304824657792e+00,4.417980688397364353e-01,3.377426511341909132e-02,2.748879231273148715e-03,1.451597879735405129e-04,2.176516759761343448e-06
5.021946695031961561e+00,6.044638558902017422e+01,5.901475449676579501e+02,2.563521591927258669e+03,4.610768467616540875e+03,1.799317500105907408e+00,3.800345809762522549e+03,5.161328126223708750e+03,5.395068343009487677e+00,5.222047940186087544e+03,3.071989461515176117e+03,5.537170799384050213e+01,6.132017775878140355e+02,3.869176481363079745e+01,3.853599827299899694e+00,5.051351191594977141e-01,3.809785275622663836e-02,3.234567753459761854e-03,2.072680188072026299e-04,2.874819161035753192e-06
1.524408533994574100e+00,6.439802759085863215e+01,5.838237488511639413e+02,2.538904809599776399e+03,4.569477747092882055e+03,3.599103350188286754e+00,3.769574129581267243e+03,5.121269356107355634e+03,1.062460942580883838e+01,5.183315476503948958e+03,3.049037925631218513e+03,6.252963141510547018e+01,6.120109903869074515e+02,3.958742404853871477e+01,4.461742374041573811e+00,5.703307146809605266e-01,4.276057566514121500e-02,3.790406787038063264e-03,2.782905697516934633e-04,3.756458922116776425e-06
2.577931879457453057e+00,6.337587878419501664e+01,5.776573048859268056e+02,2.514682318844483689e+03,4.528769959955972809e+03,5.342430165845577505e+00,3.739142674383862413e+03,5.079670249478171172e+03,1.765678888980562533e+01,5.144953656729744580e+03,5.320271426759981104e+00,3.090513158521017886e+03,6.107905773842995814e+02,3.995390337294897876e+01,5.342905122898738313e+00,8.258475202413313454e-01,4.771221788443107126e-02,4.447166870880188069e-03,3.650590860911734044e-04,4.872821714103960540e-06
0.000000000000000000e+00,2.522203369372102433e+00,6.342915438598239461e+02,2.490861066980829492e+03,1.872951772586056163e-01,4.495439665068753129e+03,3.709043169374624995e+03,5.038547381720276462e+03,2.447312761152844018e+01,5.106957288642703134e+03,1.049768414932326621e+01,3.069639508068044506e+03,6.078514502172598668e+02,4.197111554525785948e+01,6.237839880590899888e+00,1.043715416249085592e+00,8.446099014402343175e-02,5.269442097388000491e-03,4.780312038954718677e-04,8.050097863871475556e-06
1.343565497561939992e+00,2.470748431626152541e+00,6.277063904955805356e+02,2.467422478431764375e+03,3.698090871702301996e-01,4.457249235971673443e+03,3.679271080028779579e+03,4.997118405312493451e+03,2.971806044315356488e+01,5.071456941705726422e+03,1.553628624500655242e+01,3.048950377525824024e+03,6.049215481119729247e+02,4.393580185341272681e+01,7.117106955594365125e+00,1.260618317858499537e+00,1.213584729177499266e-01,6.213901276346734531e-03,6.238089331866091512e-04,1.210139291688533579e-05
1.308502594483029968e+00,2.422843254256604961e+00,0.000000000000000000e+00,6.212679924595267948e+02,2.444878727962710855e+03,4.418243624833567083e+03,3.651106453932663953e+03,4.955586430924538945e+03,3.536250904831423014e+01,5.036267910320361807e+03,2.044767500822442940e+01,3.028427859224543226e+03,6.015516242104006324e+02,4.630488483781275733e+01,7.983616589587898993e+00,1.475916873783066574e+00,1.589596938563150041e-01,7.321031024069900132e-03,8.026365910457783099e-04,1.716593121303081832e-05
0.000000000000000000e+00,3.659951935518449329e+00,0.000000000000000000e+00,6.149671312873992974e+02,2.422337452636590115e+03,4.379733163680123653e+03,3.622086548882234183e+03,4.915681133663645596e+03,4.082036265419466048e+01,5.000032492669400199e+03,2.383962201318831120e+01,3.010816364155011343e+03,5.982083583221024128e+02,4.860835883368923760e+01,8.834976718675404683e+00,1.691060173226695218e+00,1.972924353673443099e-01,8.588204043493370687e-03,1.014915758485633807e-03,2.339246083216325403e-05
0.000000000000000000e+00,3.592838966526246125e+00,6.908891656247997747e-07,6.087957434997018709e+02,2.400134970543691452e+03,4.341706595539328191e+03,3.593376474149310980e+03,4.876222263613527502e+03,4.609971936056992803e+01,4.961171897210025236e+03,3.009158586645900968e+01,2.991893842565056275e+03,5.963020673757009718e+02,5.084940508727021324e+01,9.672830815232529744e+00,1.905161325880184942e+00,2.363579612151169851e-01,1.001284790583242823e-02,1.260997501933097328e-03,3.092311891379107447e-05
1.044009752309648320e+00,3.529408067603516663e+00,1.357484391931598755e-06,6.027467693115472684e+02,2.378260160628870381e+03,4.304153285601830248e+03,3.564970846067515595e+03,2.893969045342198676e+00,4.885570242617280201e+03,4.922676117042354235e+03,3.616645198691673357e+01,2.971808539589623706e+03,5.953836875194256208e+02,5.333167941481431029e+01,1.049474935874604142e+01,2.118311805188315855e+00,2.762320876101067024e-01,1.159354873804339242e-02,1.541477713964153071e-03,3.988870534258991260e-05
1.016020720333565164e+00,3.469179332065526644e+00,2.007409479013626871e-06,5.968139867636058398e+02,2.356536955226167265e+03,4.267229063617771317e+03,3.536864456269053335e+03,5.700436382604031849e+00,4.849166225219275475e+03,4.884582619765074014e+03,4.206886499172453142e+01,2.951891401401715029e+03,5.944324686752015623e+02,5.573659958380061852e+01,1.131361237004744780e+01,2.329569474275932972e+00,3.181856658934731352e-01,1.332947611232149047e-02,1.857125106555345762e-03,5.043853305633227708e-05
0.000000000000000000e+00,4.408328322209245975e+00,3.068813176211175156e-06,5.909917322367806491e+02,2.335126256465353890e+03,4.230427535331310537e+03,3.508044402055460523e+03,9.763029288934045979e+00,4.813104428629386348e+03,4.846879296046118725e+03,4.780779291966805999e+01,2.932139652166107226e+03,5.934486174105804821e+02,5.806252895869363329e+01,1.212390082045527429e+01,2.542669344111212926e+00,3.641259948502704180e-01,1.848002397498533372e-02,2.220733304499831508e-03,6.334327371584525684e-05
0.000000000000000000e+00,4.335055324764297779e+00,4.106184218084532929e-06,5.852748638962793848e+02,2.314018923684951915e+03,4.194076005486146641e+03,3.479540631884559389e+03,1.371237211583812687e+01,4.774897147971052618e+03,4.812042619236363862e+03,5.338636036051720168e+01,2.912551268982404054e+03,5.923421471443552946e+02,6.007852805116769446e+01,1.325824345894737810e+01,2.755202169330865480e+00,4.112092839486832241e-01,2.389827277267316322e-02,2.616850699490714909e-03,7.939867065618365154e-05
0.000000000000000000e+00,4.264981936670833029e+00,5.120149376361953139e-06,5.796587634200690218e+02,2.293206468685044456e+03,4.158165313515974049e+03,3.451347748677127129e+03,1.587604141798984791e+01,4.738766087562936264e+03,4.775808008174260976e+03,6.049258051332127195e+01,2.893146391254481841e+03,5.912093040943160531e+02,6.203501927705693220e+01,1.437355509347726112e+01,2.967330032326124467e+00,4.594670378050368376e-01,2.956700946107141889e-02,3.054413988117261804e-03,1.007287123372291489e-04
0.000000000000000000e+00,0.000000000000000000e+00,4.197778235724417328e+00,5.741392130963016598e+02,2.272680896691751968e+03,4.122686661620308769e+03,3.423460532395633891e+03,1.797657814630377260e+01,4.702985007433209830e+03,4.739937603714050056e+03,6.738713839474942802e+01,2.872162539379305599e+03,5.917861769957123670e+02,6.393633859305347755e+01,1.547092976075671089e+01,3.179198307114985855e+00,5.088735559295681776e-01,3.548507117254594279e-02,3.535797153365771717e-03,1.258422129968601183e-04
0.000000000000000000e+00,0.000000000000000000e+00,4.133152402215648280e+00,5.687120059674416552e+02,2.252434920603679075e+03,4.087340175565610934e+03,3.396161979912146762e+03,2.001977880593283032e+01,4.667549017812540114e+03,4.704425102564719054e+03,7.407683807790662911e+01,2.851390329749217926e+03,5.677638988940766573e+00,6.525160917893255146e+02,1.646810383125434640e+01,3.375184093450483758e+00,5.441667050123408789e-01,3.810520933303144370e-02,3.931247618291549596e-03,1.840933906066984354e-04
0.000000000000000000e+00,0.000000000000000000e+00,4.070872920749633472e+00,5.633739461929549179e+02,2.232459742269898470e+03,4.052415222024444120e+03,3.369155369361385965e+03,2.200334728263743145e+01,4.632453373589481998e+03,4.668780790091039307e+03,8.105099903898832281e+01,2.830825738512101452e+03,1.120046584512347998e+01,6.493285914375260290e+02,1.744731567877730782e+01,3.568812604542282330e+00,5.830018275043219456e-01,4.088027635165634305e-02,4.352586224782560922e-03,2.464258869688106673e-04
0.000000000000000000e+00,0.000000000000000000e+00,4.010736953435907637e+00,5.581217552745309831e+02,2.212732394879322328e+03,4.017923038756277492e+03,1.620192318801464193e+00,3.364754429298254308e+03,4.596305057670798305e+03,4.634889788563576985e+03,8.781383489947788235e+01,2.810453657406267212e+03,1.511160975647448623e+01,6.476282687044717932e+02,1.839746935084963297e+01,3.770004813796570264e+00,6.207627692175967660e-01,4.570234759729373958e-02,4.823825835239451722e-03,3.133753891686084860e-04
0.000000000000000000e+00,0.000000000000000000e+00,3.965399747115218254e+00,8.305825716625304563e-07,2.746306946380251247e+03,3.983686180042390333e+03,3.339915629529625285e+00,3.338617508602896578e+03,4.559521563940861597e+03,4.602345338257146068e+03,9.253304043135925383e+01,2.792098000121896803e+03,1.892075563868739962e+01,6.459101745960986136e+02,1.932668259854001036e+01,3.973100204562176163e+00,6.539586165261460637e-01,5.603862675205447536e-02,5.328477798259403757e-03,3.861938408071074851e-04
0.000000000000000000e+00,0.000000000000000000e+00,3.921359204381465791e+00,1.637004838997883091e-06,2.722086461708629940e+03,1.536549735210276024e-03,3.953591338225926847e+03,3.314018950147002670e+03,4.523131349170113026e+03,4.568378888371048561e+03,9.880353145475629617e+01,2.772587320906545756e+03,2.393354943135100044e+01,6.441757343884553393e+02,2.023815279100401554e+01,4.175670900369677696e+00,6.877135202009756476e-01,6.675265163262635026e-02,5.870521613537209825e-03,4.657856871424823726e-04
0.000000000000000000e+00,0.000000000000000000e+00,3.878519101395046409e+00,2.423363012901781382e-06,2.698184954817372272e+03,3.009084194858228922e-03,3.920541621499587563e+03,3.289645849084537076e+03,4.487129092627817954e+03,4.534726032729397957e+03,1.048902474320035338e+02,2.753268702252723870e+03,2.880470652091016603e+01,6.421450132923479259e+02,2.110082858810849871e+01,4.686278134554417996e+00,7.244031318724070134e-01,7.845225664263724696e-02,6.461060612017130791e-03,5.528333409970301706e-04
0.000000000000000000e+00,0.000000000000000000e+00,3.836795034856379516e+00,3.190042277450709511e-06,2.674594878099665038e+03,4.425819436038580350e-03,3.887870127044182482e+03,3.264404987908539624e+03,4.452597673392312572e+03,4.501387748966777508e+03,1.107939008392498010e+02,2.734138159671261747e+03,3.353842834791560534e+01,6.401054872517635204e+02,2.194617958330905694e+01,5.189671700027756351e+00,7.622766073253206542e-01,9.074280002052935445e-02,7.107039809165217360e-03,6.517797272311995306e-04
0.000000000000000000e+00,0.000000000000000000e+00,3.796112000060301472e+00,3.937424163356961147e-06,0.000000000000000000e+00,2.651314699218409714e+03,3.855570183617761813e+03,3.239413687791844040e+03,4.418411313763726866e+03,4.236243107652198248e+00,4.579695754064817265e+03,2.716205504987608037e+03,3.813668187041307078e+01,6.380349114748846659e+02,2.237108736097700046e+01,5.884420042842097409e+00,9.742010566048491249e-01,1.038157322800200150e-01,7.833007616866932005e-03,7.653106523199101679e-04
0.000000000000000000e+00,0.000000000000000000e+00,3.756404624705024897e+00,4.665889038161705284e-06,0.000000000000000000e+00,2.628327417294347924e+03,3.823635453794464411e+03,3.214668353748162190e+03,4.384564768656394335e+03,8.345515469305011536e+00,4.547491807591891302e+03,2.696254679288220359e+03,4.477734916862993231e+01,6.346697773704950123e+02,2.407308757682920586e+01,6.570456381167280036e+00,1.181642467881382830e+00,1.158950789845919899e-01,1.008432873837375628e-02,9.007477888455309167e-04
