# particle number concentration assuming water removed from particles (#/cc (air)), with time changing with rows (corresponding times given in the time output file) and size bin changing with columns with size bin numbers given in the second row of the header
# 
0.000000000000000000e+00,0.000000000000000000e+00,0.000000000000000000e+00,0.000000000000000000e+00,0.000000000000000000e+00,0.000000000000000000e+00,0.000000000000000000e+00,0.000000000000000000e+00,0.000000000000000000e+00,0.000000000000000000e+00,0.000000000000000000e+00,0.000000000000000000e+00,0.000000000000000000e+00,0.000000000000000000e+00,0.000000000000000000e+00,0.000000000000000000e+00,0.000000000000000000e+00,0.000000000000000000e+00,0.000000000000000000e+00,0.000000000000000000e+00
0.000000000000000000e+00,0.000000000000000000e+00,0.000000000000000000e+00,0.000000000000000000e+00,0.000000000000000000e+00,0.000000000000000000e+00,0.000000000000000000e+00,0.000000000000000000e+00,0.000000000000000000e+00,0.000000000000000000e+00,0.000000000000000000e+00,0.000000000000000000e+00,0.000000000000000000e+00,0.000000000000000000e+00,0.000000000000000000e+00,0.000000000000000000e+00,0.000000000000000000e+00,0.000000000000000000e+00,0.000000000000000000e+00,0.000000000000000000e+00
0.000000000000000000e+00,0.000000000000000000e+00,0.000000000000000000e+00,0.000000000000000000e+00,0.000000000000000000e+00,0.000000000000000000e+00,0.000000000000000000e+00,0.000000000000000000e+00,0.000000000000000000e+00,0.000000000000000000e+00,0.000000000000000000e+00,0.000000000000000000e+00,0.000000000000000000e+00,0.000000000000000000e+00,0.000000000000000000e+00,0.000000000000000000e+00,0.000000000000000000e+00,0.000000000000000000e+00,0.000000000000000000e+00,0.000000000000000000e+00
0.000000000000000000e+00,0.000000000000000000e+00,0.000000000000000000e+00,0.000000000000000000e+00,0.000000000000000000e+00,0.000000000000000000e+00,0.000000000000000000e+00,0.000000000000000000e+00,0.000000000000000000e+00,0.000000000000000000e+00,0.000000000000000000e+00,0.000000000000000000e+00,0.000000000000000000e+00,0.000000000000000000e+00,0.000000000000000000e+00,0.000000000000000000e+00,0.000000000000000000e+00,0.000000000000000000e+00,0.000000000000000000e+00,0.000000000000000000e+00
0.000000000000000000e+00,0.000000000000000000e+00,0.000000000000000000e+00,0.000000000000000000e+00,0.000000000000000000e+00,0.000000000000000000e+00,0.000000000000000000e+00,0.000000000000000000e+00,0.000000000000000000e+00,0.000000000000000000e+00,0.000000000000000000e+00,0.000000000000000000e+00,0.000000000000000000e+00,0.000000000000000000e+00,0.000000000000000000e+00,0.000000000000000000e+00,0.000000000000000000e+00,0.000000000000000000e+00,0.000000000000000000e+00,0.000000000000000000e+00
0.000000000000000000e+00,0.000000000000000000e+00,0.000000000000000000e+00,0.000000000000000000e+00,0.000000000000000000e+00,0.000000000000000000e+00,0.000000000000000000e+00,0.000000000000000000e+00,0.000000000000000000e+00,0.000000000000000000e+00,0.000000000000000000e+00,0.000000000000000000e+00,0.000000000000000000e+00,0.000000000000000000e+00,0.000000000000000000e+00,0.000000000000000000e+00,0.000000000000000000e+00,0.000000000000000000e+00,0.000000000000000000e+00,0.000000000000000000e+00
1.814331014028219258e+01,0.000000000000000000e+00,0.000000000000000000e+00,0.000000000000000000e+00,0.000000000000000000e+00,0.000000000000000000e+00,0.000000000000000000e+00,0.000000000000000000e+00,0.000000000000000000e+00,0.000000000000000000e+00,0.000000000000000000e+00,0.000000000000000000e+00,0.000000000000000000e+00,0.000000000000000000e+00,0.000000000000000000e+00,0.000000000000000000e+00,0.000000000000000000e+00,0.000000000000000000e+00,0.000000000000000000e+00,0.000000000000000000e+00
1.315044476146414638e+02,1.803986003961910711e+01,0.000000000000000000e+00,0.000000000000000000e+00,0.000000000000000000e+00,0.000000000000000000e+00,0.000000000000000000e+00,0.000000000000000000e+00,0.000000000000000000e+00,0.000000000000000000e+00,0.000000000000000000e+00,0.000000000000000000e+00,0.000000000000000000e+00,0.000000000000000000e+00,0.000000000000000000e+00,0.000000000000000000e+00,0.000000000000000000e+00,0.000000000000000000e+00,0.000000000000000000e+00,0.000000000000000000e+00
5.290342314851734500e+02,1.307527654381623279e+02,1.793699820988723204e+01,1.731375302428608622e-05,0.000000000000000000e+00,0.000000000000000000e+00,0.000000000000000000e+00,0.000000000000000000e+00,0.000000000000000000e+00,0.000000000000000000e+00,0.000000000000000000e+00,0.000000000000000000e+00,0.000000000000000000e+00,0.000000000000000000e+00,0.000000000000000000e+00,0.000000000000000000e+00,0.000000000000000000e+00,0.000000000000000000e+00,0.000000000000000000e+00,0.000000000000000000e+00
1.326427052630579055e+03,5.259776290135855561e+02,1.299967594185388293e+02,1.029017114861338622e-02,1.783473827087239272e+01,1.813214155654605162e-05,0.000000000000000000e+00,0.000000000000000000e+00,0.000000000000000000e+00,0.000000000000000000e+00,0.000000000000000000e+00,0.000000000000000000e+00,0.000000000000000000e+00,0.000000000000000000e+00,0.000000000000000000e+00,0.000000000000000000e+00,0.000000000000000000e+00,0.000000000000000000e+00,0.000000000000000000e+00,0.000000000000000000e+00
2.352474065049515957e+03,1.318532606024384677e+03,5.229435153935969538e+02,1.110045053257345121e-01,1.292638249953284060e+02,1.773372454517583208e+01,2.925707113111404405e-04,1.805213404623112519e-05,0.000000000000000000e+00,0.000000000000000000e+00,0.000000000000000000e+00,0.000000000000000000e+00,0.000000000000000000e+00,0.000000000000000000e+00,0.000000000000000000e+00,0.000000000000000000e+00,0.000000000000000000e+00,0.000000000000000000e+00,0.000000000000000000e+00,0.000000000000000000e+00
3.099999999999998181e+03,2.338212479873971461e+03,0.000000000000000000e+00,1.311429640115485427e+03,5.201538053254083707e+02,1.285377459365225548e+02,1.766912419933923672e+01,0.000000000000000000e+00,2.890868379745063299e-04,0.000000000000000000e+00,0.000000000000000000e+00,0.000000000000000000e+00,0.000000000000000000e+00,0.000000000000000000e+00,0.000000000000000000e+00,0.000000000000000000e+00,0.000000000000000000e+00,0.000000000000000000e+00,0.000000000000000000e+00,0.000000000000000000e+00
3.100000000000000000e+03,0.000000000000000000e+00,3.082940665458525473e+03,2.327310329616267154e+03,1.305215989362217670e+03,0.000000000000000000e+00,5.176237447958887969e+02,1.281636960966209529e+02,1.759533995487292657e+01,4.918488860121436688e-04,1.370544764968980293e-05,0.000000000000000000e+00,0.000000000000000000e+00,0.000000000000000000e+00,0.000000000000000000e+00,0.000000000000000000e+00,0.000000000000000000e+00,0.000000000000000000e+00,0.000000000000000000e+00,0.000000000000000000e+00
0.000000000000000000e+00,3.099999999999996362e+03,3.085420113812183899e+03,3.070671693506715656e+03,2.318697011188963188e+03,0.000000000000000000e+00,1.300051881761106415e+03,5.163562799204238445e+02,1.277637441851957334e+02,1.753711479493223280e+01,1.850387520107638810e-03,2.398961445838605853e-05,0.000000000000000000e+00,0.000000000000000000e+00,0.000000000000000000e+00,0.000000000000000000e+00,0.000000000000000000e+00,0.000000000000000000e+00,0.000000000000000000e+00,0.000000000000000000e+00
0.000000000000000000e+00,3.099999999999998181e+03,3.087191258933041354e+03,2.568268912026107631e-01,3.075008958221541434e+03,3.060692277543967975e+03,2.311741546130464940e+03,1.296515042861480879e+03,5.152659623471641908e+02,1.277690152518993330e+02,1.771417911735801454e+01,2.753237216430245646e-03,1.478472232057636009e-04,0.000000000000000000e+00,0.000000000000000000e+00,0.000000000000000000e+00,0.000000000000000000e+00,0.000000000000000000e+00,0.000000000000000000e+00,0.000000000000000000e+00
1.542613720648460003e+03,3.059040945183087842e+03,3.060535349036101252e+03,3.053403986129727400e+03,1.169856115826196863e+00,3.044396218444351234e+03,3.030883920422462324e+03,2.290870164689884859e+03,1.286496003998046945e+03,5.124907922266860396e+02,1.274271413633795902e+02,1.796298608912345429e+01,1.940673275537959860e-02,2.197695316729979861e-03,1.789539662113223554e-05,4.456497209862046298e-08,0.000000000000000000e+00,0.000000000000000000e+00,0.000000000000000000e+00,0.000000000000000000e+00
2.370413438226645667e+03,4.547392714620974402e+03,1.142149113214119271e+00,3.035852325490222483e+03,3.030303452423803719e+03,3.020021826990526733e+03,3.010341509013498580e+03,2.280791674532531943e+03,1.280842642338535370e+03,5.109418532069933576e+02,1.284839903524328406e+02,1.829091890720421887e+01,1.035435510611252274e-01,1.351421762572479167e-02,2.944640366080255624e-04,1.658502123265893442e-06,0.000000000000000000e+00,0.000000000000000000e+00,0.000000000000000000e+00,0.000000000000000000e+00
1.858311005676772766e+03,2.332261355553404428e+03,4.505942957847740217e+03,1.070433704182194967e+00,3.011833318640628931e+03,3.007566012243010391e+03,2.998610680338433667e+03,2.990888950558757642e+03,2.266953807260413214e+03,1.274237758146055285e+03,5.093647027403572451e+02,1.466602352048588216e+02,3.190460206433569090e-01,5.513092466771125910e-02,1.466771232679580424e-03,1.313485010872305875e-05,9.592189002116912841e-08,0.000000000000000000e+00,0.000000000000000000e+00,0.000000000000000000e+00
3.244300003827489491e+03,2.300507395864567570e+03,4.462903628526750254e+03,5.119440985358452600e+00,2.988270160056937129e+03,2.983161774614124624e+03,2.976621194818505501e+03,2.972102728598568774e+03,2.253480396020541775e+03,1.268367572272756433e+03,5.081272436140432660e+02,1.471648623374036617e+02,7.662269255667658596e-01,1.253025022067206506e-01,1.057933484622828116e-02,4.575625279586770152e-05,1.889309812441342786e-06,0.000000000000000000e+00,0.000000000000000000e+00,0.000000000000000000e+00
1.065794446680418332e+03,5.465324073803474676e+03,1.611966762116619822e+00,4.428658637818644820e+03,2.964533323976821976e+03,1.623638068268678403e+00,2.960996896452239525e+03,2.956787891595360634e+03,5.189155511174713865e+03,1.262763112904431182e+03,5.067405615866406379e+02,1.477989283458455532e+02,1.327584164001969880e+00,3.130385535352104287e-01,1.978456077607838176e-02,1.201611281032941302e-04,6.296189416916451214e-06,1.286396281209609037e-08,0.000000000000000000e+00,0.000000000000000000e+00
1.830980174650384697e+03,5.391037044491241431e+03,4.093096999573234029e+00,4.390200442214705618e+03,1.088367001169705084e+00,2.943248847195201506e+03,2.939071618863216372e+03,2.936040972112073632e+03,5.152094713583614066e+03,1.253764463515504985e+03,5.110233425745324780e+02,1.488806553112085851e+02,1.875180901473891160e+00,4.981307491910909602e-01,3.051514557635133865e-02,0.000000000000000000e+00,1.833097854299373461e-05,8.822193118008864963e-08,0.000000000000000000e+00,0.000000000000000000e+00
2.372502219039159172e+03,1.438226059169551707e-01,5.325342183788311559e+03,4.349458751582686091e+03,5.574170043389372609e+00,2.920624458084658272e+03,2.917373055939452570e+03,2.915002392887405222e+03,5.112138438802134260e+03,7.988340901711285191e+00,1.753830122424175443e+03,1.502570255587828285e+02,3.165047951109463575e+00,7.438723349540613539e-01,5.885733157225003787e-02,2.755780604748839756e-03,3.842081897354330042e-05,1.730685537938729139e-07,0.000000000000000000e+00,0.000000000000000000e+00
4.221604487434888142e+02,2.327468094940023548e+03,5.269982791189753698e+03,1.467295513597566714e+00,4.317933587959817487e+03,2.897803090174066256e+03,2.895744481275935868e+03,2.893995974797521740e+03,5.073582417307002288e+03,1.485695148485409511e+01,1.743963413518747984e+03,1.567021504493885118e+02,0.000000000000000000e+00,1.037117730142760097e+00,8.728557580106895142e-02,4.177397832523089757e-03,7.039041006652154635e-05,3.349929071714822115e-07,0.000000000000000000e+00,0.000000000000000000e+00
7.170088683352602175e+02,2.287145168150251266e+03,5.216454347049291755e+03,2.910242149984167526e+00,4.281416560904156540e+03,2.875250085491483333e+03,2.873868235067458500e+03,2.873672964903231332e+03,5.028986101587606754e+03,2.794154317046321623e+01,1.734156841745939118e+03,6.631224316263208962e+00,1.532515837872728355e+02,1.327131022449741238e+00,1.166071937236694694e-01,5.676391399450836373e-03,1.149639682299264683e-04,0.000000000000000000e+00,0.000000000000000000e+00,0.000000000000000000e+00
9.209096562633976646e+02,2.250142941292812793e+03,5.163266762017660767e+03,5.905620907795353425e+00,4.245440599566180026e+03,2.852956220663858858e+03,2.849621486217624351e+03,2.852210569565859714e+03,7.096048909976798491e+00,5.022000283485834188e+03,1.724856453130361842e+03,9.242734258750665788e+00,1.537181274263512023e+02,1.612414811795481517e+00,1.470306483382902707e-01,7.373476770209354096e-03,1.648427523530763552e-04,6.614233177734131600e-06,0.000000000000000000e+00,0.000000000000000000e+00
1.059999743104001482e+03,2.215577915805172779e+03,5.110635653225621354e+03,9.703025759177936749e+00,4.209972941245713628e+03,2.828773256592171037e+03,2.827882862201915486e+03,2.828877976467172630e+03,1.644939446388512039e+01,4.987374775347806462e+03,1.714350821952892602e+03,1.303805402513956579e+01,1.541076124540774970e+02,1.950945384496264756e+00,1.770718783968041055e-01,1.028073738282294855e-02,2.341458570007120697e-04,1.119938414889858800e-05,0.000000000000000000e+00,0.000000000000000000e+00
1.148633048691044678e+02,3.224068849863534069e+03,5.726961664041257949e-01,5.070767191161731716e+03,4.173778675874355031e+03,2.805367451218036422e+03,6.020143989983927746e+00,2.807249325108068660e+03,2.825579188965177309e+03,4.952226051063230443e+03,1.704161024595183562e+03,1.825347219412380895e+01,1.544786026339577631e+02,2.202033918436898219e+00,2.911230061589986651e-01,1.356716262640255549e-02,3.253766129538765081e-04,1.773653401843580934e-05,0.000000000000000000e+00,0.000000000000000000e+00
1.939797775969408633e+02,3.175367373284110727e+03,1.137632429797878375e+00,5.022253943212290324e+03,4.138096021247772114e+03,2.572618356763294312e+00,2.791172969715447834e+03,2.786809932247621418e+03,2.805562774118575817e+03,4.917826968274714091e+03,1.692001834101477925e+03,2.536633514652762145e+01,1.548320314868153957e+02,2.448990248266082137e+00,4.069454118562875200e-01,1.712571501303604415e-02,4.460318102367474315e-04,2.688107942230882324e-05,0.000000000000000000e+00,0.000000000000000000e+00
2.479935641356550775e+02,0.000000000000000000e+00,3.130076009433670606e+03,4.974709631092449854e+03,4.100743291158051761e+03,7.556745589534354046e+00,2.769799793977654645e+03,2.767912922170036836e+03,2.785723815123573786e+03,4.883724959473302079e+03,1.677835823046632640e+03,3.454971914435287061e+01,1.547904250598227236e+02,3.632359791594452769e+00,5.236736047488423917e-01,2.141314676272640036e-02,6.146368854086308548e-04,3.892185964010892941e-05,0.000000000000000000e+00,0.000000000000000000e+00
2.843714683757211219e+02,2.545451243100973170e-03,3.085564195897184618e+03,4.928061186863328658e+03,4.063996035740163279e+03,1.232724695414552940e+01,2.748649854456270077e+03,2.747763230166624908e+03,2.767460917179863372e+03,4.849913614215806774e+03,1.705420952558784393e+03,0.000000000000000000e+00,1.559834304720561988e+02,4.650509567686658130e+00,7.548436679559690221e-01,5.337251086465822497e-02,8.512589788374610913e-04,5.622263634433949072e-05,1.981101106476672834e-06,0.000000000000000000e+00
3.083548959171162096e+02,5.938700169729135142e-03,3.042696412427747873e+03,4.880410594030508946e+03,3.435844043638725420e+00,4.043047813941290769e+03,2.727718115922165907e+03,2.727378524410722093e+03,2.748282333381872832e+03,4.814234839843524242e+03,1.075761041072262181e+01,1.691297321524554263e+03,1.571382126409741602e+02,5.647897550032392466e+00,9.835718764005820791e-01,8.459845073433461260e-02,2.367749753392569406e-03,8.691153989964360994e-05,2.438013384819924132e-06,0.000000000000000000e+00
2.189545319706667215e+01,3.017415901006104946e+02,3.009262570822412727e+03,4.834092467345361911e+03,6.513115430144996942e+00,4.010174975922164322e+03,2.707001393937311150e+03,2.707190661025671488e+03,2.729269956068630563e+03,4.778906555862299683e+03,1.621378516006822323e+01,1.682349217832209433e+03,1.582549099939631674e+02,6.625061194192057634e+00,1.209636821141331753e+00,1.165131366007947089e-01,3.985196342028572876e-03,1.275154419486086244e-04,3.278034195170433461e-06,0.000000000000000000e+00
3.687621501983242922e+01,2.957399161311387275e+02,2.976820286736366143e+03,4.788568512196783558e+03,8.199105986929044576e+00,3.978993388088515985e+03,2.684760403786413008e+03,2.688928709427792000e+03,2.709591006393904536e+03,4.744746696445059570e+03,2.151550913023603684e+01,1.673441761306467242e+03,1.592267928758018627e+02,7.689726483822753700e+00,1.433187219810395874e+00,1.491138810599627329e-01,5.699419910426906447e-03,1.797086751762486177e-04,4.537343048457513877e-06,1.172844751199796816e-08
4.702815170763832242e+01,2.902132897731279400e+02,2.945266456045264476e+03,4.743485937545126035e+03,1.017402966750844584e+01,3.945890970176202700e+03,2.665049144238759709e+03,2.668935703358913997e+03,2.691952788888589112e+03,4.706922921509068146e+03,3.064012467190448774e+01,1.663998845306533440e+03,1.607417057090624724e+02,8.684174418031295417e+00,1.702911843239868217e+00,1.830730075760035880e-01,7.517199928625413995e-03,2.419421971144874203e-04,8.947467746418660418e-06,0.000000000000000000e+00
5.380601657460663745e+01,2.850646953349146884e+02,2.914413067427656642e+03,5.756305297761482587e-01,4.710727333619075580e+03,3.913189819336351320e+03,2.645529819947335909e+03,2.649142025534450568e+03,2.672432885586900738e+03,4.671564981744322722e+03,3.905800650825211306e+01,1.655003461111728257e+03,1.622099255724844511e+02,9.651943910391453940e+00,1.976069329898076044e+00,2.178663182736083614e-01,9.443200017462457380e-03,3.200432853629180271e-04,1.442795930409854248e-05,0.000000000000000000e+00
5.822569578997456574e+01,2.802254732392038932e+02,2.884305903910068992e+03,1.133464124059944567e+00,4.668442887370003518e+03,3.880879892233327155e+03,2.625333868045669988e+03,2.630408074257713452e+03,2.653099248555499798e+03,4.635781391451728268e+03,4.799663430163753475e+01,1.646055998713269446e+03,1.634456104168048114e+02,1.078578066185991169e+01,2.246241551190449215e+00,2.514537511082440835e-01,1.425196768442723444e-02,4.134152632654270213e-04,2.130197764573973213e-05,0.000000000000000000e+00
6.099789972216005651e+01,2.756450277869069510e+02,4.258991691406890240e-03,2.856098974243177508e+03,4.626781355304047793e+03,3.848951264789464403e+03,2.604110836877022393e+03,2.611670390440867777e+03,2.635348821384942767e+03,4.597273758935652040e+03,5.975482090383048472e+01,1.637157749861895581e+03,1.641631577466400529e+02,1.236541881795306885e+01,2.523301838799990815e+00,2.857388215584985569e-01,1.959265704533649441e-02,5.244499066742695911e-04,2.938751398754779005e-05,5.203900664606565301e-07
2.968723400928865885e+00,3.311483618100033368e+02,1.035101213736817037e-02,2.827391296616972795e+03,4.586161015198057612e+03,3.815876290247788347e+03,2.584661369817352352e+03,2.591960036984522958e+03,2.617344839481844701e+03,4.559814972719485013e+03,7.083928378425224537e+01,1.627495753643175931e+03,1.669291384886354308e+02,1.405660799581082721e+01,2.800910468993584868e+00,3.210880491690130678e-01,2.542619454816613320e-02,6.546606970490382238e-04,3.963502824056472866e-05,7.797942619011297337e-07
4.991773697125704068e+00,3.259135317158957719e+02,1.634059662846169478e-02,2.799273919693971038e+03,4.544575300866883481e+03,3.784754250284870977e+03,2.565187503866307907e+03,2.572459489306786963e+03,2.599809917917344137e+03,4.604227072927993504e+03,0.000000000000000000e+00,1.617880703006994963e+03,1.696230823527745599e+02,1.569081892455113625e+01,3.066187841843002193e+00,3.582394179919844435e-01,3.176507805020824249e-02,7.980547503271981325e-04,5.633221451135575616e-05,1.110206938432221163e-06
6.355515207646030618e+00,3.209189041366568631e+02,0.000000000000000000e+00,2.771705921873325678e+03,4.503580049292543663e+03,3.753995680257312415e+03,2.549526594528466831e+03,0.000000000000000000e+00,5.130549014474565411e+03,1.239249930406362488e+01,4.567195061686227746e+03,1.609236043972802918e+03,1.704640771705893769e+02,1.774617554589644186e+01,3.382346051043611190e+00,3.964589750990792916e-01,3.843889661089149729e-02,1.151988883925639555e-03,7.627073324018970239e-05,1.567920782268627028e-06
7.259784821444602798e+00,0.000000000000000000e+00,3.161073071698413059e+02,2.744662013048654444e+03,4.463160706101526557e+03,3.723361511702382813e+03,7.091098354119531599e+00,2.527119161522416562e+03,5.088943970893453297e+03,1.823324632992053651e+01,4.537131379680421560e+03,1.600634134169760728e+03,1.910388111989688866e+02,0.000000000000000000e+00,3.686454706253771807e+00,4.294107697643047006e-01,4.262459562946448871e-02,1.529006680226748481e-03,9.279838158115008822e-05,2.086311218109104272e-06
7.061187640989007086e+00,2.168888789502049122e-06,3.114732458439304423e+02,2.718114610535899828e+03,4.423299912992753889e+03,3.691952298576656631e+03,1.173348938187830548e+01,2.508362208925778759e+03,5.047811726629480290e+03,2.389876508853552295e+01,4.507293410494012278e+03,1.589588257559695194e+03,7.343022283645725068e+00,1.889281542949721882e+02,3.897806876503608464e+00,5.523361251730426469e-01,4.740157874662209725e-02,1.980776291209139766e-03,1.113707603026929140e-04,3.562426829227170209e-06
8.228823619873651296e+00,4.234777371125669049e-06,3.069988635630640488e+02,2.692045280248983545e+03,4.383780402078223233e+03,1.653510187901681361e+00,3.673798387849999926e+03,2.491694471323088692e+03,5.007136849380684907e+03,2.939465515485060365e+01,4.476315141988126015e+03,1.578796129128551001e+03,1.226271467185608266e+01,1.895743652623120852e+02,4.840176731281403910e+00,6.797246170807962340e-01,5.169698106068761762e-02,3.220205952375117427e-03,1.343241718645964578e-04,5.381288192444291637e-06
8.031943735250422378e+00,7.085091504633838811e-06,3.035724559281447341e+02,2.666326935772096476e+03,4.344896259429491693e+03,3.218673768950877534e+00,3.644242026168537905e+03,2.473792263063961400e+03,4.965972231714496047e+03,3.702658657261690678e+01,4.443479003412640850e+03,1.570221600681227983e+03,1.705828598680509600e+01,1.901873439432890507e+02,5.768983305941424611e+00,8.035719030915035033e-01,5.744081396104117054e-02,3.862344477853465324e-03,1.610899578998979133e-04,7.616602998848758485e-06
0.000000000000000000e+00,7.853093460885568255e+00,3.002437290413325854e+02,2.641042519531697053e+03,4.306530820498125649e+03,4.736932353718226629e+00,3.615009815192151564e+03,2.456050789807116871e+03,4.925305633135270000e+03,4.438006560378433107e+01,4.410980413403725834e+03,1.561690077064240995e+03,2.172815520752817164e+01,1.907119425956428529e+02,6.741310529814696473e+00,9.279248058508891006e-01,6.392430536573785738e-02,4.605179133652697460e-03,1.921659299816361611e-04,1.027071924809409194e-05
0.000000000000000000e+00,7.688685163991497262e+00,2.970046682931399573e+02,2.616174201344927042e+03,4.834237889161271950e-01,4.274401304672002880e+03,3.586093958477709293e+03,2.438467659167398779e+03,4.885124563562243566e+03,5.148977117017568617e+01,4.378792917074119941e+03,1.552311334918209241e+03,2.715065147504626353e+01,1.912235367056050563e+02,7.573996903357588018e+00,1.143991953455385957e+00,1.012927247215712478e-01,5.496954796169776884e-03,2.335390117495387619e-04,1.372627655861774289e-05
1.044009752309648320e+00,7.536127485852476049e+00,2.938483962067077186e+02,2.591702098846928948e+03,5.750040452268165847e-01,4.238378713445855283e+03,3.557490378041917666e+03,2.420319070415038823e+03,4.845802594181699533e+03,5.870204569401004591e+01,4.346896505909816369e+03,1.543027201542093962e+03,3.241495537080673728e+01,1.917126830100856409e+02,8.391247435296149249e+00,1.358933376779584368e+00,1.371818027270383933e-01,7.813463215692548550e-03,2.865639803757403202e-04,1.858488228930206312e-05
1.004810992900284417e+00,7.393485966152971045e+00,2.907687481938147585e+02,4.900611724582715038e-03,2.568274183981421174e+03,4.202798121023002750e+03,3.529193507373350712e+03,2.402342344656305613e+03,4.806942749371891296e+03,6.363701869558134661e+01,4.317335716582044370e+03,1.533681764302109286e+03,3.766637072809406561e+01,1.921800895664731001e+02,9.193443091742954820e+00,1.572036554383837492e+00,1.733130651178317605e-01,1.042894744090750586e-02,3.495810618831921056e-04,2.495451394037333047e-05
9.719044557706595366e-01,7.259268897697125134e+00,2.877608389251825542e+02,9.656116369730459101e-03,2.544640197355327018e+03,4.166387311809570747e+03,3.501300799832980374e+03,2.384825552835661711e+03,4.769380160013657587e+03,6.841930482258219115e+01,4.285355339621924941e+03,1.527074154182597567e+03,4.276510721802237214e+01,1.926052724681588302e+02,1.000124255864157519e+01,1.784853099361854767e+00,2.079078319181614787e-01,1.511730537747480764e-02,4.261363139301517586e-04,3.308608915975787263e-05
9.434457175444846966e-01,7.132306597592918074e+00,2.848299206895979978e+02,0.000000000000000000e+00,2.521362514231544083e+03,4.130432542682525309e+03,3.473704446649543115e+03,2.367468919953326804e+03,4.805308544972437630e+03,0.000000000000000000e+00,4.253672876563932732e+03,1.567761103239781733e+03,0.000000000000000000e+00,1.933447679786505944e+02,1.087050599395956141e+01,1.994402596460656207e+00,2.426511692787444718e-01,2.008710443453331704e-02,5.171960202644708057e-04,4.323105270750034472e-05
9.182924299143254698e-01,7.011670614254789768e+00,5.503634571693141739e-06,2.819525192797103159e+02,2.498429658921095324e+03,4.094923910272149442e+03,3.446399286142221172e+03,2.350270180552002330e+03,5.411563940761331182e+00,4.767644666386465360e+03,4.222303664347187805e+03,1.565540080713968791e+03,0.000000000000000000e+00,1.940541628567345924e+02,1.172764351723546916e+01,2.200518318189760070e+00,2.787218556233229672e-01,2.533574796171921689e-02,6.231952249026694035e-04,5.550070253860988159e-05
8.956901288852221477e-01,6.896607322318066835e+00,8.929377510755557998e-06,2.791347306379278734e+02,2.475835156312687104e+03,4.059851872607408950e+03,3.419380349901636237e+03,2.333227176524443621e+03,8.001860047166168499e+00,4.733044281188520472e+03,4.191241915481004980e+03,1.563190424574941744e+03,0.000000000000000000e+00,1.947320628221905849e+02,1.257067591993852318e+01,2.404247671952667531e+00,3.150297837940277401e-01,3.085292871788774399e-02,7.441934353494471200e-04,7.004597460431777930e-05
0.000000000000000000e+00,7.665346494751695161e+00,1.221602557552436732e-05,2.763733570301437794e+02,2.453483380299232522e+03,4.025288464331337764e+03,3.391712120947730909e+03,2.317156143081309438e+03,1.063254920081716826e+01,4.698756278116879002e+03,4.160482396872722347e+03,2.534154074981256599e+01,1.535373894426634024e+03,1.953793912960204580e+02,1.338626008550569679e+01,2.618254720721509887e+00,3.520093965583869777e-01,3.663227747546152213e-02,8.804426776371069609e-04,8.694902105620766432e-05
0.000000000000000000e+00,7.543756176957648663e+00,1.542897094514324085e-05,2.736655339490710048e+02,2.431448377132462156e+03,3.990995509218129882e+03,3.364349795192887086e+03,2.301357123056962337e+03,1.318483294526730099e+01,4.664781162514927928e+03,4.128282167352807846e+03,3.215018460686064117e+01,1.527707145044893878e+03,1.959970919197521653e+02,1.418702123688860794e+01,2.831078128093185597e+00,3.893231531134053180e-01,4.241165352726049970e-02,1.288265261097374216e-03,1.065014098858150431e-04
0.000000000000000000e+00,0.000000000000000000e+00,7.427002981924649916e+00,2.710086850943188210e+02,2.409721268594353205e+03,3.957115422561167634e+03,3.337283487545815206e+03,2.284139797697356244e+03,1.720731859472682501e+01,4.628421399159873545e+03,4.099122887575241293e+03,3.875400597152470539e+01,1.520068979293308985e+03,1.964552673039276840e+02,1.500230306857894291e+01,3.144136814990680762e+00,4.270285042568930378e-01,4.825971777318231737e-02,1.921403465775579043e-03,1.292003509882456254e-04
0.000000000000000000e+00,0.000000000000000000e+00,7.314599500449380898e+00,2.684004635938399019e+02,2.388293664929615261e+03,3.923640007996181794e+03,3.310508282678389605e+03,2.267081729603678923e+03,2.112376563755655923e+01,4.592438511182800539e+03,4.069074362717092299e+03,4.631894843040989684e+01,1.511799742228029118e+03,1.975472631603522871e+02,1.580263845901432873e+01,3.446713168578891651e+00,4.732999334781312073e-01,5.438552434121223661e-02,2.603471981537149298e-03,1.554912387305216852e-04
0.000000000000000000e+00,0.000000000000000000e+00,7.206171950937242165e+00,2.658387271875837996e+02,2.367157633874474868e+03,3.890239708625234016e+03,3.284335969574405226e+03,2.250191433838057492e+03,2.493168156745143449e+01,4.556817872638234803e+03,4.039092653758374581e+03,5.389843470147734905e+01,1.503576416621627459e+03,1.985975836231232279e+02,1.658011313833773315e+01,3.755239353501012900e+00,5.200655213404197230e-01,6.104525610751414949e-02,3.338247639628966461e-03,1.846652103450925619e-04
0.000000000000000000e+00,0.000000000000000000e+00,7.101386894639187375e+00,2.633212944015327821e+02,2.346303489163883569e+03,3.857239687433134350e+03,3.258437382082201111e+03,2.261067432874806855e+03,0.000000000000000000e+00,4.522601593466297345e+03,4.009400305942139767e+03,6.125421337144948097e+01,1.495398140898280417e+03,1.988746270131435097e+02,1.807462881336085303e+01,4.061803757852310959e+00,5.677202287827031180e-01,6.756085477576800891e-02,4.709120233190682708e-03,2.180912378316042467e-04
0.000000000000000000e+00,0.000000000000000000e+00,7.022410279627094631e+00,2.608466018703375653e+02,2.325726391337915175e+03,3.824624436096888985e+03,3.236654668840853446e+03,0.000000000000000000e+00,2.243252436823190237e+03,4.488714672470666301e+03,3.979992338309612023e+03,6.732404054656781511e+01,1.486436810925108375e+03,2.009402325052873550e+02,1.962978668295280116e+01,4.364368695828076739e+00,6.196078653232042210e-01,7.445322427098825802e-02,6.184835452326662743e-03,2.565241082968224636e-04
0.000000000000000000e+00,0.000000000000000000e+00,6.945634305684799337e+00,2.584129970489113362e+02,2.305419621630972870e+03,3.792391959104404577e+03,2.949325007707587876e+00,3.210184512679211366e+03,2.226939975517889252e+03,4.454226792809045946e+03,3.952378509948956889e+03,7.318240037147521093e+01,1.477564557273444734e+03,2.029386873969484384e+02,2.115300267408358081e+01,4.666380972807655070e+00,6.730465998463427413e-01,8.173566544466139006e-02,7.768205714002800709e-03,3.003373427902535065e-04
0.000000000000000000e+00,0.000000000000000000e+00,6.870899588535774427e+00,2.560189379857351355e+02,2.285372975800243239e+03,3.760538904721500785e+03,3.353423186446225834e+00,3.186470882868231911e+03,2.210774875033542230e+03,4.420092037991702455e+03,4.002422307230884599e+03,0.000000000000000000e+00,1.470207976395867945e+03,2.040772447299159182e+02,2.344718526088845323e+01,4.958426747999558515e+00,7.268762826987240633e-01,8.927771306279466690e-02,9.465811954560185426e-03,3.492721253219314612e-04
