# particle size bin bounds (um), with size bins represented by columns and their number (starting at 1 and in line with the lower bound) given in second line of header, per time step which is is represented by rows and corresponding times given in the time output file 
# 
1.000000000000000021e-03,3.449999999999999942e-03,5.899999999999999863e-03,8.349999999999999784e-03,1.080000000000000057e-02,1.325000000000000136e-02,1.569999999999999868e-02,1.814999999999999947e-02,2.060000000000000026e-02,2.305000000000000104e-02,2.550000000000000183e-02,2.794999999999999915e-02,3.039999999999999994e-02,3.284999999999999726e-02,3.529999999999999805e-02,3.774999999999999883e-02,4.019999999999999962e-02,4.265000000000000041e-02,4.510000000000000120e-02,4.755000000000000199e-02,5.000000000000000278e-02
1.000000000000000021e-03,3.449999999999999942e-03,5.899999999999999863e-03,8.349999999999999784e-03,1.080000000000000057e-02,1.325000000000000136e-02,1.569999999999999868e-02,1.814999999999999947e-02,2.060000000000000026e-02,2.305000000000000104e-02,2.550000000000000183e-02,2.794999999999999915e-02,3.039999999999999994e-02,3.284999999999999726e-02,3.529999999999999805e-02,3.774999999999999883e-02,4.019999999999999962e-02,4.265000000000000041e-02,4.510000000000000120e-02,4.755000000000000199e-02,5.000000000000000278e-02
1.000000000000000021e-03,3.449999999999999942e-03,5.899999999999999863e-03,8.349999999999999784e-03,1.080000000000000057e-02,1.325000000000000136e-02,1.569999999999999868e-02,1.814999999999999947e-02,2.060000000000000026e-02,2.305000000000000104e-02,2.550000000000000183e-02,2.794999999999999915e-02,3.039999999999999994e-02,3.284999999999999726e-02,3.529999999999999805e-02,3.774999999999999883e-02,4.019999999999999962e-02,4.265000000000000041e-02,4.510000000000000120e-02,4.755000000000000199e-02,5.000000000000000278e-02
1.000000000000000021e-03,3.449999999999999942e-03,5.899999999999999863e-03,8.349999999999999784e-03,1.080000000000000057e-02,1.325000000000000136e-02,1.569999999999999868e-02,1.814999999999999947e-02,2.060000000000000026e-02,2.305000000000000104e-02,2.550000000000000183e-02,2.794999999999999915e-02,3.039999999999999994e-02,3.284999999999999726e-02,3.529999999999999805e-02,3.774999999999999883e-02,4.019999999999999962e-02,4.265000000000000041e-02,4.510000000000000120e-02,4.755000000000000199e-02,5.000000000000000278e-02
1.000000000000000021e-03,3.449999999999999942e-03,5.899999999999999863e-03,8.349999999999999784e-03,1.080000000000000057e-02,1.325000000000000136e-02,1.569999999999999868e-02,1.814999999999999947e-02,2.060000000000000026e-02,2.305000000000000104e-02,2.550000000000000183e-02,2.794999999999999915e-02,3.039999999999999994e-02,3.284999999999999726e-02,3.529999999999999805e-02,3.774999999999999883e-02,4.019999999999999962e-02,4.265000000000000041e-02,4.510000000000000120e-02,4.755000000000000199e-02,5.000000000000000278e-02
1.000000000000000021e-03,3.449999999999999942e-03,5.899999999999999863e-03,8.349999999999999784e-03,1.080000000000000057e-02,1.325000000000000136e-02,1.569999999999999868e-02,1.814999999999999947e-02,2.060000000000000026e-02,2.305000000000000104e-02,2.550000000000000183e-02,2.794999999999999915e-02,3.039999999999999994e-02,3.284999999999999726e-02,3.529999999999999805e-02,3.774999999999999883e-02,4.019999999999999962e-02,4.265000000000000041e-02,4.510000000000000120e-02,4.755000000000000199e-02,5.000000000000000278e-02
1.000000000000000021e-03,3.449999999999999942e-03,5.899999999999999863e-03,8.349999999999999784e-03,1.080000000000000057e-02,1.325000000000000136e-02,1.569999999999999868e-02,1.814999999999999947e-02,2.060000000000000026e-02,2.305000000000000104e-02,2.550000000000000183e-02,2.794999999999999915e-02,3.039999999999999994e-02,3.284999999999999726e-02,3.529999999999999805e-02,3.774999999999999883e-02,4.019999999999999962e-02,4.265000000000000041e-02,4.510000000000000120e-02,4.755000000000000199e-02,5.000000000000000278e-02
1.000000000000000021e-03,3.449999999999999942e-03,5.899999999999999863e-03,8.349999999999999784e-03,1.080000000000000057e-02,1.325000000000000136e-02,1.569999999999999868e-02,1.814999999999999947e-02,2.060000000000000026e-02,2.305000000000000104e-02,2.550000000000000183e-02,2.794999999999999915e-02,3.039999999999999994e-02,3.284999999999999726e-02,3.529999999999999805e-02,3.774999999999999883e-02,4.019999999999999962e-02,4.265000000000000041e-02,4.510000000000000120e-02,4.755000000000000199e-02,5.000000000000000278e-02
1.000000000000000021e-03,3.449999999999999942e-03,5.899999999999999863e-03,8.349999999999999784e-03,1.080000000000000057e-02,1.325000000000000136e-02,1.569999999999999868e-02,1.814999999999999947e-02,2.060000000000000026e-02,2.305000000000000104e-02,2.550000000000000183e-02,2.794999999999999915e-02,3.039999999999999994e-02,3.284999999999999726e-02,3.529999999999999805e-02,3.774999999999999883e-02,4.019999999999999962e-02,4.265000000000000041e-02,4.510000000000000120e-02,4.755000000000000199e-02,5.000000000000000278e-02
1.000000000000000021e-03,3.449999999999999942e-03,5.899999999999999863e-03,8.349999999999999784e-03,1.080000000000000057e-02,1.325000000000000136e-02,1.569999999999999868e-02,1.814999999999999947e-02,2.060000000000000026e-02,2.305000000000000104e-02,2.550000000000000183e-02,2.794999999999999915e-02,3.039999999999999994e-02,3.284999999999999726e-02,3.529999999999999805e-02,3.774999999999999883e-02,4.019999999999999962e-02,4.265000000000000041e-02,4.510000000000000120e-02,4.755000000000000199e-02,5.000000000000000278e-02
1.000000000000000021e-03,3.449999999999999942e-03,5.899999999999999863e-03,8.349999999999999784e-03,1.080000000000000057e-02,1.325000000000000136e-02,1.569999999999999868e-02,1.814999999999999947e-02,2.060000000000000026e-02,2.305000000000000104e-02,2.550000000000000183e-02,2.794999999999999915e-02,3.039999999999999994e-02,3.284999999999999726e-02,3.529999999999999805e-02,3.774999999999999883e-02,4.019999999999999962e-02,4.265000000000000041e-02,4.510000000000000120e-02,4.755000000000000199e-02,5.000000000000000278e-02
1.000000000000000021e-03,3.449999999999999942e-03,5.899999999999999863e-03,8.349999999999999784e-03,1.080000000000000057e-02,1.325000000000000136e-02,1.569999999999999868e-02,1.814999999999999947e-02,2.060000000000000026e-02,2.305000000000000104e-02,2.550000000000000183e-02,2.794999999999999915e-02,3.039999999999999994e-02,3.284999999999999726e-02,3.529999999999999805e-02,3.774999999999999883e-02,4.019999999999999962e-02,4.265000000000000041e-02,4.510000000000000120e-02,4.755000000000000199e-02,5.000000000000000278e-02
1.000000000000000021e-03,3.449999999999999942e-03,5.899999999999999863e-03,8.349999999999999784e-03,1.080000000000000057e-02,1.325000000000000136e-02,1.569999999999999868e-02,1.814999999999999947e-02,2.060000000000000026e-02,2.305000000000000104e-02,2.550000000000000183e-02,2.794999999999999915e-02,3.039999999999999994e-02,3.284999999999999726e-02,3.529999999999999805e-02,3.774999999999999883e-02,4.019999999999999962e-02,4.265000000000000041e-02,4.510000000000000120e-02,4.755000000000000199e-02,5.000000000000000278e-02
1.000000000000000021e-03,3.449999999999999942e-03,5.899999999999999863e-03,8.349999999999999784e-03,1.080000000000000057e-02,1.325000000000000136e-02,1.569999999999999868e-02,1.814999999999999947e-02,2.060000000000000026e-02,2.305000000000000104e-02,2.550000000000000183e-02,2.794999999999999915e-02,3.039999999999999994e-02,3.284999999999999726e-02,3.529999999999999805e-02,3.774999999999999883e-02,4.019999999999999962e-02,4.265000000000000041e-02,4.510000000000000120e-02,4.755000000000000199e-02,5.000000000000000278e-02
1.000000000000000021e-03,3.449999999999999942e-03,5.899999999999999863e-03,8.349999999999999784e-03,1.080000000000000057e-02,1.325000000000000136e-02,1.569999999999999868e-02,1.814999999999999947e-02,2.060000000000000026e-02,2.305000000000000104e-02,2.550000000000000183e-02,2.794999999999999915e-02,3.039999999999999994e-02,3.284999999999999726e-02,3.529999999999999805e-02,3.774999999999999883e-02,4.019999999999999962e-02,4.265000000000000041e-02,4.510000000000000120e-02,4.755000000000000199e-02,5.000000000000000278e-02
1.000000000000000021e-03,3.449999999999999942e-03,5.899999999999999863e-03,8.349999999999999784e-03,1.080000000000000057e-02,1.325000000000000136e-02,1.569999999999999868e-02,1.814999999999999947e-02,2.060000000000000026e-02,2.305000000000000104e-02,2.550000000000000183e-02,2.794999999999999915e-02,3.039999999999999994e-02,3.284999999999999726e-02,3.529999999999999805e-02,3.774999999999999883e-02,4.019999999999999962e-02,4.265000000000000041e-02,4.510000000000000120e-02,4.755000000000000199e-02,5.000000000000000278e-02
1.000000000000000021e-03,3.449999999999999942e-03,5.899999999999999863e-03,8.349999999999999784e-03,1.080000000000000057e-02,1.325000000000000136e-02,1.569999999999999868e-02,1.814999999999999947e-02,2.060000000000000026e-02,2.305000000000000104e-02,2.550000000000000183e-02,2.794999999999999915e-02,3.039999999999999994e-02,3.284999999999999726e-02,3.529999999999999805e-02,3.774999999999999883e-02,4.019999999999999962e-02,4.265000000000000041e-02,4.510000000000000120e-02,4.755000000000000199e-02,5.000000000000000278e-02
1.000000000000000021e-03,3.449999999999999942e-03,5.899999999999999863e-03,8.349999999999999784e-03,1.080000000000000057e-02,1.325000000000000136e-02,1.569999999999999868e-02,1.814999999999999947e-02,2.060000000000000026e-02,2.305000000000000104e-02,2.550000000000000183e-02,2.794999999999999915e-02,3.039999999999999994e-02,3.284999999999999726e-02,3.529999999999999805e-02,3.774999999999999883e-02,4.019999999999999962e-02,4.265000000000000041e-02,4.510000000000000120e-02,4.755000000000000199e-02,5.000000000000000278e-02
1.000000000000000021e-03,3.449999999999999942e-03,5.899999999999999863e-03,8.349999999999999784e-03,1.080000000000000057e-02,1.325000000000000136e-02,1.569999999999999868e-02,1.814999999999999947e-02,2.060000000000000026e-02,2.305000000000000104e-02,2.550000000000000183e-02,2.794999999999999915e-02,3.039999999999999994e-02,3.284999999999999726e-02,3.529999999999999805e-02,3.774999999999999883e-02,4.019999999999999962e-02,4.265000000000000041e-02,4.510000000000000120e-02,4.755000000000000199e-02,5.000000000000000278e-02
1.000000000000000021e-03,3.449999999999999942e-03,5.899999999999999863e-03,8.349999999999999784e-03,1.080000000000000057e-02,1.325000000000000136e-02,1.569999999999999868e-02,1.814999999999999947e-02,2.060000000000000026e-02,2.305000000000000104e-02,2.550000000000000183e-02,2.794999999999999915e-02,3.039999999999999994e-02,3.284999999999999726e-02,3.529999999999999805e-02,3.774999999999999883e-02,4.019999999999999962e-02,4.265000000000000041e-02,4.510000000000000120e-02,4.755000000000000199e-02,5.000000000000000278e-02
1.000000000000000021e-03,3.449999999999999942e-03,5.899999999999999863e-03,8.349999999999999784e-03,1.080000000000000057e-02,1.325000000000000136e-02,1.569999999999999868e-02,1.814999999999999947e-02,2.060000000000000026e-02,2.305000000000000104e-02,2.550000000000000183e-02,2.794999999999999915e-02,3.039999999999999994e-02,3.284999999999999726e-02,3.529999999999999805e-02,3.774999999999999883e-02,4.019999999999999962e-02,4.265000000000000041e-02,4.510000000000000120e-02,4.755000000000000199e-02,5.000000000000000278e-02
1.000000000000000021e-03,3.449999999999999942e-03,5.899999999999999863e-03,8.349999999999999784e-03,1.080000000000000057e-02,1.325000000000000136e-02,1.569999999999999868e-02,1.814999999999999947e-02,2.060000000000000026e-02,2.305000000000000104e-02,2.550000000000000183e-02,2.794999999999999915e-02,3.039999999999999994e-02,3.284999999999999726e-02,3.529999999999999805e-02,3.774999999999999883e-02,4.019999999999999962e-02,4.265000000000000041e-02,4.510000000000000120e-02,4.755000000000000199e-02,5.000000000000000278e-02
1.000000000000000021e-03,3.449999999999999942e-03,5.899999999999999863e-03,8.349999999999999784e-03,1.080000000000000057e-02,1.325000000000000136e-02,1.569999999999999868e-02,1.814999999999999947e-02,2.060000000000000026e-02,2.305000000000000104e-02,2.550000000000000183e-02,2.794999999999999915e-02,3.039999999999999994e-02,3.284999999999999726e-02,3.529999999999999805e-02,3.774999999999999883e-02,4.019999999999999962e-02,4.265000000000000041e-02,4.510000000000000120e-02,4.755000000000000199e-02,5.000000000000000278e-02
1.000000000000000021e-03,3.449999999999999942e-03,5.899999999999999863e-03,8.349999999999999784e-03,1.080000000000000057e-02,1.325000000000000136e-02,1.569999999999999868e-02,1.814999999999999947e-02,2.060000000000000026e-02,2.305000000000000104e-02,2.550000000000000183e-02,2.794999999999999915e-02,3.039999999999999994e-02,3.284999999999999726e-02,3.529999999999999805e-02,3.774999999999999883e-02,4.019999999999999962e-02,4.265000000000000041e-02,4.510000000000000120e-02,4.755000000000000199e-02,5.000000000000000278e-02
1.000000000000000021e-03,3.449999999999999942e-03,5.899999999999999863e-03,8.349999999999999784e-03,1.080000000000000057e-02,1.325000000000000136e-02,1.569999999999999868e-02,1.814999999999999947e-02,2.060000000000000026e-02,2.305000000000000104e-02,2.550000000000000183e-02,2.794999999999999915e-02,3.039999999999999994e-02,3.284999999999999726e-02,3.529999999999999805e-02,3.774999999999999883e-02,4.019999999999999962e-02,4.265000000000000041e-02,4.510000000000000120e-02,4.755000000000000199e-02,5.000000000000000278e-02
1.000000000000000021e-03,3.449999999999999942e-03,5.899999999999999863e-03,8.349999999999999784e-03,1.080000000000000057e-02,1.325000000000000136e-02,1.569999999999999868e-02,1.814999999999999947e-02,2.060000000000000026e-02,2.305000000000000104e-02,2.550000000000000183e-02,2.794999999999999915e-02,3.039999999999999994e-02,3.284999999999999726e-02,3.529999999999999805e-02,3.774999999999999883e-02,4.019999999999999962e-02,4.265000000000000041e-02,4.510000000000000120e-02,4.755000000000000199e-02,5.000000000000000278e-02
1.000000000000000021e-03,3.449999999999999942e-03,5.899999999999999863e-03,8.349999999999999784e-03,1.080000000000000057e-02,1.325000000000000136e-02,1.569999999999999868e-02,1.814999999999999947e-02,2.060000000000000026e-02,2.305000000000000104e-02,2.550000000000000183e-02,2.794999999999999915e-02,3.039999999999999994e-02,3.284999999999999726e-02,3.529999999999999805e-02,3.774999999999999883e-02,4.019999999999999962e-02,4.265000000000000041e-02,4.510000000000000120e-02,4.755000000000000199e-02,5.000000000000000278e-02
1.000000000000000021e-03,3.449999999999999942e-03,5.899999999999999863e-03,8.349999999999999784e-03,1.080000000000000057e-02,1.325000000000000136e-02,1.569999999999999868e-02,1.814999999999999947e-02,2.060000000000000026e-02,2.305000000000000104e-02,2.550000000000000183e-02,2.794999999999999915e-02,3.039999999999999994e-02,3.284999999999999726e-02,3.529999999999999805e-02,3.774999999999999883e-02,4.019999999999999962e-02,4.265000000000000041e-02,4.510000000000000120e-02,4.755000000000000199e-02,5.000000000000000278e-02
1.000000000000000021e-03,3.449999999999999942e-03,5.899999999999999863e-03,8.349999999999999784e-03,1.080000000000000057e-02,1.325000000000000136e-02,1.569999999999999868e-02,1.814999999999999947e-02,2.060000000000000026e-02,2.305000000000000104e-02,2.550000000000000183e-02,2.794999999999999915e-02,3.039999999999999994e-02,3.284999999999999726e-02,3.529999999999999805e-02,3.774999999999999883e-02,4.019999999999999962e-02,4.265000000000000041e-02,4.510000000000000120e-02,4.755000000000000199e-02,5.000000000000000278e-02
1.000000000000000021e-03,3.449999999999999942e-03,5.899999999999999863e-03,8.349999999999999784e-03,1.080000000000000057e-02,1.325000000000000136e-02,1.569999999999999868e-02,1.814999999999999947e-02,2.060000000000000026e-02,2.305000000000000104e-02,2.550000000000000183e-02,2.794999999999999915e-02,3.039999999999999994e-02,3.284999999999999726e-02,3.529999999999999805e-02,3.774999999999999883e-02,4.019999999999999962e-02,4.265000000000000041e-02,4.510000000000000120e-02,4.755000000000000199e-02,5.000000000000000278e-02
1.000000000000000021e-03,3.449999999999999942e-03,5.899999999999999863e-03,8.349999999999999784e-03,1.080000000000000057e-02,1.325000000000000136e-02,1.569999999999999868e-02,1.814999999999999947e-02,2.060000000000000026e-02,2.305000000000000104e-02,2.550000000000000183e-02,2.794999999999999915e-02,3.039999999999999994e-02,3.284999999999999726e-02,3.529999999999999805e-02,3.774999999999999883e-02,4.019999999999999962e-02,4.265000000000000041e-02,4.510000000000000120e-02,4.755000000000000199e-02,5.000000000000000278e-02
1.000000000000000021e-03,3.449999999999999942e-03,5.899999999999999863e-03,8.349999999999999784e-03,1.080000000000000057e-02,1.325000000000000136e-02,1.569999999999999868e-02,1.814999999999999947e-02,2.060000000000000026e-02,2.305000000000000104e-02,2.550000000000000183e-02,2.794999999999999915e-02,3.039999999999999994e-02,3.284999999999999726e-02,3.529999999999999805e-02,3.774999999999999883e-02,4.019999999999999962e-02,4.265000000000000041e-02,4.510000000000000120e-02,4.755000000000000199e-02,5.000000000000000278e-02
1.000000000000000021e-03,3.449999999999999942e-03,5.899999999999999863e-03,8.349999999999999784e-03,1.080000000000000057e-02,1.325000000000000136e-02,1.569999999999999868e-02,1.814999999999999947e-02,2.060000000000000026e-02,2.305000000000000104e-02,2.550000000000000183e-02,2.794999999999999915e-02,3.039999999999999994e-02,3.284999999999999726e-02,3.529999999999999805e-02,3.774999999999999883e-02,4.019999999999999962e-02,4.265000000000000041e-02,4.510000000000000120e-02,4.755000000000000199e-02,5.000000000000000278e-02
1.000000000000000021e-03,3.449999999999999942e-03,5.899999999999999863e-03,8.349999999999999784e-03,1.080000000000000057e-02,1.325000000000000136e-02,1.569999999999999868e-02,1.814999999999999947e-02,2.060000000000000026e-02,2.305000000000000104e-02,2.550000000000000183e-02,2.794999999999999915e-02,3.039999999999999994e-02,3.284999999999999726e-02,3.529999999999999805e-02,3.774999999999999883e-02,4.019999999999999962e-02,4.265000000000000041e-02,4.510000000000000120e-02,4.755000000000000199e-02,5.000000000000000278e-02
1.000000000000000021e-03,3.449999999999999942e-03,5.899999999999999863e-03,8.349999999999999784e-03,1.080000000000000057e-02,1.325000000000000136e-02,1.569999999999999868e-02,1.814999999999999947e-02,2.060000000000000026e-02,2.305000000000000104e-02,2.550000000000000183e-02,2.794999999999999915e-02,3.039999999999999994e-02,3.284999999999999726e-02,3.529999999999999805e-02,3.774999999999999883e-02,4.019999999999999962e-02,4.265000000000000041e-02,4.510000000000000120e-02,4.755000000000000199e-02,5.000000000000000278e-02
1.000000000000000021e-03,3.449999999999999942e-03,5.899999999999999863e-03,8.349999999999999784e-03,1.080000000000000057e-02,1.325000000000000136e-02,1.569999999999999868e-02,1.814999999999999947e-02,2.060000000000000026e-02,2.305000000000000104e-02,2.550000000000000183e-02,2.794999999999999915e-02,3.039999999999999994e-02,3.284999999999999726e-02,3.529999999999999805e-02,3.774999999999999883e-02,4.019999999999999962e-02,4.265000000000000041e-02,4.510000000000000120e-02,4.755000000000000199e-02,5.000000000000000278e-02
1.000000000000000021e-03,3.449999999999999942e-03,5.899999999999999863e-03,8.349999999999999784e-03,1.080000000000000057e-02,1.325000000000000136e-02,1.569999999999999868e-02,1.814999999999999947e-02,2.060000000000000026e-02,2.305000000000000104e-02,2.550000000000000183e-02,2.794999999999999915e-02,3.039999999999999994e-02,3.284999999999999726e-02,3.529999999999999805e-02,3.774999999999999883e-02,4.019999999999999962e-02,4.265000000000000041e-02,4.510000000000000120e-02,4.755000000000000199e-02,5.000000000000000278e-02
1.000000000000000021e-03,3.449999999999999942e-03,5.899999999999999863e-03,8.349999999999999784e-03,1.080000000000000057e-02,1.325000000000000136e-02,1.569999999999999868e-02,1.814999999999999947e-02,2.060000000000000026e-02,2.305000000000000104e-02,2.550000000000000183e-02,2.794999999999999915e-02,3.039999999999999994e-02,3.284999999999999726e-02,3.529999999999999805e-02,3.774999999999999883e-02,4.019999999999999962e-02,4.265000000000000041e-02,4.510000000000000120e-02,4.755000000000000199e-02,5.000000000000000278e-02
1.000000000000000021e-03,3.449999999999999942e-03,5.899999999999999863e-03,8.349999999999999784e-03,1.080000000000000057e-02,1.325000000000000136e-02,1.569999999999999868e-02,1.814999999999999947e-02,2.060000000000000026e-02,2.305000000000000104e-02,2.550000000000000183e-02,2.794999999999999915e-02,3.039999999999999994e-02,3.284999999999999726e-02,3.529999999999999805e-02,3.774999999999999883e-02,4.019999999999999962e-02,4.265000000000000041e-02,4.510000000000000120e-02,4.755000000000000199e-02,5.000000000000000278e-02
1.000000000000000021e-03,3.449999999999999942e-03,5.899999999999999863e-03,8.349999999999999784e-03,1.080000000000000057e-02,1.325000000000000136e-02,1.569999999999999868e-02,1.814999999999999947e-02,2.060000000000000026e-02,2.305000000000000104e-02,2.550000000000000183e-02,2.794999999999999915e-02,3.039999999999999994e-02,3.284999999999999726e-02,3.529999999999999805e-02,3.774999999999999883e-02,4.019999999999999962e-02,4.265000000000000041e-02,4.510000000000000120e-02,4.755000000000000199e-02,5.000000000000000278e-02
1.000000000000000021e-03,3.449999999999999942e-03,5.899999999999999863e-03,8.349999999999999784e-03,1.080000000000000057e-02,1.325000000000000136e-02,1.569999999999999868e-02,1.814999999999999947e-02,2.060000000000000026e-02,2.305000000000000104e-02,2.550000000000000183e-02,2.794999999999999915e-02,3.039999999999999994e-02,3.284999999999999726e-02,3.529999999999999805e-02,3.774999999999999883e-02,4.019999999999999962e-02,4.265000000000000041e-02,4.510000000000000120e-02,4.755000000000000199e-02,5.000000000000000278e-02
1.000000000000000021e-03,3.449999999999999942e-03,5.899999999999999863e-03,8.349999999999999784e-03,1.080000000000000057e-02,1.325000000000000136e-02,1.569999999999999868e-02,1.814999999999999947e-02,2.060000000000000026e-02,2.305000000000000104e-02,2.550000000000000183e-02,2.794999999999999915e-02,3.039999999999999994e-02,3.284999999999999726e-02,3.529999999999999805e-02,3.774999999999999883e-02,4.019999999999999962e-02,4.265000000000000041e-02,4.510000000000000120e-02,4.755000000000000199e-02,5.000000000000000278e-02
1.000000000000000021e-03,3.449999999999999942e-03,5.899999999999999863e-03,8.349999999999999784e-03,1.080000000000000057e-02,1.325000000000000136e-02,1.569999999999999868e-02,1.814999999999999947e-02,2.060000000000000026e-02,2.305000000000000104e-02,2.550000000000000183e-02,2.794999999999999915e-02,3.039999999999999994e-02,3.284999999999999726e-02,3.529999999999999805e-02,3.774999999999999883e-02,4.019999999999999962e-02,4.265000000000000041e-02,4.510000000000000120e-02,4.755000000000000199e-02,5.000000000000000278e-02
1.000000000000000021e-03,3.449999999999999942e-03,5.899999999999999863e-03,8.349999999999999784e-03,1.080000000000000057e-02,1.325000000000000136e-02,1.569999999999999868e-02,1.814999999999999947e-02,2.060000000000000026e-02,2.305000000000000104e-02,2.550000000000000183e-02,2.794999999999999915e-02,3.039999999999999994e-02,3.284999999999999726e-02,3.529999999999999805e-02,3.774999999999999883e-02,4.019999999999999962e-02,4.265000000000000041e-02,4.510000000000000120e-02,4.755000000000000199e-02,5.000000000000000278e-02
1.000000000000000021e-03,3.449999999999999942e-03,5.899999999999999863e-03,8.349999999999999784e-03,1.080000000000000057e-02,1.325000000000000136e-02,1.569999999999999868e-02,1.814999999999999947e-02,2.060000000000000026e-02,2.305000000000000104e-02,2.550000000000000183e-02,2.794999999999999915e-02,3.039999999999999994e-02,3.284999999999999726e-02,3.529999999999999805e-02,3.774999999999999883e-02,4.019999999999999962e-02,4.265000000000000041e-02,4.510000000000000120e-02,4.755000000000000199e-02,5.000000000000000278e-02
1.000000000000000021e-03,3.449999999999999942e-03,5.899999999999999863e-03,8.349999999999999784e-03,1.080000000000000057e-02,1.325000000000000136e-02,1.569999999999999868e-02,1.814999999999999947e-02,2.060000000000000026e-02,2.305000000000000104e-02,2.550000000000000183e-02,2.794999999999999915e-02,3.039999999999999994e-02,3.284999999999999726e-02,3.529999999999999805e-02,3.774999999999999883e-02,4.019999999999999962e-02,4.265000000000000041e-02,4.510000000000000120e-02,4.755000000000000199e-02,5.000000000000000278e-02
1.000000000000000021e-03,3.449999999999999942e-03,5.899999999999999863e-03,8.349999999999999784e-03,1.080000000000000057e-02,1.325000000000000136e-02,1.569999999999999868e-02,1.814999999999999947e-02,2.060000000000000026e-02,2.305000000000000104e-02,2.550000000000000183e-02,2.794999999999999915e-02,3.039999999999999994e-02,3.284999999999999726e-02,3.529999999999999805e-02,3.774999999999999883e-02,4.019999999999999962e-02,4.265000000000000041e-02,4.510000000000000120e-02,4.755000000000000199e-02,5.000000000000000278e-02
1.000000000000000021e-03,3.449999999999999942e-03,5.899999999999999863e-03,8.349999999999999784e-03,1.080000000000000057e-02,1.325000000000000136e-02,1.569999999999999868e-02,1.814999999999999947e-02,2.060000000000000026e-02,2.305000000000000104e-02,2.550000000000000183e-02,2.794999999999999915e-02,3.039999999999999994e-02,3.284999999999999726e-02,3.529999999999999805e-02,3.774999999999999883e-02,4.019999999999999962e-02,4.265000000000000041e-02,4.510000000000000120e-02,4.755000000000000199e-02,5.000000000000000278e-02
1.000000000000000021e-03,3.449999999999999942e-03,5.899999999999999863e-03,8.349999999999999784e-03,1.080000000000000057e-02,1.325000000000000136e-02,1.569999999999999868e-02,1.814999999999999947e-02,2.060000000000000026e-02,2.305000000000000104e-02,2.550000000000000183e-02,2.794999999999999915e-02,3.039999999999999994e-02,3.284999999999999726e-02,3.529999999999999805e-02,3.774999999999999883e-02,4.019999999999999962e-02,4.265000000000000041e-02,4.510000000000000120e-02,4.755000000000000199e-02,5.000000000000000278e-02
1.000000000000000021e-03,3.449999999999999942e-03,5.899999999999999863e-03,8.349999999999999784e-03,1.080000000000000057e-02,1.325000000000000136e-02,1.569999999999999868e-02,1.814999999999999947e-02,2.060000000000000026e-02,2.305000000000000104e-02,2.550000000000000183e-02,2.794999999999999915e-02,3.039999999999999994e-02,3.284999999999999726e-02,3.529999999999999805e-02,3.774999999999999883e-02,4.019999999999999962e-02,4.265000000000000041e-02,4.510000000000000120e-02,4.755000000000000199e-02,5.000000000000000278e-02
1.000000000000000021e-03,3.449999999999999942e-03,5.899999999999999863e-03,8.349999999999999784e-03,1.080000000000000057e-02,1.325000000000000136e-02,1.569999999999999868e-02,1.814999999999999947e-02,2.060000000000000026e-02,2.305000000000000104e-02,2.550000000000000183e-02,2.794999999999999915e-02,3.039999999999999994e-02,3.284999999999999726e-02,3.529999999999999805e-02,3.774999999999999883e-02,4.019999999999999962e-02,4.265000000000000041e-02,4.510000000000000120e-02,4.755000000000000199e-02,5.000000000000000278e-02
1.000000000000000021e-03,3.449999999999999942e-03,5.899999999999999863e-03,8.349999999999999784e-03,1.080000000000000057e-02,1.325000000000000136e-02,1.569999999999999868e-02,1.814999999999999947e-02,2.060000000000000026e-02,2.305000000000000104e-02,2.550000000000000183e-02,2.794999999999999915e-02,3.039999999999999994e-02,3.284999999999999726e-02,3.529999999999999805e-02,3.774999999999999883e-02,4.019999999999999962e-02,4.265000000000000041e-02,4.510000000000000120e-02,4.755000000000000199e-02,5.000000000000000278e-02
1.000000000000000021e-03,3.449999999999999942e-03,5.899999999999999863e-03,8.349999999999999784e-03,1.080000000000000057e-02,1.325000000000000136e-02,1.569999999999999868e-02,1.814999999999999947e-02,2.060000000000000026e-02,2.305000000000000104e-02,2.550000000000000183e-02,2.794999999999999915e-02,3.039999999999999994e-02,3.284999999999999726e-02,3.529999999999999805e-02,3.774999999999999883e-02,4.019999999999999962e-02,4.265000000000000041e-02,4.510000000000000120e-02,4.755000000000000199e-02,5.000000000000000278e-02
1.000000000000000021e-03,3.449999999999999942e-03,5.899999999999999863e-03,8.349999999999999784e-03,1.080000000000000057e-02,1.325000000000000136e-02,1.569999999999999868e-02,1.814999999999999947e-02,2.060000000000000026e-02,2.305000000000000104e-02,2.550000000000000183e-02,2.794999999999999915e-02,3.039999999999999994e-02,3.284999999999999726e-02,3.529999999999999805e-02,3.774999999999999883e-02,4.019999999999999962e-02,4.265000000000000041e-02,4.510000000000000120e-02,4.755000000000000199e-02,5.000000000000000278e-02
1.000000000000000021e-03,3.449999999999999942e-03,5.899999999999999863e-03,8.349999999999999784e-03,1.080000000000000057e-02,1.325000000000000136e-02,1.569999999999999868e-02,1.814999999999999947e-02,2.060000000000000026e-02,2.305000000000000104e-02,2.550000000000000183e-02,2.794999999999999915e-02,3.039999999999999994e-02,3.284999999999999726e-02,3.529999999999999805e-02,3.774999999999999883e-02,4.019999999999999962e-02,4.265000000000000041e-02,4.510000000000000120e-02,4.755000000000000199e-02,5.000000000000000278e-02
1.000000000000000021e-03,3.449999999999999942e-03,5.899999999999999863e-03,8.349999999999999784e-03,1.080000000000000057e-02,1.325000000000000136e-02,1.569999999999999868e-02,1.814999999999999947e-02,2.060000000000000026e-02,2.305000000000000104e-02,2.550000000000000183e-02,2.794999999999999915e-02,3.039999999999999994e-02,3.284999999999999726e-02,3.529999999999999805e-02,3.774999999999999883e-02,4.019999999999999962e-02,4.265000000000000041e-02,4.510000000000000120e-02,4.755000000000000199e-02,5.000000000000000278e-02
1.000000000000000021e-03,3.449999999999999942e-03,5.899999999999999863e-03,8.349999999999999784e-03,1.080000000000000057e-02,1.325000000000000136e-02,1.569999999999999868e-02,1.814999999999999947e-02,2.060000000000000026e-02,2.305000000000000104e-02,2.550000000000000183e-02,2.794999999999999915e-02,3.039999999999999994e-02,3.284999999999999726e-02,3.529999999999999805e-02,3.774999999999999883e-02,4.019999999999999962e-02,4.265000000000000041e-02,4.510000000000000120e-02,4.755000000000000199e-02,5.000000000000000278e-02
1.000000000000000021e-03,3.449999999999999942e-03,5.899999999999999863e-03,8.349999999999999784e-03,1.080000000000000057e-02,1.325000000000000136e-02,1.569999999999999868e-02,1.814999999999999947e-02,2.060000000000000026e-02,2.305000000000000104e-02,2.550000000000000183e-02,2.794999999999999915e-02,3.039999999999999994e-02,3.284999999999999726e-02,3.529999999999999805e-02,3.774999999999999883e-02,4.019999999999999962e-02,4.265000000000000041e-02,4.510000000000000120e-02,4.755000000000000199e-02,5.000000000000000278e-02
1.000000000000000021e-03,3.449999999999999942e-03,5.899999999999999863e-03,8.349999999999999784e-03,1.080000000000000057e-02,1.325000000000000136e-02,1.569999999999999868e-02,1.814999999999999947e-02,2.060000000000000026e-02,2.305000000000000104e-02,2.550000000000000183e-02,2.794999999999999915e-02,3.039999999999999994e-02,3.284999999999999726e-02,3.529999999999999805e-02,3.774999999999999883e-02,4.019999999999999962e-02,4.265000000000000041e-02,4.510000000000000120e-02,4.755000000000000199e-02,5.000000000000000278e-02
1.000000000000000021e-03,3.449999999999999942e-03,5.899999999999999863e-03,8.349999999999999784e-03,1.080000000000000057e-02,1.325000000000000136e-02,1.569999999999999868e-02,1.814999999999999947e-02,2.060000000000000026e-02,2.305000000000000104e-02,2.550000000000000183e-02,2.794999999999999915e-02,3.039999999999999994e-02,3.284999999999999726e-02,3.529999999999999805e-02,3.774999999999999883e-02,4.019999999999999962e-02,4.265000000000000041e-02,4.510000000000000120e-02,4.755000000000000199e-02,5.000000000000000278e-02
1.000000000000000021e-03,3.449999999999999942e-03,5.899999999999999863e-03,8.349999999999999784e-03,1.080000000000000057e-02,1.325000000000000136e-02,1.569999999999999868e-02,1.814999999999999947e-02,2.060000000000000026e-02,2.305000000000000104e-02,2.550000000000000183e-02,2.794999999999999915e-02,3.039999999999999994e-02,3.284999999999999726e-02,3.529999999999999805e-02,3.774999999999999883e-02,4.019999999999999962e-02,4.265000000000000041e-02,4.510000000000000120e-02,4.755000000000000199e-02,5.000000000000000278e-02
