number_of_size_bins,1
number_of_components,604
factor_for_multiplying_ppb_to_get_molec/cm3_with_time,[[25028583090.17113], [25028583090.17113], [25028583090.17113], [25028583090.17113], [25028583090.17113], [25028583090.17113], [25028583090.17113], [25028583090.17113], [25028583090.17113], [25028583090.17113], [25028583090.17113], [25028583090.17113], [25028583090.17113], [25028583090.17113], [25028583090.17113], [25028583090.17113], [25028583090.17113], [25028583090.17113], [25028583090.17113], [25028583090.17113], [25028583090.17113], [25028583090.17113], [25028583090.17113], [25028583090.17113], [25028583090.17113], [25028583090.17113], [25028583090.17113], [25028583090.17113], [25028583090.17113], [25028583090.17113], [25028583090.17113], [25028583090.17113], [25028583090.17113], [25028583090.17113], [25028583090.17113], [25028583090.17113], [25028583090.17113], [25028583090.17113], [25028583090.17113], [25028583090.17113], [25028583090.17113], [25028583090.17113], [25028583090.17113], [25028583090.17113], [25028583090.17113], [25028583090.17113], [25028583090.17113], [25028583090.17113], [25028583090.17113], [25028583090.17113], [25028583090.17113], [25028583090.17113], [25028583090.17113], [25028583090.17113], [25028583090.17113], [25028583090.17113], [25028583090.17113], [25028583090.17113], [25028583090.17113], [25028583090.17113], [25028583090.17113], [25028583090.17113], [25028583090.17113], [25028583090.17113], [25028583090.17113], [25028583090.17113], [25028583090.17113], [25028583090.17113], [25028583090.17113], [25028583090.17113], [25028583090.17113], [25028583090.17113], [25028583090.17113], [25028583090.17113], [25028583090.17113], [25028583090.17113], [25028583090.17113], [25028583090.17113], [25028583090.17113], [25028583090.17113], [25028583090.17113], [25028583090.17113], [25028583090.17113], [25028583090.17113], [25028583090.17113], [25028583090.17113], [25028583090.17113], [25028583090.17113], [25028583090.17113], [25028583090.17113], [25028583090.17113], [25028583090.17113], [25028583090.17113], [25028583090.17113], [25028583090.17113], [25028583090.17113], [25028583090.17113], [25028583090.17113], [25028583090.17113], [25028583090.17113], [25028583090.17113], [25028583090.17113], [25028583090.17113], [25028583090.17113], [25028583090.17113], [25028583090.17113], [25028583090.17113], [25028583090.17113], [25028583090.17113], [25028583090.17113], [25028583090.17113], [25028583090.17113], [25028583090.17113], [25028583090.17113], [25028583090.17113], [25028583090.17113], [25028583090.17113], [25028583090.17113], [25028583090.17113], [25028583090.17113], [25028583090.17113], [25028583090.17113], [25028583090.17113], [25028583090.17113], [25028583090.17113], [25028583090.17113], [25028583090.17113], [25028583090.17113], [25028583090.17113], [25028583090.17113], [25028583090.17113], [25028583090.17113], [25028583090.17113], [25028583090.17113], [25028583090.17113], [25028583090.17113], [25028583090.17113], [25028583090.17113], [25028583090.17113], [25028583090.17113], [25028583090.17113], [25028583090.17113], [25028583090.17113], [25028583090.17113], [25028583090.17113], [25028583090.17113], [25028583090.17113], [25028583090.17113], [25028583090.17113], [25028583090.17113], [25028583090.17113], [25028583090.17113], [25028583090.17113], [25028583090.17113], [25028583090.17113], [25028583090.17113], [25028583090.17113], [25028583090.17113], [25028583090.17113], [25028583090.17113], [25028583090.17113], [25028583090.17113], [25028583090.17113], [25028583090.17113], [25028583090.17113], [25028583090.17113], [25028583090.17113], [25028583090.17113], [25028583090.17113], [25028583090.17113], [25028583090.17113], [25028583090.17113], [25028583090.17113], [25028583090.17113], [25028583090.17113], [25028583090.17113], [25028583090.17113], [25028583090.17113], [25028583090.17113], [25028583090.17113], [25028583090.17113], [25028583090.17113], [25028583090.17113], [25028583090.17113], [25028583090.17113], [25028583090.17113], [25028583090.17113], [25028583090.17113], [25028583090.17113], [25028583090.17113], [25028583090.17113], [25028583090.17113], [25028583090.17113], [25028583090.17113], [25028583090.17113], [25028583090.17113], [25028583090.17113], [25028583090.17113], [25028583090.17113], [25028583090.17113], [25028583090.17113], [25028583090.17113], [25028583090.17113], [25028583090.17113], [25028583090.17113], [25028583090.17113], [25028583090.17113], [25028583090.17113], [25028583090.17113], [25028583090.17113], [25028583090.17113], [25028583090.17113], [25028583090.17113], [25028583090.17113], [25028583090.17113], [25028583090.17113], [25028583090.17113], [25028583090.17113], [25028583090.17113], [25028583090.17113], [25028583090.17113], [25028583090.17113], [25028583090.17113], [25028583090.17113], [25028583090.17113], [25028583090.17113], [25028583090.17113], [25028583090.17113], [25028583090.17113], [25028583090.17113], [25028583090.17113], [25028583090.17113], [25028583090.17113], [25028583090.17113], [25028583090.17113], [25028583090.17113], [25028583090.17113], [25028583090.17113], [25028583090.17113], [25028583090.17113], [25028583090.17113], [25028583090.17113], [25028583090.17113], [25028583090.17113], [25028583090.17113], [25028583090.17113], [25028583090.17113], [25028583090.17113], [25028583090.17113], [25028583090.17113], [25028583090.17113]]
simulation_computer_time(s),32.40337896347046
seed_name,['core']
wall_on_flag_0forNO_>0forYES,0
space_mode,man
index_of_water,602
index_of_seed_components,[603]
size_structure_0_for_moving_centre_1_for_full_moving,0
output_by_sim_sch_ext,/Users/user/Documents/GitHub/PyCHAM/PyCHAM/output/mcm_BCARY_CH4/sensitivity_deo_ozone_pm/inputs/mcm_BCARY_CH4.kpp
output_by_sim_mv_ext,/Users/user/Documents/GitHub/PyCHAM/PyCHAM/output/mcm_BCARY_CH4/sensitivity_deo_ozone_pm/inputs/mod_var_for_sensitivity_runs.txt
