# particle radii (um) per size_bin (including water contribution to size), with size bins represented by columns and their number (starting from 1) given in second line of header, per time step which is represented by rows and corresponding times given in the time output file 
# [1 1 1 1 1 1 1 1 1 1 1 1 1 1 1 1 1 1 1 1 1 1 1 1 1 1 1 1 1 1 1 1 1 1 1 1 1
#  1 1 1 1 1 1 1 1 1 1 1 1 1 1 1 1 1 1 1 1 1 1 1 1 1 1 1 1 1 1 1 1 1 1 1 1 1
#  1 1 1 1 1 1 1 1 1 1 1 1 1 1 1 1 1 1 1 1 1 1 1 1 1 1 1 1 1 1 1 1 1 1 1 1 1
#  1 1 1 1 1 1 1 1 1 1 1 1 1 1 1 1 1 1 1 1 1 1 1 1 1 1 1 1 1 1 1 1 1 1 1 1 1
#  1 1 1 1 1 1 1 1 1 1 1 1 1 1 1 1 1 1 1 1 1 1 1 1 1 1 1 1 1 1 1 1 1 1 1 1 1
#  1 1 1 1 1 1 1 1 1 1 1 1 1 1 1 1 1 1 1 1 1 1 1 1 1 1 1 1 1 1 1 1 1 1 1 1 1
#  1 1 1 1 1 1 1 1 1 1 1 1 1 1 1 1 1 1 1 1 1 1 1 1 1 1 1 1 1 1 1 1 1 1 1 1 1
#  1 1 1 1 1 1 1 1 1 1 1 1 1 1 1 1 1 1 1 1 1 1 1 1 1 1 1 1 1 1 1 1 1 1 1 1 1
#  1 1 1 1 1 1 1 1 1 1 1 1 1 1 1 1 1 1 1 1 1 1 1 1 1 1 1 1 1 1 1 1 1 1 1 1 1
#  1 1 1 1 1 1 1 1 1 1 1 1 1 1 1 1 1 1 1 1 1 1 1 1 1 1 1 1 1 1 1 1 1 1 1 1 1
#  1 1 1 1 1 1 1 1 1 1 1 1 1 1 1 1 1 1 1 1 1 1 1 1 1 1 1 1 1 1 1 1 1 1 1 1 1
#  1 1 1 1 1 1 1 1 1 1 1 1 1 1 1 1 1 1 1 1 1 1 1 1 1 1 1 1 1 1 1 1 1 1 1 1 1
#  1 1 1 1 1 1 1 1 1 1 1 1 1 1 1 1 1 1 1 1 1 1 1 1 1 1 1 1 1 1 1 1 1 1 1 1 1
#  1 1 1 1 1 1 1 1 1 1 1 1 1 1 1 1 1 1 1 1 1 1 1 1 1 1 1 1 1 1 1 1 1 1 1 1 1
#  1 1 1 1 1 1 1 1 1 1 1 1 1 1 1 1 1 1 1 1 1 1 1 1 1 1 1 1 1 1 1 1 1 1 1 1 1
#  1 1 1 1 1 1 1 1 1 1 1 1 1 1 1 1 1 1 1 1 1 1 1 1 1 1 1 1 1 1 1 1 1 1 1 1 1
#  1 1 1 1 1 1 1 1 1 1 1 1]
1.000000000000000056e-01
1.054823794709140727e-01
1.055267633589604820e-01
1.055279126594271533e-01
1.055279427967625444e-01
1.055279438336547831e-01
1.055279442475048346e-01
1.055279443502722680e-01
1.055279444486411644e-01
1.055279444755006235e-01
1.055279444690110924e-01
1.055279444471590305e-01
1.055279444604491496e-01
1.055279444400613192e-01
1.055279444289302510e-01
1.055279443163146119e-01
1.055279442972464760e-01
1.055279443043211363e-01
1.055279442723427441e-01
1.055279444467782657e-01
1.055279444717916737e-01
1.055279444409395889e-01
1.055279445099245178e-01
1.055279445884486494e-01
1.055279446589460490e-01
1.055279446417559663e-01
1.055279446281003480e-01
1.055279446176155544e-01
1.055279447013750538e-01
1.055279447111635294e-01
1.055279447041625601e-01
1.055279446842066066e-01
1.055279448027181127e-01
1.055279448051973795e-01
1.055279449327084923e-01
1.055279449194364977e-01
1.055279449057015262e-01
1.055279449459205904e-01
1.055279449411696824e-01
1.055279449985110779e-01
1.055279450719328049e-01
1.055279451987534561e-01
1.055279451986342876e-01
1.055279452670015994e-01
1.055279452639048127e-01
1.055279453084674995e-01
1.055279452748030949e-01
1.055279453505330728e-01
1.055279454955658919e-01
1.055279454737924200e-01
1.055279454477000972e-01
1.055279454511574705e-01
1.055279455002699623e-01
1.055279454655545512e-01
1.055279455653026638e-01
1.055279458077231225e-01
1.055279457831227591e-01
1.055279457872407567e-01
1.055279458280601462e-01
1.055279458297153361e-01
1.055279458422679617e-01
1.063798016826094650e-01
1.075269246584462934e-01
1.085659109997905158e-01
1.094836238958763058e-01
1.103085019226054814e-01
1.110593512307784386e-01
1.117469560235841847e-01
1.123780487988579185e-01
1.129573453772732272e-01
1.134886755539405018e-01
1.139753619325277190e-01
1.144206499233918206e-01
1.148274557877531632e-01
1.151985716579213004e-01
1.155369041858231444e-01
1.158449386454283025e-01
1.161253014421595453e-01
1.163802521660009387e-01
1.166120028789788959e-01
1.168227921114074058e-01
1.170144033356761842e-01
1.171886791493496893e-01
1.173473570714038128e-01
1.174918895254178780e-01
1.176236621362429652e-01
1.177440524465077354e-01
1.178541453564739550e-01
1.179549769500364415e-01
1.180476145935427656e-01
1.181328458664085285e-01
1.182114407109331605e-01
1.182841126665865328e-01
1.183515230628213177e-01
1.184142223888648149e-01
1.184728041056276604e-01
1.185276488770213993e-01
1.185791629047538709e-01
1.186277180789406943e-01
1.186736432551672854e-01
1.187172293770332454e-01
1.187587418306716297e-01
1.187984131555081813e-01
1.188364461088291940e-01
1.188730259373915188e-01
1.189083542452262082e-01
1.189425322668883761e-01
1.189756838463499056e-01
1.190079233493077371e-01
1.190393510800472621e-01
1.190700554982554032e-01
1.191001140528945013e-01
1.191295957537806260e-01
1.191585622026412744e-01
1.191870671360766437e-01
1.192151577029959969e-01
1.192428755496068027e-01
1.192702573117414427e-01
1.192973352758409794e-01
1.193241378691344140e-01
1.193506901202820158e-01
1.193770140645971506e-01
1.194031291019854585e-01
1.194290523132255921e-01
1.194547987394115190e-01
1.194803816283493553e-01
1.195058126517831720e-01
1.195311020967543131e-01
1.195562590340583931e-01
1.195812914664436261e-01
1.196062064589045459e-01
1.196310102531647906e-01
1.196557083682090600e-01
1.196803056672995774e-01
1.197048065160566249e-01
1.197292147365403570e-01
1.197535337361820967e-01
1.197777665455984075e-01
1.198019158633952252e-01
1.198259840960342881e-01
1.198499733927636257e-01
1.198738856761770999e-01
1.198977226689401654e-01
1.199214859171588016e-01
1.199451768108111965e-01
1.199687966016110136e-01
1.199923464186268413e-01
1.200158231819511978e-01
1.200392341004123259e-01
1.200625784106965216e-01
1.200858564297878628e-01
1.201090687748881253e-01
1.201322160560667068e-01
1.201552988364788799e-01
1.201783176311837509e-01
1.202012729106124722e-01
1.202241651196089001e-01
1.202469946126635547e-01
1.202697617750134035e-01
1.202924669349505343e-01
1.203151103677712053e-01
1.203151103677712053e-01
1.203151103677712053e-01
1.203151103677712053e-01
1.203151103677712053e-01
1.203151103677712053e-01
1.203151103677712053e-01
1.056211632287575725e-01
1.055300589550254853e-01
1.055276685137100517e-01
1.055276511401307404e-01
1.055276513442793551e-01
1.055276517694395816e-01
1.055276518641180272e-01
1.055276519330609480e-01
1.055276519356531523e-01
1.055276519330921176e-01
1.055276519280076292e-01
1.055276519281040104e-01
1.055276519133385715e-01
1.055276519108507283e-01
1.055276518990032469e-01
1.055276518730383917e-01
1.055276518698813754e-01
1.055276518478422132e-01
1.055276518440083910e-01
1.055276518216119869e-01
1.055276518168629524e-01
1.055276517943974229e-01
1.055276517887258070e-01
1.055276517826761462e-01
1.055276517403978126e-01
1.055276517315369700e-01
1.055276517109237366e-01
1.055276517026199623e-01
1.055276516803168307e-01
1.055276516711947665e-01
1.055276516487107102e-01
1.055276516385167535e-01
1.055276516161092332e-01
1.055276516047954638e-01
1.055276515824976752e-01
1.055276515700133144e-01
1.055276515478532906e-01
1.055276515341529719e-01
1.055276515121428837e-01
1.055276514971903168e-01
1.055276514753202416e-01
1.055276514590952758e-01
1.055276514373372360e-01
1.055276514197794890e-01
1.055276513980081127e-01
1.055276513790479459e-01
1.055276513572552671e-01
1.055276513370215080e-01
1.055276513150425199e-01
1.055276512936848543e-01
1.055276512713080039e-01
1.055276512489747437e-01
1.055276512260163169e-01
1.055276512028143210e-01
1.055276511791509997e-01
1.055276511551290625e-01
1.055276511306974668e-01
1.055276511058606259e-01
1.055276510806007484e-01
1.055276510549146840e-01
1.058610090334073384e-01
1.078440895316364612e-01
1.097817660994927502e-01
1.113379868927616978e-01
1.125784210059430773e-01
1.135783860304414028e-01
1.143906121043596485e-01
1.150531669527321138e-01
1.155950897855635984e-01
1.160394638187483979e-01
1.164047974446347222e-01
1.167059930288613934e-01
1.169551198064828212e-01
1.171618293494909174e-01
1.173341857581207542e-01
1.174786089573787023e-01
1.176001411710599076e-01
1.177030295058262843e-01
1.177908465422668055e-01
1.178662564852875072e-01
1.179315357081944932e-01
1.179886472480764364e-01
1.180389784421848470e-01
1.180837501171217857e-01
