# the total concentration (ug/m3) of injected (through initial gas-phase concentration, instantaneous and/or continuous gas-phase influx) components, with component index (relative to all components) in the first row and its cumulative injected concentrations in following rows
1.000000000000000000e+00,3.000000000000000000e+00,4.000000000000000000e+00,2.100000000000000000e+01,1.100000000000000000e+01,1.860000000000000000e+02
9.974251555676454828e+00,6.235408611255907729e+00,9.560159129814724821e+00,1.333479435577811955e+03,1.997534732251004357e+02,0.000000000000000000e+00
9.974251555676454828e+00,6.235408611255907729e+00,9.560159129814724821e+00,1.333479435577811955e+03,1.997534732251004357e+02,0.000000000000000000e+00
9.974251555676454828e+00,6.235408611255907729e+00,9.560159129814724821e+00,1.333479435577811955e+03,1.997534732251004357e+02,0.000000000000000000e+00
9.974251555676454828e+00,6.235408611255907729e+00,9.560159129814724821e+00,1.333479435577811955e+03,1.997534732251004357e+02,0.000000000000000000e+00
9.974251555676454828e+00,6.235408611255907729e+00,9.560159129814724821e+00,1.333479435577811955e+03,1.997534732251004357e+02,0.000000000000000000e+00
9.974251555676454828e+00,6.235408611255907729e+00,9.560159129814724821e+00,1.333479435577811955e+03,1.997534732251004357e+02,0.000000000000000000e+00
9.974251555676454828e+00,6.235408611255907729e+00,9.560159129814724821e+00,1.333479435577811955e+03,1.997534732251004357e+02,0.000000000000000000e+00
9.974251555676454828e+00,6.235408611255907729e+00,9.560159129814724821e+00,1.333479435577811955e+03,1.997534732251004357e+02,0.000000000000000000e+00
9.974251555676454828e+00,6.235408611255907729e+00,9.560159129814724821e+00,1.333479435577811955e+03,1.997534732251004357e+02,0.000000000000000000e+00
9.974251555676454828e+00,6.235408611255907729e+00,9.560159129814724821e+00,1.333479435577811955e+03,1.997534732251004357e+02,0.000000000000000000e+00
9.974251555676454828e+00,6.235408611255907729e+00,9.560159129814724821e+00,1.333479435577811955e+03,1.997534732251004357e+02,0.000000000000000000e+00
9.974251555676454828e+00,6.235408611255907729e+00,9.560159129814724821e+00,1.333479435577811955e+03,1.997534732251004357e+02,0.000000000000000000e+00
9.974251555676454828e+00,6.235408611255907729e+00,9.560159129814724821e+00,1.333479435577811955e+03,1.997534732251004357e+02,0.000000000000000000e+00
9.974251555676454828e+00,6.235408611255907729e+00,9.560159129814724821e+00,1.333479435577811955e+03,1.997534732251004357e+02,0.000000000000000000e+00
9.974251555676454828e+00,6.235408611255907729e+00,9.560159129814724821e+00,1.333479435577811955e+03,1.997534732251004357e+02,0.000000000000000000e+00
9.974251555676454828e+00,6.235408611255907729e+00,9.560159129814724821e+00,1.333479435577811955e+03,1.997534732251004357e+02,0.000000000000000000e+00
9.974251555676454828e+00,6.235408611255907729e+00,9.560159129814724821e+00,1.333479435577811955e+03,1.997534732251004357e+02,0.000000000000000000e+00
9.974251555676454828e+00,6.235408611255907729e+00,9.560159129814724821e+00,1.333479435577811955e+03,1.997534732251004357e+02,0.000000000000000000e+00
9.974251555676454828e+00,6.235408611255907729e+00,9.560159129814724821e+00,1.333479435577811955e+03,1.997534732251004357e+02,0.000000000000000000e+00
9.974251555676454828e+00,6.235408611255907729e+00,9.560159129814724821e+00,1.333479435577811955e+03,1.997534732251004357e+02,0.000000000000000000e+00
9.974251555676454828e+00,6.235408611255907729e+00,9.560159129814724821e+00,1.333479435577811955e+03,1.997534732251004357e+02,0.000000000000000000e+00
9.974251555676454828e+00,6.235408611255907729e+00,9.560159129814724821e+00,1.333479435577811955e+03,1.997534732251004357e+02,0.000000000000000000e+00
9.974251555676454828e+00,6.235408611255907729e+00,9.560159129814724821e+00,1.333479435577811955e+03,1.997534732251004357e+02,0.000000000000000000e+00
9.974251555676454828e+00,6.235408611255907729e+00,9.560159129814724821e+00,1.333479435577811955e+03,1.997534732251004357e+02,0.000000000000000000e+00
9.974251555676454828e+00,6.235408611255907729e+00,9.560159129814724821e+00,1.333479435577811955e+03,1.997534732251004357e+02,0.000000000000000000e+00
9.974251555676454828e+00,6.235408611255907729e+00,9.560159129814724821e+00,1.333479435577811955e+03,1.997534732251004357e+02,0.000000000000000000e+00
9.974251555676454828e+00,6.235408611255907729e+00,9.560159129814724821e+00,1.333479435577811955e+03,1.997534732251004357e+02,0.000000000000000000e+00
9.974251555676454828e+00,6.235408611255907729e+00,9.560159129814724821e+00,1.333479435577811955e+03,1.997534732251004357e+02,0.000000000000000000e+00
9.974251555676454828e+00,6.235408611255907729e+00,9.560159129814724821e+00,1.333479435577811955e+03,1.997534732251004357e+02,0.000000000000000000e+00
9.974251555676454828e+00,6.235408611255907729e+00,9.560159129814724821e+00,1.333479435577811955e+03,1.997534732251004357e+02,0.000000000000000000e+00
9.974251555676454828e+00,6.235408611255907729e+00,9.560159129814724821e+00,1.333479435577811955e+03,1.997534732251004357e+02,0.000000000000000000e+00
9.974251555676454828e+00,6.235408611255907729e+00,9.560159129814724821e+00,1.333479435577811955e+03,1.997534732251004357e+02,0.000000000000000000e+00
9.974251555676454828e+00,6.235408611255907729e+00,9.560159129814724821e+00,1.333479435577811955e+03,1.997534732251004357e+02,0.000000000000000000e+00
9.974251555676454828e+00,6.235408611255907729e+00,9.560159129814724821e+00,1.333479435577811955e+03,1.997534732251004357e+02,0.000000000000000000e+00
9.974251555676454828e+00,6.235408611255907729e+00,9.560159129814724821e+00,1.333479435577811955e+03,1.997534732251004357e+02,0.000000000000000000e+00
9.974251555676454828e+00,6.235408611255907729e+00,9.560159129814724821e+00,1.333479435577811955e+03,1.997534732251004357e+02,0.000000000000000000e+00
9.974251555676454828e+00,6.235408611255907729e+00,9.560159129814724821e+00,1.333479435577811955e+03,1.997534732251004357e+02,0.000000000000000000e+00
9.974251555676454828e+00,6.235408611255907729e+00,9.560159129814724821e+00,1.333479435577811955e+03,1.997534732251004357e+02,0.000000000000000000e+00
9.974251555676454828e+00,6.235408611255907729e+00,9.560159129814724821e+00,1.333479435577811955e+03,1.997534732251004357e+02,0.000000000000000000e+00
9.974251555676454828e+00,6.235408611255907729e+00,9.560159129814724821e+00,1.333479435577811955e+03,1.997534732251004357e+02,0.000000000000000000e+00
9.974251555676454828e+00,6.235408611255907729e+00,9.560159129814724821e+00,1.333479435577811955e+03,1.997534732251004357e+02,0.000000000000000000e+00
9.974251555676454828e+00,6.235408611255907729e+00,9.560159129814724821e+00,1.333479435577811955e+03,1.997534732251004357e+02,0.000000000000000000e+00
9.974251555676454828e+00,6.235408611255907729e+00,9.560159129814724821e+00,1.333479435577811955e+03,1.997534732251004357e+02,0.000000000000000000e+00
9.974251555676454828e+00,6.235408611255907729e+00,9.560159129814724821e+00,1.333479435577811955e+03,1.997534732251004357e+02,0.000000000000000000e+00
9.974251555676454828e+00,6.235408611255907729e+00,9.560159129814724821e+00,1.333479435577811955e+03,1.997534732251004357e+02,0.000000000000000000e+00
9.974251555676454828e+00,6.235408611255907729e+00,9.560159129814724821e+00,1.333479435577811955e+03,1.997534732251004357e+02,0.000000000000000000e+00
9.974251555676454828e+00,6.235408611255907729e+00,9.560159129814724821e+00,1.333479435577811955e+03,1.997534732251004357e+02,0.000000000000000000e+00
9.974251555676454828e+00,6.235408611255907729e+00,9.560159129814724821e+00,1.333479435577811955e+03,1.997534732251004357e+02,0.000000000000000000e+00
9.974251555676454828e+00,6.235408611255907729e+00,9.560159129814724821e+00,1.333479435577811955e+03,1.997534732251004357e+02,0.000000000000000000e+00
9.974251555676454828e+00,6.235408611255907729e+00,9.560159129814724821e+00,1.333479435577811955e+03,1.997534732251004357e+02,0.000000000000000000e+00
9.974251555676454828e+00,6.235408611255907729e+00,9.560159129814724821e+00,1.333479435577811955e+03,1.997534732251004357e+02,0.000000000000000000e+00
9.974251555676454828e+00,6.235408611255907729e+00,9.560159129814724821e+00,1.333479435577811955e+03,1.997534732251004357e+02,0.000000000000000000e+00
9.974251555676454828e+00,6.235408611255907729e+00,9.560159129814724821e+00,1.333479435577811955e+03,1.997534732251004357e+02,0.000000000000000000e+00
9.974251555676454828e+00,6.235408611255907729e+00,9.560159129814724821e+00,1.333479435577811955e+03,1.997534732251004357e+02,0.000000000000000000e+00
9.974251555676454828e+00,6.235408611255907729e+00,9.560159129814724821e+00,1.333479435577811955e+03,1.997534732251004357e+02,0.000000000000000000e+00
9.974251555676454828e+00,6.235408611255907729e+00,9.560159129814724821e+00,1.333479435577811955e+03,1.997534732251004357e+02,0.000000000000000000e+00
9.974251555676454828e+00,6.235408611255907729e+00,9.560159129814724821e+00,1.333479435577811955e+03,1.997534732251004357e+02,0.000000000000000000e+00
9.974251555676454828e+00,6.235408611255907729e+00,9.560159129814724821e+00,1.333479435577811955e+03,1.997534732251004357e+02,0.000000000000000000e+00
9.974251555676454828e+00,6.235408611255907729e+00,9.560159129814724821e+00,1.333479435577811955e+03,1.997534732251004357e+02,0.000000000000000000e+00
9.974251555676454828e+00,6.235408611255907729e+00,9.560159129814724821e+00,1.333479435577811955e+03,1.997534732251004357e+02,0.000000000000000000e+00
9.974251555676454828e+00,6.235408611255907729e+00,9.560159129814724821e+00,1.333479435577811955e+03,1.997534732251004357e+02,0.000000000000000000e+00
9.974251555676454828e+00,6.235408611255907729e+00,9.560159129814724821e+00,1.333479435577811955e+03,1.997534732251004357e+02,5.095813288271142483e+03
9.974251555676454828e+00,6.235408611255907729e+00,9.560159129814724821e+00,1.333479435577811955e+03,1.997534732251004357e+02,5.095813288271142483e+03
9.974251555676454828e+00,6.235408611255907729e+00,9.560159129814724821e+00,1.333479435577811955e+03,1.997534732251004357e+02,5.095813288271142483e+03
9.974251555676454828e+00,6.235408611255907729e+00,9.560159129814724821e+00,1.333479435577811955e+03,1.997534732251004357e+02,5.095813288271142483e+03
9.974251555676454828e+00,6.235408611255907729e+00,9.560159129814724821e+00,1.333479435577811955e+03,1.997534732251004357e+02,5.095813288271142483e+03
9.974251555676454828e+00,6.235408611255907729e+00,9.560159129814724821e+00,1.333479435577811955e+03,1.997534732251004357e+02,5.095813288271142483e+03
9.974251555676454828e+00,6.235408611255907729e+00,9.560159129814724821e+00,1.333479435577811955e+03,1.997534732251004357e+02,5.095813288271142483e+03
9.974251555676454828e+00,6.235408611255907729e+00,9.560159129814724821e+00,1.333479435577811955e+03,1.997534732251004357e+02,5.095813288271142483e+03
9.974251555676454828e+00,6.235408611255907729e+00,9.560159129814724821e+00,1.333479435577811955e+03,1.997534732251004357e+02,5.095813288271142483e+03
9.974251555676454828e+00,6.235408611255907729e+00,9.560159129814724821e+00,1.333479435577811955e+03,1.997534732251004357e+02,5.095813288271142483e+03
9.974251555676454828e+00,6.235408611255907729e+00,9.560159129814724821e+00,1.333479435577811955e+03,1.997534732251004357e+02,5.095813288271142483e+03
9.974251555676454828e+00,6.235408611255907729e+00,9.560159129814724821e+00,1.333479435577811955e+03,1.997534732251004357e+02,5.095813288271142483e+03
9.974251555676454828e+00,6.235408611255907729e+00,9.560159129814724821e+00,1.333479435577811955e+03,1.997534732251004357e+02,5.095813288271142483e+03
9.974251555676454828e+00,6.235408611255907729e+00,9.560159129814724821e+00,1.333479435577811955e+03,1.997534732251004357e+02,5.095813288271142483e+03
9.974251555676454828e+00,6.235408611255907729e+00,9.560159129814724821e+00,1.333479435577811955e+03,1.997534732251004357e+02,5.095813288271142483e+03
9.974251555676454828e+00,6.235408611255907729e+00,9.560159129814724821e+00,1.333479435577811955e+03,1.997534732251004357e+02,5.095813288271142483e+03
9.974251555676454828e+00,6.235408611255907729e+00,9.560159129814724821e+00,1.333479435577811955e+03,1.997534732251004357e+02,5.095813288271142483e+03
9.974251555676454828e+00,6.235408611255907729e+00,9.560159129814724821e+00,1.333479435577811955e+03,1.997534732251004357e+02,5.095813288271142483e+03
9.974251555676454828e+00,6.235408611255907729e+00,9.560159129814724821e+00,1.333479435577811955e+03,1.997534732251004357e+02,5.095813288271142483e+03
9.974251555676454828e+00,6.235408611255907729e+00,9.560159129814724821e+00,1.333479435577811955e+03,1.997534732251004357e+02,5.095813288271142483e+03
9.974251555676454828e+00,6.235408611255907729e+00,9.560159129814724821e+00,1.333479435577811955e+03,1.997534732251004357e+02,5.095813288271142483e+03
9.974251555676454828e+00,6.235408611255907729e+00,9.560159129814724821e+00,1.333479435577811955e+03,1.997534732251004357e+02,5.095813288271142483e+03
9.974251555676454828e+00,6.235408611255907729e+00,9.560159129814724821e+00,1.333479435577811955e+03,1.997534732251004357e+02,5.095813288271142483e+03
9.974251555676454828e+00,6.235408611255907729e+00,9.560159129814724821e+00,1.333479435577811955e+03,1.997534732251004357e+02,5.095813288271142483e+03
9.974251555676454828e+00,6.235408611255907729e+00,9.560159129814724821e+00,1.333479435577811955e+03,1.997534732251004357e+02,5.095813288271142483e+03
9.974251555676454828e+00,6.235408611255907729e+00,9.560159129814724821e+00,1.333479435577811955e+03,1.997534732251004357e+02,5.095813288271142483e+03
9.974251555676454828e+00,6.235408611255907729e+00,9.560159129814724821e+00,1.333479435577811955e+03,1.997534732251004357e+02,5.095813288271142483e+03
9.974251555676454828e+00,6.235408611255907729e+00,9.560159129814724821e+00,1.333479435577811955e+03,1.997534732251004357e+02,5.095813288271142483e+03
9.974251555676454828e+00,6.235408611255907729e+00,9.560159129814724821e+00,1.333479435577811955e+03,1.997534732251004357e+02,5.095813288271142483e+03
9.974251555676454828e+00,6.235408611255907729e+00,9.560159129814724821e+00,1.333479435577811955e+03,1.997534732251004357e+02,5.095813288271142483e+03
9.974251555676454828e+00,6.235408611255907729e+00,9.560159129814724821e+00,1.333479435577811955e+03,1.997534732251004357e+02,5.095813288271142483e+03
9.974251555676454828e+00,6.235408611255907729e+00,9.560159129814724821e+00,1.333479435577811955e+03,1.997534732251004357e+02,5.095813288271142483e+03
9.974251555676454828e+00,6.235408611255907729e+00,9.560159129814724821e+00,1.333479435577811955e+03,1.997534732251004357e+02,5.095813288271142483e+03
9.974251555676454828e+00,6.235408611255907729e+00,9.560159129814724821e+00,1.333479435577811955e+03,1.997534732251004357e+02,5.095813288271142483e+03
9.974251555676454828e+00,6.235408611255907729e+00,9.560159129814724821e+00,1.333479435577811955e+03,1.997534732251004357e+02,5.095813288271142483e+03
9.974251555676454828e+00,6.235408611255907729e+00,9.560159129814724821e+00,1.333479435577811955e+03,1.997534732251004357e+02,5.095813288271142483e+03
9.974251555676454828e+00,6.235408611255907729e+00,9.560159129814724821e+00,1.333479435577811955e+03,1.997534732251004357e+02,5.095813288271142483e+03
9.974251555676454828e+00,6.235408611255907729e+00,9.560159129814724821e+00,1.333479435577811955e+03,1.997534732251004357e+02,5.095813288271142483e+03
9.974251555676454828e+00,6.235408611255907729e+00,9.560159129814724821e+00,1.333479435577811955e+03,1.997534732251004357e+02,5.095813288271142483e+03
9.974251555676454828e+00,6.235408611255907729e+00,9.560159129814724821e+00,1.333479435577811955e+03,1.997534732251004357e+02,5.095813288271142483e+03
9.974251555676454828e+00,6.235408611255907729e+00,9.560159129814724821e+00,1.333479435577811955e+03,1.997534732251004357e+02,5.095813288271142483e+03
9.974251555676454828e+00,6.235408611255907729e+00,9.560159129814724821e+00,1.333479435577811955e+03,1.997534732251004357e+02,5.095813288271142483e+03
9.974251555676454828e+00,6.235408611255907729e+00,9.560159129814724821e+00,1.333479435577811955e+03,1.997534732251004357e+02,5.095813288271142483e+03
9.974251555676454828e+00,6.235408611255907729e+00,9.560159129814724821e+00,1.333479435577811955e+03,1.997534732251004357e+02,5.095813288271142483e+03
9.974251555676454828e+00,6.235408611255907729e+00,9.560159129814724821e+00,1.333479435577811955e+03,1.997534732251004357e+02,5.095813288271142483e+03
9.974251555676454828e+00,6.235408611255907729e+00,9.560159129814724821e+00,1.333479435577811955e+03,1.997534732251004357e+02,5.095813288271142483e+03
9.974251555676454828e+00,6.235408611255907729e+00,9.560159129814724821e+00,1.333479435577811955e+03,1.997534732251004357e+02,5.095813288271142483e+03
9.974251555676454828e+00,6.235408611255907729e+00,9.560159129814724821e+00,1.333479435577811955e+03,1.997534732251004357e+02,5.095813288271142483e+03
9.974251555676454828e+00,6.235408611255907729e+00,9.560159129814724821e+00,1.333479435577811955e+03,1.997534732251004357e+02,5.095813288271142483e+03
9.974251555676454828e+00,6.235408611255907729e+00,9.560159129814724821e+00,1.333479435577811955e+03,1.997534732251004357e+02,5.095813288271142483e+03
9.974251555676454828e+00,6.235408611255907729e+00,9.560159129814724821e+00,1.333479435577811955e+03,1.997534732251004357e+02,5.095813288271142483e+03
9.974251555676454828e+00,6.235408611255907729e+00,9.560159129814724821e+00,1.333479435577811955e+03,1.997534732251004357e+02,5.095813288271142483e+03
9.974251555676454828e+00,6.235408611255907729e+00,9.560159129814724821e+00,1.333479435577811955e+03,1.997534732251004357e+02,5.095813288271142483e+03
9.974251555676454828e+00,6.235408611255907729e+00,9.560159129814724821e+00,1.333479435577811955e+03,1.997534732251004357e+02,5.095813288271142483e+03
9.974251555676454828e+00,6.235408611255907729e+00,9.560159129814724821e+00,1.333479435577811955e+03,1.997534732251004357e+02,5.095813288271142483e+03
9.974251555676454828e+00,6.235408611255907729e+00,9.560159129814724821e+00,1.333479435577811955e+03,1.997534732251004357e+02,5.095813288271142483e+03
9.974251555676454828e+00,6.235408611255907729e+00,9.560159129814724821e+00,1.333479435577811955e+03,1.997534732251004357e+02,5.095813288271142483e+03
9.974251555676454828e+00,6.235408611255907729e+00,9.560159129814724821e+00,1.333479435577811955e+03,1.997534732251004357e+02,5.095813288271142483e+03
9.974251555676454828e+00,6.235408611255907729e+00,9.560159129814724821e+00,1.333479435577811955e+03,1.997534732251004357e+02,5.095813288271142483e+03
9.974251555676454828e+00,6.235408611255907729e+00,9.560159129814724821e+00,1.333479435577811955e+03,1.997534732251004357e+02,5.095813288271142483e+03
9.974251555676454828e+00,6.235408611255907729e+00,9.560159129814724821e+00,1.333479435577811955e+03,1.997534732251004357e+02,5.095813288271142483e+03
9.974251555676454828e+00,6.235408611255907729e+00,9.560159129814724821e+00,1.333479435577811955e+03,1.997534732251004357e+02,5.095813288271142483e+03
9.974251555676454828e+00,6.235408611255907729e+00,9.560159129814724821e+00,1.333479435577811955e+03,1.997534732251004357e+02,5.095813288271142483e+03
9.974251555676454828e+00,6.235408611255907729e+00,9.560159129814724821e+00,1.333479435577811955e+03,1.997534732251004357e+02,5.095813288271142483e+03
9.974251555676454828e+00,6.235408611255907729e+00,9.560159129814724821e+00,1.333479435577811955e+03,1.997534732251004357e+02,5.095813288271142483e+03
9.974251555676454828e+00,6.235408611255907729e+00,9.560159129814724821e+00,1.333479435577811955e+03,1.997534732251004357e+02,5.095813288271142483e+03
9.974251555676454828e+00,6.235408611255907729e+00,9.560159129814724821e+00,1.333479435577811955e+03,1.997534732251004357e+02,5.095813288271142483e+03
9.974251555676454828e+00,6.235408611255907729e+00,9.560159129814724821e+00,1.333479435577811955e+03,1.997534732251004357e+02,5.095813288271142483e+03
9.974251555676454828e+00,6.235408611255907729e+00,9.560159129814724821e+00,1.333479435577811955e+03,1.997534732251004357e+02,5.095813288271142483e+03
9.974251555676454828e+00,6.235408611255907729e+00,9.560159129814724821e+00,1.333479435577811955e+03,1.997534732251004357e+02,5.095813288271142483e+03
9.974251555676454828e+00,6.235408611255907729e+00,9.560159129814724821e+00,1.333479435577811955e+03,1.997534732251004357e+02,5.095813288271142483e+03
9.974251555676454828e+00,6.235408611255907729e+00,9.560159129814724821e+00,1.333479435577811955e+03,1.997534732251004357e+02,5.095813288271142483e+03
9.974251555676454828e+00,6.235408611255907729e+00,9.560159129814724821e+00,1.333479435577811955e+03,1.997534732251004357e+02,5.095813288271142483e+03
9.974251555676454828e+00,6.235408611255907729e+00,9.560159129814724821e+00,1.333479435577811955e+03,1.997534732251004357e+02,5.095813288271142483e+03
9.974251555676454828e+00,6.235408611255907729e+00,9.560159129814724821e+00,1.333479435577811955e+03,1.997534732251004357e+02,5.095813288271142483e+03
9.974251555676454828e+00,6.235408611255907729e+00,9.560159129814724821e+00,1.333479435577811955e+03,1.997534732251004357e+02,5.095813288271142483e+03
9.974251555676454828e+00,6.235408611255907729e+00,9.560159129814724821e+00,1.333479435577811955e+03,1.997534732251004357e+02,5.095813288271142483e+03
9.974251555676454828e+00,6.235408611255907729e+00,9.560159129814724821e+00,1.333479435577811955e+03,1.997534732251004357e+02,5.095813288271142483e+03
9.974251555676454828e+00,6.235408611255907729e+00,9.560159129814724821e+00,1.333479435577811955e+03,1.997534732251004357e+02,5.095813288271142483e+03
9.974251555676454828e+00,6.235408611255907729e+00,9.560159129814724821e+00,1.333479435577811955e+03,1.997534732251004357e+02,5.095813288271142483e+03
9.974251555676454828e+00,6.235408611255907729e+00,9.560159129814724821e+00,1.333479435577811955e+03,1.997534732251004357e+02,5.095813288271142483e+03
9.974251555676454828e+00,6.235408611255907729e+00,9.560159129814724821e+00,1.333479435577811955e+03,1.997534732251004357e+02,5.095813288271142483e+03
9.974251555676454828e+00,6.235408611255907729e+00,9.560159129814724821e+00,1.333479435577811955e+03,1.997534732251004357e+02,5.095813288271142483e+03
9.974251555676454828e+00,6.235408611255907729e+00,9.560159129814724821e+00,1.333479435577811955e+03,1.997534732251004357e+02,5.095813288271142483e+03
9.974251555676454828e+00,6.235408611255907729e+00,9.560159129814724821e+00,1.333479435577811955e+03,1.997534732251004357e+02,5.095813288271142483e+03
9.974251555676454828e+00,6.235408611255907729e+00,9.560159129814724821e+00,1.333479435577811955e+03,1.997534732251004357e+02,5.095813288271142483e+03
9.974251555676454828e+00,6.235408611255907729e+00,9.560159129814724821e+00,1.333479435577811955e+03,1.997534732251004357e+02,5.095813288271142483e+03
9.974251555676454828e+00,6.235408611255907729e+00,9.560159129814724821e+00,1.333479435577811955e+03,1.997534732251004357e+02,5.095813288271142483e+03
9.974251555676454828e+00,6.235408611255907729e+00,9.560159129814724821e+00,1.333479435577811955e+03,1.997534732251004357e+02,5.095813288271142483e+03
9.974251555676454828e+00,6.235408611255907729e+00,9.560159129814724821e+00,1.333479435577811955e+03,1.997534732251004357e+02,5.095813288271142483e+03
9.974251555676454828e+00,6.235408611255907729e+00,9.560159129814724821e+00,1.333479435577811955e+03,1.997534732251004357e+02,5.095813288271142483e+03
9.974251555676454828e+00,6.235408611255907729e+00,9.560159129814724821e+00,1.333479435577811955e+03,1.997534732251004357e+02,5.095813288271142483e+03
9.974251555676454828e+00,6.235408611255907729e+00,9.560159129814724821e+00,1.333479435577811955e+03,1.997534732251004357e+02,5.095813288271142483e+03
9.974251555676454828e+00,6.235408611255907729e+00,9.560159129814724821e+00,1.333479435577811955e+03,1.997534732251004357e+02,5.095813288271142483e+03
9.974251555676454828e+00,6.235408611255907729e+00,9.560159129814724821e+00,1.333479435577811955e+03,1.997534732251004357e+02,5.095813288271142483e+03
9.974251555676454828e+00,6.235408611255907729e+00,9.560159129814724821e+00,1.333479435577811955e+03,1.997534732251004357e+02,5.095813288271142483e+03
9.974251555676454828e+00,6.235408611255907729e+00,9.560159129814724821e+00,1.333479435577811955e+03,1.997534732251004357e+02,5.095813288271142483e+03
9.974251555676454828e+00,6.235408611255907729e+00,9.560159129814724821e+00,1.333479435577811955e+03,1.997534732251004357e+02,5.095813288271142483e+03
9.974251555676454828e+00,6.235408611255907729e+00,9.560159129814724821e+00,1.333479435577811955e+03,1.997534732251004357e+02,5.095813288271142483e+03
9.974251555676454828e+00,6.235408611255907729e+00,9.560159129814724821e+00,1.333479435577811955e+03,1.997534732251004357e+02,5.095813288271142483e+03
9.974251555676454828e+00,6.235408611255907729e+00,9.560159129814724821e+00,1.333479435577811955e+03,1.997534732251004357e+02,5.095813288271142483e+03
9.974251555676454828e+00,6.235408611255907729e+00,2.963649330242565227e+01,1.333479435577811955e+03,1.997534732251004357e+02,5.095813288271142483e+03
9.974251555676454828e+00,6.235408611255907729e+00,2.963649330242565227e+01,1.333479435577811955e+03,1.997534732251004357e+02,5.095813288271142483e+03
9.974251555676454828e+00,6.235408611255907729e+00,2.963649330242565227e+01,1.333479435577811955e+03,1.997534732251004357e+02,5.095813288271142483e+03
9.974251555676454828e+00,6.235408611255907729e+00,2.963649330242565227e+01,1.333479435577811955e+03,1.997534732251004357e+02,5.095813288271142483e+03
9.974251555676454828e+00,6.235408611255907729e+00,2.963649330242565227e+01,1.333479435577811955e+03,1.997534732251004357e+02,5.095813288271142483e+03
9.974251555676454828e+00,6.235408611255907729e+00,2.963649330242565227e+01,1.333479435577811955e+03,1.997534732251004357e+02,5.095813288271142483e+03
9.974251555676454828e+00,6.235408611255907729e+00,2.963649330242565227e+01,1.333479435577811955e+03,1.997534732251004357e+02,5.095813288271142483e+03
9.974251555676454828e+00,6.235408611255907729e+00,2.963649330242565227e+01,1.333479435577811955e+03,1.997534732251004357e+02,5.095813288271142483e+03
9.974251555676454828e+00,6.235408611255907729e+00,2.963649330242565227e+01,1.333479435577811955e+03,1.997534732251004357e+02,5.095813288271142483e+03
9.974251555676454828e+00,6.235408611255907729e+00,2.963649330242565227e+01,1.333479435577811955e+03,1.997534732251004357e+02,5.095813288271142483e+03
9.974251555676454828e+00,6.235408611255907729e+00,2.963649330242565227e+01,1.333479435577811955e+03,1.997534732251004357e+02,5.095813288271142483e+03
9.974251555676454828e+00,6.235408611255907729e+00,2.963649330242565227e+01,1.333479435577811955e+03,1.997534732251004357e+02,5.095813288271142483e+03
9.974251555676454828e+00,6.235408611255907729e+00,2.963649330242565227e+01,1.333479435577811955e+03,1.997534732251004357e+02,5.095813288271142483e+03
9.974251555676454828e+00,6.235408611255907729e+00,2.963649330242565227e+01,1.333479435577811955e+03,1.997534732251004357e+02,5.095813288271142483e+03
9.974251555676454828e+00,6.235408611255907729e+00,2.963649330242565227e+01,1.333479435577811955e+03,1.997534732251004357e+02,5.095813288271142483e+03
9.974251555676454828e+00,6.235408611255907729e+00,2.963649330242565227e+01,1.333479435577811955e+03,1.997534732251004357e+02,5.095813288271142483e+03
9.974251555676454828e+00,6.235408611255907729e+00,2.963649330242565227e+01,1.333479435577811955e+03,1.997534732251004357e+02,5.095813288271142483e+03
9.974251555676454828e+00,6.235408611255907729e+00,2.963649330242565227e+01,1.333479435577811955e+03,1.997534732251004357e+02,5.095813288271142483e+03
9.974251555676454828e+00,6.235408611255907729e+00,2.963649330242565227e+01,1.333479435577811955e+03,1.997534732251004357e+02,5.095813288271142483e+03
9.974251555676454828e+00,6.235408611255907729e+00,2.963649330242565227e+01,1.333479435577811955e+03,1.997534732251004357e+02,5.095813288271142483e+03
9.974251555676454828e+00,6.235408611255907729e+00,2.963649330242565227e+01,1.333479435577811955e+03,1.997534732251004357e+02,5.095813288271142483e+03
9.974251555676454828e+00,6.235408611255907729e+00,2.963649330242565227e+01,1.333479435577811955e+03,1.997534732251004357e+02,5.095813288271142483e+03
9.974251555676454828e+00,6.235408611255907729e+00,2.963649330242565227e+01,1.333479435577811955e+03,1.997534732251004357e+02,5.095813288271142483e+03
9.974251555676454828e+00,6.235408611255907729e+00,2.963649330242565227e+01,1.333479435577811955e+03,1.997534732251004357e+02,5.095813288271142483e+03
9.974251555676454828e+00,6.235408611255907729e+00,2.963649330242565227e+01,1.333479435577811955e+03,1.997534732251004357e+02,5.095813288271142483e+03
9.974251555676454828e+00,6.235408611255907729e+00,2.963649330242565227e+01,1.333479435577811955e+03,1.997534732251004357e+02,5.095813288271142483e+03
9.974251555676454828e+00,6.235408611255907729e+00,2.963649330242565227e+01,1.333479435577811955e+03,1.997534732251004357e+02,5.095813288271142483e+03
9.974251555676454828e+00,6.235408611255907729e+00,2.963649330242565227e+01,1.333479435577811955e+03,1.997534732251004357e+02,5.095813288271142483e+03
9.974251555676454828e+00,6.235408611255907729e+00,2.963649330242565227e+01,1.333479435577811955e+03,1.997534732251004357e+02,5.095813288271142483e+03
9.974251555676454828e+00,6.235408611255907729e+00,2.963649330242565227e+01,1.333479435577811955e+03,1.997534732251004357e+02,5.095813288271142483e+03
9.974251555676454828e+00,6.235408611255907729e+00,2.963649330242565227e+01,1.333479435577811955e+03,1.997534732251004357e+02,5.095813288271142483e+03
9.974251555676454828e+00,6.235408611255907729e+00,2.963649330242565227e+01,1.333479435577811955e+03,1.997534732251004357e+02,5.095813288271142483e+03
9.974251555676454828e+00,6.235408611255907729e+00,2.963649330242565227e+01,1.333479435577811955e+03,1.997534732251004357e+02,5.095813288271142483e+03
9.974251555676454828e+00,6.235408611255907729e+00,2.963649330242565227e+01,1.333479435577811955e+03,1.997534732251004357e+02,5.095813288271142483e+03
9.974251555676454828e+00,6.235408611255907729e+00,2.963649330242565227e+01,1.333479435577811955e+03,1.997534732251004357e+02,5.095813288271142483e+03
9.974251555676454828e+00,6.235408611255907729e+00,2.963649330242565227e+01,1.333479435577811955e+03,1.997534732251004357e+02,5.095813288271142483e+03
9.974251555676454828e+00,6.235408611255907729e+00,2.963649330242565227e+01,1.333479435577811955e+03,1.997534732251004357e+02,5.095813288271142483e+03
9.974251555676454828e+00,6.235408611255907729e+00,2.963649330242565227e+01,1.333479435577811955e+03,1.997534732251004357e+02,5.095813288271142483e+03
9.974251555676454828e+00,6.235408611255907729e+00,2.963649330242565227e+01,1.333479435577811955e+03,1.997534732251004357e+02,5.095813288271142483e+03
9.974251555676454828e+00,6.235408611255907729e+00,2.963649330242565227e+01,1.333479435577811955e+03,1.997534732251004357e+02,5.095813288271142483e+03
9.974251555676454828e+00,6.235408611255907729e+00,2.963649330242565227e+01,1.333479435577811955e+03,1.997534732251004357e+02,5.095813288271142483e+03
9.974251555676454828e+00,6.235408611255907729e+00,2.963649330242565227e+01,1.333479435577811955e+03,1.997534732251004357e+02,5.095813288271142483e+03
9.974251555676454828e+00,6.235408611255907729e+00,2.963649330242565227e+01,1.333479435577811955e+03,1.997534732251004357e+02,5.095813288271142483e+03
9.974251555676454828e+00,6.235408611255907729e+00,2.963649330242565227e+01,1.333479435577811955e+03,1.997534732251004357e+02,5.095813288271142483e+03
9.974251555676454828e+00,6.235408611255907729e+00,2.963649330242565227e+01,1.333479435577811955e+03,1.997534732251004357e+02,5.095813288271142483e+03
9.974251555676454828e+00,6.235408611255907729e+00,2.963649330242565227e+01,1.333479435577811955e+03,1.997534732251004357e+02,5.095813288271142483e+03
9.974251555676454828e+00,6.235408611255907729e+00,2.963649330242565227e+01,1.333479435577811955e+03,1.997534732251004357e+02,5.095813288271142483e+03
9.974251555676454828e+00,6.235408611255907729e+00,2.963649330242565227e+01,1.333479435577811955e+03,1.997534732251004357e+02,5.095813288271142483e+03
9.974251555676454828e+00,6.235408611255907729e+00,2.963649330242565227e+01,1.333479435577811955e+03,1.997534732251004357e+02,5.095813288271142483e+03
9.974251555676454828e+00,6.235408611255907729e+00,2.963649330242565227e+01,1.333479435577811955e+03,1.997534732251004357e+02,5.095813288271142483e+03
9.974251555676454828e+00,6.235408611255907729e+00,2.963649330242565227e+01,1.333479435577811955e+03,1.997534732251004357e+02,5.095813288271142483e+03
9.974251555676454828e+00,6.235408611255907729e+00,2.963649330242565227e+01,1.333479435577811955e+03,1.997534732251004357e+02,5.095813288271142483e+03
9.974251555676454828e+00,6.235408611255907729e+00,2.963649330242565227e+01,1.333479435577811955e+03,1.997534732251004357e+02,5.095813288271142483e+03
9.974251555676454828e+00,6.235408611255907729e+00,2.963649330242565227e+01,1.333479435577811955e+03,1.997534732251004357e+02,5.095813288271142483e+03
9.974251555676454828e+00,6.235408611255907729e+00,2.963649330242565227e+01,1.333479435577811955e+03,1.997534732251004357e+02,5.095813288271142483e+03
9.974251555676454828e+00,6.235408611255907729e+00,2.963649330242565227e+01,1.333479435577811955e+03,1.997534732251004357e+02,5.095813288271142483e+03
9.974251555676454828e+00,6.235408611255907729e+00,2.963649330242565227e+01,1.333479435577811955e+03,1.997534732251004357e+02,5.095813288271142483e+03
9.974251555676454828e+00,6.235408611255907729e+00,2.963649330242565227e+01,1.333479435577811955e+03,1.997534732251004357e+02,5.095813288271142483e+03
9.974251555676454828e+00,6.235408611255907729e+00,2.963649330242565227e+01,1.333479435577811955e+03,1.997534732251004357e+02,5.095813288271142483e+03
9.974251555676454828e+00,6.235408611255907729e+00,2.963649330242565227e+01,1.333479435577811955e+03,1.997534732251004357e+02,5.095813288271142483e+03
9.974251555676454828e+00,6.235408611255907729e+00,2.963649330242565227e+01,1.333479435577811955e+03,1.997534732251004357e+02,5.095813288271142483e+03
9.974251555676454828e+00,6.235408611255907729e+00,2.963649330242565227e+01,1.333479435577811955e+03,1.997534732251004357e+02,5.095813288271142483e+03
9.974251555676454828e+00,6.235408611255907729e+00,2.963649330242565227e+01,1.333479435577811955e+03,1.997534732251004357e+02,5.095813288271142483e+03
9.974251555676454828e+00,6.235408611255907729e+00,2.963649330242565227e+01,1.333479435577811955e+03,1.997534732251004357e+02,5.095813288271142483e+03
9.974251555676454828e+00,6.235408611255907729e+00,2.963649330242565227e+01,1.333479435577811955e+03,1.997534732251004357e+02,5.095813288271142483e+03
9.974251555676454828e+00,6.235408611255907729e+00,2.963649330242565227e+01,1.333479435577811955e+03,1.997534732251004357e+02,6.794417717694856947e+03
9.974251555676454828e+00,6.235408611255907729e+00,2.963649330242565227e+01,1.333479435577811955e+03,1.997534732251004357e+02,6.794417717694856947e+03
9.974251555676454828e+00,6.235408611255907729e+00,2.963649330242565227e+01,1.333479435577811955e+03,1.997534732251004357e+02,6.794417717694856947e+03
9.974251555676454828e+00,6.235408611255907729e+00,2.963649330242565227e+01,1.333479435577811955e+03,1.997534732251004357e+02,6.794417717694856947e+03
9.974251555676454828e+00,6.235408611255907729e+00,2.963649330242565227e+01,1.333479435577811955e+03,1.997534732251004357e+02,6.794417717694856947e+03
9.974251555676454828e+00,6.235408611255907729e+00,2.963649330242565227e+01,1.333479435577811955e+03,1.997534732251004357e+02,6.794417717694856947e+03
9.974251555676454828e+00,6.235408611255907729e+00,2.963649330242565227e+01,1.333479435577811955e+03,1.997534732251004357e+02,6.794417717694856947e+03
9.974251555676454828e+00,6.235408611255907729e+00,2.963649330242565227e+01,1.333479435577811955e+03,1.997534732251004357e+02,6.794417717694856947e+03
9.974251555676454828e+00,6.235408611255907729e+00,2.963649330242565227e+01,1.333479435577811955e+03,1.997534732251004357e+02,6.794417717694856947e+03
9.974251555676454828e+00,6.235408611255907729e+00,2.963649330242565227e+01,1.333479435577811955e+03,1.997534732251004357e+02,6.794417717694856947e+03
9.974251555676454828e+00,6.235408611255907729e+00,2.963649330242565227e+01,1.333479435577811955e+03,1.997534732251004357e+02,6.794417717694856947e+03
9.974251555676454828e+00,6.235408611255907729e+00,2.963649330242565227e+01,1.333479435577811955e+03,1.997534732251004357e+02,6.794417717694856947e+03
9.974251555676454828e+00,6.235408611255907729e+00,2.963649330242565227e+01,1.333479435577811955e+03,1.997534732251004357e+02,6.794417717694856947e+03
9.974251555676454828e+00,6.235408611255907729e+00,2.963649330242565227e+01,1.333479435577811955e+03,1.997534732251004357e+02,6.794417717694856947e+03
9.974251555676454828e+00,6.235408611255907729e+00,2.963649330242565227e+01,1.333479435577811955e+03,1.997534732251004357e+02,6.794417717694856947e+03
9.974251555676454828e+00,6.235408611255907729e+00,2.963649330242565227e+01,1.333479435577811955e+03,1.997534732251004357e+02,6.794417717694856947e+03
9.974251555676454828e+00,6.235408611255907729e+00,2.963649330242565227e+01,1.333479435577811955e+03,1.997534732251004357e+02,6.794417717694856947e+03
9.974251555676454828e+00,6.235408611255907729e+00,2.963649330242565227e+01,1.333479435577811955e+03,1.997534732251004357e+02,6.794417717694856947e+03
9.974251555676454828e+00,6.235408611255907729e+00,2.963649330242565227e+01,1.333479435577811955e+03,1.997534732251004357e+02,6.794417717694856947e+03
9.974251555676454828e+00,6.235408611255907729e+00,2.963649330242565227e+01,1.333479435577811955e+03,1.997534732251004357e+02,6.794417717694856947e+03
9.974251555676454828e+00,6.235408611255907729e+00,2.963649330242565227e+01,1.333479435577811955e+03,1.997534732251004357e+02,6.794417717694856947e+03
9.974251555676454828e+00,6.235408611255907729e+00,2.963649330242565227e+01,1.333479435577811955e+03,1.997534732251004357e+02,6.794417717694856947e+03
9.974251555676454828e+00,6.235408611255907729e+00,2.963649330242565227e+01,1.333479435577811955e+03,1.997534732251004357e+02,6.794417717694856947e+03
9.974251555676454828e+00,6.235408611255907729e+00,2.963649330242565227e+01,1.333479435577811955e+03,1.997534732251004357e+02,6.794417717694856947e+03
