# tendency to change, top row gives equation number (where number 0 is the first equation) (molecules/cc.s (air))
1.000000000000000000e+00,1.000000000000000000e+00,0.000000000000000000e+00,0.000000000000000000e+00
0.000000000000000000e+00,0.000000000000000000e+00,0.000000000000000000e+00,-1.230746684737899971e+10
0.000000000000000000e+00,0.000000000000000000e+00,0.000000000000000000e+00,-1.185532852326984596e+10
0.000000000000000000e+00,0.000000000000000000e+00,0.000000000000000000e+00,-1.141994419146252060e+10
0.000000000000000000e+00,0.000000000000000000e+00,0.000000000000000000e+00,-1.100064939388693428e+10
0.000000000000000000e+00,0.000000000000000000e+00,0.000000000000000000e+00,-1.059684498752961540e+10
0.000000000000000000e+00,0.000000000000000000e+00,0.000000000000000000e+00,-1.020795573310074043e+10
0.000000000000000000e+00,0.000000000000000000e+00,0.000000000000000000e+00,-9.833414075027105331e+09
0.000000000000000000e+00,0.000000000000000000e+00,0.000000000000000000e+00,-9.472676894914030075e+09
0.000000000000000000e+00,0.000000000000000000e+00,0.000000000000000000e+00,-9.125231520290906906e+09
0.000000000000000000e+00,0.000000000000000000e+00,0.000000000000000000e+00,-8.790586523521184921e+09
0.000000000000000000e+00,0.000000000000000000e+00,0.000000000000000000e+00,-8.468268813658068657e+09
0.000000000000000000e+00,0.000000000000000000e+00,0.000000000000000000e+00,-8.157821440812263489e+09
0.000000000000000000e+00,0.000000000000000000e+00,0.000000000000000000e+00,-7.858801817669098854e+09
0.000000000000000000e+00,0.000000000000000000e+00,0.000000000000000000e+00,-7.571432203691261292e+09
0.000000000000000000e+00,0.000000000000000000e+00,0.000000000000000000e+00,-7.294564498739304543e+09
0.000000000000000000e+00,0.000000000000000000e+00,0.000000000000000000e+00,-7.027816411747367859e+09
0.000000000000000000e+00,0.000000000000000000e+00,0.000000000000000000e+00,-6.770819412517872810e+09
0.000000000000000000e+00,0.000000000000000000e+00,0.000000000000000000e+00,-6.523218261305097580e+09
0.000000000000000000e+00,0.000000000000000000e+00,0.000000000000000000e+00,-6.284670549149348259e+09
0.000000000000000000e+00,0.000000000000000000e+00,0.000000000000000000e+00,-6.054846250164586067e+09
0.000000000000000000e+00,0.000000000000000000e+00,0.000000000000000000e+00,-5.833427286470810890e+09
0.000000000000000000e+00,0.000000000000000000e+00,0.000000000000000000e+00,-5.620107106125133514e+09
0.000000000000000000e+00,0.000000000000000000e+00,0.000000000000000000e+00,-5.414590274178606987e+09
0.000000000000000000e+00,0.000000000000000000e+00,0.000000000000000000e+00,-5.216592076831483841e+09
0.000000000000000000e+00,0.000000000000000000e+00,0.000000000000000000e+00,-5.025838138553375244e+09
0.000000000000000000e+00,0.000000000000000000e+00,0.000000000000000000e+00,-4.842064051962088585e+09
0.000000000000000000e+00,0.000000000000000000e+00,0.000000000000000000e+00,-4.665015020204593658e+09
0.000000000000000000e+00,0.000000000000000000e+00,0.000000000000000000e+00,-4.494445511550035477e+09
0.000000000000000000e+00,0.000000000000000000e+00,0.000000000000000000e+00,-4.330118925882226944e+09
0.000000000000000000e+00,0.000000000000000000e+00,0.000000000000000000e+00,-4.171606063355367661e+09
0.000000000000000000e+00,0.000000000000000000e+00,0.000000000000000000e+00,-4.018895888472092152e+09
0.000000000000000000e+00,0.000000000000000000e+00,0.000000000000000000e+00,-3.871775981979145527e+09
0.000000000000000000e+00,0.000000000000000000e+00,0.000000000000000000e+00,-3.730041700664642334e+09
0.000000000000000000e+00,0.000000000000000000e+00,0.000000000000000000e+00,-3.593495892700155258e+09
0.000000000000000000e+00,0.000000000000000000e+00,0.000000000000000000e+00,-3.461948623403308392e+09
0.000000000000000000e+00,0.000000000000000000e+00,0.000000000000000000e+00,-3.335216911039363861e+09
0.000000000000000000e+00,0.000000000000000000e+00,0.000000000000000000e+00,-3.213124472294366360e+09
0.000000000000000000e+00,0.000000000000000000e+00,0.000000000000000000e+00,-3.095501477065727711e+09
0.000000000000000000e+00,0.000000000000000000e+00,0.000000000000000000e+00,-2.982184312229237080e+09
0.000000000000000000e+00,0.000000000000000000e+00,0.000000000000000000e+00,-2.873015354053836823e+09
0.000000000000000000e+00,0.000000000000000000e+00,0.000000000000000000e+00,-2.767842748947638035e+09
0.000000000000000000e+00,0.000000000000000000e+00,0.000000000000000000e+00,-2.666520202230168343e+09
0.000000000000000000e+00,0.000000000000000000e+00,0.000000000000000000e+00,-2.568906774637047291e+09
0.000000000000000000e+00,0.000000000000000000e+00,0.000000000000000000e+00,-2.474866686274025917e+09
0.000000000000000000e+00,0.000000000000000000e+00,0.000000000000000000e+00,-2.384269127747678280e+09
0.000000000000000000e+00,0.000000000000000000e+00,0.000000000000000000e+00,-2.296988078210062504e+09
0.000000000000000000e+00,0.000000000000000000e+00,0.000000000000000000e+00,-2.212902130064201832e+09
0.000000000000000000e+00,0.000000000000000000e+00,0.000000000000000000e+00,-2.131894320086604118e+09
0.000000000000000000e+00,0.000000000000000000e+00,0.000000000000000000e+00,-2.053851966731878757e+09
0.000000000000000000e+00,0.000000000000000000e+00,0.000000000000000000e+00,-1.978666513393145800e+09
0.000000000000000000e+00,0.000000000000000000e+00,0.000000000000000000e+00,-1.906233377400212526e+09
0.000000000000000000e+00,0.000000000000000000e+00,0.000000000000000000e+00,-1.836451804545516491e+09
0.000000000000000000e+00,0.000000000000000000e+00,0.000000000000000000e+00,-1.769224728935388327e+09
0.000000000000000000e+00,0.000000000000000000e+00,0.000000000000000000e+00,-1.704458637971798182e+09
0.000000000000000000e+00,0.000000000000000000e+00,0.000000000000000000e+00,-1.642063442276682138e+09
0.000000000000000000e+00,0.000000000000000000e+00,0.000000000000000000e+00,-1.581952350377988338e+09
0.000000000000000000e+00,0.000000000000000000e+00,0.000000000000000000e+00,-1.524041747983065128e+09
0.000000000000000000e+00,0.000000000000000000e+00,0.000000000000000000e+00,-1.468251081671511173e+09
0.000000000000000000e+00,0.000000000000000000e+00,0.000000000000000000e+00,-1.414502746845700741e+09
0.000000000000000000e+00,0.000000000000000000e+00,0.000000000000000000e+00,-1.362721979783065319e+09
0.000000000000000000e+00,0.000000000000000000e+00,0.000000000000000000e+00,-1.312836753640073299e+09
0.000000000000000000e+00,0.000000000000000000e+00,0.000000000000000000e+00,-1.264777678263164043e+09
0.000000000000000000e+00,0.000000000000000000e+00,0.000000000000000000e+00,-1.218477903667315722e+09
0.000000000000000000e+00,0.000000000000000000e+00,0.000000000000000000e+00,-1.173873027047977209e+09
0.000000000000000000e+00,0.000000000000000000e+00,0.000000000000000000e+00,-1.130901003197033644e+09
0.000000000000000000e+00,0.000000000000000000e+00,0.000000000000000000e+00,-1.089502058198140860e+09
0.000000000000000000e+00,0.000000000000000000e+00,0.000000000000000000e+00,-1.049618606281471014e+09
0.000000000000000000e+00,0.000000000000000000e+00,0.000000000000000000e+00,-1.011195169722109437e+09
0.000000000000000000e+00,0.000000000000000000e+00,0.000000000000000000e+00,-9.741783016707714796e+08
0.000000000000000000e+00,0.000000000000000000e+00,0.000000000000000000e+00,-9.385165118094421625e+08
0.000000000000000000e+00,0.000000000000000000e+00,0.000000000000000000e+00,-9.041601947285375595e+08
0.000000000000000000e+00,0.000000000000000000e+00,0.000000000000000000e+00,-8.710615609259887934e+08
0.000000000000000000e+00,0.000000000000000000e+00,0.000000000000000000e+00,-8.391745703322266340e+08
0.000000000000000000e+00,0.000000000000000000e+00,0.000000000000000000e+00,-8.084548682686133385e+08
0.000000000000000000e+00,0.000000000000000000e+00,0.000000000000000000e+00,-7.788597237502856255e+08
0.000000000000000000e+00,0.000000000000000000e+00,0.000000000000000000e+00,-7.503479700474963188e+08
0.000000000000000000e+00,0.000000000000000000e+00,0.000000000000000000e+00,-7.228799474228711128e+08
0.000000000000000000e+00,0.000000000000000000e+00,0.000000000000000000e+00,-6.964174479648644924e+08
0.000000000000000000e+00,0.000000000000000000e+00,0.000000000000000000e+00,-6.709236624406994581e+08
0.000000000000000000e+00,0.000000000000000000e+00,0.000000000000000000e+00,-6.463631290948828459e+08
0.000000000000000000e+00,0.000000000000000000e+00,0.000000000000000000e+00,-6.227016843220312595e+08
0.000000000000000000e+00,0.000000000000000000e+00,0.000000000000000000e+00,-5.999064151454309225e+08
0.000000000000000000e+00,0.000000000000000000e+00,0.000000000000000000e+00,-5.779456134352221489e+08
0.000000000000000000e+00,0.000000000000000000e+00,0.000000000000000000e+00,-5.567887318025109768e+08
0.000000000000000000e+00,0.000000000000000000e+00,0.000000000000000000e+00,-5.364063411080713272e+08
0.000000000000000000e+00,0.000000000000000000e+00,0.000000000000000000e+00,-5.167700895265331864e+08
0.000000000000000000e+00,0.000000000000000000e+00,0.000000000000000000e+00,-4.978526631091003418e+08
0.000000000000000000e+00,0.000000000000000000e+00,0.000000000000000000e+00,-4.796277477899536490e+08
0.000000000000000000e+00,0.000000000000000000e+00,0.000000000000000000e+00,-4.620699927834887505e+08
0.000000000000000000e+00,0.000000000000000000e+00,0.000000000000000000e+00,-4.451549753214783072e+08
0.000000000000000000e+00,0.000000000000000000e+00,0.000000000000000000e+00,-4.288591666810937524e+08
0.000000000000000000e+00,0.000000000000000000e+00,0.000000000000000000e+00,-4.131598994565454125e+08
0.000000000000000000e+00,0.000000000000000000e+00,0.000000000000000000e+00,-3.980353360288037062e+08
0.000000000000000000e+00,0.000000000000000000e+00,0.000000000000000000e+00,-3.834644381895715594e+08
0.000000000000000000e+00,0.000000000000000000e+00,0.000000000000000000e+00,-3.694269378772009611e+08
0.000000000000000000e+00,0.000000000000000000e+00,0.000000000000000000e+00,-3.559033089839087129e+08
0.000000000000000000e+00,0.000000000000000000e+00,0.000000000000000000e+00,-3.428747401950439811e+08
0.000000000000000000e+00,0.000000000000000000e+00,0.000000000000000000e+00,-3.303231088226086497e+08
0.000000000000000000e+00,0.000000000000000000e+00,0.000000000000000000e+00,-3.182309555966845751e+08
0.000000000000000000e+00,0.000000000000000000e+00,0.000000000000000000e+00,-3.065814603796411157e+08
0.000000000000000000e+00,0.000000000000000000e+00,0.000000000000000000e+00,-2.953584187694067359e+08
0.000000000000000000e+00,0.000000000000000000e+00,0.000000000000000000e+00,-2.845462195591943264e+08
0.000000000000000000e+00,0.000000000000000000e+00,0.000000000000000000e+00,-2.741298230223901272e+08
0.000000000000000000e+00,0.000000000000000000e+00,0.000000000000000000e+00,-2.640947399923303425e+08
0.000000000000000000e+00,0.000000000000000000e+00,0.000000000000000000e+00,-2.544270117079541087e+08
0.000000000000000000e+00,0.000000000000000000e+00,0.000000000000000000e+00,-2.451131903972009420e+08
0.000000000000000000e+00,0.000000000000000000e+00,0.000000000000000000e+00,-2.361403205712231398e+08
0.000000000000000000e+00,0.000000000000000000e+00,0.000000000000000000e+00,-2.274959210033459663e+08
0.000000000000000000e+00,0.000000000000000000e+00,0.000000000000000000e+00,-2.191679673677331507e+08
0.000000000000000000e+00,0.000000000000000000e+00,0.000000000000000000e+00,-2.111448755136047304e+08
0.000000000000000000e+00,0.000000000000000000e+00,0.000000000000000000e+00,-2.034154853517126441e+08
0.000000000000000000e+00,0.000000000000000000e+00,0.000000000000000000e+00,-1.959690453307104409e+08
0.000000000000000000e+00,0.000000000000000000e+00,0.000000000000000000e+00,-1.887951974817883372e+08
0.000000000000000000e+00,0.000000000000000000e+00,0.000000000000000000e+00,-1.818839630107665956e+08
0.000000000000000000e+00,0.000000000000000000e+00,0.000000000000000000e+00,-1.752257284176623523e+08
0.000000000000000000e+00,0.000000000000000000e+00,0.000000000000000000e+00,-1.688112321243127584e+08
0.000000000000000000e+00,0.000000000000000000e+00,0.000000000000000000e+00,-1.626315515915783644e+08
0.000000000000000000e+00,0.000000000000000000e+00,0.000000000000000000e+00,-1.566780909081127942e+08
0.000000000000000000e+00,0.000000000000000000e+00,0.000000000000000000e+00,-1.509425688335034251e+08
0.000000000000000000e+00,0.000000000000000000e+00,0.000000000000000000e+00,-1.454170072790759206e+08
0.000000000000000000e+00,0.000000000000000000e+00,0.000000000000000000e+00,-1.400937202104187012e+08
0.000000000000000000e+00,0.000000000000000000e+00,0.000000000000000000e+00,-1.349653029561401308e+08
0.000000000000000000e+00,0.000000000000000000e+00,0.000000000000000000e+00,-1.300246219079772979e+08
0.000000000000000000e+00,0.000000000000000000e+00,0.000000000000000000e+00,-1.252648045980175734e+08
0.000000000000000000e+00,0.000000000000000000e+00,0.000000000000000000e+00,-1.206792301390771568e+08
0.000000000000000000e+00,0.000000000000000000e+00,0.000000000000000000e+00,-1.162615200151037574e+08
0.000000000000000000e+00,0.000000000000000000e+00,0.000000000000000000e+00,-1.120055292086694390e+08
0.000000000000000000e+00,0.000000000000000000e+00,0.000000000000000000e+00,-1.079053376532873511e+08
0.000000000000000000e+00,0.000000000000000000e+00,0.000000000000000000e+00,-1.039552419986132830e+08
0.000000000000000000e+00,0.000000000000000000e+00,0.000000000000000000e+00,-1.001497476771105975e+08
0.000000000000000000e+00,0.000000000000000000e+00,0.000000000000000000e+00,-9.648356126113037765e+07
0.000000000000000000e+00,0.000000000000000000e+00,0.000000000000000000e+00,-9.295158309977538884e+07
0.000000000000000000e+00,0.000000000000000000e+00,0.000000000000000000e+00,-8.954890022529907525e+07
0.000000000000000000e+00,0.000000000000000000e+00,0.000000000000000000e+00,-8.627077951918946207e+07
0.000000000000000000e+00,0.000000000000000000e+00,0.000000000000000000e+00,-8.311266112842772901e+07
0.000000000000000000e+00,0.000000000000000000e+00,0.000000000000000000e+00,-8.007015212274047732e+07
0.000000000000000000e+00,0.000000000000000000e+00,0.000000000000000000e+00,-7.713902038405640423e+07
0.000000000000000000e+00,0.000000000000000000e+00,0.000000000000000000e+00,-7.431518871964111924e+07
0.000000000000000000e+00,0.000000000000000000e+00,0.000000000000000000e+00,-7.159472919074097276e+07
0.000000000000000000e+00,0.000000000000000000e+00,0.000000000000000000e+00,-6.897385764885009825e+07
0.000000000000000000e+00,0.000000000000000000e+00,0.000000000000000000e+00,-6.644892847194091976e+07
0.000000000000000000e+00,0.000000000000000000e+00,0.000000000000000000e+00,-6.401642949345581234e+07
0.000000000000000000e+00,0.000000000000000000e+00,0.000000000000000000e+00,-6.167297711686645448e+07
0.000000000000000000e+00,0.000000000000000000e+00,0.000000000000000000e+00,-5.941531160913330317e+07
0.000000000000000000e+00,0.000000000000000000e+00,0.000000000000000000e+00,-5.724029256640014797e+07
0.000000000000000000e+00,0.000000000000000000e+00,0.000000000000000000e+00,-5.514489454572509974e+07
0.000000000000000000e+00,0.000000000000000000e+00,0.000000000000000000e+00,-5.312620285669799894e+07
0.000000000000000000e+00,0.000000000000000000e+00,0.000000000000000000e+00,-5.118140950710693747e+07
0.000000000000000000e+00,0.000000000000000000e+00,0.000000000000000000e+00,-4.930780929704101384e+07
0.000000000000000000e+00,0.000000000000000000e+00,0.000000000000000000e+00,-4.750279605597778410e+07
0.000000000000000000e+00,0.000000000000000000e+00,0.000000000000000000e+00,-4.576385901758422703e+07
0.000000000000000000e+00,0.000000000000000000e+00,0.000000000000000000e+00,-4.408857932727538794e+07
0.000000000000000000e+00,0.000000000000000000e+00,0.000000000000000000e+00,-4.247462667758545280e+07
0.000000000000000000e+00,0.000000000000000000e+00,0.000000000000000000e+00,-4.091975606671630591e+07
0.000000000000000000e+00,0.000000000000000000e+00,0.000000000000000000e+00,-3.942180467576050013e+07
0.000000000000000000e+00,0.000000000000000000e+00,0.000000000000000000e+00,-3.797868886021606624e+07
0.000000000000000000e+00,0.000000000000000000e+00,0.000000000000000000e+00,-3.658840125165405124e+07
0.000000000000000000e+00,0.000000000000000000e+00,0.000000000000000000e+00,-3.524900796547485143e+07
0.000000000000000000e+00,0.000000000000000000e+00,0.000000000000000000e+00,-3.395864591087890416e+07
0.000000000000000000e+00,0.000000000000000000e+00,0.000000000000000000e+00,-3.271552019932128862e+07
0.000000000000000000e+00,0.000000000000000000e+00,0.000000000000000000e+00,-3.151790164781982452e+07
0.000000000000000000e+00,0.000000000000000000e+00,0.000000000000000000e+00,-3.036412437367187440e+07
0.000000000000000000e+00,0.000000000000000000e+00,0.000000000000000000e+00,-2.925258347722778469e+07
0.000000000000000000e+00,0.000000000000000000e+00,0.000000000000000000e+00,-2.818173280946044996e+07
0.000000000000000000e+00,0.000000000000000000e+00,0.000000000000000000e+00,-2.715008282130493224e+07
0.000000000000000000e+00,0.000000000000000000e+00,0.000000000000000000e+00,-2.615619849168090895e+07
0.000000000000000000e+00,0.000000000000000000e+00,0.000000000000000000e+00,-2.519869733138671890e+07
0.000000000000000000e+00,0.000000000000000000e+00,0.000000000000000000e+00,-2.427624746007324383e+07
0.000000000000000000e+00,0.000000000000000000e+00,0.000000000000000000e+00,-2.338756575359741226e+07
0.000000000000000000e+00,0.000000000000000000e+00,0.000000000000000000e+00,-2.253141605919067562e+07
0.000000000000000000e+00,0.000000000000000000e+00,0.000000000000000000e+00,-2.170660747599487379e+07
0.000000000000000000e+00,0.000000000000000000e+00,0.000000000000000000e+00,-2.091199269851318374e+07
0.000000000000000000e+00,0.000000000000000000e+00,0.000000000000000000e+00,-2.014646642070923001e+07
0.000000000000000000e+00,0.000000000000000000e+00,0.000000000000000000e+00,-1.940896379853759706e+07
0.000000000000000000e+00,0.000000000000000000e+00,0.000000000000000000e+00,-1.869845896875366196e+07
0.000000000000000000e+00,0.000000000000000000e+00,0.000000000000000000e+00,-1.801396362192871049e+07
0.000000000000000000e+00,0.000000000000000000e+00,0.000000000000000000e+00,-1.735452562772216648e+07
0.000000000000000000e+00,0.000000000000000000e+00,0.000000000000000000e+00,-1.671922771047607437e+07
0.000000000000000000e+00,0.000000000000000000e+00,0.000000000000000000e+00,-1.610718617328247055e+07
0.000000000000000000e+00,0.000000000000000000e+00,0.000000000000000000e+00,-1.551754966877197288e+07
0.000000000000000000e+00,0.000000000000000000e+00,0.000000000000000000e+00,-1.494949801488037221e+07
