# particle_number_conc
3.240000000000000000e+04
3.197642738822302272e+04
3.159527994626323925e+04
3.123670134086826147e+04
3.089452618142887513e+04
3.056547446345322533e+04
3.024725187490603275e+04
2.993861296106074951e+04
2.963851743164098662e+04
2.934619078727279339e+04
2.906100791313766240e+04
2.878245317726284702e+04
2.851009252124181148e+04
2.824355442004344513e+04
2.798251638008949158e+04
2.772669510160644131e+04
2.747583914339117837e+04
2.722972334163582127e+04
2.698814448819226527e+04
2.675091793112699452e+04
2.651787486287613501e+04
2.628886013046550215e+04
2.606373044663890323e+04
2.584235291404847521e+04
2.562460379546497643e+04
2.541036748072934279e+04
2.519953561163685663e+04
2.499200633532915890e+04
2.478768366266447265e+04
2.458647691351622052e+04
2.438830023430033907e+04
2.419307217589900392e+04
2.400071532297189697e+04
2.381115596620948418e+04
2.362432381167122367e+04
2.344015172201751921e+04
2.325857548509400658e+04
2.307953360623103799e+04
2.290296712127050341e+04
2.272881942767890723e+04
2.255703613154578125e+04
2.238756490859088808e+04
2.222035537754047982e+04
2.205535898447628279e+04
2.189252889696540660e+04
2.173181990690928797e+04
2.157318834120536121e+04
2.141659197936403871e+04
2.126198997747721296e+04
2.110934279785608669e+04
2.095861214376875796e+04
2.080976089890845105e+04
2.066275307099376369e+04
2.051755373926379980e+04
2.037412900547562094e+04
2.023244594809390765e+04
2.009247257939874908e+04
1.995417780529682568e+04
1.981753138757421766e+04
1.968250390846044684e+04
1.954906673724289067e+04
1.941719199882620887e+04
1.928685254406842796e+04
1.915802192176398967e+04
1.903067435218634637e+04
1.890478470200988886e+04
1.878032846058655559e+04
1.865728171740655307e+04
1.853562114077171645e+04
1.841532395747060218e+04
1.829636793353442044e+04
1.817873135580134840e+04
1.806239301444194643e+04
1.794733218630703414e+04
1.783352861902556106e+04
1.772096251582312834e+04
1.760961452101090981e+04
1.749946570612359938e+04
1.739049755666614146e+04
1.728269195940458303e+04
1.717603119021079328e+04
1.707049790243393363e+04
1.696607511571329087e+04
1.686274620524779675e+04
1.676049489149476722e+04
1.665930523031920166e+04
1.655916160344191667e+04
1.646004870934005157e+04
1.636195155444284865e+04
1.626485544467247382e+04
1.616874597729487505e+04
1.607360903306982436e+04
1.597943076868559001e+04
1.588619760946403585e+04
1.579389624232397364e+04
1.570251360899055908e+04
1.561203689944055805e+04
1.552245354556859093e+04
1.543375121507366021e+04
1.534591780554563775e+04
1.525894143873963549e+04
1.517281045506682858e+04
1.508751340823663850e+04
1.500303906008046579e+04
1.491937637554043613e+04
1.483651451781600917e+04
1.475444284366399370e+04
1.467315089884191912e+04
1.459262841369232592e+04
1.451286529886238714e+04
1.443385164115107909e+04
1.435557769948129317e+04
1.427803390099176795e+04
1.420121083724333221e+04
1.412509926053599156e+04
1.404969008033242608e+04
1.397497435978441172e+04
1.390094331235569734e+04
1.382758829854380929e+04
1.375490082269392587e+04
1.368287252989905392e+04
1.361149520297945674e+04
1.354076075956271598e+04
1.347066124922437302e+04
1.340118885070924625e+04
1.333233586924315023e+04
1.326409473389470804e+04
1.319645799501851980e+04
1.312941832176291791e+04
1.306296849964247849e+04
1.299710142817383166e+04
1.293181011856796613e+04
1.286708769149238651e+04
1.280292737487958948e+04
1.273932250179335460e+04
1.267626650835034525e+04
1.261375293169162978e+04
1.255177540800497081e+04
1.249032767059554862e+04
1.242940354800384557e+04
1.236899696216943084e+04
1.230910192663872840e+04
1.224971254481757387e+04
1.219082300825959283e+04
1.213242759499969543e+04
1.207452066793172889e+04
1.201709667321923007e+04
1.196015013873269709e+04
1.190367567254468486e+04
1.184766796144186628e+04
1.179212176947926309e+04
1.173703193656561598e+04
1.168239337708246967e+04
1.162820107852617730e+04
1.157445010019753681e+04
1.152113557190321262e+04
1.146825269269477030e+04
1.141579672963384292e+04
1.136376301658442935e+04
1.131214695303173903e+04
1.126094400292667524e+04
1.121014969355534595e+04
1.115975961443294727e+04
1.110976941622146478e+04
1.106017480967043593e+04
1.101097156458026438e+04
1.096215550878746762e+04
1.091372252717129959e+04
1.086566856067742810e+04
1.081798960537897074e+04
1.077068171152856121e+04
1.072374098264949498e+04
1.067716357464485736e+04
1.063094569491967741e+04
1.058508360152278510e+04
1.053957360230612358e+04
1.049441205410102884e+04
1.044959536191118423e+04
1.040511997812172194e+04
1.036098240172414262e+04
1.031717917755666895e+04
