# tendency to change, top row gives equation number (%/hour)
3.600000000000000000e+01,4.600000000000000000e+01,1.300000000000000000e+01,0.000000000000000000e+00,0.000000000000000000e+00
0.000000000000000000e+00,0.000000000000000000e+00,0.000000000000000000e+00,6.195341997699282873e-51,1.324842258622187091e-56
-1.809100400753347576e+08,-2.053888307561753845e+10,2.053901834672993469e+10,-4.936851739957992554e+10,-4.522751001883304119e+08
-3.733675733071796596e+07,-4.238876365949548721e+09,4.238631637632659435e+09,-4.986906864513611603e+10,-9.334189332678681612e+07
-2.812164621008732542e+07,-3.192676333288894176e+09,3.192645711102011204e+09,-4.990148118368237305e+10,-7.030411552520911396e+07
-2.444476505190071091e+07,-2.775236636965305328e+09,2.775013284270534992e+09,-4.991421987248841858e+10,-6.111191262974160165e+07
-2.221586241314530373e+07,-2.522187272401186466e+09,2.521903105073064804e+09,-4.992190525313442993e+10,-5.553965603285219520e+07
-1.977041651737893373e+07,-2.244553552901822090e+09,5.853099243389815837e+07,-4.774434141672888184e+10,-4.942604129343548417e+07
-1.879335563058025390e+07,-2.133626932669132471e+09,1.354718965458338261e+08,-4.793549284841242218e+10,-4.698338907643803209e+07
-1.800242295555374026e+07,-2.043831619339423180e+09,2.006756635177441537e+08,-4.809326989022068787e+10,-4.500605738887103647e+07
-1.736613421271916479e+07,-1.971593173723199129e+09,2.687548707072275877e+08,-4.823581518035255432e+10,-4.341533553178391606e+07
-1.683640954285459965e+07,-1.911453045225699425e+09,3.378528891823881269e+08,-4.836691240311017609e+10,-4.209102385712182522e+07
-1.638794128019497544e+07,-1.860538031299133062e+09,4.074056567074666023e+08,-4.848896044929882812e+10,-4.096985320047211647e+07
-1.600287076141802222e+07,-1.816820621487417698e+09,4.769525346294282675e+08,-4.860358212074800110e+10,-4.000717690352909267e+07
-1.566837621475688927e+07,-1.778845148260813951e+09,5.460825317887846231e+08,-4.871187240215201569e+10,-3.917094053687564284e+07
-1.537494038732685708e+07,-1.745531109154566288e+09,6.143587015255334377e+08,-4.881450586984768677e+10,-3.843735096829994768e+07
-1.511531658287874609e+07,-1.716055780085011959e+09,6.812985212278857231e+08,-4.891184834154293823e+10,-3.778829145717906952e+07
-1.488386724491360784e+07,-1.689779124082860470e+09,7.463852104938046932e+08,-4.900404275148382568e+10,-3.720966811226563156e+07
-1.467612719435347058e+07,-1.666194205264641285e+09,8.090901823461917639e+08,-4.909107964694065094e+10,-3.669031798586470634e+07
-1.448851551116659306e+07,-1.644894478488888741e+09,8.689086589442908764e+08,-4.917288400516548157e+10,-3.622128877789694071e+07
-1.431811957391064800e+07,-1.625549271167046547e+09,9.253889672291687727e+08,-4.924933336219161987e+10,-3.579529893475650996e+07
-1.416255929564808495e+07,-1.607888369842195511e+09,9.781586708032234907e+08,-4.932033687364038849e+10,-3.540639823909953237e+07
-1.401987465326459706e+07,-1.591689251289237499e+09,1.026944146949115992e+09,-4.938585038128963470e+10,-3.504968663314025849e+07
-1.388844420979883708e+07,-1.576767832280122995e+09,1.071579214724626184e+09,-4.944589610813393402e+10,-3.472111052447531372e+07
-1.376692280988365784e+07,-1.562971396090048075e+09,1.112007277681119442e+09,-4.950057482173630524e+10,-3.441730702468681335e+07
-1.365418944822667912e+07,-1.550172673958154202e+09,1.148271549065046310e+09,-4.955005979807215881e+10,-3.413547362054383010e+07
-1.354930712232521363e+07,-1.538265287129363775e+09,1.180502728775235653e+09,-4.959459177614970398e+10,-3.387326780578962713e+07
-1.345148796799491718e+07,-1.527159788658913136e+09,1.208901083005765915e+09,-4.963446246827292633e+10,-3.362871991996334493e+07
-1.336006574293715507e+07,-1.516780539446474552e+09,1.233717333081730843e+09,-4.967000051009533691e+10,-3.340016435731840879e+07
-1.327447303144612908e+07,-1.507063120265608788e+09,1.255235872088203907e+09,-4.970155661738330841e+10,-3.318618257859032229e+07
-1.319422238765696064e+07,-1.497952190939395666e+09,1.273757674348598957e+09,-4.972948879665692902e+10,-3.298555596911687031e+07
-1.311889165366461128e+07,-1.489399823492984056e+09,1.289587483018193245e+09,-4.975415228794774628e+10,-3.279722913413548097e+07
-1.304811052943800762e+07,-1.481363977423602819e+09,1.303023279465108156e+09,-4.977588542026715088e+10,-3.262027632356845215e+07
-1.298155363256645389e+07,-1.473807711767194271e+09,1.314348734576299906e+09,-4.979501315122429657e+10,-3.245388408138905466e+07
-1.291893011041868851e+07,-1.466698005757286072e+09,1.323827832899628401e+09,-4.981183264442960358e+10,-3.229732527601912245e+07
-1.285997929905339330e+07,-1.460005265977114916e+09,1.331702992075598478e+09,-4.982661693509335327e+10,-3.214994824760537222e+07
-1.280446565845311247e+07,-1.453702751352076769e+09,1.338193389562557459e+09,-4.983961297373522949e+10,-3.201116414610416442e+07
-1.275217496885607764e+07,-1.447766141315786600e+09,1.343494965322306395e+09,-4.985104184747315216e+10,-3.188043742211107165e+07
-1.270291140459069237e+07,-1.442173203599817038e+09,1.347781081999582052e+09,-4.986110001286349487e+10,-3.175727851144710183e+07
-1.265649519533687271e+07,-1.436903528714550018e+09,1.351204119920926809e+09,-4.986996101101229095e+10,-3.164123798831205070e+07
-1.261276068659189530e+07,-1.431938309752083302e+09,1.353897098578180790e+09,-4.987777732746797180e+10,-3.153190171644910425e+07
-1.257155479162409902e+07,-1.427260166635110378e+09,1.355975533419064045e+09,-4.988468249333864594e+10,-3.142888697902911529e+07
-1.253273552315206081e+07,-1.422852979417108536e+09,1.357539232600105524e+09,-4.989079244994965363e+10,-3.133183880784852430e+07
-1.249617163843733817e+07,-1.418701847989392757e+09,1.358674204554489851e+09,-4.989621045960896301e+10,-3.124042909606121853e+07
-1.246174018483756483e+07,-1.414792813425502300e+09,1.359454236801199675e+09,-4.990102287313922119e+10,-3.115435046206128970e+07
-1.242932725648996420e+07,-1.411112943888175726e+09,1.359942534528881311e+09,-4.990530702808272552e+10,-3.107331814119179174e+07
-1.239882640127445944e+07,-1.407650153770409346e+09,1.360192993098711967e+09,-4.990912924481249237e+10,-3.099706600315253809e+07
-1.237013818470715731e+07,-1.404393154183883190e+09,1.360251395692221880e+09,-4.991254692909954834e+10,-3.092534546173379198e+07
-1.234316977187229134e+07,-1.401331405495310545e+09,1.360157005665713549e+09,-4.991561034288882446e+10,-3.085792442964613810e+07
-1.231783422627730109e+07,-1.398455037724810839e+09,1.359942949725745916e+09,-4.991836279182146454e+10,-3.079458556565817446e+07
-1.229405011320708133e+07,-1.395754805514353752e+09,1.359637212476180792e+09,-4.992084182944358063e+10,-3.073512528298213705e+07
-1.227174112965566851e+07,-1.393222046113562346e+09,1.359263644000664949e+09,-4.992308020876007843e+10,-3.067935282410311326e+07
-1.225083567079180107e+07,-1.390848630160150766e+09,1.358842028606378078e+09,-4.992510629017666626e+10,-3.062708917694295943e+07
-1.223126641192185692e+07,-1.388626914219792366e+09,1.358389206008171558e+09,-4.992694443045348358e+10,-3.057816602976761386e+07
-1.221297026937994733e+07,-1.386549736345935106e+09,1.357919304588831186e+09,-4.992861650148760223e+10,-3.053242567341235280e+07
-1.219588778763333149e+07,-1.384610346497317553e+09,1.357444030767563820e+09,-4.993014107648295593e+10,-3.048971946904532984e+07
-1.217996303745010681e+07,-1.382802394976852179e+09,1.356973129811739922e+09,-4.993153447605567169e+10,-3.044990759358678386e+07
-1.216514335049587674e+07,-1.381119902300141335e+09,1.356514757558288574e+09,-4.993281099921441650e+10,-3.041285837620072067e+07
-1.215137908241533488e+07,-1.379557232297912598e+09,1.356075577079486132e+09,-4.993398314124842834e+10,-3.037844770599888638e+07
-1.213862342837340385e+07,-1.378109071174233913e+09,1.355661157756333351e+09,-4.993506195544262695e+10,-3.034655857089357451e+07
-1.212683216728341207e+07,-1.376770398468503952e+09,1.355275844116684198e+09,-4.993605696253391266e+10,-3.031708041816811636e+07
-1.211596354357700795e+07,-1.375536473632680655e+09,1.354923206671838284e+09,-4.993697663101103973e+10,-3.028990885890161991e+07
-1.210597808355612308e+07,-1.374402815181553125e+09,1.354606053342348337e+09,-4.993782839139720917e+10,-3.026494520884892717e+07
-1.209683845558718219e+07,-1.373365184820460081e+09,1.354326604803023577e+09,-4.993861883758006287e+10,-3.024209613892609626e+07
-1.208850933370725624e+07,-1.372419571960371733e+09,1.354086599087518454e+09,-4.993935384528529358e+10,-3.022127333422579989e+07
-1.208095722241361812e+07,-1.371562173826086283e+09,1.353887173144478798e+09,-4.994003847502677155e+10,-3.020239305599122867e+07
-1.207415039319009334e+07,-1.370789388250009537e+09,1.353729219166224003e+09,-4.994067733454148865e+10,-3.018537598293193430e+07
-1.206805873451587930e+07,-1.370097796643517494e+09,1.353613215634125471e+09,-4.994127442876558685e+10,-3.017014683624592051e+07
-1.206265370103390142e+07,-1.369484158225992918e+09,1.353539554367109299e+09,-4.994183349149141693e+10,-3.015663425254049525e+07
-1.205790813927719556e+07,-1.368945390239381790e+09,1.353508173144043922e+09,-4.994235764357522583e+10,-3.014477034814825282e+07
-1.205379622732318193e+07,-1.368478561097088099e+09,1.353518988880792379e+09,-4.994284966436796570e+10,-3.013449056826273724e+07
-1.205029349712169729e+07,-1.368080892918894053e+09,1.353571472492006063e+09,-4.994331236026413727e+10,-3.012573374275854602e+07
-1.204737651518908516e+07,-1.367749725279869556e+09,1.353665347839133263e+09,-4.994374772969747162e+10,-3.011844128792653978e+07
-1.204502312414397486e+07,-1.367482542632148027e+09,1.353800171155517578e+09,-4.994415808397792816e+10,-3.011255781031328440e+07
-1.204321214375539683e+07,-1.367276940364646912e+09,1.353975296846640348e+09,-4.994454525077226257e+10,-3.010803035934136435e+07
-1.204192337590077892e+07,-1.367130625365951300e+09,1.354190007759502888e+09,-4.994491088097182465e+10,-3.010480843970433995e+07
-1.204113755379943177e+07,-1.367041410260747194e+09,1.354443540983659983e+09,-4.994525646609941864e+10,-3.010284388445049152e+07
-1.204083630078888685e+07,-1.367007208729659081e+09,1.354735142699284554e+09,-4.994558340495326996e+10,-3.010209075192365050e+07
-1.204100207032891922e+07,-1.367026028697853327e+09,1.355064026965643167e+09,-4.994589296215132904e+10,-3.010250517577325180e+07
-1.204161808882966824e+07,-1.367095965844260693e+09,1.355429343501249552e+09,-4.994618625541127777e+10,-3.010404522202464566e+07
-1.204266833442023955e+07,-1.367215201191157103e+09,1.355830307233686447e+09,-4.994646437278726959e+10,-3.010667083600059524e+07
-1.204413748798356205e+07,-1.367381995545105934e+09,1.356266116164870024e+09,-4.994672830652290344e+10,-3.011034371990842372e+07
-1.204601085700473003e+07,-1.367594680851389647e+09,1.356735832239393950e+09,-4.994697883678977966e+10,-3.011502714246086031e+07
-1.204827437902335823e+07,-1.367851660585960388e+09,1.357238586214074850e+09,-4.994721674198488617e+10,-3.012068594750696048e+07
-1.205091459772390872e+07,-1.368151407040950060e+09,1.357773558590598822e+09,-4.994744277726522064e+10,-3.012728649425785244e+07
-1.205391863123750873e+07,-1.368492457725950003e+09,1.358339981656820059e+09,-4.994765768573797607e+10,-3.013479657804137468e+07
-1.205727408233096823e+07,-1.368873405171685219e+09,1.358936899929662466e+09,-4.994786195389294434e+10,-3.014318520577454567e+07
-1.206096910508544929e+07,-1.369292904500105143e+09,1.359563626651063919e+09,-4.994805629415802765e+10,-3.015242276266026869e+07
-1.206499229388673976e+07,-1.369749660821348667e+09,1.360219289669486761e+09,-4.994824112864366913e+10,-3.016248073466301709e+07
-1.206933270476583391e+07,-1.370242431656558990e+09,1.360903097732875586e+09,-4.994841695180271912e+10,-3.017333176186027005e+07
-1.207397986118637398e+07,-1.370770027594937325e+09,1.361614269296167374e+09,-4.994858435124340820e+10,-3.018494965291114151e+07
-1.207892362961972319e+07,-1.371331298167666197e+09,1.362352038887024879e+09,-4.994874361461479187e+10,-3.019730907399403304e+07
-1.208415429489094019e+07,-1.371925140402007818e+09,1.363115662188830376e+09,-4.994889512056967926e+10,-3.021038573717159405e+07
-1.208966252379396372e+07,-1.372550494690503120e+09,1.363904414718176126e+09,-4.994903927066507721e+10,-3.022415630942867324e+07
-1.209543932709386572e+07,-1.373206340477050304e+09,1.364717588713539600e+09,-4.994917640934369659e+10,-3.023859831767794490e+07
-1.210147605047327094e+07,-1.373891695229046583e+09,1.365554492736190796e+09,-4.994930685762418365e+10,-3.025369012612597644e+07
-1.210776436019012518e+07,-1.374605612809098959e+09,1.366414452042429686e+09,-4.994943092156795502e+10,-3.026941090041763335e+07
-1.211429622064675391e+07,-1.375347180928419828e+09,1.367296803138379812e+09,-4.994954886284315491e+10,-3.028574055155872554e+07
-1.212106389667668752e+07,-1.376115521406452894e+09,1.368200913948436737e+09,-4.994966096994523621e+10,-3.030265974163307622e+07
-1.212805992184287868e+07,-1.376909786571739912e+09,1.369126147435294628e+09,-4.994976747623083496e+10,-3.032014980454807356e+07
-1.213527709501322173e+07,-1.377729158873135805e+09,1.370071893358501673e+09,-4.994986861184996033e+10,-3.033819273747345060e+07
-1.214270848384116217e+07,-1.378572851274966955e+09,1.371037621255928278e+09,-4.994996465716265869e+10,-3.035677120954281837e+07
-1.215034737417983077e+07,-1.379440101513969898e+09,1.372022694803121090e+09,-4.995005576270385742e+10,-3.037586843538900837e+07
-1.215818728583734110e+07,-1.380330173888005733e+09,1.373026550239156723e+09,-4.995014212448567200e+10,-3.039546821453230083e+07
-1.216622196392303705e+07,-1.381242358273591042e+09,1.374048639442357779e+09,-4.995022392662296295e+10,-3.041555490974605083e+07
-1.217444536453041062e+07,-1.382175968500466585e+09,1.375088428950476646e+09,-4.995030134355814362e+10,-3.043611341126400605e+07
-1.218285164599462412e+07,-1.383130341359055758e+09,1.376145402083950520e+09,-4.995037454197640991e+10,-3.045712911492405087e+07
-1.219143515733958595e+07,-1.384104835288851023e+09,1.377219047105084419e+09,-4.995044366841497803e+10,-3.047858789328597486e+07
-1.220019043492572941e+07,-1.385098829997831821e+09,1.378308874547365427e+09,-4.995050887333212280e+10,-3.050047608725084737e+07
-1.220911219838408940e+07,-1.386111726000857592e+09,1.379414408197327614e+09,-4.995057032101950073e+10,-3.052278049589626119e+07
-1.221819531596611813e+07,-1.387142940685801268e+09,1.380535177010314465e+09,-4.995062808071382141e+10,-3.054548828985084966e+07
-1.222743484712565504e+07,-1.388191913147916794e+09,1.381670730609982252e+09,-4.995068233221183014e+10,-3.056858711774920300e+07
-1.223682599457607418e+07,-1.389258098746845961e+09,1.382820628944818497e+09,-4.995073319321794891e+10,-3.059206498637476563e+07
-1.224636410854024626e+07,-1.390340969589118958e+09,1.383984441334426165e+09,-4.995078076490630341e+10,-3.061591027128470689e+07
-1.225604468709297664e+07,-1.391440014567032337e+09,1.385161749456976414e+09,-4.995082515913058472e+10,-3.064011171766605228e+07
-1.226586336596879549e+07,-1.392554738201516390e+09,1.386352145652791500e+09,-4.995086647900723267e+10,-3.066465841485510767e+07
-1.227581591380934976e+07,-1.393684660102570295e+09,1.387555232740360975e+09,-4.995090482258138275e+10,-3.068953978445600718e+07
-1.228589822684979998e+07,-1.394829314366000652e+09,1.388770623686450481e+09,-4.995094028247096252e+10,-3.071474556705664471e+07
-1.229610632634615339e+07,-1.395988249281346321e+09,1.389997948733176708e+09,-4.995097295654523468e+10,-3.074026581579703838e+07
-1.230643635249014571e+07,-1.397161026641028166e+09,1.391236849814013481e+09,-4.995100293627046204e+10,-3.076609088115653023e+07
-1.231688455204110220e+07,-1.398347220336184502e+09,1.392486949554352522e+09,-4.995103028455001831e+10,-3.079221138003342971e+07
-1.232744728206643648e+07,-1.399546416781331062e+09,1.393747896759544849e+09,-4.995105506945071411e+10,-3.081861820509627834e+07
-1.233812101699938625e+07,-1.400758215715633869e+09,1.395019370501635075e+09,-4.995107740340476990e+10,-3.084530254242815822e+07
-1.234890231727464497e+07,-1.401982226642083645e+09,1.396301020129868269e+09,-4.995109731463499451e+10,-3.087225579311581701e+07
-1.235978784607498161e+07,-1.403218070728754044e+09,1.397592523576935291e+09,-4.995111488041040802e+10,-3.089946961511616781e+07
-1.237077436664950475e+07,-1.404465380504342079e+09,1.398893567412060022e+09,-4.995113017821215820e+10,-3.092693591655198485e+07
-1.238185872722706571e+07,-1.405723798145373583e+09,1.400203841078281403e+09,-4.995114324829541779e+10,-3.095464681799539551e+07
-1.239303786146722734e+07,-1.406992975527400970e+09,1.401523042720518112e+09,-4.995115415469906616e+10,-3.098259465359530598e+07
-1.240430879220535234e+07,-1.408272574650187731e+09,1.402850878222678185e+09,-4.995116295173221588e+10,-3.101077198044012487e+07
-1.241566862186947465e+07,-1.409562266549726248e+09,1.404187060108675480e+09,-4.995116969103299713e+10,-3.103917155459993333e+07
-1.242711453187649138e+07,-1.410861731229686975e+09,1.405531309666662216e+09,-4.995117442376010895e+10,-3.106778632961698622e+07
-1.243864377821017057e+07,-1.412170657159385681e+09,1.406883349229394436e+09,-4.995117719339057159e+10,-3.109660944545068964e+07
-1.245025370154943690e+07,-1.413488742423656940e+09,1.408242955796478748e+09,-4.995117808857369995e+10,-3.112563425379835442e+07
-1.246194169503345899e+07,-1.414815691063196182e+09,1.409609823126235485e+09,-4.995117711098721313e+10,-3.115485423750792071e+07
-1.247370522241520695e+07,-1.416151215135546923e+09,1.410983694234247446e+09,-4.995117429125914764e+10,-3.118426305596179515e+07
-1.248554182140352018e+07,-1.417495035094531536e+09,1.412364324964736462e+09,-4.995116968007673645e+10,-3.121385455343208462e+07
-1.249744909324408881e+07,-1.418846878607369184e+09,1.413751466128298044e+09,-4.995116332306369019e+10,-3.124362273303300515e+07
-1.250942468671387434e+07,-1.420206478737547636e+09,1.415144874357046366e+09,-4.995115521141085052e+10,-3.127356171670697257e+07
-1.252146633016512357e+07,-1.421573577582810879e+09,1.416544317619825125e+09,-4.995114541252761078e+10,-3.130366582533459365e+07
-1.253357179995406978e+07,-1.422947922690838337e+09,1.417949567097328663e+09,-4.995113395370599365e+10,-3.133392949980646744e+07
-1.254573893044790067e+07,-1.424329268195347071e+09,1.419360400047072411e+09,-4.995112086916117096e+10,-3.136434732604054362e+07
-1.255796560558862425e+07,-1.425717373858329058e+09,1.420776596641562700e+09,-4.995110617386549377e+10,-3.139491401389184967e+07
-1.257024976650948450e+07,-1.427112005934749842e+09,1.422197943851785660e+09,-4.995108990148054504e+10,-3.142562441619350016e+07
-1.258258937140323967e+07,-1.428512932616357088e+09,1.423624225810332537e+09,-4.995107195059674835e+10,-3.145647342842739075e+07
-1.259498250881822594e+07,-1.429919936894286871e+09,1.425055250871641874e+09,-4.995105254714105225e+10,-3.148745627196435630e+07
-1.260742730993035436e+07,-1.431332806599223614e+09,1.426490827303849459e+09,-4.995103188180579376e+10,-3.151856827474417910e+07
-1.261992184107500687e+07,-1.432751322200446129e+09,1.427930779268532991e+09,-4.995100970573225403e+10,-3.154980460260530561e+07
-1.263246421752584167e+07,-1.434175269723241568e+09,1.429374845040888548e+09,-4.995098580480619049e+10,-3.158116054373189062e+07
-1.264505276543148421e+07,-1.435604459133724928e+09,1.430822894080642462e+09,-4.995096062829516602e+10,-3.161263191349549592e+07
-1.265768571270108595e+07,-1.437038689244794130e+09,1.432274739416327000e+09,-4.995093403460451508e+10,-3.164421428166899458e+07
-1.267036136551877111e+07,-1.438477767755976677e+09,1.433730211032018661e+09,-4.995090606927434540e+10,-3.167590341371270642e+07
-1.268307806948832795e+07,-1.439921506842149973e+09,1.435189137946881533e+09,-4.995087675486251068e+10,-3.170769517363609374e+07
-1.269583420827857964e+07,-1.441369722999750853e+09,1.436651357797492266e+09,-4.995084611819825745e+10,-3.173958552061121911e+07
-1.270862820225378871e+07,-1.442822236891282558e+09,1.438116718357816935e+09,-4.995081418308862305e+10,-3.177157050554873422e+07
-1.272145851343654655e+07,-1.444278873908756733e+09,1.439585063610390663e+09,-4.995078100004054260e+10,-3.180364628350512683e+07
-1.273432363293373585e+07,-1.445739462746151209e+09,1.441056245782368898e+09,-4.995074657121626282e+10,-3.183580908224759251e+07
-1.274722208651683666e+07,-1.447203836032947540e+09,1.442530125197340965e+09,-4.995071093838955688e+10,-3.186805521620483696e+07
-1.276015243770152889e+07,-1.448671830683761120e+09,1.444006567815642595e+09,-4.995067413561488342e+10,-3.190038109416605905e+07
-1.277311328121174127e+07,-1.450143287156308413e+09,1.445485445279988527e+09,-4.995063619898171234e+10,-3.193278320294108242e+07
-1.278610324425600469e+07,-1.451618049596312523e+09,1.446966637438797474e+09,-4.995059716897980499e+10,-3.196525811055123433e+07
-1.279912098360139132e+07,-1.453095965505304575e+09,1.448450023796437740e+09,-4.995055708231049347e+10,-3.199780245891419426e+07
-1.281216518740120903e+07,-1.454576885948124886e+09,1.449935494740377188e+09,-4.995051598286600494e+10,-3.203041296841322631e+07
-1.282523457312822714e+07,-1.456060665318278074e+09,1.451422945983589888e+09,-4.995047391645363617e+10,-3.206308643273026496e+07
-1.283832788732514344e+07,-1.457547161309604883e+09,1.452912280645578146e+09,-4.995043093290469360e+10,-3.209581971822204441e+07
-1.285144390381408110e+07,-1.459036234713004827e+09,1.454403405186579227e+09,-4.995038708204463959e+10,-3.212860975944387913e+07
-1.286458142311095819e+07,-1.460527749349947214e+09,1.455896229879961967e+09,-4.995034241460017395e+10,-3.216145355768555775e+07
-1.287773927218608931e+07,-1.462021572045294762e+09,1.457390670611848593e+09,-4.995029698372375488e+10,-3.219434818037287518e+07
-1.289091630354281701e+07,-1.463517572522696972e+09,1.458886648023016691e+09,-4.995025084433813477e+10,-3.222729075876418129e+07
-1.290411139444772154e+07,-1.465015623317197561e+09,1.460384086938667297e+09,-4.995020405265521240e+10,-3.226027848602592945e+07
-1.291732344628045894e+07,-1.466515599701419115e+09,1.461882916579931021e+09,-4.995015666615822601e+10,-3.229330861560725793e+07
-1.293055138715947419e+07,-1.468017379983664274e+09,1.463383066655138254e+09,-4.995010874080792999e+10,-3.232637846780428290e+07
-1.294379415535375476e+07,-1.469520843624634743e+09,1.464884474395546436e+09,-4.995006033840342712e+10,-3.235948538828947023e+07
-1.295705072245776653e+07,-1.471025873868506432e+09,1.466387066518546820e+09,-4.995001150239865875e+10,-3.239262680604898930e+07
-1.297032008173691295e+07,-1.472532356419774771e+09,1.467890785194864035e+09,-4.994996229417928314e+10,-3.242580020424633473e+07
-1.298360124296366982e+07,-1.474040178856999159e+09,1.469395570763572693e+09,-4.994991277273052979e+10,-3.245900310731270909e+07
-1.299689323658271320e+07,-1.475549231105673313e+09,1.470901363178804874e+09,-4.994986299101081085e+10,-3.249223309135980532e+07
-1.301019511410482228e+07,-1.477059405482944012e+09,1.472408102294914246e+09,-4.994981300678714752e+10,-3.252548778516455740e+07
-1.302350593996654078e+07,-1.478570595773432493e+09,1.473915726435156822e+09,-4.994976285335041046e+10,-3.255876484981834143e+07
-1.303682480229566619e+07,-1.480082698451449871e+09,1.475424173956648350e+09,-4.994971258256533813e+10,-3.259206200564063340e+07
-1.305015080492463894e+07,-1.481595611774269819e+09,1.476933381756644487e+09,-4.994966223622514343e+10,-3.262537701221254840e+07
-1.306348306870772690e+07,-1.483109235931669235e+09,1.478443285316462755e+09,-4.994961185271615601e+10,-3.265870767166974768e+07
-1.307682073104283959e+07,-1.484623472991640568e+09,1.479953818540839434e+09,-4.994956146691271210e+10,-3.269205182750700787e+07
