# particle_size
4.999999999999999584e-02
1.797547243001918205e-01
2.345832680006707527e-01
2.696074969876926519e-01
2.976190464852774276e-01
3.214681458857289176e-01
3.416841653576980775e-01
3.603277362431495656e-01
3.773654763182574534e-01
3.932387348056799459e-01
4.081433934878495595e-01
4.222333732481821089e-01
4.356272345059977735e-01
4.484186961943202321e-01
4.606831674009539412e-01
4.724822521679851173e-01
4.838669489563656168e-01
4.948799689170273464e-01
5.055574559430925374e-01
5.159302813878668958e-01
5.260250325249080650e-01
5.358647860227049309e-01
5.454697114851444484e-01
5.548575566509467150e-01
5.640440300677679319e-01
5.730431163441779274e-01
5.818673295381546762e-01
5.905279231160860398e-01
5.990350604105292298e-01
6.073979584650138763e-01
6.156250073322274696e-01
6.237238689105933931e-01
6.317015655858210232e-01
6.395645480632128344e-01
6.473187580350949766e-01
6.549696830860193275e-01
6.625224023067174395e-01
6.699816259546151898e-01
6.773517311507979421e-01
6.846367927810389498e-01
6.918406108860379877e-01
6.989667351325796751e-01
7.060184863463582206e-01
7.129989757301550268e-01
7.199111223449331520e-01
7.267576686677177378e-01
7.335411947700462010e-01
7.402641301525455519e-01
7.469287660589464251e-01
7.535372656680361381e-01
7.600916728468671835e-01
7.665939221851976182e-01
7.730458450787212055e-01
7.794491778187414566e-01
7.858055681079487709e-01
7.921165808797653307e-01
7.983837035460542575e-01
8.046083514143926863e-01
8.107918717847375500e-01
8.169355491687829707e-01
8.230406083436160314e-01
8.291082183377617154e-01
8.351394956381523738e-01
8.411355072007593581e-01
8.470972740724008743e-01
8.530257730512307290e-01
8.589219400413189431e-01
8.647866711884887314e-01
8.706208268258467387e-01
8.764252316965981393e-01
8.822006791280122551e-01
8.879479292592721285e-01
8.936677130693215787e-01
8.993607340478143586e-01
9.050276690991894135e-01
9.106691698409888902e-01
9.162858635837285437e-01
9.218783548139481976e-01
9.274472265324131826e-01
9.329930405308703989e-01
9.385163389521118393e-01
9.440176459543196952e-01
9.494974673462478476e-01
9.549562915216145420e-01
9.603945902358355102e-01
9.658128209786203122e-01
9.712114245191985074e-01
9.765908287552125255e-01
9.819514474337347476e-01
9.872936813036357062e-01
9.926179185346035716e-01
9.979245352729838592e-01
1.003213896159518947e+00
1.008486354792330841e+00
1.013742254182540714e+00
1.018981927174639202e+00
1.024205696891943962e+00
1.029413876969840880e+00
1.034606772179030409e+00
1.039784678553193231e+00
1.044947883325801019e+00
1.050096666582991167e+00
1.055231300260468519e+00
1.060352048856796570e+00
1.065459169704808362e+00
1.070552913213619561e+00
1.075633523197199182e+00
1.080701236994730197e+00
1.085756285746160010e+00
1.090798894659930740e+00
1.095829283135526078e+00
1.100847665002571363e+00
1.105854248731938716e+00
1.110849237587133276e+00
1.115832829810963434e+00
1.120805218790859037e+00
1.125766593237290225e+00
1.130717137199193756e+00
1.135657030422730918e+00
1.140586448514859796e+00
1.145505562944755473e+00
1.150414540779922667e+00
1.155313545938541520e+00
1.160202738130352351e+00
1.165082273183847938e+00
1.169952304205342131e+00
1.174812980288502784e+00
1.179664447383599546e+00
1.184506848237627086e+00
1.189340322478266820e+00
1.194165006743532764e+00
1.198981034468420415e+00
1.203788536749696103e+00
1.208587641690081371e+00
1.213378474658504569e+00
1.218161158509619479e+00
1.222935813524322679e+00
1.227702557529358751e+00
1.232461505954065784e+00
1.237212771902123754e+00
1.241956466231846301e+00
1.246692697594192545e+00
1.251421572641258306e+00
1.256143195604562335e+00
1.260857668718574853e+00
1.265565092687428228e+00
1.270265566335347707e+00
1.274959185747599477e+00
1.279646046174277796e+00
1.284326240549804155e+00
1.288999860237214135e+00
1.293666994912613388e+00
1.298327732759112951e+00
1.302982159748175439e+00
1.307630361263522278e+00
1.312272420524591032e+00
1.316908419434556832e+00
1.321538438458205622e+00
1.326162556652588309e+00
1.330780851714965962e+00
1.335393400006100295e+00
1.340000276582747230e+00
1.344601555228353229e+00
1.349197308491707492e+00
1.353787607708198726e+00
1.358372523035199730e+00
1.362952123477913169e+00
1.367526476916635536e+00
1.372095649718640953e+00
1.376659708630465051e+00
1.381218717670456231e+00
1.385772740287629423e+00
1.390321839322099073e+00
1.394866076436402258e+00
1.399405512337392077e+00
1.403940206799334955e+00
1.408470218680289987e+00
1.412995605948990985e+00
1.417516425700529714e+00
1.422032734176551738e+00
1.426544586783933255e+00
