# tendency to change, top row gives equation number (where number 0 is the first equation), 3rd column from end is gas-particle partitioning, 2nd column from end is gas-wall partitioning, final column is dilution (molecules/cm3/s (air))
9.120000000000000000e+02,9.130000000000000000e+02,9.140000000000000000e+02,0.000000000000000000e+00,0.000000000000000000e+00,0.000000000000000000e+00
0.000000000000000000e+00,0.000000000000000000e+00,0.000000000000000000e+00,0.000000000000000000e+00,0.000000000000000000e+00,-6.217906044702068716e+07
-5.937994469686148223e+05,-1.990577691542515531e+05,-8.940730309470621869e+05,-2.107405531660134904e+06,0.000000000000000000e+00,-3.200642737972435728e+07
-7.787163909389341716e+05,-2.610469719624835998e+05,-1.172499111356918002e+06,-4.876831776423195261e+05,0.000000000000000000e+00,-3.290557317151268944e+07
-8.771750732844761806e+05,-2.940530075215005199e+05,-1.320746559206739767e+06,-3.166897487450260087e+05,0.000000000000000000e+00,-3.379204998452981561e+07
-9.574003863996235887e+05,-3.209467204407828976e+05,-1.441540354522160720e+06,-3.069296504398826510e+05,0.000000000000000000e+00,-3.466725055932217836e+07
-1.034663739290538710e+06,-3.468475035121692345e+05,-1.557874380181777291e+06,-3.035257572082004044e+05,0.000000000000000000e+00,-3.553153026722817123e+07
-1.111700449019739870e+06,-3.726723096145718591e+05,-1.673867153353585629e+06,-3.003340296929125907e+05,0.000000000000000000e+00,-3.638503148772343248e+07
-1.188835817281223368e+06,-3.985301887476827833e+05,-1.790008474883660441e+06,-2.968168910596277565e+05,0.000000000000000000e+00,-3.722786126361513138e+07
-1.265994653863807209e+06,-4.243959351020717295e+05,-1.906185132238119142e+06,-2.928441116358160507e+05,0.000000000000000000e+00,-3.806012379561989754e+07
-1.343067824763391167e+06,-4.502329639831822715e+05,-2.022232804331242805e+06,-2.883777711316212662e+05,0.000000000000000000e+00,-3.888192514468576759e+07
-1.419966575818212936e+06,-4.760115225754236453e+05,-2.138017855635377578e+06,-2.834141069325573044e+05,0.000000000000000000e+00,-3.969337313746976852e+07
-1.496622335113852052e+06,-5.017086237029390177e+05,-2.253437038665743545e+06,-2.779621523324080044e+05,0.000000000000000000e+00,-4.049457673618028313e+07
-1.572980165235236986e+06,-5.273058508459032746e+05,-2.368407635155329015e+06,-2.720382071183527587e+05,0.000000000000000000e+00,-4.128564555026356876e+07
-1.648993816670281114e+06,-5.527876999065146083e+05,-2.482860008054684848e+06,-2.656643481002564658e+05,0.000000000000000000e+00,-4.206668951962134242e+07
-1.724622778083853424e+06,-5.781405903803826077e+05,-2.596733160183074884e+06,-2.588633347795001173e+05,0.000000000000000000e+00,-4.283781871091573685e+07
-1.799830659539884888e+06,-6.033523233684841543e+05,-2.709972299875395373e+06,-2.516566598317291937e+05,0.000000000000000000e+00,-4.359914317975178361e+07
-1.874584307175708469e+06,-6.284117847918567713e+05,-2.822527507963425014e+06,-2.440661619023486564e+05,0.000000000000000000e+00,-4.435077286798047274e+07
-1.948853310802440625e+06,-6.533087803258181084e+05,-2.934352996378675103e+06,-2.361139553086801025e+05,0.000000000000000000e+00,-4.509281752089338750e+07
-2.022609713548445608e+06,-6.780339380645357305e+05,-3.045406670967830345e+06,-2.278228553486144810e+05,0.000000000000000000e+00,-4.582538661617346853e+07
-2.095827803663636325e+06,-7.025786387281508651e+05,-3.155649818016271107e+06,-2.192142083319839730e+05,0.000000000000000000e+00,-4.654858930020155013e+07
-2.168483965511964168e+06,-7.269349657113970025e+05,-3.265046879890173674e+06,-1.366062557229081355e+07,0.000000000000000000e+00,-4.726253433012455702e+07
