# tendency to change, top row gives equation number (where number 0 is the first equation), 3rd column from end is gas-particle partitioning, 2nd column from end is gas-wall partitioning, final column is dilution (molecules/cm3/s (air))
1.364000000000000000e+03,1.365000000000000000e+03,1.366000000000000000e+03,1.367000000000000000e+03,1.368000000000000000e+03,0.000000000000000000e+00,0.000000000000000000e+00,0.000000000000000000e+00
0.000000000000000000e+00,0.000000000000000000e+00,0.000000000000000000e+00,0.000000000000000000e+00,0.000000000000000000e+00,0.000000000000000000e+00,0.000000000000000000e+00,-3.108953022351034358e+07
-7.318053758244733326e+05,-4.244471179781945539e+05,-2.488138277803209785e+05,-5.854443006595788029e+04,-3.822432052255785351e+01,-8.652864782957845600e+05,0.000000000000000000e+00,-1.562777098530220613e+07
-9.379570695671595167e+05,-5.440151003489524592e+05,-3.189054036528342403e+05,-7.503656556537277356e+04,-2.712726013830788219e+01,-1.957267698688440141e+05,0.000000000000000000e+00,-1.570280134859820269e+07
-1.033519821965005831e+06,-5.994414967397033470e+05,-3.513967394681020523e+05,-8.268158575720047520e+04,-2.366083965138689393e+01,-1.243415066191289370e+05,0.000000000000000000e+00,-1.577433642954381742e+07
-1.104391532230134355e+06,-6.405470886934779119e+05,-3.754931209582457668e+05,-8.835132257841076353e+04,-2.256173136785652034e+01,-1.179838949290149321e+05,0.000000000000000000e+00,-1.584356465898334235e+07
-1.169424814986808924e+06,-6.782663926923491526e+05,-3.976044370955150807e+05,-9.355398519894471974e+04,-2.235011591718740576e+01,-1.143208548454337142e+05,0.000000000000000000e+00,-1.591076347620808706e+07
-1.232053983455368783e+06,-7.145913104041138431e+05,-4.188983543748254306e+05,-9.856431867642950965e+04,-2.249325490804027794e+01,-1.109189077844608109e+05,0.000000000000000000e+00,-1.597602541670006514e+07
-1.292820309256528271e+06,-7.498357793687863741e+05,-4.395589051472196588e+05,-1.034256247405222821e+05,-2.278291008623643421e+01,-1.075638377714694798e+05,0.000000000000000000e+00,-1.603941052523688041e+07
-1.351791722762572113e+06,-7.840391992022917839e+05,-4.596091857392746024e+05,-1.081433378210057854e+05,-2.313556047134584048e+01,-1.042025268206807523e+05,0.000000000000000000e+00,-1.610097364975610189e+07
-1.408990810977790505e+06,-8.172146703671184368e+05,-4.790568757324488251e+05,-1.127192648782232573e+05,-2.351751801415050735e+01,-1.008180952924698940e+05,0.000000000000000000e+00,-1.616076842559856176e+07
-1.464455132212468656e+06,-8.493839766832317691e+05,-4.979147449522394454e+05,-1.171564105769975140e+05,-2.391522142603389867e+01,-9.740669143455794256e+04,0.000000000000000000e+00,-1.621884737309245765e+07
-1.518236067681859247e+06,-8.805769192554783076e+05,-5.162002630118322559e+05,-1.214588854145487567e+05,-2.432323688103380377e+01,-9.396914991220546653e+04,0.000000000000000000e+00,-1.627526159255089983e+07
-1.570391481882814784e+06,-9.108270594920325093e+05,-5.339331038401571568e+05,-1.256313185506252048e+05,-2.473940106313233755e+01,-9.050876370898731693e+04,0.000000000000000000e+00,-1.633006057824667916e+07
-1.620980668188844109e+06,-9.401687875495295739e+05,-5.511334271842071321e+05,-1.296784534551075485e+05,-2.516286104378245625e+01,-8.703060320750628307e+04,0.000000000000000000e+00,-1.638329216012110375e+07
-1.670061685978021473e+06,-9.686357778672523564e+05,-5.678209732325273799e+05,-1.336049348782417364e+05,-2.559328676570216743e+01,-8.353974250651737384e+04,0.000000000000000000e+00,-1.643500252153422683e+07
-1.717690188879979309e+06,-9.962603095503880177e+05,-5.840146642191930441e+05,-1.374152151103983633e+05,-2.603055624964031622e+01,-8.004064574293191254e+04,0.000000000000000000e+00,-1.648523625369052961e+07
-1.763919020089486381e+06,-1.023073031651902129e+06,-5.997324668304254301e+05,-1.411135216071589384e+05,-2.647463025590376162e+01,-7.653772145034623099e+04,0.000000000000000000e+00,-1.653403642432653345e+07
-1.808798183347322512e+06,-1.049102946341447067e+06,-6.149913823380897520e+05,-1.447038546677858103e+05,-2.692550247923941598e+01,-7.303530914347898215e+04,0.000000000000000000e+00,-1.658144464946276881e+07
-1.852374979596390389e+06,-1.074377488165906398e+06,-6.298074930627729045e+05,-1.481899983677112614e+05,-2.738317964336053123e+01,-6.953781793495551392e+04,0.000000000000000000e+00,-1.662750116313398071e+07
-1.894694187280274229e+06,-1.098922628622559132e+06,-6.441960236752933124e+05,-1.515755349824219593e+05,-2.784767352582014865e+01,-6.604907241724211781e+04,0.000000000000000000e+00,-1.667224488318279944e+07
-1.935798263757467503e+06,-1.122762992979331175e+06,-6.581714096775390208e+05,-1.548638611005974235e+05,-2.831899759593900612e+01,-4.077136517101974227e+06,0.000000000000000000e+00,-1.671571347254245169e+07
