# tendency to change, top row gives equation number (where number 0 is the first equation), 3rd column from end is gas-particle partitioning, 2nd column from end is gas-wall partitioning, final column is dilution (molecules/cm3/s (air))
2.128000000000000000e+03,2.129000000000000000e+03,2.130000000000000000e+03,2.131000000000000000e+03,2.132000000000000000e+03,0.000000000000000000e+00,0.000000000000000000e+00,0.000000000000000000e+00
0.000000000000000000e+00,0.000000000000000000e+00,0.000000000000000000e+00,0.000000000000000000e+00,0.000000000000000000e+00,0.000000000000000000e+00,0.000000000000000000e+00,-3.108953022351034358e+07
-4.740526017129695974e+05,-2.068593171111139527e+05,-1.379062114074093115e+05,-4.309569106481541530e+04,-6.029226622998235996e+01,-8.655103181878968608e+05,0.000000000000000000e+00,-1.563177745923503302e+07
-6.078617103072408354e+05,-2.652487463158868486e+05,-1.768324975439245754e+05,-5.526015548247643164e+04,-4.280738057923142748e+01,-1.958655431456351071e+05,0.000000000000000000e+00,-1.571373227576754242e+07
-6.701295341849047691e+05,-2.924201603715947131e+05,-1.949467735810631712e+05,-6.092086674408223917e+04,-3.735605410919730218e+01,-1.244933129484057426e+05,0.000000000000000000e+00,-1.579324722333404794e+07
-7.164646113613009220e+05,-3.126391031394767342e+05,-2.084260687596511561e+05,-6.513314648739098629e+04,-3.563977839540824988e+01,-1.181912716509419261e+05,0.000000000000000000e+00,-1.587102452817013860e+07
-7.590775787955351407e+05,-3.312338525653243414e+05,-2.208225683768829040e+05,-6.900705261777591659e+04,-3.532519219771005226e+01,-1.145858903963921475e+05,0.000000000000000000e+00,-1.594723024189677835e+07
-8.001938473789294949e+05,-3.491754970380782033e+05,-2.327836646920521744e+05,-7.274489521626630449e+04,-3.557203170160224914e+01,-1.112406941407078848e+05,0.000000000000000000e+00,-1.602192150676555559e+07
-8.401639354681347031e+05,-3.666169900224587182e+05,-2.444113266816391551e+05,-7.637853958801223780e+04,-3.605171761166554489e+01,-1.079407978680680972e+05,0.000000000000000000e+00,-1.609513630284273066e+07
-8.790311500036525540e+05,-3.835772290925028501e+05,-2.557181527283352334e+05,-7.991192272760476044e+04,-3.663240251579961893e+01,-1.046326091690635221e+05,0.000000000000000000e+00,-1.616690953292874433e+07
-9.168091171354926191e+05,-4.000621602045784821e+05,-2.667081068030523602e+05,-8.334628337595386256e+04,-3.726088305603627049e+01,-1.012988378062358388e+05,0.000000000000000000e+00,-1.623727537606409006e+07
-9.535209854393309215e+05,-4.160818845553442952e+05,-2.773879230368962162e+05,-8.668372594903006393e+04,-3.791573564384245287e+01,-9.793526818506199925e+04,0.000000000000000000e+00,-1.630626734897444770e+07
-9.891987409288397757e+05,-4.316503596780390944e+05,-2.877669064520260436e+05,-8.992715826625814952e+04,-3.858837718765507674e+01,-9.454240813563817937e+04,0.000000000000000000e+00,-1.637391812897363491e+07
-1.023878481446405291e+06,-4.467833373584313085e+05,-2.978555582389542251e+05,-9.307986194967319898e+04,-3.927539496163075228e+01,-9.112326081171531405e+04,0.000000000000000000e+00,-1.644025944622632302e+07
-1.057597159669446759e+06,-4.614969424012130476e+05,-3.076646282674753456e+05,-9.614519633358606370e+04,-3.997544939907339767e+01,-8.768264664085421828e+04,0.000000000000000000e+00,-1.650532205083156563e+07
-1.090390870725479210e+06,-4.758069254074817873e+05,-3.172046169383212109e+05,-9.912644279322537477e+04,-4.068802896433007277e+01,-8.422542098537154379e+04,0.000000000000000000e+00,-1.656913572441885993e+07
-1.122294103844573023e+06,-4.897283362230862840e+05,-3.264855574820575421e+05,-1.020267367131429783e+05,-4.141295209856771464e+01,-8.075585462895617820e+04,0.000000000000000000e+00,-1.663172931314498372e+07
-1.153339489778976189e+06,-5.032754137217349489e+05,-3.355169424811566714e+05,-1.048490445253614598e+05,-4.215016875281489206e+01,-7.727819078436399286e+04,0.000000000000000000e+00,-1.669313076889183931e+07
-1.183557790748314466e+06,-5.164615814174461993e+05,-3.443077209449641523e+05,-1.075961627953013085e+05,-4.289968143842767745e+01,-7.379663080462954531e+04,0.000000000000000000e+00,-1.675336719209669344e+07
-1.212977996957929805e+06,-5.292994895816419739e+05,-3.528663263877613354e+05,-1.102707269961754209e+05,-4.366151361933579977e+01,-7.031547355609586521e+04,0.000000000000000000e+00,-1.681246487323616818e+07
-1.241627450531267561e+06,-5.418010693227348384e+05,-3.612007128818231868e+05,-1.128752227755697531e+05,-4.443569700900900443e+01,-6.683845327351077867e+04,0.000000000000000000e+00,-1.687044933184971288e+07
-1.269531982442701003e+06,-5.539775923386330251e+05,-3.693183948924220749e+05,-1.154119984038818948e+05,-4.522226618287934485e+01,-4.128759980166562833e+06,0.000000000000000000e+00,-1.692734535278192535e+07
