# tendency to change, top row gives equation number (where number 0 is the first equation), 3rd column from end is gas-particle partitioning, 2nd column from end is gas-wall partitioning, final column is dilution (molecules/cm3/s (air))
1.804000000000000000e+03,1.805000000000000000e+03,1.806000000000000000e+03,1.807000000000000000e+03,1.808000000000000000e+03,0.000000000000000000e+00,0.000000000000000000e+00,0.000000000000000000e+00
0.000000000000000000e+00,0.000000000000000000e+00,0.000000000000000000e+00,0.000000000000000000e+00,0.000000000000000000e+00,0.000000000000000000e+00,0.000000000000000000e+00,-3.108953022351034358e+07
-5.664124388603814878e+05,-1.404702848373746092e+05,-1.087511882611932378e+05,-9.062599021766104852e+04,-7.352576412375141501e+01,-8.654938102946465369e+05,0.000000000000000000e+00,-1.563148198631711863e+07
-7.262680962782159913e+05,-1.801144878769975912e+05,-1.394434744854174787e+05,-1.162028954045145802e+05,-5.220144482715321033e+01,-1.958553100482859300e+05,0.000000000000000000e+00,-1.571292623385806009e+07
-8.006355372977989027e+05,-1.985576132498541265e+05,-1.537220231611773779e+05,-1.281016859676478489e+05,-4.555214064095243032e+01,-1.244821173458454141e+05,0.000000000000000000e+00,-1.579185257643059455e+07
-8.559605926718327682e+05,-2.122782269826145493e+05,-1.643444337929918838e+05,-1.369536948274932511e+05,-4.345759742380531776e+01,-1.181759747073793696e+05,0.000000000000000000e+00,-1.586899899704998173e+07
-9.068330553232327802e+05,-2.248945977201617206e+05,-1.741119466220606701e+05,-1.450932888517172541e+05,-4.307223451587180563e+01,-1.145663356984569109e+05,0.000000000000000000e+00,-1.594453970273737609e+07
-9.559118448856908362e+05,-2.370661375316513295e+05,-1.835350742180526431e+05,-1.529458951817105408e+05,-4.337135561006783746e+01,-1.112169461394146201e+05,0.000000000000000000e+00,-1.601853439425791800e+07
-1.003615774779704632e+06,-2.488967121453667642e+05,-1.926942287577032985e+05,-1.605785239647527633e+05,-4.395427236350572286e+01,-1.079129703102531930e+05,0.000000000000000000e+00,-1.609102262950894050e+07
-1.049996644532938255e+06,-2.603991678441687254e+05,-2.015993557503241755e+05,-1.679994631252701511e+05,-4.466020776189736097e+01,-1.046008508024607436e+05,0.000000000000000000e+00,-1.616204073438894004e+07
-1.095070817185188178e+06,-2.715775626619267277e+05,-2.102535968995561416e+05,-1.752113307496301422e+05,-4.542428665584042591e+01,-1.012633277240178286e+05,0.000000000000000000e+00,-1.623162427653705515e+07
-1.138866048873437569e+06,-2.824387801206125296e+05,-2.186622813836999994e+05,-1.822185678197500238e+05,-4.622038598435013057e+01,-9.789621242978982627e+04,0.000000000000000000e+00,-1.629980812950210087e+07
-1.181420665236638626e+06,-2.929923249786863453e+05,-2.268327677254345908e+05,-1.890273064378621930e+05,-4.703803965591581004e+01,-9.450003702029738633e+04,0.000000000000000000e+00,-1.636662628627504967e+07
-1.222777912606578087e+06,-3.032489223264313769e+05,-2.347733592204629967e+05,-1.956444660170525312e+05,-4.787308572697534714e+01,-9.107782623163179960e+04,0.000000000000000000e+00,-1.643211174583153427e+07
-1.262982064974565059e+06,-3.132195521136921598e+05,-2.424925564751164929e+05,-2.020771303959304350e+05,-4.872388988237982943e+01,-8.763441917596006533e+04,0.000000000000000000e+00,-1.649629647838781960e+07
-1.302076376905055484e+06,-3.229149414724537637e+05,-2.499986643657706445e+05,-2.083322203048088995e+05,-4.958982728128938788e+01,-8.417468763274826051e+04,0.000000000000000000e+00,-1.655921143748417124e+07
-1.340102188473734073e+06,-3.323453427414860926e+05,-2.572996201869569486e+05,-2.144163501557974960e+05,-5.047067532254827427e+01,-8.070291696678167500e+04,0.000000000000000000e+00,-1.662088659458619542e+07
-1.377098622659592191e+06,-3.415204584195788484e+05,-2.644029355506416759e+05,-2.203357796255347785e+05,-5.136637168556602262e+01,-7.722336293449121877e+04,0.000000000000000000e+00,-1.668135098232512362e+07
-1.413102572583824629e+06,-3.504494380007885629e+05,-2.713156939360943506e+05,-2.260964116134119686e+05,-5.227691808751625757e+01,-7.374023745326879725e+04,0.000000000000000000e+00,-1.674063273946784250e+07
-1.448148816148806131e+06,-3.591409064049039735e+05,-2.780445727005708031e+05,-2.317038105838090123e+05,-5.320234175710092472e+01,-7.025784792101077619e+04,0.000000000000000000e+00,-1.679875915448377281e+07
-1.482270163505115546e+06,-3.676030005492686760e+05,-2.845958713929821970e+05,-2.371632261608185072e+05,-5.414267995461246130e+01,-6.677993565212987596e+04,0.000000000000000000e+00,-1.685575670653526485e+07
-1.515497620109211653e+06,-3.758434097870844998e+05,-2.909755430609686300e+05,-2.424796192174738972e+05,-5.509797340959072898e+01,-4.124931672580509447e+06,0.000000000000000000e+00,-1.691165110355348513e+07
