# tendency to change, top row gives equation number (where number 0 is the first equation), penultimate column is gas-particle partitioning and final column is gas-wall partitioning (molecules/cc.s (air))
4.800000000000000000e+01,4.900000000000000000e+01,5.000000000000000000e+01,5.100000000000000000e+01,5.200000000000000000e+01,5.300000000000000000e+01,5.400000000000000000e+01,0.000000000000000000e+00,0.000000000000000000e+00
0.000000000000000000e+00,0.000000000000000000e+00,0.000000000000000000e+00,0.000000000000000000e+00,0.000000000000000000e+00,0.000000000000000000e+00,0.000000000000000000e+00,-3.286982199320087051e+10,-9.012513577296863794e+08
-1.598519075865572995e+04,-8.607410408506930253e+03,-1.199055484122218098e+06,-7.993703227481455542e+05,-2.868135787651933357e+07,-1.770020861960022151e+07,-3.760667553739422932e+06,6.659863437741757184e+07,1.742711492987548932e+06
-3.341395806923766213e+04,-1.799213126805104548e+04,-1.776622179146582261e+06,-1.184414786097721662e+06,-3.838260990062067658e+07,-2.368717009601241350e+07,-5.032684864591872320e+06,-6.694152289803449064e+07,2.417992289092407096e+06
-6.794737532827096584e+04,-3.658704825368436286e+04,-2.516839275980520528e+06,-1.677892850653680740e+06,-4.720976912238952518e+07,-2.913470017518095300e+07,-6.190092105208416469e+06,-7.340096250405979156e+07,3.011810921397827100e+06
-1.338619747150606418e+05,-7.207952484657109017e+04,-3.509558443742625881e+06,-2.339705629161750898e+06,-5.523591523440669477e+07,-3.408789873731742054e+07,-7.242471403112765402e+06,-6.448237807331465930e+07,3.573425917700805701e+06
-2.516231630782527791e+05,-1.354893955036745465e+05,-4.787295172153236344e+06,-3.191530114768824540e+06,-6.214376036796369404e+07,-3.835095701029928029e+07,-8.148220327967267483e+06,-5.528140005008612573e+07,4.087640180051025469e+06
-3.035477281480898964e+05,-1.634487766951252997e+05,-5.530099647177830338e+06,-3.686733098118553869e+06,-6.706678980244358629e+07,-4.138912028017935157e+07,-8.793722439131589606e+06,-4.694473840923269093e+07,4.468915686978760175e+06
-3.749414452474451391e+05,-2.018915474409319577e+05,-5.975345079073932022e+06,-3.983563386049288325e+06,-6.835917928677023947e+07,-4.218669630809422582e+07,-8.963179102286307141e+06,-4.092120037523782998e+07,4.587904408458130434e+06
-4.623634851687503397e+05,-2.489649535524039820e+05,-6.417861449431865476e+06,-4.278574299621243961e+06,-6.851988668692474067e+07,-4.228587412672104686e+07,-8.984250876782091334e+06,-3.584676361644565314e+07,4.634947092454101890e+06
-5.612743627322049579e+05,-3.022246568558026338e+05,-6.832050083321880549e+06,-4.554700055547920987e+06,-6.768785803756093979e+07,-4.177240190080247074e+07,-8.875156211218655109e+06,-3.137811248105247319e+07,4.619332549717895687e+06
-6.651803354647000087e+05,-3.581740267886845977e+05,-7.172521483817810193e+06,-4.781680989211874083e+06,-6.597205294783233851e+07,-4.071352218633709103e+07,-8.650181767635358498e+06,-2.749415219927814975e+07,4.544574932823181152e+06
-6.910101801444742596e+05,-3.720824046931783669e+05,-7.172960355468231253e+06,-4.781973570312154479e+06,-6.191320267553143948e+07,-3.820867228052902222e+07,-8.117989861302198842e+06,-2.415629889286706597e+07,4.316004813999634236e+06
-7.150039389269292587e+05,-3.850021209606541088e+05,-6.974789909821975976e+06,-4.649859939881318249e+06,-5.706778393137400597e+07,-3.521840511848780513e+07,-7.482663977015822195e+06,-2.175504705227169767e+07,4.005425381425171159e+06
-7.245603324237887282e+05,-3.901478713051169761e+05,-6.685776446209941059e+06,-4.457184297473294660e+06,-5.251661831340480596e+07,-3.240973123187395185e+07,-6.885920233400980011e+06,-1.956052353410502523e+07,3.706484259575988632e+06
-7.203308633872843347e+05,-3.878704649008453707e+05,-6.330809017878992483e+06,-4.220539345252662897e+06,-4.825628672455424815e+07,-2.978054058350988105e+07,-6.327310322275469080e+06,-1.750946799876295030e+07,3.420787398575317580e+06
-7.041265180171477841e+05,-3.791450481630794820e+05,-5.930272571416954510e+06,-3.953515047611303627e+06,-4.428274067929872125e+07,-2.732833471991686895e+07,-5.806303410747209564e+06,-1.561092191698186472e+07,3.149371704226257280e+06
-6.780493367267656140e+05,-3.651034890067199012e+05,-5.502210678400447592e+06,-3.668140452266965993e+06,-4.059236527758397162e+07,-2.505088276746004075e+07,-5.322425517165730707e+06,-1.386593995648559183e+07,2.893208668289062567e+06
-6.442730072361071361e+05,-3.469162346655961010e+05,-5.061938915925666690e+06,-3.374625943950444926e+06,-3.717913714286640286e+07,-2.294446750250321627e+07,-4.874886863138076849e+06,-1.227321072677104361e+07,2.652982654022430535e+06
-6.048975827337341616e+05,-3.257140830104721244e+05,-4.621931393488022499e+06,-3.081287595658682287e+06,-3.403378652523650974e+07,-2.100336825770714879e+07,-4.462472009427864105e+06,-1.082901693731933646e+07,2.429006361582763493e+06
-5.618631827007875545e+05,-3.025417137619624264e+05,-4.191755164534158073e+06,-2.794503443022772670e+06,-3.114095236566873267e+07,-1.921810521867318824e+07,-4.083166831162858289e+06,-9.525176686003983021e+06,2.221031487549957354e+06
-5.168360485726635670e+05,-2.782963338468187721e+05,-3.778759043262396939e+06,-2.519172695508264937e+06,-2.848892911190858483e+07,-1.758145450437715277e+07,-3.735436509428573307e+06,-8.358740563100312836e+06,2.028885511857544072e+06
-4.712494417593674152e+05,-2.537496994088900974e+05,-3.388070888326635584e+06,-2.258713925551090855e+06,-2.606191564429576695e+07,-1.608366472453917190e+07,-3.417209219094724394e+06,-7.318527862076902762e+06,1.851990900076263351e+06
-4.262747153037895332e+05,-2.295325390097327763e+05,-3.023027689590330701e+06,-2.015351793060221011e+06,-2.384325646368542686e+07,-1.471445722321845591e+07,-3.126301109748963732e+06,-6.395023653458405286e+06,1.689594526068969863e+06
-3.828266678027597372e+05,-2.061374365091782820e+05,-2.685510861353558954e+06,-1.790340574235706357e+06,-2.181623015720873699e+07,-1.346351266694875062e+07,-2.860519688445201609e+06,-5.578346872215517797e+06,1.540831554525298998e+06
-3.415853339215928572e+05,-1.839305644193192129e+05,-2.376253114117741585e+06,-1.584168742745161522e+06,-1.996443482325355709e+07,-1.232070890316172503e+07,-2.617714356195833534e+06,-4.858545928792803548e+06,1.404773042169540422e+06
-3.030213637414260302e+05,-1.631653497069216974e+05,-2.095104513001500163e+06,-1.396736342001000419e+06,-1.827212043029161170e+07,-1.127632606974290125e+07,-2.395819986489284784e+06,-4.225910019572858699e+06,1.280462795208724914e+06
-2.673744916126240278e+05,-1.439708800991052121e+05,-1.840787207073125290e+06,-1.227191471382083604e+06,-1.671960013407320529e+07,-1.031821476805566810e+07,-2.192255262334773317e+06,-3.670045687951942906e+06,1.166619436163482722e+06
-2.348252251921445422e+05,-1.264443520265393454e+05,-1.612475344013375696e+06,-1.074983562675583875e+06,-1.529763738695673086e+07,-9.440674820971550420e+06,-2.005809097940130625e+06,-3.183845138234664220e+06,1.062630362290390069e+06
-2.053960205517856230e+05,-1.105978572201922361e+05,-1.408610127118165372e+06,-9.390734180787771475e+05,-1.399364305737527087e+07,-8.635937061631942168e+06,-1.834830820460044080e+06,-2.759040965441653505e+06,9.676224845539703965e+05
-1.790160944131057477e+05,-9.639328160705692426e+04,-1.227438409413058544e+06,-8.182922729420390679e+05,-1.279615229658090137e+07,-7.896926155057795346e+06,-1.677817171754488954e+06,-2.388500145684435498e+06,8.807744576041107066e+05
-1.555460806135664170e+05,-8.375558186884343741e+04,-1.067112908086381853e+06,-7.114086053909213515e+05,-1.169485581045969762e+07,-7.217279897014465183e+06,-1.533416408714121208e+06,-2.065653148273717146e+06,8.013261340445252135e+05
-1.347985628142449132e+05,-7.258384151536262652e+04,-9.257584729805118404e+05,-6.171723153203413822e+05,-1.068048795605029166e+07,-6.591280154695373029e+06,-1.400413630600999808e+06,-1.784652820679510711e+06,7.285773200775298756e+05
-1.165194536280713946e+05,-6.274124426126920298e+04,-8.012613192891750950e+05,-5.341742128594501410e+05,-9.741885180675152689e+06,-6.012037532829246484e+06,-1.277345084878735011e+06,-1.539775386896081036e+06,6.616963386499863118e+05
-1.005239468909183342e+05,-5.412827909510986501e+04,-6.921897014107748400e+05,-4.614598009405166376e+05,-8.875277627484651282e+06,-5.477225528849793598e+06,-1.163716472135225078e+06,-1.326995553993223701e+06,6.003454335321808467e+05
-8.658164087258612562e+04,-4.662088354677713505e+04,-5.968901668765235227e+05,-3.979267779176824261e+05,-8.074520745785735548e+06,-4.983052138570567593e+06,-1.058722125758619048e+06,-1.142254931120704859e+06,5.440313186032867525e+05
-7.446764539709188102e+04,-4.009796290612639132e+04,-5.138227211214823765e+05,-3.425484807476549759e+05,-7.334260112374491990e+06,-4.526212971447895281e+06,-9.616599797693826258e+05,-9.819891707580131479e+05,4.923152190150985844e+05
-6.396814541427065706e+04,-3.444438599229957617e+04,-4.415672628362545511e+05,-2.943781752241697395e+05,-6.649802663579025306e+06,-4.103811783642301336e+06,-8.719146849098373204e+05,-8.430496387280320050e+05,4.448068726459503523e+05
-5.488507251910302875e+04,-2.955350058720931702e+04,-3.788324199792054133e+05,-2.525549466528036282e+05,-6.017066836231821217e+06,-3.713329708373833913e+06,-7.889510711842422606e+05,-7.226741611462619621e+05,4.011629542920837412e+05
-4.703815161109677138e+04,-2.532823548289825703e+04,-3.244535119399633259e+05,-2.163023412933089130e+05,-5.432482665623302571e+06,-3.352563603085709736e+06,-7.123010488142441027e+05,-6.184718734375355998e+05,3.610807813529739506e+05
-4.024911858097355434e+04,-2.167260231283191024e+04,-2.772721900864554918e+05,-1.848481267243037000e+05,-4.891134128075399436e+06,-3.018479627990587614e+06,-6.413200342756205937e+05,-5.281025111694521038e+05,3.241765030031623901e+05
-3.439501450681937422e+04,-1.852039242674889101e+04,-2.365036585086804989e+05,-1.576691056724537048e+05,-4.392208142798239365e+06,-2.710576004209402949e+06,-5.759014173249439336e+05,-4.500867490020603873e+05,2.903423423185653519e+05
-2.935000243387754017e+04,-1.580384746439559422e+04,-2.013267381889652752e+05,-1.342178254593102029e+05,-3.933198477948479354e+06,-2.427306053698974196e+06,-5.157165836470908253e+05,-3.827796632727155229e+05,2.593676775390396069e+05
-2.500435600966205311e+04,-1.346388400520264076e+04,-1.710180063281570910e+05,-1.140120042187714134e+05,-3.511812583754770923e+06,-2.167254968645864166e+06,-4.604649366811325308e+05,-3.247920714858011925e+05,2.310600840336628025e+05
-2.126286294783837002e+04,-1.144923389498988945e+04,-1.449416500615629193e+05,-9.662776670770863711e+04,-3.125901830914760008e+06,-1.929096759288304718e+06,-4.098647505570052308e+05,-2.749216390599891311e+05,2.052431762332782673e+05
-1.804315415470666267e+04,-9.715544544842046889e+03,-1.225397141922995361e+05,-8.169314279486636224e+04,-2.773405806426467374e+06,-1.711559877042907523e+06,-3.636458662272465881e+05,-2.321021443382285070e+05,1.817506666076221445e+05
-1.527436193891473704e+04,-8.224656428646394488e+03,-1.033253721836061886e+05,-6.888358145573746879e+04,-2.452359656191220507e+06,-1.513431745866260258e+06,-3.215506542208768078e+05,-1.954108785457221966e+05,1.604279507912769332e+05
-1.289556263860152285e+04,-6.943764497708511044e+03,-8.687418885583219526e+04,-5.791612590388813987e+04,-2.160865910570842680e+06,-1.333541374880257994e+06,-2.833303204419811373e+05,-1.640415146755936439e+05,1.411286911323184904e+05
-1.084855719606382263e+04,-5.841530797880518548e+03,-7.277592540055366408e+04,-4.851728360036911181e+04,-1.896089239737857832e+06,-1.170138988859202713e+06,-2.486130996159778733e+05,-1.371953685957157286e+05,1.236501074681997270e+05
-9.095829351899565154e+03,-4.897754266407458090e+03,-6.076199845974839991e+04,-4.050799897316560237e+04,-1.657445760184161365e+06,-1.022864254099666141e+06,-2.173224335905805929e+05,-1.143928504004922579e+05,1.079367134202909510e+05
-7.598367184189414729e+03,-4.091428483794299154e+03,-5.055110223597739241e+04,-3.370073482398493070e+04,-1.443197261357232230e+06,-8.906444637396907201e+05,-1.892304101429937582e+05,-9.506192375288413314e+04,9.386282970348358504e+04
