# chamber environmental conditions throughout the simulation, with rows corresponding to the time points in the time output file, first column is temperature (K), second is pressure (Pa) and third is relative humidity (fraction (0-1))
2.931499999999999773e+02,1.013250000000000000e+05,6.000002033565665638e-01
2.931499999999999773e+02,1.013250000000000000e+05,5.968899624919103974e-01
2.931499999999999773e+02,1.013250000000000000e+05,5.968899592095829876e-01
2.931499999999999773e+02,1.013250000000000000e+05,5.968899590769157770e-01
2.931499999999999773e+02,1.013250000000000000e+05,5.968899590180638537e-01
2.931499999999999773e+02,1.013250000000000000e+05,5.968899589808330797e-01
2.931499999999999773e+02,1.013250000000000000e+05,5.968899589597076449e-01
2.931499999999999773e+02,1.013250000000000000e+05,5.968899593447382079e-01
2.931499999999999773e+02,1.013250000000000000e+05,5.968899597503430909e-01
2.931499999999999773e+02,1.013250000000000000e+05,5.968899601812879263e-01
2.931499999999999773e+02,1.013250000000000000e+05,5.968899606376528721e-01
2.931499999999999773e+02,1.013250000000000000e+05,5.968899611197933108e-01
2.931499999999999773e+02,1.013250000000000000e+05,5.968899616328705582e-01
2.931499999999999773e+02,1.013250000000000000e+05,5.968899616303832145e-01
2.931499999999999773e+02,1.013250000000000000e+05,5.968899616212185455e-01
2.931499999999999773e+02,1.013250000000000000e+05,5.968899616009321063e-01
2.931499999999999773e+02,1.013250000000000000e+05,5.968899615648827206e-01
2.931499999999999773e+02,1.013250000000000000e+05,5.968899615087318589e-01
2.931499999999999773e+02,1.013250000000000000e+05,5.968899614642905194e-01
2.931499999999999773e+02,1.013250000000000000e+05,5.968899614053679858e-01
2.931499999999999773e+02,1.013250000000000000e+05,5.968899613309931462e-01
2.931499999999999773e+02,1.013250000000000000e+05,5.968899612424213297e-01
2.931499999999999773e+02,1.013250000000000000e+05,5.968899611406901506e-01
2.931499999999999773e+02,1.013250000000000000e+05,5.968899610274244205e-01
2.931499999999999773e+02,1.013250000000000000e+05,5.968899608842925808e-01
2.931499999999999773e+02,1.013250000000000000e+05,5.968899607289239739e-01
2.931499999999999773e+02,1.013250000000000000e+05,5.968899605626764027e-01
2.931499999999999773e+02,1.013250000000000000e+05,5.968899603870138071e-01
2.931499999999999773e+02,1.013250000000000000e+05,5.968899602028766571e-01
2.931499999999999773e+02,1.013250000000000000e+05,5.968899600353847479e-01
2.931499999999999773e+02,1.013250000000000000e+05,5.968899598607294577e-01
2.931499999999999773e+02,1.013250000000000000e+05,5.968899596795077533e-01
2.931499999999999773e+02,1.013250000000000000e+05,5.968899594920019647e-01
2.931499999999999773e+02,1.013250000000000000e+05,5.968899592983339941e-01
2.931499999999999773e+02,1.013250000000000000e+05,5.968899590982155168e-01
2.931499999999999773e+02,1.013250000000000000e+05,5.968899588912109921e-01
2.931499999999999773e+02,1.013250000000000000e+05,5.968899586767009158e-01
2.931499999999999773e+02,1.013250000000000000e+05,5.968899584539130165e-01
2.931499999999999773e+02,1.013250000000000000e+05,5.968899582219545641e-01
2.931499999999999773e+02,1.013250000000000000e+05,5.968899579798160326e-01
2.931499999999999773e+02,1.013250000000000000e+05,5.968899577266163492e-01
2.931499999999999773e+02,1.013250000000000000e+05,5.968899574610114778e-01
2.931499999999999773e+02,1.013250000000000000e+05,5.968899571817531946e-01
2.931499999999999773e+02,1.013250000000000000e+05,5.968899568876044892e-01
2.931499999999999773e+02,1.013250000000000000e+05,5.968899565773038152e-01
2.931499999999999773e+02,1.013250000000000000e+05,5.968899562496151612e-01
2.931499999999999773e+02,1.013250000000000000e+05,5.968899559033647995e-01
2.931499999999999773e+02,1.013250000000000000e+05,5.968899556307283305e-01
2.931499999999999773e+02,1.013250000000000000e+05,5.968899553438985484e-01
2.931499999999999773e+02,1.013250000000000000e+05,5.968899550420827538e-01
2.931499999999999773e+02,1.013250000000000000e+05,5.968899547248334159e-01
