# tendency to change, top row gives equation number (where number 0 is the first equation), penultimate column is gas-particle partitioning and final column is gas-wall partitioning (molecules/cc.s (air))
2.400000000000000000e+01,3.100000000000000000e+01,3.500000000000000000e+01,4.500000000000000000e+01,1.530000000000000000e+02,1.600000000000000000e+02,2.060000000000000000e+02,3.650000000000000000e+02,3.770000000000000000e+02,4.100000000000000000e+02,4.270000000000000000e+02,5.510000000000000000e+02,6.030000000000000000e+02,6.060000000000000000e+02,7.600000000000000000e+02,7.690000000000000000e+02,7.720000000000000000e+02,7.870000000000000000e+02,8.350000000000000000e+02,8.370000000000000000e+02,8.750000000000000000e+02,0.000000000000000000e+00,0.000000000000000000e+00
0.000000000000000000e+00,0.000000000000000000e+00,0.000000000000000000e+00,0.000000000000000000e+00,0.000000000000000000e+00,0.000000000000000000e+00,0.000000000000000000e+00,0.000000000000000000e+00,0.000000000000000000e+00,0.000000000000000000e+00,0.000000000000000000e+00,0.000000000000000000e+00,0.000000000000000000e+00,0.000000000000000000e+00,0.000000000000000000e+00,0.000000000000000000e+00,0.000000000000000000e+00,0.000000000000000000e+00,0.000000000000000000e+00,0.000000000000000000e+00,0.000000000000000000e+00,0.000000000000000000e+00,0.000000000000000000e+00
8.122110260995822027e+05,-3.775107461787690966e+01,-1.278890467017151877e+03,-2.039882111248616070e+00,8.956990304240338612e-04,7.782205013295300233e-01,7.211224778997617806e-07,1.441450262108761655e-06,5.091233250827356845e-03,2.499528771573789228e-03,5.634583158314059211e-04,7.432719349521213460e-07,1.478537674705434395e-09,6.194394521880121089e-08,1.501537705974797279e-10,5.015437966489073862e-03,1.847959912382562345e-09,1.485473952929018588e-10,5.160261207837595131e-09,0.000000000000000000e+00,1.177720827614549097e-03,5.361683477067555214e+04,-6.752817118167876720e-02
1.475905738600404002e+06,-1.494688925190574764e+02,-3.689437703450925255e+03,-5.884802620656944150e+00,6.170201482369431882e-03,3.738042161361080140e+00,1.516195262259938607e-05,4.040410222642473471e-05,2.812546816746009856e-02,2.096837015813584476e-02,6.389590352293112764e-03,1.108896880407990397e-05,6.494035167260827047e-08,2.468292350669357341e-06,1.072919886678719479e-08,3.920554128357337659e-02,8.107397673396966021e-08,1.244885785041276281e-08,2.220374783968438082e-07,1.190888739126669928e-09,6.364275028519809745e-03,-1.593649108802885748e+05,-1.225880955457687438e-01
2.466245709308969788e+06,-4.055555722497537658e+02,-7.872464061242269963e+03,-1.255689914354515224e+01,2.745996596386174673e-02,1.265945278728290191e+01,1.388796214992199908e-04,3.797795881114293583e-04,1.024501111380040352e-01,1.053415580439783367e-01,3.587939445614110601e-02,7.531170369372397586e-05,8.578847156037978086e-07,3.477018564186416620e-05,1.619684821560365843e-07,1.878368372246219387e-01,1.086575187981089878e-06,2.624554598340248777e-07,3.190817327461125874e-06,1.260607548401093271e-08,2.223414422756981104e-02,-3.852694077437437372e+05,-2.046904931068420364e-01
3.803931489120442420e+06,-9.148506359954285472e+02,-1.455833581841699743e+04,-2.322113548535859451e+01,1.005667498633158047e-01,3.660053915949153236e+01,9.076855765671861193e-04,2.185856162349753776e-03,3.222455822473858644e-01,4.177886240984218791e-01,1.482352443723313762e-01,3.809368867083293337e-04,6.899311659803826008e-06,3.237359981074596545e-04,1.563226339944982418e-06,7.147009577236382860e-01,8.981253093363681094e-06,3.030644795754884883e-06,2.905362376608019791e-05,8.964819338769631893e-08,6.568855383411592586e-02,-6.521960588513014372e+05,-3.154900431632995939e-01
5.438918290456835181e+06,-1.818614166396233486e+03,-2.445327653523913614e+04,-3.900396683853055180e+01,3.187019912204103744e-01,9.432546134731401821e+01,4.776313319659260780e-03,9.124570822549216489e-03,9.199351801436489451e-01,1.400464202688348037e+00,5.016831419219989208e-01,1.607471357301706524e-03,4.100098584985191518e-05,2.319794841671441333e-03,1.139149934004460036e-05,2.293141556582427576e+00,5.490995266772974323e-05,2.375040139944993814e-05,1.975826844528945012e-04,5.157056402970575417e-07,1.718200662799629630e-01,-9.874046967885254417e+05,-4.507502341270446800e-01
6.205925605944572017e+06,-3.149646247647265682e+03,-3.695218256865792500e+04,-5.894022837562310713e+01,6.132068411163608124e-01,1.496519853663899084e+02,1.414914457585721673e-02,2.204842689257767788e-02,1.587056164570651351e+00,2.788659242793495974e+00,9.912994467380277230e-01,3.920372957490424713e-03,1.317794812628626236e-04,8.825226290541691651e-03,4.403651750620838100e-05,4.401889949768453825e+00,1.923758556059711102e-04,9.317568026255085376e-05,7.148586609625631836e-04,1.723915865740949247e-06,2.771128811040602380e-01,-1.344865193176415982e+06,-5.134754800796509366e-01
7.091885223086366430e+06,-4.755056129918539227e+03,-5.120118510051327758e+04,-8.166796473576766857e+01,1.135958362898356944e+00,2.325138176608197966e+02,3.650858662715170816e-02,4.914249308457640381e-02,2.567052619324027063e+00,5.232683744278853410e+00,1.822099737056884772e+00,8.425011449822899026e-03,3.619879124854367405e-04,2.756773250179756982e-02,1.382281697811657485e-04,8.028949217872053623e+00,5.897581929814924538e-04,2.956763574776362846e-04,2.185615444250570919e-03,4.741478625362532761e-06,4.252313551724389296e-01,-1.735448341896258295e+06,-5.859403982162475488e-01
7.983958781135450117e+06,-6.742092866149616384e+03,-6.735075781302017276e+04,-1.074271875387864839e+02,1.998402464701025227e+00,3.501692836644692193e+02,8.447919505500803283e-02,9.856182682302036535e-02,3.954851441901417353e+00,9.236480029203741893e+00,3.123095410942714700e+00,1.622652851718504527e-02,8.725921744403011219e-04,7.507086340260407664e-02,3.769058449897220433e-04,1.378115808138393028e+01,1.565294595450797237e-03,8.017762548899344923e-04,5.873544939084663838e-03,1.168393336583048941e-05,6.183516754184450459e-01,-2.149330210528775584e+06,-6.587273578643798588e-01
8.817560312462534755e+06,-9.127581337740852177e+03,-8.533144614824171003e+04,-1.361071139507042744e+02,3.335809974032570846e+00,5.090819315110747425e+02,1.788501996447127151e-01,1.800217725035480887e-01,5.851483442662470225e+00,1.538836968874821309e+01,5.023669204931243470e+00,2.864122312444279325e-02,1.886940747390850742e-03,1.833659199821921493e-01,9.199482815823801021e-04,2.229836135804980657e+01,3.686635715117943767e-03,1.916362362063433501e-03,1.418906569445757375e-02,2.636460017789657174e-05,8.581380971179164430e-01,-2.577040112732332665e+06,-7.264631290435791255e-01
9.554224083898415789e+06,-1.190491376333969492e+04,-1.049671604335695738e+05,-1.674268738091472244e+02,5.286699891683208641e+00,7.125453757384029814e+02,3.499604497459107844e-01,3.031337921346426989e-01,8.318877926009948354e+00,2.425066699021539307e+01,7.615392139704839636e+00,4.692540625075028449e-02,3.713743666730032547e-03,4.070813565179113303e-01,2.038514413760246936e-03,3.408596980391899223e+01,7.854978017447375449e-03,4.110087994078534014e-03,3.120030471647134915e-02,5.493304664714459298e-05,1.139418576150575069e+00,-3.020189996242731344e+06,-7.859599990844726713e-01
9.571344287814175710e+06,-1.458768849506992046e+04,-1.253938813657372375e+05,-2.000083213182384441e+02,7.216956079721267514e+00,8.633287445772547244e+02,5.704923322937860419e-01,4.361195004982388324e-01,1.018904372577289230e+01,3.264081385154380399e+01,9.810498145529207292e+00,6.454932584702119391e-02,6.021741002599251269e-03,7.400571391069610261e-01,3.702229996591891933e-03,4.479135548239610642e+01,1.403960257870195093e-02,7.194848018966392041e-03,5.654000749076790872e-02,9.587829965509346922e-05,1.322293770639205057e+00,-3.462931621615176555e+06,-7.854733123779297221e-01
9.535240223510986194e+06,-1.710557589920831379e+04,-1.457099525784093130e+05,-2.324132780415783373e+02,9.612078629021841181e+00,1.025804350510908534e+03,8.724851850731816238e-01,6.066669900181197450e-01,1.211515734718046389e+01,4.247453260788826412e+01,1.212935485724580786e+01,8.415550494221321620e-02,9.073405580554118333e-03,1.240258198978891446e+00,6.186621462860672320e-03,5.731057523131175913e+01,2.365915395634528989e-02,1.166618993454331468e-02,9.570738702420489297e-02,1.541045159933753200e-04,1.507369217216412594e+00,-3.965581347654190846e+06,-7.805784797668456898e-01
9.456856274314902723e+06,-1.964245281530597640e+04,-1.658544100910142006e+05,-2.645445039600990071e+02,1.231296591511494753e+01,1.181238397939116112e+03,1.248428559931078041e+00,8.034778670096279773e-01,1.382055949123033223e+01,5.292610113091954815e+01,1.430951576858814711e+01,1.034154916109151778e-01,1.271073040020207282e-02,1.919217329005262540e+00,9.546170249065951546e-03,7.042479291672718489e+01,3.716123678275493059e-02,1.750679662746042892e-02,1.509777338645974243e-01,2.308007367313583461e-04,1.658243094781388205e+00,-4.447100897338699549e+06,-7.721750335693359224e-01
9.340811694718170911e+06,-2.218588167986761982e+04,-1.857384803088695335e+05,-2.962604015934734889e+02,1.525139333009584242e+01,1.324682405169484582e+03,1.692102993256618948e+00,1.021013063721182501e+00,1.522294850382224674e+01,6.359828370517031004e+01,1.626384001911920052e+01,1.210208429039351385e-01,1.679553205642919309e-02,2.784397093557421154e+00,1.381466768723181929e-02,8.360438522029470221e+01,5.503434585628658865e-02,2.465971555538395629e-02,2.246981428077673426e-01,3.266266892632387693e-04,1.769769289579438132e+00,-4.891003125317410566e+06,-7.606555519104003515e-01
9.196491281828690320e+06,-2.472630133291720995e+04,-2.052913706730064587e+05,-3.274480539418691478e+02,1.835854953176378856e+01,1.452617256995737307e+03,2.193454983517302725e+00,1.253587018463483860e+00,1.628078930496263865e+01,7.412510704814366136e+01,1.793899867305182383e+01,1.359888921143957707e-01,2.116725729361394054e-02,3.831412631365355814e+00,1.896943580497799028e-02,9.640220818347202680e+01,7.760922314249739384e-02,3.297765123081677907e-02,3.185427432601358744e-01,4.411874994116021364e-04,1.841233170329647839e+00,-5.293791752263789997e+06,-7.468078842163086151e-01
9.032622691860388964e+06,-2.725907304551339621e+04,-2.244621407344077306e+05,-3.580262089251672819e+02,2.156300371843173380e+01,1.562380250911601024e+03,2.739242290367311927e+00,1.495307882059821125e+00,1.698201891874344227e+01,8.416816507589074092e+01,1.930361836208813742e+01,1.476631300572126548e-01,2.565969028534082624e-02,5.044031345921164089e+00,2.493142063517446091e-02,1.084359318935680108e+02,1.050236735239405139e-01,4.223957897531811084e-02,4.333121986484378407e-01,5.730445917743023964e-04,1.874278663151919044e+00,-5.652589147028135136e+06,-7.313631896972656588e-01
8.856817584423864260e+06,-2.978399902692588876e+04,-2.432175257925859187e+05,-3.879418079983162215e+02,2.479443404141139240e+01,1.652210655267594575e+03,3.314236694601127908e+00,1.740374536776160941e+00,1.733912801419817740e+01,9.343400612204884226e+01,2.034484884054339204e+01,1.557162880311861175e-01,3.011826485899561645e-02,6.395878329421999631e+00,3.157398136089933222e-02,1.193991865534002841e+02,1.372173762890585014e-01,5.217587503267218790e-02,5.688644326208545099e-01,7.198555380964619587e-04,1.872252534105138810e+00,-5.966186565819328651e+06,-7.149578933715819984e-01
8.675473233712861314e+06,-3.230459151219319756e+04,-2.615392946280812612e+05,-4.171657716276096153e+02,2.798696574628438682e+01,1.721240376445417041e+03,3.902432517056971140e+00,1.983331085712837671e+00,1.738317194004111244e+01,1.016862123388078913e+02,2.106525661814328387e+01,1.601185668650938754e-01,3.441207254601346549e-02,7.852972063431376881e+00,3.873583203588444601e-02,1.290663189463150218e+02,1.739433999758779603e-01,6.249352740717280946e-02,7.241374726058484868e-01,8.785863383729558421e-04,1.839642409567971981e+00,-6.234862047156807035e+06,-6.981258773803711293e-01
8.493806953411947936e+06,-3.482811475641644211e+04,-2.794269556640345836e+05,-4.456973157280401665e+02,3.108537876244620790e+01,1.769703227873029164e+03,4.488696713479611411e+00,2.219538048588769463e+00,1.715999788625457256e+01,1.087713707134654868e+02,2.148338184784086380e+01,1.611186343272139609e-01,3.844677028127636842e-02,9.377274852529749793e+00,4.623833319451099710e-02,1.373141927987458644e+02,2.147727702719940679e-01,7.290738428368728763e-02,8.971615047389642772e-01,1.045766696572621472e-03,1.781799247452986457e+00,-6.459348364354710095e+06,-6.813010253906249813e-01
8.315958498197870329e+06,-3.736308436396047182e+04,-2.968813552992234472e+05,-4.735377903399511865e+02,3.403685384913735135e+01,1.798005811282120249e+03,5.058325204070735381e+00,2.444562344078553551e+00,1.671575468629545824e+01,1.145642587771481544e+02,2.161940003819580980e+01,1.590594279035510983e-01,4.214826705633174797e-02,1.092865583268454799e+01,5.389572638083652001e-02,1.440490600135490240e+02,2.591781976321246850e-01,8.313923426584193810e-02,1.085444975079640884e+00,1.217733516847227700e-03,1.703780183906435486e+00,-6.644514364340887405e+06,-6.648273391723632519e-01
8.145179429913035594e+06,-3.992026856615368160e+04,-3.139149705035222578e+05,-5.007070967358175722e+02,3.680091782092657127e+01,1.807371773186030396e+03,5.598817054343442123e+00,2.654919023357390273e+00,1.610083250014465506e+01,1.190149058652341125e+02,2.150317706469992629e+01,1.544265701017476511e-01,4.547647430549790065e-02,1.246817689333607504e+01,6.153030303104731202e-02,1.492589194960639247e+02,3.065219323013614328e-01,9.294682720710752133e-02,1.285941209010103004e+00,1.390844058333662141e-03,1.610797226715324548e+00,-6.792175943434930407e+06,-6.489737319946289329e-01
7.983963421874511056e+06,-4.251171583702103817e+04,-3.305464632436535321e+05,-5.272350015086818757e+02,3.934788493449779168e+01,1.799495372639022435e+03,6.100089624618346917e+00,2.847964458732911375e+00,1.536375214278466572e+01,1.221291517797559294e+02,2.116875579444761613e+01,1.477590630383098513e-01,4.841794054390610724e-02,1.396036087156730510e+01,6.898315960444086070e-02,1.529869521950555793e+02,3.561179732130436149e-01,1.021302734977731080e-01,1.495348699813438209e+00,1.561708221459528643e-03,1.507749659632770856e+00,-6.906042972788136452e+06,-6.339454803466797461e-01
7.834160497325059026e+06,-4.515032333862541418e+04,-3.467990816352225374e+05,-5.531585863448704004e+02,4.165840321464879281e+01,1.776379214726812052e+03,6.554685314973029087e+00,3.021874231807903932e+00,1.454818118927289206e+01,1.239590006360261185e+02,2.065173227472330808e+01,1.395960408919768858e-01,5.098032086988363992e-02,1.537490073430249637e+01,7.612156107276367434e-02,1.553182389882926486e+02,4.072685850478138803e-01,1.105368881534574271e-01,1.710308334950277676e+00,1.727333868956978805e-03,1.399013014275224398e+00,-6.990047068053691648e+06,-6.198937530517578676e-01
7.697107230793201365e+06,-4.784947907930737711e+04,-3.626994802197918762e+05,-5.785203663181281399e+02,4.372327401752409060e+01,1.740222713615236216e+03,6.957842375676861479e+00,3.175633071461960721e+00,1.369171727018400908e+01,1.245942561112988471e+02,1.998768159758046536e+01,1.304435927048674670e-01,5.318781251914450614e-02,1.668781333329913963e+01,8.284379671756432473e-02,1.563701421024791784e+02,4.593052480698670004e-01,1.180630133049248021e-01,1.927609347130959438e+00,1.885247453041430593e-03,1.288354343304951355e+00,-7.048105743249570951e+06,-6.069268112182617525e-01
7.573728185621443205e+06,-5.062277747309723782e+04,-3.782767794107130030e+05,-6.033667896676121245e+02,4.554262438676036595e+01,1.693306902700303908e+03,7.307377114759759706e+00,3.308975746074816815e+00,1.282524898290692406e+01,1.241528735693917724e+02,1.921072255954113217e+01,1.207506935873763620e-01,5.507645299020266783e-02,1.788197893129665417e+01,8.908099716996301098e-02,1.562820542011403120e+02,5.116211483113461966e-01,1.246523737223080158e-01,2.144355012966410179e+00,2.033557252880616693e-03,1.178880877226833324e+00,-7.083999448740906082e+06,-5.951182403564453383e-01
7.464309326515953057e+06,-5.348502628762323002e+04,-3.935696648908048519e+05,-6.277595616248330543e+02,4.712867687101351777e+01,1.638133531737840258e+03,7.604473861525712586e+00,3.422673082996425808e+00,1.197306937388879788e+01,1.227953350253587388e+02,1.835491730038470592e+01,1.109022245627765690e-01,5.669401557762627358e-02,1.894945705286288629e+01,9.480300731526615510e-02,1.552303894049963731e+02,5.636406801931198585e-01,1.303103390760975144e-01,2.357919071536731970e+00,2.171002521607201443e-03,1.072998684302652439e+00,-7.101286818190490827e+06,-5.844876480102538796e-01
7.369441119099874981e+06,-5.644856410547794076e+04,-4.086020761536071659e+05,-6.517368666519346334e+02,4.849181535732784454e+01,1.576567166816410008e+03,7.850159495526869868e+00,3.517273609019729186e+00,1.115258155447494381e+01,1.206409834188607419e+02,1.744533832785392491e+01,1.011833809803332346e-01,5.808218502642476661e-02,1.988426330562082001e+01,9.999529241588477058e-02,1.533440361225817128e+02,6.149958054817731279e-01,1.350421188756491253e-01,2.566512454969781309e+00,2.296832342723855325e-03,9.724924767093364730e-01,-7.103955360271792859e+06,-5.750813751220703596e-01
7.289277739988321438e+06,-5.952639714401308447e+04,-4.234059558622944169e+05,-6.753496545908899407e+02,4.965184998391031002e+01,1.510583986799386139e+03,8.047979857824238081e+00,3.594124289768116487e+00,1.037630440863891224e+01,1.178359177806361231e+02,1.650645768218883802e+01,9.182515911314016732e-02,5.928973368803860944e-02,2.068779638416067712e+01,1.046743722665683940e-01,1.507752632805553219e+02,6.653808353799589570e-01,1.388990838013819118e-01,2.768745249217430260e+00,2.410833851972711377e-03,8.786171030572718088e-01,-7.094463366542107426e+06,-5.669086914062499982e-01
7.223833277508019470e+06,-6.273109733548617078e+04,-4.380134792857120046e+05,-6.986492462991413959e+02,5.063240197301654177e+01,1.441952477566673906e+03,8.202628824456034806e+00,3.654889042893299855e+00,9.652169872005622153e+00,1.145218835081406468e+02,1.555895846664821924e+01,8.299172999140809470e-02,6.036495738012464390e-02,2.136603560307079519e+01,1.088772835652647014e-01,1.476689520244666483e+02,7.146031961888591466e-01,1.419548882508205601e-01,2.963780039300903280e+00,2.513238869841696171e-03,7.921353121075359605e-01,-7.075814395538620651e+06,-5.599672088623046662e-01
7.173019562459017150e+06,-6.607475241744922823e+04,-4.524567370398243656e+05,-7.216868276093565555e+02,5.145928887800311458e+01,1.372200504232939920e+03,8.319514002648357831e+00,3.701417770625401893e+00,8.984384085102494311e+00,1.108307862283656391e+02,1.461970592483997144e+01,7.478897961087364876e-02,6.135403356889921472e-02,2.192837618232336894e+01,1.126562002978079707e-01,1.441580062133126319e+02,7.625765829340540591e-01,1.442975900204261086e-01,3.151289855972152942e+00,2.604628559899617012e-03,7.133995714996406168e-01,-7.050387238005601801e+06,-5.542460784912109917e-01
7.136666785510290414e+06,-6.956896272382438474e+04,-4.667676060557223973e+05,-7.445132435181717483e+02,5.215905369029493954e+01,1.302602766792670991e+03,8.404374889274397020e+00,3.735630511428237099e+00,8.374230654644838623e+00,1.068811383442516814e+02,1.370192432518253867e+01,6.727417974967525582e-02,6.229978848870815905e-02,2.238650531659312648e+01,1.160731327915434513e-01,1.403605360494118770e+02,8.093055315701420671e-01,1.460226813931888301e-01,3.331380183950928497e+00,2.685831069425248172e-03,6.424329088266355070e-01,-7.020408274838949554e+06,-5.497276763916015829e-01
7.114239245094983838e+06,-7.322567336158727994e+04,-4.809793782980007236e+05,-7.671815960579943976e+02,5.275656355602470171e+01,1.234193439878239360e+03,8.463078817409083854e+00,3.759462011870580156e+00,7.819965407334751539e+00,1.027805967486863352e+02,1.281538278594184987e+01,6.045492970559962487e-02,6.323569538405469925e-02,2.275397812059986080e+01,1.191905869299972331e-01,1.363823778689998392e+02,8.547804755096426454e-01,1.472307983269959542e-01,3.504221231835137118e+00,2.757749291192800219e-03,5.788944401361788561e-01,-6.987683766678506508e+06,-5.463636779785155939e-01
7.105818911544998176e+06,-7.705480286090428126e+04,-4.951191432975628995e+05,-7.897350941281925998e+02,5.327642194652020891e+01,1.167702480431699769e+03,8.500734862329471397e+00,3.774571818937528800e+00,7.320178479625702117e+00,9.860622077161985999e+01,1.196666554179038577e+01,5.433187788305731541e-02,6.419998464173670705e-02,2.304288063859210567e+01,1.220783559256190254e-01,1.323000629110503894e+02,8.992238486747324844e-01,1.480073225632814460e-01,3.670782394443147467e+00,2.821479788000963093e-03,5.225156054585859966e-01,-6.953701120547321625e+06,-5.441579589843750231e-01
7.111148972344013862e+06,-8.106657166131946724e+04,-5.092167339136956725e+05,-8.122213223480561055e+02,5.374068443197047173e+01,1.103698496606018125e+03,8.522309959094590326e+00,3.782545814475353207e+00,6.871488429967295808e+00,9.442730064335636087e+01,1.116027236623175334e+01,4.887704495483897321e-02,6.522252248795679108e-02,2.326582714554554343e+01,1.248017622151333245e-01,1.281810602549339251e+02,9.428068417046020500e-01,1.484370153880975596e-01,3.831923052262113050e+00,2.878044781285718588e-03,4.727935763155730609e-01,-6.919777201208572835e+06,-5.430858306884766007e-01
7.129962941642145626e+06,-8.527093961660085188e+04,-5.233014499928091536e+05,-8.346870151597408949e+02,5.416844201840426365e+01,1.042559527272179139e+03,8.532166194372441836e+00,3.784745510527160572e+00,6.469915181410239136e+00,9.029753888398929007e+01,1.039863480814032926e+01,4.404862907060878158e-02,6.632849998994751195e-02,2.343438635322536001e+01,1.274210770905107037e-01,1.240770932314705703e+02,9.857147413490692234e-01,1.485944470264543293e-01,3.988556856280305762e+00,2.928383818264953305e-03,4.291599445872679164e-01,-6.887040203109654598e+06,-5.431218109130859784e-01
7.161981807982373983e+06,-8.967769101366092218e+04,-5.374018321322947741e+05,-8.571776959724554672e+02,5.457529128442377697e+01,9.844987637213723701e+02,8.533960278360275709e+00,3.782278808282759641e+00,6.111162971795084609e+00,8.625630426732512035e+01,9.682499389878969964e+00,3.979636970423131026e-02,6.753802570660469295e-02,2.355864897418550896e+01,1.299890074281361552e-01,1.200254335972067850e+02,1.028124270858962186e+00,1.485421756664259407e-01,4.141553105811500046e+00,2.973301129938461275e-03,3.910171828010403638e-01,-6.856288221544537693e+06,-5.442396240234375071e-01
7.206923160578974523e+06,-9.429653660262154881e+04,-5.515457990753456252e+05,-8.797378963127666793e+02,5.497317572502271332e+01,9.295959755021151523e+02,8.530609331226401082e+00,3.775985999089316536e+00,5.790861492816467226e+00,8.233047957254925109e+01,9.011337356656644815e+00,3.606629071174066031e-02,6.886655759555372625e-02,2.364695097556456815e+01,1.325496393115925819e-01,1.160506245824982869e+02,1.070189479669367172e+00,1.483299202781082904e-01,4.291669795926135400e+00,3.013431348074905279e-03,3.577709054896389129e-01,-6.828018387187236920e+06,-5.464125518798828018e-01
7.264499810990498401e+06,-9.913720022821976454e+04,-5.657605828640804393e+05,-9.024110523912052031e+02,5.537030772330831496e+01,8.778255249784361922e+02,8.524289964382843365e+00,3.766443416499119845e+00,5.504717251853054272e+00,7.853641801106527964e+01,8.383689529798907358e+00,3.280383067487153276e-02,7.032489692818892635e-02,2.370575355901876691e+01,1.351374711077331092e-01,1.121664259900473866e+02,1.112026700544992863e+00,1.479945331106168049e-01,4.439489932891431678e+00,3.049219077388901859e-03,3.288495615828302410e-01,-6.802716881767326035e+06,-5.496135711669921653e-01
7.334194823939703405e+06,-1.042101981136606337e+05,-5.800693838837235235e+05,-9.252341697622053971e+02,5.576983243093759768e+01,8.290576327214409957e+02,8.516379482296832393e+00,3.754018134936284223e+00,5.248186444064391054e+00,7.488187445918438812e+01,7.797012941315643708e+00,2.994924333098046565e-02,7.191273413560771155e-02,2.373986951797981604e+01,1.377696608786289634e-01,1.083787125839994445e+02,1.153637970836570270e+00,1.475613989269891624e-01,4.585172749431701611e+00,3.080883198497872625e-03,3.036585921341358185e-01,-6.779970586919649504e+06,-5.537969055175780975e-01
7.415952621019253507e+06,-1.095249555785761186e+05,-5.944999011002858169e+05,-9.482514293988244845e+02,5.617467001014673400e+01,7.831567103375961096e+02,8.507801896469908698e+00,3.738793702621811210e+00,5.017947897250540024e+00,7.136775537602613895e+01,7.249203121067461453e+00,2.746044548716588748e-02,7.363928429746943727e-02,2.375195246494447332e+01,1.404687667619589631e-01,1.046846844845042170e+02,1.195115552571657247e+00,1.470434843595121444e-01,4.729087709868865730e+00,3.108542350344735590e-03,2.817794052967385054e-01,-6.761172349139129743e+06,-5.589547424316406721e-01
7.509457987795438617e+06,-1.150914652853243751e+05,-6.090772681331033818e+05,-9.715029204422329485e+02,5.658297548910194052e+01,7.399309322400092697e+02,8.498813484984712119e+00,3.720686276382991320e+00,4.810407349746957273e+00,6.799077023980414936e+01,6.737693420548764855e+00,2.529189492691790928e-02,7.550252056722735194e-02,2.374321071462659205e+01,1.432401825566570475e-01,1.010777666552404810e+02,1.236414078204040479e+00,1.464445129199607454e-01,4.871096224284726439e+00,3.132082734091877138e-03,2.627664166985929084e-01,-6.745750689840909094e+06,-5.650578308105468350e-01
7.614370515209952369e+06,-1.209198927507162152e+05,-6.238258299477288965e+05,-9.950274740988641042e+02,5.698993661282615619e+01,6.991670626018378698e+02,8.489136378952244044e+00,3.699445752316015135e+00,4.622264714082599646e+00,6.474411930509310764e+01,6.259851916187283649e+00,2.340204190002358881e-02,7.749609754499928171e-02,2.371335186212081680e+01,1.460795498124846659e-01,9.754782651806388571e+01,1.277422189700049060e+00,1.457594002438679093e-01,5.010773903375349114e+00,3.151226171188991395e-03,2.462203712874867223e-01,-6.733586783486678265e+06,-5.720750732421875373e-01
7.730313949683694169e+06,-1.270204747378151951e+05,-6.387691578228116268e+05,-1.018862687513192441e+03,5.738811880696694345e+01,6.606445316591249366e+02,8.478034697839971656e+00,3.674691263172277456e+00,4.450511568772478554e+00,6.161887486623523102e+01,5.813111290586046032e+00,2.175346068073026606e-02,7.960946755802530972e-02,2.366079731391895891e+01,1.489732259578994134e-01,9.408268743788531197e+01,1.317961751270241288e+00,1.449757977490428174e-01,5.147410328354628639e+00,3.165554599840428741e-03,2.317863755724242081e-01,-6.724720748768296093e+06,-5.799721527099609419e-01
7.856864960418604314e+06,-1.334033922215069470e+05,-6.539295970458408119e+05,-1.043044202324120079e+03,5.776798305520837573e+01,6.241459579812076299e+02,8.464410107141722150e+00,3.645960931823365225e+00,4.292432396387440008e+00,5.860509975935053006e+01,5.395043640886133751e+00,2.031275691382864249e-02,8.182795298310562015e-02,2.358299228517012835e+01,1.518990278144954353e-01,9.066955914551627416e+01,1.357792930626014138e+00,1.440761026566567682e-01,5.280034993682720668e+00,3.174550746832701959e-03,2.191511658223714298e-01,-6.718830841548719443e+06,-5.887112426757812322e-01
7.993543506682238542e+06,-1.400786537742689252e+05,-6.693285866944737500e+05,-1.067606214729149315e+03,5.811810681230433318e+01,5.894646456226969349e+02,8.446850174053613713e+00,3.612730333650152836e+00,4.145585044355189375e+00,5.569261919175537656e+01,5.003418633541714122e+00,1.905040354633397506e-02,8.413293235303136164e-02,2.347654191813543179e+01,1.548267115318790188e-01,8.729577149214910037e+01,1.396614845628960655e+00,1.430384006510301564e-01,5.407420917626714285e+00,3.177616910680782815e-03,2.080398721275490692e-01,-6.715736336613068357e+06,-5.982495727539062225e-01
8.139799707441550680e+06,-1.470558585074607690e+05,-6.849863083626544103e+05,-1.092580915188311565e+03,5.842569206394804127e+01,5.564103489133797211e+02,8.423715902804852718e+00,3.574456353079872084e+00,4.007794003408751138e+00,5.287172242926936150e+01,4.636231382831187631e+00,1.794044189781907744e-02,8.650195449813216642e-02,2.333750803562612219e+01,1.577188664191861989e-01,8.394974497014722203e+01,1.434073542146411917e+00,1.418382801305460017e-01,5.528122277636239978e+00,3.174116441222658066e-03,1.982123491164609341e-01,-6.715265680143631995e+06,-6.085389251708984704e-01
8.294917637585024349e+06,-1.543448038143935555e+05,-7.009137284539989196e+05,-1.117985795559696498e+03,5.867883295402281618e+01,5.248072057681079059e+02,8.393509578738166610e+00,3.530816082859751237e+00,3.877111728180613337e+00,5.013413981452030299e+01,4.291413081525419670e+00,1.695805105769692539e-02,8.890716446509124016e-02,2.316296548774913688e+01,1.605330378117609536e-01,8.062432722097902627e+01,1.469802728269127723e+00,1.404575047751752959e-01,5.640702738906995251e+00,3.163565542742663439e-03,1.894442892638316389e-01,-6.716255285142241046e+06,-6.195179595947265527e-01
8.458279092164658010e+06,-1.619530427665464813e+05,-7.171352541710167425e+05,-1.143859786320204876e+03,5.886171870460182021e+01,4.945135138011489744e+02,8.354087651178820906e+00,3.481103702366731056e+00,3.751900905830023891e+00,4.747164021470654660e+01,3.967682775704993503e+00,1.608603266444272317e-02,9.132234394004265510e-02,2.294732361482819982e+01,1.632209874164752272e-01,7.730841208387438712e+01,1.503350176203024580e+00,1.388636508994614271e-01,5.743265099818430031e+00,3.145210741318260096e-03,1.815748632648412630e-01,-6.720545378882340156e+06,-6.311324005126953685e-01
8.629032606027945876e+06,-1.698871335527982446e+05,-7.336667112227280159e+05,-1.170228130116928469e+03,5.895969216919533551e+01,4.654040453319306607e+02,8.303519449046543599e+00,3.424882889701080568e+00,3.630687851982925096e+00,4.487818332088429685e+01,3.663764380603860005e+00,1.530711979233216960e-02,9.371456597604328753e-02,2.268630775690635915e+01,1.657290414502567699e-01,7.399655536492701913e+01,1.534247135577759602e+00,1.370323028558187439e-01,5.833916425734644307e+00,3.118484369558008253e-03,1.744451224129608125e-01,-6.726672918199968524e+06,-6.433096008300781543e-01
