# tendency to change, top row gives equation number (where number 0 is the first equation), penultimate column is gas-particle partitioning and final column is gas-wall partitioning (molecules/cc.s (air))
2.300000000000000000e+01,3.000000000000000000e+01,4.400000000000000000e+01,0.000000000000000000e+00,0.000000000000000000e+00
0.000000000000000000e+00,0.000000000000000000e+00,-8.022965596407301724e+06,-3.874605003402106762e+09,-2.503475993693573400e+07
3.055024232687205542e+06,-2.649279956657463918e+05,-1.284660158997648582e+07,1.323877829564950429e+07,-3.085720046997070476e+00
3.814710387809429783e+06,-4.879553314219507156e+05,-1.724033906747820601e+07,-1.830025188347771391e+07,-2.788270210266113214e+00
4.230633138402594253e+06,-7.626761740966785001e+05,-2.119126407748392224e+07,-2.547834023872113600e+07,-2.494472328186035259e+00
4.310123135899153538e+06,-1.084628433366287267e+06,-2.470579846407448500e+07,-2.718365967795629799e+07,-2.204740600585937571e+00
4.068439844593984075e+06,-1.443922702730900375e+06,-2.779052841924857721e+07,-2.755370545736845583e+07,-1.920506546020507743e+00
4.527696119411588646e+06,-1.817405037100174697e+06,-3.052013244920221716e+07,-2.726670366894618422e+07,-1.716619720458984366e+00
4.416823156034134328e+06,-2.136096411732479464e+06,-3.292316559004585072e+07,-2.738575848260703310e+07,-1.498175750732421818e+00
4.206263425031037070e+06,-2.448516521791252773e+06,-3.501121365059889108e+07,-2.741227980093501881e+07,-1.296818893432617248e+00
3.961455337116423529e+06,-2.751005729863421526e+06,-3.681300412677941471e+07,-2.726958210087164864e+07,-1.115662139892578120e+00
3.715853155037117656e+06,-3.039395395475659985e+06,-3.835930824155715853e+07,-2.706491189010239020e+07,-9.552340698242187678e-01
3.728234068607767578e+06,-3.006175355700807646e+06,-3.698797413322669268e+07,-2.504236543691497669e+07,8.661231842041016149e-01
3.561465707271948922e+06,-2.932762726395212114e+06,-3.575895469340848923e+07,-2.385314126444398612e+07,7.785432281494141238e-01
3.423376399346770719e+06,-2.867316229851018637e+06,-3.465478978410728276e+07,-2.276963711033164710e+07,6.989944152832031632e-01
3.314000513325443491e+06,-2.809234874179022387e+06,-3.366430221470820159e+07,-2.171760741879922897e+07,6.265658111572265376e-01
3.228634464174845722e+06,-2.758062746155959088e+06,-3.277721496710719913e+07,-2.070243274064070731e+07,5.607924346923828240e-01
3.163663207129046321e+06,-2.713588435129256453e+06,-3.198396983960054442e+07,-1.972422353128740564e+07,5.011997222900390625e-01
3.116371159174455795e+06,-2.675710376012260094e+06,-3.127572100411634520e+07,-1.878388931163323671e+07,4.473070373535156241e-01
3.084696354261082597e+06,-2.644362264119585976e+06,-3.064432190322433040e+07,-1.788264846984586865e+07,3.986400299072265785e-01
3.066925706742328592e+06,-2.619425450949282851e+06,-3.008158709297401831e+07,-1.701889006452310085e+07,3.546904754638671720e-01
3.061959718736996874e+06,-2.600890931652801111e+06,-2.958139933707045019e+07,-1.620054114739705808e+07,3.150706787109375240e-01
3.068844470218135044e+06,-2.588685180248547811e+06,-2.913762710790332779e+07,-1.542424906295701489e+07,2.793756561279296946e-01
3.086816788074991200e+06,-2.582720397622571792e+06,-2.874469093885418028e+07,-1.469033468562687188e+07,2.472272644042968759e-01
3.115268134273914155e+06,-2.582900981907589361e+06,-2.839757150265067071e+07,-1.399866753594508581e+07,2.182779541015625047e-01
3.153697410766486079e+06,-2.589122460685576778e+06,-2.809174268691094220e+07,-1.334858162269145809e+07,1.922092742919921937e-01
3.201681839311590884e+06,-2.601272454082135577e+06,-2.782312621279843897e+07,-1.273898427966075391e+07,1.687306365966796950e-01
3.258722811291954946e+06,-2.619154103021572344e+06,-2.758714931912330911e+07,-1.216781858802725002e+07,1.475127410888671942e-01
3.324633585904795211e+06,-2.642723105303352699e+06,-2.738140330065651983e+07,-1.163529787292693369e+07,1.283807220458984266e-01
3.399130009994542226e+06,-2.671850113317575771e+06,-2.720293895170115680e+07,-1.113867262444813736e+07,1.111191101074218840e-01
3.481945201761411037e+06,-2.706399260004996322e+06,-2.704910049467118829e+07,-1.067654702375199646e+07,9.553326416015625600e-02
3.572833305338241626e+06,-2.746229892570361495e+06,-2.691750331626850739e+07,-1.024695460054490715e+07,8.144729614257813222e-02
3.671570809991356451e+06,-2.791196500418265350e+06,-2.680599686218879744e+07,-9.848132623859509826e+06,6.870143127441406816e-02
3.777947793245603796e+06,-2.841123342142648064e+06,-2.671219283910991624e+07,-9.477935506635941565e+06,5.711416625976562661e-02
3.891850040933157783e+06,-2.895911323085123207e+06,-2.663493455379958823e+07,-9.134683663721874356e+06,4.659741210937499989e-02
4.013160501806783490e+06,-2.955416281809730455e+06,-2.657271270561182499e+07,-8.816577891839016229e+06,3.703271484375000172e-02
4.141814181077459361e+06,-3.019498364308944903e+06,-2.652418562761256471e+07,-8.521922056251822039e+06,2.831072998046875108e-02
4.277808215216820128e+06,-3.088024621026559733e+06,-2.648816358057323843e+07,-8.248930841712410562e+06,2.032983398437500019e-02
4.421211300785487518e+06,-3.160871221273733769e+06,-2.646360538874953240e+07,-7.995765171671643853e+06,1.299476623535156250e-02
4.572171082420106046e+06,-3.237925492337657604e+06,-2.644960911403094232e+07,-7.760860348748827353e+06,6.215957641601562930e-03
4.730950364764210768e+06,-3.319099087505430449e+06,-2.644516680866738781e+07,-7.541869351565822959e+06,-1.114044189453125024e-04
4.897853374196818098e+06,-3.404309387177447788e+06,-2.644990361376644298e+07,-7.338782473045340739e+06,-6.046066284179687708e-03
5.073280590875283815e+06,-3.493479952737500891e+06,-2.646329375290031359e+07,-7.149526968121049926e+06,-1.166540527343750029e-02
5.257732454353525303e+06,-3.586549212886969093e+06,-2.648492604428439960e+07,-6.972750710528874770e+06,-1.704435729980468758e-02
5.451803510071431287e+06,-3.683467658605998848e+06,-2.651449979881526530e+07,-6.807438048061562702e+06,-2.225593566894531333e-02
5.656176327840670012e+06,-3.784196963237359654e+06,-2.655181566237941012e+07,-6.652355933170767501e+06,-2.737098693847656375e-02
5.871626093743754551e+06,-3.888707839924062137e+06,-2.659678243262644485e+07,-6.506559576683619991e+06,-3.245861816406250128e-02
6.099012113252140582e+06,-3.996977304246798158e+06,-2.664941086552689597e+07,-6.369236429239465855e+06,-3.758602905273437239e-02
6.339252305288261734e+06,-4.109023141604953445e+06,-2.670960779709477723e+07,-6.238782833502121270e+06,-4.282986450195312711e-02
6.593401006715662777e+06,-4.224802783786689863e+06,-2.677779250320320576e+07,-6.116459334578277543e+06,-4.824230957031250266e-02
6.862535763967302628e+06,-4.344288661893143319e+06,-2.685427121236208826e+07,-6.000531791721894406e+06,-5.388504028320312278e-02
