# tendency to change, top row gives equation number (where number 0 is the first equation), penultimate column is gas-particle partitioning and final column is gas-wall partitioning (molecules/cc.s (air))
0.000000000000000000e+00,1.000000000000000000e+00,2.000000000000000000e+00,8.000000000000000000e+00,9.000000000000000000e+00,1.500000000000000000e+01,1.900000000000000000e+01,3.800000000000000000e+01,3.900000000000000000e+01,5.000000000000000000e+01,5.100000000000000000e+01,1.700000000000000000e+02,2.390000000000000000e+02,2.480000000000000000e+02,2.800000000000000000e+02,3.980000000000000000e+02,5.080000000000000000e+02,6.230000000000000000e+02,6.420000000000000000e+02,6.610000000000000000e+02,6.800000000000000000e+02,8.790000000000000000e+02,0.000000000000000000e+00,0.000000000000000000e+00
0.000000000000000000e+00,0.000000000000000000e+00,0.000000000000000000e+00,0.000000000000000000e+00,0.000000000000000000e+00,0.000000000000000000e+00,0.000000000000000000e+00,0.000000000000000000e+00,0.000000000000000000e+00,0.000000000000000000e+00,0.000000000000000000e+00,0.000000000000000000e+00,0.000000000000000000e+00,0.000000000000000000e+00,0.000000000000000000e+00,0.000000000000000000e+00,0.000000000000000000e+00,0.000000000000000000e+00,0.000000000000000000e+00,0.000000000000000000e+00,0.000000000000000000e+00,0.000000000000000000e+00,0.000000000000000000e+00,0.000000000000000000e+00
1.251568626073436588e+08,3.597547159354384243e+07,-3.753532462730679864e-01,-1.145853439599544853e+08,-5.727664460362355749e+04,-1.930812945945218416e+03,-8.459406751916529856e+02,-5.519719605226431042e+06,-1.360042915259386646e+06,-1.199055484122218098e+06,-7.993703227481455542e+05,1.748324135564260473e+00,2.582286844127675618e+00,6.451705783889338797e-01,5.838835817134840900e-01,1.852505893787788738e+00,4.033181043014479397e-03,1.321519578243475222e-06,1.170157548866914698e-01,1.126971967511386334e-02,3.730582274579537141e-03,1.801361384136626781e-08,8.508193340794732794e+06,-7.074198249025192345e+05
1.666879101712303758e+08,4.791328299883755296e+07,-7.596355529146248120e-01,-1.584152515895826221e+08,-1.152360370842201228e+05,-4.026711740997591733e+03,-1.917956340417401861e+03,-8.387503013700666837e+06,-2.066656436623901827e+06,-1.776622179146582261e+06,-1.184414786097721662e+06,8.437135206028155920e+00,6.009618465312626334e+00,1.500866681574473116e+00,2.909274453444706587e+00,4.129474430068336588e+00,4.591590799438866749e-02,1.979893466646291838e-05,6.133216021381960870e-01,4.786561387299952813e-02,4.032018895448026552e-02,6.962529290690440261e-07,-1.331724715525419824e+07,-7.682024092003860278e+05
2.201850861606415510e+08,6.329067497757314146e+07,-1.469606825267848471e+00,-2.023502824895495176e+08,-2.217834141218256846e+05,-7.499143636775958839e+03,-4.022837415337502989e+03,-1.228414033155649342e+07,-3.026776579767976422e+06,-2.516839275980520528e+06,-1.677892850653680740e+06,2.651609354964884346e+01,1.306258509668867873e+01,3.260930697750514806e+00,9.349345738368706193e+00,8.391909025461087523e+00,2.389838423121921351e-01,1.246532500041742778e-04,2.033168179264619901e+00,1.287136085993707824e-01,1.951542012284397387e-01,8.538034615509865687e-06,-2.209217200708197802e+07,-1.104624974601890659e+06
2.805126852208864689e+08,8.063142466628576815e+07,-2.721898083689378023e+00,-2.456945054290513694e+08,-4.076925044657920953e+05,-1.329892511775283310e+04,-8.323620230759319384e+03,-1.785874197616432980e+07,-4.400342270489542745e+06,-3.509558443742625881e+06,-2.339705629161750898e+06,7.052398034380168212e+01,2.820056898369936604e+01,7.036341286994499455e+00,2.530949722053595963e+01,1.647971719888904829e+01,9.068936243728549229e-01,5.791036320710393629e-04,5.666933961836255307e+00,2.973399349459842078e-01,6.712551495004240865e-01,6.670822010955123065e-05,-2.939329076468801126e+07,-1.566033468018814223e+06
3.425576702751207948e+08,9.846582504066434503e+07,-4.769576863602339678e+00,-2.811871160954161286e+08,-7.067638484511222923e+05,-2.258439137550043961e+04,-1.709554300021999370e+04,-2.562581366799400747e+07,-6.314126227338081226e+06,-4.787295172153236344e+06,-3.191530114768824540e+06,1.716515789404518273e+02,6.063202622100084938e+01,1.511879328858742433e+01,6.216366069187025545e+01,3.119132118141648746e+01,2.893048347759963335e+00,2.302806002177619753e-03,1.417029042433260777e+01,6.312752624010170566e-01,1.880388249097922460e+00,3.990856619557271896e-04,-3.800651990739080310e+07,-2.151341089714920148e+06
3.463990284542167783e+08,9.956999679100820422e+07,-5.916621066887104874e+00,-3.349481250276569128e+08,-8.631795028086453676e+05,-3.175246888607039364e+04,-2.393239645358131020e+04,-3.143609543491854891e+07,-7.745762817226481624e+06,-5.530099647177830338e+06,-3.686733098118553869e+06,2.855286674497508557e+02,8.234319219014042801e+01,2.052197251101167197e+01,1.073984040067659151e+02,4.230482048611461465e+01,5.982738931041552632e+00,5.875446604573889529e-03,2.578631011073732893e+01,9.811487439375147224e-01,3.862526190818231786e+00,1.549605853096499598e-03,-4.201271989420585334e+07,-1.134887386451446451e+06
3.663294675838417411e+08,1.052988632056622058e+08,-7.227092427431395016e+00,-3.463785613898000717e+08,-1.045675578389260801e+06,-3.996005835921969265e+04,-3.205091420241323067e+04,-3.630975031379575282e+07,-8.946617256129520014e+06,-5.975345079073932022e+06,-3.983563386049288325e+06,4.480398893179317383e+02,1.090266965171918514e+02,2.716691535542645042e+01,1.730576013859678994e+02,5.309305231360978894e+01,1.108968916042246100e+01,1.273454624540906396e-02,4.329157960070009636e+01,1.419890248403260724e+00,6.763242308807933867e+00,4.613272008546183585e-03,-4.518154635620440543e+07,-1.252966946470733732e+06
3.862366186132462025e+08,1.110210356175224781e+08,-8.800946065581040756e+00,-3.534638559251285195e+08,-1.261424039206469432e+06,-4.974928940283198608e+04,-4.276976092997377418e+04,-4.193797162343208492e+07,-1.033339467693091370e+07,-6.417861449431865476e+06,-4.278574299621243961e+06,6.710182026151591117e+02,1.432711143750301233e+02,3.569738082030471560e+01,2.643188269963557104e+02,6.543329264698812153e+01,1.887943785428348775e+01,2.437057626084331019e-02,6.795192339959587002e+01,1.928012315352704009e+00,1.077758916211042006e+01,1.173091157882339905e-02,-4.912116588127461076e+07,-1.447248881215271074e+06
4.036714680938908458e+08,1.160325621064570099e+08,-1.059168115741619332e+01,-3.587317995226747990e+08,-1.501266608454883564e+06,-6.121279013123438926e+04,-5.622918935732104728e+04,-4.829123951971987635e+07,-1.189882147558741085e+07,-6.832050083321880549e+06,-4.554700055547920987e+06,9.594872919079268740e+02,1.842357196254286293e+02,4.590193187377364836e+01,3.838856546830341472e+02,7.867193763496048575e+01,2.983758734051174599e+01,4.228338967504259582e-02,1.005590210183398057e+02,2.487624003979946874e+00,1.590995712128462536e+01,2.644250794370272065e-02,-5.351521852957522869e+07,-1.602158258072479395e+06
4.177712705234952569e+08,1.200854524651120305e+08,-1.251910273338568302e+01,-3.624476130098996162e+08,-1.752170635668879608e+06,-7.412524851799517637e+04,-7.212666589196150017e+04,-5.515261904246523231e+07,-1.358944550655806437e+07,-7.172521483817810193e+06,-4.781680989211874083e+06,1.310610195936188802e+03,2.293703616269126826e+02,5.714466097464350725e+01,5.315543197475002444e+02,9.173259664229966859e+01,4.410154537658065266e+01,6.757732427831156241e-02,1.411257101527826876e+02,3.070927202118156618e+00,2.201404237292899069e+01,5.389146916772365181e-02,-5.821595433053178340e+07,-1.697712123265472474e+06
4.138230105897144675e+08,1.189505525472602844e+08,-1.355469969903812810e+01,-3.875191539627463222e+08,-1.870497856438106159e+06,-8.310824757402985415e+04,-7.831911925135488855e+04,-6.028465400936155021e+07,-1.485396405039530247e+07,-7.172960355468231253e+06,-4.781973570312154479e+06,1.468817476423135759e+03,2.351513896570488953e+02,5.858994932051233206e+01,6.187514326000936080e+02,9.464056773664057687e+01,5.251196338230209903e+01,8.594752088399705559e-02,1.705214398706329177e+02,3.293969221255226287e+00,2.639473179142944659e+01,9.022006465325434210e-02,-6.106175712552677840e+07,-1.040100118469726527e+06
4.127556851632744074e+08,1.186437572604494691e+08,-1.439234755754336170e+01,-3.905204052806499004e+08,-1.965806999372225488e+06,-8.927827344553744479e+04,-8.360494128879530763e+04,-6.417562140981477499e+07,-1.581268714232210070e+07,-6.974789909821975976e+06,-4.649859939881318249e+06,1.620566547303513062e+03,2.385867307725112596e+02,5.945624570177979251e+01,7.067592797698717959e+02,9.456475068509558923e+01,6.027884735615457856e+01,1.040698824261219735e-01,2.006752397024218340e+02,3.496566615091223795e+00,2.986351919214967410e+01,1.381015686989879865e-01,-6.404521311574155837e+07,-8.712520257525634952e+05
4.097098622976737618e+08,1.177682566151180714e+08,-1.501240178938848757e+01,-3.910070539590501189e+08,-2.030817992848403053e+06,-9.464576388753289939e+04,-8.753023191949295870e+04,-6.743809121381680667e+07,-1.661655024779204279e+07,-6.685776446209941059e+06,-4.457184297473294660e+06,1.751258610639651124e+03,2.367071059875079584e+02,5.899654451028237645e+01,7.904286799673313908e+02,9.281841596996069654e+01,6.676221349272663019e+01,1.201187375249626599e-01,2.302414441185455871e+02,3.636148651853621239e+00,3.275007225738387007e+01,1.987423688070855676e-01,-6.629205946976028383e+07,-7.233990673079224071e+05
4.049037435044150352e+08,1.163867711214737892e+08,-1.541991135922340028e+01,-3.900611756633394361e+08,-2.067088376881954260e+06,-9.921186527793094865e+04,-9.002571439726339304e+04,-7.009089304326926172e+07,-1.727019293107575923e+07,-6.330809017878992483e+06,-4.220539345252662897e+06,1.858859119285530824e+03,2.300047029297501808e+02,5.732857588570389140e+01,8.679867386236753646e+02,8.968228025712770091e+01,7.186836129322210809e+01,1.332234584532501487e-01,2.585579271487733877e+02,3.715755879198655354e+00,3.508151690340081785e+01,2.723101818957825437e-01,-6.765106096708968282e+07,-5.766659453097534133e+05
3.987000484270991087e+08,1.146035620238697976e+08,-1.562877300978597894e+01,-3.879125977348915339e+08,-2.077454127468307503e+06,-1.029735732751344476e+05,-9.119417262351099635e+04,-7.214564217413358390e+07,-1.777647716251051426e+07,-5.930272571416954510e+06,-3.953515047611303627e+06,1.944647040935558834e+03,2.195069370560391349e+02,5.470529882214502493e+01,9.390297788442142064e+02,8.548842875431806476e+01,7.568433408299894438e+01,1.430488075640527768e-01,2.853334288107941461e+02,3.744652985743772700e+00,3.692002106807274231e+01,3.587155069892943859e-01,-6.817687494791199267e+07,-4.343823358944091597e+05
3.914113909199237823e+08,1.125084880052192956e+08,-1.565828773174618149e+01,-3.847316749694353938e+08,-2.065265274027443957e+06,-1.059589184676190343e+05,-9.119909592157005682e+04,-7.362788361149688065e+07,-1.814169715732348338e+07,-5.502210678400447592e+06,-3.668140452266965993e+06,2.010660886454419597e+03,2.062858769440586286e+02,5.139244038168919104e+01,1.003585978086631258e+03,8.055356687928328085e+01,7.835296051638717074e+01,1.495883132331595200e-01,3.104275805867762301e+02,3.732287904833891723e+00,3.833513801825296241e+01,4.576726421323111249e-01,-6.793510808837254345e+07,-2.996538366787109408e+05
3.833017441801177859e+08,1.101774263291458786e+08,-1.553089560724896856e+01,-3.806638293932985663e+08,-2.034063045126409270e+06,-1.082187648898568586e+05,-9.023313357275196176e+04,-7.457396135677543283e+07,-1.837480797214319557e+07,-5.061938915925666690e+06,-3.374625943950444926e+06,2.059393102585564066e+03,1.913385414330825540e+02,4.763838045328107995e+01,1.062002569992256440e+03,7.515908420805909884e+01,8.004252311111207518e+01,1.530725643747810061e-01,3.338181821915220553e+02,3.687540067844571556e+00,3.939676942219251998e+01,5.688210204154628968e-01,-6.701258065461821854e+07,-1.747108352129516716e+05
3.745933589464757442e+08,1.076742614281415194e+08,-1.527040558224347677e+01,-3.758378252571662664e+08,-1.987355286206983728e+06,-1.098187583717288799e+05,-8.849524280685404665e+04,-7.502776452920354903e+07,-1.848662375876371190e+07,-4.621931393488022499e+06,-3.081287595658682287e+06,2.093536591844208942e+03,1.755218927958291317e+02,4.365762000692548384e+01,1.114848168529907298e+03,6.954144368749767580e+01,8.092676594056504769e+01,1.538814305389963888e-01,3.555710277620700595e+02,3.618363301508090490e+00,4.017110950867291308e+01,6.918262607551070031e-01,-6.550901957483265549e+07,-6.102839920556640573e+04
3.654758772619271874e+08,1.050535045913694948e+08,-1.490165042778899185e+01,-3.703753847870162129e+08,-1.928570502572286874e+06,-1.108398799303351116e+05,-8.617942166687460849e+04,-7.504247725958594680e+07,-1.849024893289425597e+07,-4.191755164534158073e+06,-2.794503443022772670e+06,2.115892200298890202e+03,1.595239096901926814e+02,3.962331639147891593e+01,1.162871900354432455e+03,6.388824298399407553e+01,8.117735513821629922e+01,1.524880779896065353e-01,3.758298368567556054e+02,3.531728368517237371e+00,4.072040331094625998e+01,8.263646272438319729e-01,-6.352447196575386077e+07,4.070168985791015439e+04
3.561002086968147755e+08,1.023585337275433391e+08,-1.444624806999762434e+01,-3.643740082882083058e+08,-1.860606372825510334e+06,-1.113528563363340218e+05,-8.345100781427328184e+04,-7.466453218590585887e+07,-1.839712436197780818e+07,-3.778759043262396939e+06,-2.519172695508264937e+06,2.128902805266055111e+03,1.438668052283761085e+02,3.566745180549083472e+01,1.206806582251661894e+03,5.834471879858060106e+01,8.093855456482604893e+01,1.493374452560642107e-01,3.947490632411743832e+02,3.433250261434551920e+00,4.109537933125299958e+01,9.724694152471460296e-01,-6.118353193633296341e+07,1.300251902324829134e+05
3.465963692998555303e+08,9.962672104758208990e+07,-1.392520374096274516e+01,-3.579281655584356189e+08,-1.786141764293020824e+06,-1.114339950800428778e+05,-8.045616260551846062e+04,-7.394504155536487699e+07,-1.821984395560785010e+07,-3.388070888326635584e+06,-2.258713925551090855e+06,2.134864108086922442e+03,1.289225002272138454e+02,3.188473537812937408e+01,1.247429522106071772e+03,5.301606242262429447e+01,8.034062840082810908e+01,1.448699361879966230e-01,4.125131785484393276e+02,3.327638016180161529e+00,4.134116064127105261e+01,1.130289428278581143e+00,-5.856985017573076487e+07,2.069658288005370996e+05
3.370738666550302505e+08,9.688954374654084444e+07,-1.335757821530347478e+01,-3.511254029183022380e+08,-1.707513749535048380e+06,-1.111571715420634719e+05,-7.731616440430846706e+04,-7.293469164806163311e+07,-1.797089666631807387e+07,-3.023027689590330701e+06,-2.015351793060221011e+06,2.135774534909061003e+03,1.149341573954729370e+02,2.833770805424705230e+01,1.285483765229675555e+03,4.797398316654739858e+01,7.949306050480390695e+01,1.394799970700584812e-01,4.293081208789918151e+02,3.218663419502796330e+00,4.149533801375410036e+01,1.300175283300831763e+00,-5.577365204044021666e+07,2.718374055871582241e+05
3.276238897965115905e+08,9.417321347945937514e+07,-1.276014658272734614e+01,-3.440467671396489143e+08,-1.626704945672962582e+06,-1.105915009170258709e+05,-7.412770826372556621e+04,-7.168224680763617158e+07,-1.766229788706831634e+07,-2.685510861353558954e+06,-1.790340574235706357e+06,2.133304811708041598e+03,1.020409997968968270e+02,2.506278598128265855e+01,1.321646037644217813e+03,4.326287506536251470e+01,7.848411636368440725e+01,1.335015809795130903e-01,4.453088544676642186e+02,3.109250296993527840e+00,4.158801896272183996e+01,1.482678331161882301e+00,-5.287416715606310964e+07,3.251751917470092885e+05
3.183226905408007503e+08,9.149964830181899667e+07,-1.214740538920000112e+01,-3.367677865212666988e+08,-1.545369482428299962e+06,-1.098006558695832064e+05,-7.096551806680716982e+04,-7.023400538863731921e+07,-1.730545539825247601e+07,-2.376253114117741585e+06,-1.584168742745161522e+06,2.128806919238217688e+03,9.030293011651370705e+01,2.207634074261160606e+01,1.356509670423519538e+03,3.890581280565675826e+01,7.738270415460461038e+01,1.272072698671475321e-01,4.606705705988148338e+02,3.001612546223956457e+00,4.164247758059278937e+01,1.678524837496332633e+00,-4.993852809401351213e+07,3.676699581795043778e+05
3.092337430450558066e+08,8.888709341959716380e+07,-1.153160813480705293e+01,-3.293591688356490135e+08,-1.464858157541011460e+06,-1.088423751258222910e+05,-6.788525470573198982e+04,-6.863324087441070378e+07,-1.691103166076568514e+07,-2.095104513001500163e+06,-1.396736342001000419e+06,2.123332263336560572e+03,7.972190500052401774e+01,1.938000521232864770e+01,1.390573661439840635e+03,3.490974280576758559e+01,7.624040906824806996e+01,1.208113558439869450e-01,4.755226554401774592e+02,2.897370089382700797e+00,4.167577345313644344e+01,1.888583340650440867e+00,-4.702194221650206298e+07,4.001268454536743229e+05
3.004007982454603314e+08,8.634812473577731848e+07,-1.092293497595769658e+01,-3.218844254157173038e+08,-1.386233676973375957e+06,-1.077724082526006096e+05,-6.492540308636849659e+04,-6.692213292401999235e+07,-1.648941962036976032e+07,-1.840787207073125290e+06,-1.227191471382083604e+06,2.117740993456717661e+03,7.024198470578734543e+01,1.696061779343972376e+01,1.424296061201158636e+03,3.126208050646821590e+01,7.509602604567851358e+01,1.144717314673698028e-01,4.899977659448372265e+02,2.797521498139764695e+00,4.170081442145992412e+01,2.113699716136307583e+00,-4.416905149467408657e+07,4.236253365709838690e+05
2.918717690097171068e+08,8.389651447167517245e+07,-1.032911492249473184e+01,-3.144034842787705660e+08,-1.310304973831763491e+06,-1.066306543505935697e+05,-6.211269419317037682e+04,-6.513321676114566624e+07,-1.604863586189650185e+07,-1.612475344013375696e+06,-1.074983562675583875e+06,2.112494586210405032e+03,6.181633522033745720e+01,1.480711610158448188e+01,1.457935765813518401e+03,2.795725431579271714e+01,7.397087513157498506e+01,1.083036498517340185e-01,5.041412201512846991e+02,2.702909554532351155e+00,4.172299789953595450e+01,2.355070522211875517e+00,-4.141635284687604010e+07,4.388567089151000837e+05
2.836810561583743095e+08,8.154215090442267060e+07,-9.756475378732934800e+00,-3.069747344151768684e+08,-1.237694977587569039e+06,-1.054566515590359922e+05,-5.946358917722106708e+04,-6.329860311494079977e+07,-1.559659237595628388e+07,-1.408610127118165372e+06,-9.390734180787771475e+05,2.107916841020460652e+03,5.436650065139005505e+01,1.290034989943495169e+01,1.491694708679070800e+03,2.497727225909673265e+01,7.287818287820628882e+01,1.023899167669490989e-01,5.179897939139225400e+02,2.613976157807485379e+00,4.174478091232191446e+01,2.613758651241884223e+00,-3.878504434854415804e+07,4.467806886165161268e+05
2.758557564578994513e+08,7.929282281149488688e+07,-9.209747799447209005e+00,-2.996519325735755563e+08,-1.168845580248454353e+06,-1.042845137773543102e+05,-5.698669247671507037e+04,-6.144650627276165038e+07,-1.514024108119215444e+07,-1.227438409413058544e+06,-8.182922729420390679e+05,2.104156636596590488e+03,4.780677714572897941e+01,1.121918479772260646e+01,1.525683504505987912e+03,2.230089324678695917e+01,7.182288015495082334e+01,9.678496054668726811e-02,5.315497921718002772e+02,2.530927603876612419e+00,4.176514985987695638e+01,2.890795765762722347e+00,-3.629382035143923759e+07,4.483430562375488225e+05
2.684163569798854887e+08,7.715441905944515765e+07,-8.692264500891477397e+00,-2.924846629514245391e+08,-1.104044637949159835e+06,-1.031433341030677548e+05,-5.468462584913921455e+04,-5.960126312061030418e+07,-1.468557851578972302e+07,-1.067112908086381853e+06,-7.114086053909213515e+05,2.101213242250243638e+03,4.204985451168467847e+01,9.741950123102672165e+00,1.559924585478546078e+03,1.990526871827595912e+01,7.080323688408506655e+01,9.152125145941579498e-02,5.447979579200576836e+02,2.453788356512446978e+00,4.178020769461323169e+01,3.187132952776743799e+00,-3.395297764580916613e+07,4.444758641196899698e+05
2.613770365945506394e+08,7.513101526611925662e+07,-8.206138059342231728e+00,-2.855179070854285359e+08,-1.043448782648626948e+06,-1.020575020644340111e+05,-5.255545758029801800e+04,-5.778337410887935013e+07,-1.423765593131794408e+07,-9.257584729805118404e+05,-6.171723153203413822e+05,2.098961870098075451e+03,3.701023848400519256e+01,8.447326144520227231e+00,1.594358177864044819e+03,1.776693261761965559e+01,6.981235571122786610e+01,8.661436198756473914e-02,5.576841270258756822e+02,2.382440422180634343e+00,4.178374756636486609e+01,3.503589247412588481e+00,-3.176815392162153497e+07,4.360841931123047252e+05
2.547343546932412088e+08,7.322162245243678987e+07,-7.751853865818260303e+00,-2.787802257366669774e+08,-9.870263640871372772e+05,-1.010447373792792496e+05,-5.059061867615885421e+04,-5.600793560956385732e+07,-1.380019303008897230e+07,-8.012613192891750950e+05,-5.341742128594501410e+05,2.097227871623822921e+03,3.259662596080629982e+01,7.312362169685278523e+00,1.628912653242640999e+03,1.585783509262502378e+01,6.883999053223709552e+01,8.205383025368107042e-02,5.701714183680935548e+02,2.316500013757695431e+00,4.176884013083893166e+01,3.840843537078337366e+00,-2.973895054888892919e+07,4.240578452504272573e+05
2.485037773058144450e+08,7.143068622134916484e+07,-7.330205410399755372e+00,-2.723166063997901082e+08,-9.348166473697440233e+05,-1.001225428064150474e+05,-4.878611165147849533e+04,-5.428935208573471010e+07,-1.337673903006111085e+07,-6.921897014107748400e+05,-4.614598009405166376e+05,2.095663173647165877e+03,2.874708015129699490e+01,6.321609941157143808e+00,1.663335853707569640e+03,1.416180603857125142e+01,6.787216734120242734e+01,7.784759677193786587e-02,5.821316195918874428e+02,2.255866030809363210e+00,4.172524015328119873e+01,4.199384602042685266e+00,-2.786333128043401241e+07,4.091418780957641429e+05
2.426851964021491110e+08,6.975817552034772933e+07,-6.940808523638041017e+00,-2.661577037004564106e+08,-8.867201191553090466e+05,-9.930351998153448221e+04,-4.713302135610377445e+04,-5.263786748557924479e+07,-1.296981801038201712e+07,-5.968901668765235227e+05,-3.979267779176824261e+05,2.093898966199027200e+03,2.539349592287098289e+01,5.457965988695027804e+00,1.697359101099980535e+03,1.265797438311120438e+01,6.689397415141895920e+01,7.398662038894947279e-02,5.934491737122701807e+02,2.200199429125945461e+00,4.164298880452452067e+01,4.579373123383443378e+00,-2.613626397164595500e+07,3.920865276103515644e+05
2.372744220313991010e+08,6.820288597713916004e+07,-6.582744511327896397e+00,-2.603289395234932005e+08,-8.425843433734086575e+05,-9.859704769012609904e+04,-4.562133032694515714e+04,-5.106079633868794888e+07,-1.258123224994618073e+07,-5.138227211214823765e+05,-3.425484807476549759e+05,2.091521144563067082e+03,2.247439793981977019e+01,4.705966776441726118e+00,1.730658035427006780e+03,1.132680327339359216e+01,6.588983971689305008e+01,7.045774599300509700e-02,6.039939501910325816e+02,2.149120906317653290e+00,4.151190801710269795e+01,4.980644321250744078e+00,-2.455096899467690289e+07,3.735775238460082910e+05
2.322632646447598040e+08,6.676246356275338680e+07,-6.254662496190810828e+00,-2.548497797483301759e+08,-8.022143748553519836e+05,-9.800931500846103881e+04,-4.424018972450571164e+04,-4.956268915728594363e+07,-1.221210298177904822e+07,-4.415672628362545511e+05,-2.943781752241697395e+05,2.088087423304982167e+03,1.993474027165380136e+01,4.051747789291938240e+00,1.762864452212513015e+03,1.015015424623675599e+01,6.484435504393330518e+01,6.724486820497545259e-02,6.136269573798186912e+02,2.102220802320941662e+00,4.132209861728432543e+01,5.402675864596904631e+00,-2.309886536750476062e+07,3.542251361542663653e+05
2.276403316071094275e+08,6.543363354328717291e+07,-5.954916026933517514e+00,-2.497344271614230871e+08,-7.653874032262553228e+05,-9.754372086309951555e+04,-4.297827613692721206e+04,-4.814574822309919447e+07,-1.186297284171595424e+07,-3.788324199792054133e+05,-2.525549466528036282e+05,2.083137995435423818e+03,1.772572846587452489e+01,3.483011399791083207e+00,1.793570606608663638e+03,9.111386781391049183e+00,6.374286245580296395e+01,6.433022937069965419e-02,6.222026065021493650e+02,2.059069797949380387e+00,4.106427001328040660e+01,5.844534630110856277e+00,-2.177024308175709844e+07,3.345688942598876893e+05
2.233913941016578078e+08,6.421230594409926981e+07,-5.681650307278844458e+00,-2.449917414606501460e+08,-7.318616035740189254e+05,-9.720100387365616916e+04,-4.182396074415827024e+04,-4.681010014435201883e+07,-1.153387302565647848e+07,-3.244535119399633259e+05,-2.163023412933089130e+05,2.076208935431191094e+03,1.580433460595584272e+01,2.988910389920419686e+00,1.822339297871497820e+03,8.195323340598706707e+00,6.257207492540609195e+01,6.169506219719159829e-02,6.295733060422388689e+02,2.019226088624140214e+00,4.073012301013998382e+01,6.304841053519070648e+00,-2.055553451957875863e+07,3.150733654828796280e+05
2.194903768588683903e+08,6.309098560991840065e+07,-5.432409131406685354e+00,-2.406134908551585674e+08,-7.013233497665113537e+05,-9.697638458972553781e+04,-4.076339513802329748e+04,-4.555210959285148233e+07,-1.122390779926861264e+07,-2.772721900864554918e+05,-1.848481267243037000e+05,2.066912942593142361e+03,1.412868801970260968e+01,2.558824755859009592e+00,1.848814744028894893e+03,7.386055773048350481e+00,6.132097493792014831e+01,5.931041376471311161e-02,6.356396793410342525e+02,1.982164308728368463e+00,4.031357316241395239e+01,6.782126564902545063e+00,-1.944213641492208838e+07,2.960802431422729278e+05
2.159287104688758850e+08,6.206720932334874570e+07,-5.205669706965116994e+00,-2.366113493230431080e+08,-6.735828373802857241e+05,-9.686931799823348410e+04,-3.978731022945341101e+04,-4.437084774223259091e+07,-1.093284830242764764e+07,-2.365036585086804989e+05,-1.576691056724537048e+05,2.054753736566121006e+03,1.267098075690127423e+01,2.185813733377051093e+00,1.872446256546132872e+03,6.673851090139709008e+00,5.997929383999930053e+01,5.716711763082082259e-02,6.402202053941189206e+02,1.947544742637169035e+00,3.980778382849380392e+01,7.273814783425310182e+00,-1.842487615382815897e+07,2.779635547760315239e+05
2.126866711671608388e+08,6.113530762515805662e+07,-4.999384801926009203e+00,-2.329803641400276423e+08,-6.483855130184228765e+05,-9.687366817057735170e+04,-3.888394532774473919e+04,-4.326212022636891156e+07,-1.065966105547478795e+07,-2.013267381889652752e+05,-1.342178254593102029e+05,2.039318020898109353e+03,1.140229818257425443e+01,1.862599937044314702e+00,1.892762014948612205e+03,6.047487086373461551e+00,5.854050542994927042e+01,5.524624527610282054e-02,6.431832019513492469e+02,1.914919279455517431e+00,3.920902745818531798e+01,7.777009301878028857e+00,-1.749251285363315418e+07,2.609738004559936526e+05
2.097431648601856232e+08,6.028921716454762220e+07,-4.811524419143717424e+00,-2.297120795260128975e+08,-6.254802920190687291e+05,-9.698130028520728229e+04,-3.804161379165932158e+04,-4.222079295925049484e+07,-1.040308103449513018e+07,-1.710180063281570910e+05,-1.140120042187714134e+05,2.020228008370413363e+03,1.029745003387473723e+01,1.582848407129829216e+00,1.909298591400203122e+03,5.496901007449229049e+00,5.700069619824382983e+01,5.352855238061628163e-02,6.444100562260658762e+02,1.883844797002460769e+00,3.851538742921840708e+01,8.288264908973273393e+00,-1.663591686235982366e+07,2.453119609414367587e+05
2.070760845664155781e+08,5.952258344309321791e+07,-4.640102481155394365e+00,-2.267947010552907288e+08,-6.046222351135499775e+05,-9.718207009895762894e+04,-3.724873065079118533e+04,-4.124099512895346433e+07,-1.016166168844352290e+07,-1.449416500615629193e+05,-9.662776670770863711e+04,1.997149256192876237e+03,9.334457621339485200e+00,1.341036928320177068e+00,1.921609937028991681e+03,5.013057680115088566e+00,5.535869141226202572e+01,5.199447859324354132e-02,6.437981868157637564e+02,1.853885296183156228e+00,3.772680500562120187e+01,8.803570708253683819e+00,-1.584704519296785630e+07,2.311279169410400500e+05
2.046624939969467223e+08,5.882881358372254670e+07,-4.483194204850782683e+00,-2.242132245165612996e+08,-5.855740834493364673e+05,-9.746392436328904296e+04,-3.649392566824099049e+04,-4.031631208800387383e+07,-9.933822466771246865e+06,-1.225397141922995361e+05,-8.169314279486636224e+04,1.969802651008059456e+03,8.494158863793710879e+00,1.132352508361214483e+00,1.929283601055712552e+03,4.587863402394651402e+00,5.361609954326846861e+01,5.062427070177837052e-02,6.412659147071052530e+02,1.824619229105108431e+00,3.684509104305297456e+01,9.318400676456960241e+00,-1.511766802753027529e+07,2.185210835529174947e+05
2.024790080668927729e+08,5.820118570607271791e+07,-4.338957276711279398e+00,-2.219504599041595757e+08,-5.681084831808911404e+05,-9.781302264070094679e+04,-3.576607890421304182e+04,-3.943999739706242085e+07,-9.717901066375447437e+06,-1.033253721836061886e+05,-6.888358145573746879e+04,1.937965587273267374e+03,7.759857626862939561e+00,9.526048417868634433e-01,1.931941879283943535e+03,4.214086830911965009e+00,5.177714999018026987e+01,4.939807311571856041e-02,6.367521069206119364e+02,1.795639682876692511e+00,3.587380541491032915e+01,9.827686495683282786e+00,-1.444061606704475172e+07,2.075567452373657143e+05
2.005019539725644290e+08,5.763289522700763494e+07,-4.205638719373822276e+00,-2.199871343160263002e+08,-5.520085173781734193e+05,-9.821380078173862421e+04,-3.505442594131478108e+04,-3.860511596050138026e+07,-9.512188699790505692e+06,-8.687418885583219526e+04,-5.791612590388813987e+04,1.901480598106663138e+03,7.117006783878704113e+00,7.981423079214841065e-01,1.929254562670272207e+03,3.885277620139621746e+00,4.984858995712621521e+01,4.829606444274077426e-02,6.302192881821054016e+02,1.766560440444493452e+00,3.481816671719405321e+01,1.032587976486986392e+01,-1.380940180717236176e+07,1.982657608915100282e+05
1.987025385476902127e+08,5.711566575070125610e+07,-4.081405953605067083e+00,-2.182940217585240901e+08,-5.370443562532258220e+05,-9.864896880880188837e+04,-3.434889853630714788e+04,-3.780401148326455057e+07,-9.314798878101577982e+06,-7.277592540055366408e+04,-4.851728360036911181e+04,1.860354449962670060e+03,6.551766445094320268e+00,6.654220398975512207e-01,1.921094630660498069e+03,3.595023299755039314e+00,4.783914577319018946e+01,4.729555613211900572e-02,6.217045974277277764e+02,1.737050681636058691e+00,3.368495920229624829e+01,1.080815682388292664e+01,-1.321612498818995059e+07,1.905973556465759175e+05
1.970625063424575925e+08,5.664424987479400635e+07,-3.964922784657345378e+00,-2.168588030875087678e+08,-5.230507767787819030e+05,-9.910087660879424948e+04,-3.363986362859415385e+04,-3.703072716028244048e+07,-9.124263861801629886e+06,-6.076199845974839991e+04,-4.050799897316560237e+04,1.814476647970612703e+03,6.054657266433101093e+00,5.521227781372017862e-01,1.907100671497110852e+03,3.339109499739910447e+00,4.575931688317502477e+01,4.638119443504250955e-02,6.111681839437773078e+02,1.706764101941353529e+00,3.248151531780802515e+01,1.126723380036366962e+01,-1.265974721896857023e+07,1.846164323678283836e+05
1.955581041843031943e+08,5.621181991467471421e+07,-3.854716074754691135e+00,-2.156574155599215329e+08,-5.098426460559508996e+05,-9.954901703239136259e+04,-3.291801452330497705e+04,-3.627839664583287388e+07,-8.938891803202537820e+06,-5.055110223597739241e+04,-3.370073482398493070e+04,1.763904431481357506e+03,5.615915765408066029e+00,4.557760680957107513e-01,1.887120644005675786e+03,3.112925110247230620e+00,4.362227739136988447e+01,4.553396356670971062e-02,5.986470263306308652e+02,1.675389992380048154e+00,3.121721334614072774e+01,1.169646403296541770e+01,-1.213292302903684974e+07,1.802709810246887209e+05
