# tendency to change, top row gives equation number (where number 0 is the first equation), penultimate column is gas-particle partitioning and final column is gas-wall partitioning (molecules/cc.s (air))
0.000000000000000000e+00,1.000000000000000000e+00,2.000000000000000000e+00,3.000000000000000000e+00,4.000000000000000000e+00,5.000000000000000000e+00,6.000000000000000000e+00,7.000000000000000000e+00,3.200000000000000000e+01,3.900000000000000000e+01,4.100000000000000000e+01,4.300000000000000000e+01,0.000000000000000000e+00,0.000000000000000000e+00
0.000000000000000000e+00,0.000000000000000000e+00,0.000000000000000000e+00,0.000000000000000000e+00,0.000000000000000000e+00,0.000000000000000000e+00,0.000000000000000000e+00,0.000000000000000000e+00,0.000000000000000000e+00,0.000000000000000000e+00,1.603134207070380747e+08,0.000000000000000000e+00,0.000000000000000000e+00,0.000000000000000000e+00
-1.251568626073436588e+08,-3.597547159354384243e+07,-3.753532462730679864e-01,-1.339255129120336505e+03,-1.553895301251332285e+03,-3.205818220169073811e+02,1.301838133356771432e+06,3.759943725830171723e+06,0.000000000000000000e+00,1.360042915259386646e+06,1.547134804136192203e+08,2.445684330017711829e+02,1.940927944907570035e+00,-4.703410422735032954e-08
-1.666879101712303758e+08,-4.791328299883755296e+07,-7.596355529146248120e-01,-1.622799997273598819e+03,-2.740099045104558627e+03,-5.653057472269993013e+02,1.979062343709521927e+06,5.715889596097816713e+06,0.000000000000000000e+00,2.066656436623901827e+06,2.048439916860201657e+08,5.242885506759515692e+02,-2.659127697964236869e+00,-7.199245237643480788e-08
-2.201850861606415510e+08,-6.329067497757314146e+07,-1.469606825267848471e+00,-1.869577788631748263e+03,-4.756403929927341778e+03,-9.812866007616925117e+02,2.898488325590423774e+06,8.371357939942180179e+06,0.000000000000000000e+00,3.026776579767976422e+06,2.691856474407310486e+08,1.102216257961221800e+03,-3.973104312674246241e+00,-8.529858359906939663e-08
-2.805126852208864689e+08,-8.063142466628576815e+07,-2.721898083689378023e+00,-1.989269763896074437e+03,-7.661978058981457252e+03,-1.580731265757624215e+03,4.213836192966767587e+06,1.217032021835811064e+07,0.000000000000000000e+00,4.400342270489542745e+06,3.403685848215814233e+08,2.263916745020818780e+03,-4.625908546017808654e+00,-9.198458337777993261e-08
-3.425576702751207948e+08,-9.846582504066434503e+07,-4.769576863602339678e+00,-1.937528254155269906e+03,-1.130412349554690263e+04,-2.332136858634092277e+03,6.046505473533509299e+06,1.746340019998451322e+07,0.000000000000000000e+00,6.314126227338081226e+06,4.112105682009011507e+08,4.476544606381518861e+03,-5.083503539948695860e+00,-9.004911498777801086e-08
-3.463990284542167783e+08,-9.956999679100820422e+07,-5.916621066887104874e+00,-1.902489253083953145e+03,-1.138035264670956713e+04,-2.347863581117164358e+03,7.417462937079700641e+06,2.142297303885133192e+07,0.000000000000000000e+00,7.745762817226481624e+06,4.093927289584503770e+08,5.734921388323827159e+03,-4.625739919105100739e+00,-2.616812798805767676e-08
-3.663294675838417411e+08,-1.052988632056622058e+08,-7.227092427431395016e+00,-1.801342065173084620e+03,-1.262269509227156414e+04,-2.604169398147746506e+03,8.567419823672734201e+06,2.474425628438961506e+07,0.000000000000000000e+00,8.946617256129520014e+06,4.293795014846152067e+08,7.572313071645344280e+03,-4.548561525138033801e+00,-3.048066719202324579e-08
-3.862366186132462025e+08,-1.110210356175224781e+08,-8.800946065581040756e+00,-1.677983283911572926e+03,-1.389996357469387294e+04,-2.867680753751933025e+03,9.895419448686350137e+06,2.857975912459284440e+07,0.000000000000000000e+00,1.033339467693091370e+07,4.484574946108506322e+08,1.004165864028283249e+04,-4.508188207155693128e+00,-2.794529609673190851e-08
-4.036714680938908458e+08,-1.160325621064570099e+08,-1.059168115741619332e+01,-1.545703434088409267e+03,-1.501495588319856142e+04,-3.097713153944805072e+03,1.139449649612540379e+07,3.290936446847764030e+07,0.000000000000000000e+00,1.189882147558741085e+07,4.635078319234192371e+08,1.318552291045519814e+04,-4.452034644415478581e+00,-2.345159555261488975e-08
-4.177712705234952569e+08,-1.200854524651120305e+08,-1.251910273338568302e+01,-1.415188427645809497e+03,-1.588017785783876388e+04,-3.276215809082417763e+03,1.301346436008216441e+07,3.758523615055002272e+07,0.000000000000000000e+00,1.358944550655806437e+07,4.736721620409369469e+08,1.699959306888644278e+04,-4.383104508262862353e+00,-1.823434195102890879e-08
-4.138230105897144675e+08,-1.189505525472602844e+08,-1.355469969903812810e+01,-1.371189979768102148e+03,-1.536284370382853740e+04,-3.169485371355616735e+03,1.422438698255256005e+07,4.108259945568192750e+07,0.000000000000000000e+00,1.485396405039530247e+07,4.626132279157932997e+08,1.930179187744357841e+04,-4.161060832763160633e+00,4.936464392812922431e-10
-4.127556851632744074e+08,-1.186437572604494691e+08,-1.439234755754336170e+01,-1.294682587005853520e+03,-1.512761253814551310e+04,-3.120955180403177565e+03,1.514247512437232025e+07,4.373420387572871894e+07,0.000000000000000000e+00,1.581268714232210070e+07,4.567077686928526163e+08,2.186513822074155541e+04,-4.084268237132229196e+00,3.020189069502521465e-09
-4.097098622976737618e+08,-1.177682566151180714e+08,-1.501240178938848757e+01,-1.224481803151390295e+03,-1.476211844183032736e+04,-3.045550638514937873e+03,1.591226693461757340e+07,4.595750169821913540e+07,0.000000000000000000e+00,1.661655024779204279e+07,4.489865567173827291e+08,2.429029634219451327e+04,-3.988740416276920442e+00,5.902087650611065110e-09
-4.049037435044150352e+08,-1.163867711214737892e+08,-1.541991135922340028e+01,-1.161500813680287592e+03,-1.428748468001187575e+04,-2.947629655014977288e+03,1.653820533345915005e+07,4.776532487928705662e+07,0.000000000000000000e+00,1.727019293107575923e+07,4.397086975658341050e+08,2.650569796946608039e+04,-3.866214074451690852e+00,8.227445505326614221e-09
-3.987000484270991087e+08,-1.146035620238697976e+08,-1.562877300978597894e+01,-1.105011157543482113e+03,-1.373643900295571439e+04,-2.833944243248208295e+03,1.702303098713642731e+07,4.916558895817451924e+07,0.000000000000000000e+00,1.777647716251051426e+07,4.293277338259521127e+08,2.847023091171717169e+04,-3.723319928129404488e+00,1.005034573609009363e-08
-3.914113909199237823e+08,-1.125084880052192956e+08,-1.565828773174618149e+01,-1.054255028007665260e+03,-1.313631397870128967e+04,-2.710133344561214926e+03,1.737277133404886350e+07,5.017570226592681557e+07,0.000000000000000000e+00,1.814169715732348338e+07,4.182164683494073153e+08,3.015582663786004923e+04,-3.565292774684933441e+00,1.144738598668482123e-08
-3.833017441801177859e+08,-1.101774263291458786e+08,-1.553089560724896856e+01,-1.008536890860090352e+03,-1.250905568796972875e+04,-2.580724622135706795e+03,1.759600187570304796e+07,5.082043240018866956e+07,0.000000000000000000e+00,1.837480797214319557e+07,4.066724956674004197e+08,3.154605748289550320e+04,-3.396939235821093028e+00,1.248664557351730722e-08
-3.745933589464757442e+08,-1.076742614281415194e+08,-1.527040558224347677e+01,-9.672420030415092924e+02,-1.187189687409403632e+04,-2.449273337546640960e+03,1.770307841204692051e+07,5.112968878214122355e+07,0.000000000000000000e+00,1.848662375876371190e+07,3.949308975779935718e+08,3.263511908934149687e+04,-3.222546500492237342e+00,1.322619937127456122e-08
-3.654758772619271874e+08,-1.050535045913694948e+08,-1.490165042778899185e+01,-9.298015482758457892e+02,-1.123811854888357266e+04,-2.318519476532209865e+03,1.770654993528155610e+07,5.113971516842588782e+07,0.000000000000000000e+00,1.849024893289425597e+07,3.831739379432648420e+08,3.343079234071652900e+04,-3.045423240681366384e+00,1.371676080452744026e-08
-3.561002086968147755e+08,-1.023585337275433391e+08,-1.444624806999762434e+01,-8.957810366333411594e+02,-1.061741806421628826e+04,-2.190463685295068444e+03,1.761737239805866778e+07,5.088215432965892553e+07,0.000000000000000000e+00,1.839712436197780818e+07,3.715418681570899487e+08,3.394085567588968115e+04,-2.869817240944072978e+00,1.399691700498806408e-08
-3.465963692998555303e+08,-9.962672104758208990e+07,-1.392520374096274516e+01,-8.647835517357810886e+02,-1.001699394664610554e+04,-2.066591081112188931e+03,1.744760592406304181e+07,5.039183808188525587e+07,0.000000000000000000e+00,1.821984395560785010e+07,3.601425810815406442e+08,3.418316398101994128e+04,-2.697543097639990339e+00,1.410119421052513615e-08
-3.370738666550302505e+08,-9.688954374654084444e+07,-1.335757821530347478e+01,-8.364688581245887917e+02,-9.441949546505182298e+03,-1.947954528579117095e+03,1.720921012846077606e+07,4.970330795438946038e+07,0.000000000000000000e+00,1.797089666631807387e+07,3.490580538182009459e+08,3.418113187179372471e+04,-2.530618361304303399e+00,1.405897182849003058e-08
-3.276238897965115905e+08,-9.417321347945937514e+07,-1.276014658272734614e+01,-8.105466750886546379e+02,-8.895682504813339619e+03,-1.835254989947182139e+03,1.691369113840567321e+07,4.884979572114713490e+07,0.000000000000000000e+00,1.766229788706831634e+07,3.383489104661166668e+08,3.396187976964074187e+04,-2.370557093850851338e+00,1.389455610478762589e-08
-3.183226905408007503e+08,-9.149964830181899667e+07,-1.214740538920000112e+01,-7.867691041763204112e+02,-8.380289585495323990e+03,-1.728925045454442852e+03,1.657197322180766426e+07,4.786285264151595533e+07,0.000000000000000000e+00,1.730545539825247601e+07,3.280594101727531552e+08,3.355511983574377518e+04,-2.218417894772628518e+00,1.362860803055809820e-08
-3.092337430450558066e+08,-8.888709341959716380e+07,-1.153160813480705293e+01,-7.649247669597805270e+02,-7.896860725319534140e+03,-1.629189558329982674e+03,1.619426691707872599e+07,4.677196859511747956e+07,0.000000000000000000e+00,1.691103166076568514e+07,3.182208795217109323e+08,3.299186782014573691e+04,-2.074877921789059609e+00,1.327869631495559600e-08
-3.004007982454603314e+08,-8.634812473577731848e+07,-1.092293497595769658e+01,-7.447797605174654336e+02,-7.445164324892190052e+03,-1.536000747648293554e+03,1.579052467066537775e+07,4.560588804534883797e+07,0.000000000000000000e+00,1.648941962036976032e+07,3.088405205356814861e+08,3.230658101471589544e+04,-1.940207646471107994e+00,1.285991038457723426e-08
-2.918717690097171068e+08,-8.389651447167517245e+07,-1.032911492249473184e+01,-7.262288668694242233e+02,-7.025358431779644889e+03,-1.449391219967067173e+03,1.536842328886942379e+07,4.438678299574049562e+07,0.000000000000000000e+00,1.604863586189650185e+07,2.999421269753559232e+08,3.152528583624528983e+04,-1.814788788766336758e+00,1.238571348949335587e-08
-2.836810561583743095e+08,-8.154215090442267060e+07,-9.756475378732934800e+00,-7.091456379423237877e+02,-6.636763959103150228e+03,-1.369220873885184801e+03,1.493553941694021039e+07,4.313653616660780460e+07,0.000000000000000000e+00,1.559659237595628388e+07,2.915325875220199227e+08,3.067610287054806031e+04,-1.698389385729878409e+00,1.186674762720940672e-08
-2.758557564578994513e+08,-7.929282281149488688e+07,-9.209747799447209005e+00,-6.934234647822637498e+02,-6.278393467100236194e+03,-1.295285992177985918e+03,1.449853032028214447e+07,4.187437494317412376e+07,0.000000000000000000e+00,1.514024108119215444e+07,2.836139241085895896e+08,2.978478052138024577e+04,-1.590861389608932752e+00,1.131315730162896245e-08
-2.684163569798854887e+08,-7.715441905944515765e+07,-8.692264500891477397e+00,-6.789740970474314281e+02,-5.949037149654265704e+03,-1.227336981549932943e+03,1.406313837706932798e+07,4.061688435105348378e+07,0.000000000000000000e+00,1.468557851578972302e+07,2.761841643690390587e+08,2.887413639505850369e+04,-1.491866306676055132e+00,1.073409111995715631e-08
-2.613770365945506394e+08,-7.513101526611925662e+07,-8.206138059342231728e+00,-6.657244045909473016e+02,-5.647317472416156306e+03,-1.165089644944014708e+03,1.363420074440946802e+07,3.937803497387833893e+07,0.000000000000000000e+00,1.423765593131794408e+07,2.692376824934329391e+08,2.796374317198153221e+04,-1.401019719557525578e+00,1.013782912195893010e-08
-2.547343546932412088e+08,-7.322162245243678987e+07,-7.751853865818260303e+00,-6.535766295812121598e+02,-5.371223720928213879e+03,-1.108129154859379696e+03,1.321527946708382666e+07,3.816811464051409811e+07,0.000000000000000000e+00,1.380019303008897230e+07,2.627524609935079217e+08,2.706940238101076102e+04,-1.317788970271543292e+00,9.531810974294784987e-09
-2.485037773058144450e+08,-7.143068622134916484e+07,-7.330205410399755372e+00,-6.425235593749429199e+02,-5.119780098400380666e+03,-1.056254196115639616e+03,1.280977333140614070e+07,3.699693965987684578e+07,0.000000000000000000e+00,1.337673903006111085e+07,2.567316333419750631e+08,2.620377718847245342e+04,-1.241747776238425471e+00,8.922902452468407269e-09
-2.426851964021491110e+08,-6.975817552034772933e+07,-6.940808523638041017e+00,-6.325292807671783066e+02,-4.891455374724020658e+03,-1.009148862912862114e+03,1.242009943482274935e+07,3.587149104607672244e+07,0.000000000000000000e+00,1.296981801038201712e+07,2.511631265863136351e+08,2.537666315322465380e+04,-1.172398833631970838e+00,8.317488664033589316e-09
-2.372744220313991010e+08,-6.820288597713916004e+07,-6.582744511327896397e+00,-6.235659380948407033e+02,-4.684715910065542630e+03,-9.664967523043526398e+02,1.204798366763307154e+07,3.479675348210656643e+07,0.000000000000000000e+00,1.258123224994618073e+07,2.460330247372991741e+08,2.459499517912121883e+04,-1.109248238128611508e+00,7.721273050265154704e-09
-2.322632646447598040e+08,-6.676246356275338680e+07,-6.254662496190810828e+00,-6.156112119817865960e+02,-4.498033006444044986e+03,-9.279824808896746617e+02,1.169449974002104066e+07,3.377582803695952147e+07,0.000000000000000000e+00,1.221210298177904822e+07,2.413254820249537528e+08,2.386308535501904407e+04,-1.051787416902220995e+00,7.139426543290028084e-09
-2.276403316071094275e+08,-6.543363354328717291e+07,-5.954916026933517514e+00,-6.086481128426947862e+02,-4.329912436200264892e+03,-8.932977767890379255e+02,1.136016728850332089e+07,3.281021551477588713e+07,0.000000000000000000e+00,1.186297284171595424e+07,2.370232641028265357e+08,2.318301334589460021e+04,-9.995074694625308842e-01,6.576372015842935600e-09
-2.233913941016578078e+08,-6.421230594409926981e+07,-5.681650307278844458e+00,-6.026635248320631035e+02,-4.178903719381560222e+03,-8.621433936467559533e+02,1.104501618676036038e+07,3.190000219614192098e+07,0.000000000000000000e+00,1.153387302565647848e+07,2.331079028775303066e+08,2.255496612507692771e+04,-9.519450675511761384e-01,6.035914339008741074e-09
-2.194903768588683903e+08,-6.309098560991840065e+07,-5.432409131406685354e+00,-5.976178460253444200e+02,-4.043261422930543631e+03,-8.341592337720160231e+02,1.074818866566716135e+07,3.104271068885570765e+07,0.000000000000000000e+00,1.122390779926861264e+07,2.295500588695172966e+08,2.197674640510149038e+04,-9.085248838767915336e-01,5.521204911929089490e-09
-2.159287104688758850e+08,-6.206720932334874570e+07,-5.205669706965116994e+00,-5.935329466808594816e+02,-3.922023684398006026e+03,-8.091468567575084307e+02,1.046946556521109119e+07,3.023770801920619980e+07,0.000000000000000000e+00,1.093284830242764764e+07,2.263397809731767774e+08,2.144668636699301715e+04,-8.690355420345481363e-01,5.034286004956811951e-09
-2.126866711671608388e+08,-6.113530762515805662e+07,-4.999384801926009203e+00,-5.904027724971523412e+02,-3.813926427868774226e+03,-7.868454729865014770e+02,1.020785720919977687e+07,2.948213582354989275e+07,0.000000000000000000e+00,1.065966105547478795e+07,2.234565593835790157e+08,2.096135363363057695e+04,-8.329985080889358295e-01,4.577807430905522746e-09
-2.097431648601856232e+08,-6.028921716454762220e+07,-4.811524419143717424e+00,-5.882228066748443780e+02,-3.717762099211157874e+03,-7.670059537671143062e+02,9.962152191060647368e+06,2.877249534084632248e+07,0.000000000000000000e+00,1.040308103449513018e+07,2.208792145484567285e+08,2.051658438648646188e+04,-8.000400601283311763e-01,4.153362169745378262e-09
-2.070760845664155781e+08,-5.952258344309321791e+07,-4.640102481155394365e+00,-5.869894642334717219e+02,-3.632381517199168684e+03,-7.493912132345792543e+02,9.730965271017707884e+06,2.810478574835796654e+07,0.000000000000000000e+00,1.016166168844352290e+07,2.185861208826744556e+08,2.010770548701964799e+04,-7.698416372669572016e-01,3.762042069865856002e-09
-2.046624939969467223e+08,-5.882881358372254670e+07,-4.483194204850782683e+00,-5.866989116805796129e+02,-3.556688618589608723e+03,-7.337751242159350795e+02,9.512782889286095276e+06,2.747463561197872832e+07,0.000000000000000000e+00,9.933822466771246865e+06,2.165552184194011092e+08,1.972973425684279209e+04,-7.420752497494734756e-01,3.404733888601185727e-09
-2.024790080668927729e+08,-5.820118570607271791e+07,-4.338957276711279398e+00,-5.873483737772504583e+02,-3.489642484014904312e+03,-7.199429361889549455e+02,9.306013198563454673e+06,2.687744738910818845e+07,0.000000000000000000e+00,9.717901066375447437e+06,2.147642557935814857e+08,1.937750320591708805e+04,-7.164609244219651840e-01,3.081834165641339744e-09
-2.005019539725644290e+08,-5.763289522700763494e+07,-4.205638719373822276e+00,-5.889353524628687637e+02,-3.430252275396362620e+03,-7.076902308274262623e+02,9.109019837398409843e+06,2.630849497224137932e+07,0.000000000000000000e+00,9.512188699790505692e+06,2.131908308869591653e+08,1.904580067056605549e+04,-6.927471995228848822e-01,2.793642124743201093e-09
-1.987025385476902127e+08,-5.711566575070125610e+07,-4.081405953605067083e+00,-5.914308383255757917e+02,-3.377397832165459022e+03,-6.967859094751399880e+02,8.919996274667719379e+06,2.576256077311729267e+07,0.000000000000000000e+00,9.314798878101577982e+06,2.118067884561755955e+08,1.872953406974357131e+04,-6.705987727436132362e-01,2.541456524340901411e-09
-1.970625063424575925e+08,-5.664424987479400635e+07,-3.964922784657345378e+00,-5.948608847155385320e+02,-3.330367405438581955e+03,-6.870831322814683517e+02,8.737536980080543086e+06,2.523558536632572860e+07,0.000000000000000000e+00,9.124263861801629886e+06,2.105955624933972955e+08,1.842372045991575942e+04,-6.500266564301100392e-01,2.323395165149122394e-09
-1.955581041843031943e+08,-5.621181991467471421e+07,-3.854716074754691135e+00,-5.992233446088658866e+02,-3.288292388687732910e+03,-6.784026983291183797e+02,8.560021814088357612e+06,2.472288949614791200e+07,0.000000000000000000e+00,8.938891803202537820e+06,2.095345671718893051e+08,1.812352088494340933e+04,-6.307149152411691828e-01,2.140875949407927801e-09
