# particle number concentration assuming water not removed from particles (#/cc (air)), with time changing with rows (corresponding times given in the time output file) and size bin changing with columns with size bin numbers given in the second row of the header
# 12
1.200000000000000000e+05,8.123716880680734098e-134
1.153159796293549589e+05,0.000000000000000000e+00
1.109874585597661790e+05,0.000000000000000000e+00
1.069759976439086167e+05,0.000000000000000000e+00
1.032479175441503903e+05,0.000000000000000000e+00
9.977416601694186102e+04,0.000000000000000000e+00
9.652955798443230742e+04,0.000000000000000000e+00
9.349197842358952039e+04,0.000000000000000000e+00
9.064202013194348547e+04,0.000000000000000000e+00
8.796262130886552040e+04,0.000000000000000000e+00
8.543872066468087723e+04,0.000000000000000000e+00
8.305695739558589412e+04,0.000000000000000000e+00
8.080535546669352334e+04,0.000000000000000000e+00
7.867323762080176675e+04,0.000000000000000000e+00
7.665107702131170663e+04,0.000000000000000000e+00
7.473034934250578226e+04,0.000000000000000000e+00
7.290340497206179134e+04,0.000000000000000000e+00
7.116335966992040630e+04,0.000000000000000000e+00
6.950400086338016263e+04,0.000000000000000000e+00
6.791970756050843920e+04,0.000000000000000000e+00
6.640537984412076185e+04,0.000000000000000000e+00
6.495637940302032803e+04,0.000000000000000000e+00
6.356847761728243495e+04,0.000000000000000000e+00
6.223781041239068873e+04,0.000000000000000000e+00
6.096083896907503367e+04,0.000000000000000000e+00
5.973431544151664275e+04,0.000000000000000000e+00
5.855525312998686422e+04,0.000000000000000000e+00
5.742089981779355730e+04,0.000000000000000000e+00
5.632871482056125387e+04,0.000000000000000000e+00
5.527634859526416403e+04,0.000000000000000000e+00
5.426162472735007759e+04,0.000000000000000000e+00
5.328252395659282047e+04,0.000000000000000000e+00
5.233717004184886900e+04,0.000000000000000000e+00
5.142381704190949677e+04,0.000000000000000000e+00
5.054083805273142934e+04,0.000000000000000000e+00
4.968671511422955518e+04,0.000000000000000000e+00
4.886003016081163514e+04,0.000000000000000000e+00
4.805945688989577320e+04,0.000000000000000000e+00
4.728375342358787748e+04,0.000000000000000000e+00
4.653175577557909128e+04,0.000000000000000000e+00
4.580237167950605362e+04,0.000000000000000000e+00
4.509457521566939977e+04,0.000000000000000000e+00
4.440740188496106566e+04,0.000000000000000000e+00
4.373994409739155526e+04,0.000000000000000000e+00
4.309134706547060341e+04,0.000000000000000000e+00
4.246080505232280120e+04,0.000000000000000000e+00
4.184755792427033157e+04,0.000000000000000000e+00
4.125088807205491321e+04,0.000000000000000000e+00
4.067011733277441817e+04,0.000000000000000000e+00
4.010460441007929330e+04,0.000000000000000000e+00
4.010460441007929330e+04,0.000000000000000000e+00
