# the total concentration (ug/m3) of injected (through initial gas-phase concentration, instantaneous and/or continuous gas-phase influx) components, with component index (relative to all components) in the first row and its cumulative injected concentrations in following rows
1.000000000000000000e+00,2.000000000000000000e+01,7.000000000000000000e+00,1.000000000000000000e+01,2.900000000000000000e+01,2.000000000000000000e+00,3.000000000000000000e+00,1.200000000000000000e+01,5.600000000000000000e+01
0.000000000000000000e+00,2.038828357094070896e+02,0.000000000000000000e+00,1.864825860108366271e+02,1.333808527245032337e+03,1.510402639160184179e+01,5.737511098687919642e+00,1.954404971778726630e+00,0.000000000000000000e+00
0.000000000000000000e+00,2.038828357094070896e+02,0.000000000000000000e+00,1.864825860108366271e+02,1.333808527245032337e+03,1.510402639160184179e+01,5.737511098687919642e+00,1.954404971778726630e+00,0.000000000000000000e+00
0.000000000000000000e+00,2.038828357094070896e+02,0.000000000000000000e+00,1.864825860108366271e+02,1.333808527245032337e+03,1.510402639160184179e+01,5.737511098687919642e+00,1.954404971778726630e+00,0.000000000000000000e+00
0.000000000000000000e+00,2.038828357094070896e+02,0.000000000000000000e+00,1.864825860108366271e+02,1.333808527245032337e+03,1.510402639160184179e+01,5.737511098687919642e+00,1.954404971778726630e+00,0.000000000000000000e+00
0.000000000000000000e+00,2.038828357094070896e+02,0.000000000000000000e+00,1.864825860108366271e+02,1.333808527245032337e+03,1.510402639160184179e+01,5.737511098687919642e+00,1.954404971778726630e+00,0.000000000000000000e+00
0.000000000000000000e+00,2.038828357094070896e+02,0.000000000000000000e+00,1.864825860108366271e+02,1.333808527245032337e+03,1.806990793758911096e+01,1.606503107632618388e+00,3.361576551459410034e+00,0.000000000000000000e+00
0.000000000000000000e+00,2.038828357094070896e+02,0.000000000000000000e+00,1.864825860108366271e+02,1.333808527245032337e+03,1.806990793758911096e+01,1.606503107632618388e+00,3.361576551459410034e+00,0.000000000000000000e+00
0.000000000000000000e+00,2.038828357094070896e+02,0.000000000000000000e+00,1.864825860108366271e+02,1.333808527245032337e+03,1.806990793758911096e+01,1.606503107632618388e+00,3.361576551459410034e+00,0.000000000000000000e+00
0.000000000000000000e+00,2.038828357094070896e+02,0.000000000000000000e+00,1.864825860108366271e+02,1.333808527245032337e+03,1.806990793758911096e+01,1.606503107632618388e+00,3.361576551459410034e+00,0.000000000000000000e+00
0.000000000000000000e+00,2.038828357094070896e+02,0.000000000000000000e+00,1.864825860108366271e+02,1.333808527245032337e+03,1.806990793758911096e+01,1.606503107632618388e+00,3.361576551459410034e+00,0.000000000000000000e+00
0.000000000000000000e+00,2.038828357094070896e+02,0.000000000000000000e+00,1.864825860108366271e+02,1.333808527245032337e+03,2.202441666557214006e+01,-3.901507547107785356e+00,4.065162341299751958e+00,0.000000000000000000e+00
0.000000000000000000e+00,2.038828357094070896e+02,0.000000000000000000e+00,1.864825860108366271e+02,1.333808527245032337e+03,2.202441666557214006e+01,-3.901507547107785356e+00,4.065162341299751958e+00,0.000000000000000000e+00
0.000000000000000000e+00,2.038828357094070896e+02,0.000000000000000000e+00,1.864825860108366271e+02,1.333808527245032337e+03,2.202441666557214006e+01,-3.901507547107785356e+00,4.065162341299751958e+00,0.000000000000000000e+00
0.000000000000000000e+00,2.038828357094070896e+02,0.000000000000000000e+00,1.864825860108366271e+02,1.333808527245032337e+03,2.202441666557214006e+01,-3.901507547107785356e+00,4.065162341299751958e+00,0.000000000000000000e+00
0.000000000000000000e+00,2.038828357094070896e+02,0.000000000000000000e+00,1.864825860108366271e+02,1.333808527245032337e+03,2.202441666557214006e+01,-3.901507547107785356e+00,4.065162341299751958e+00,0.000000000000000000e+00
0.000000000000000000e+00,2.038828357094070896e+02,0.000000000000000000e+00,1.864825860108366271e+02,1.333808527245032337e+03,2.202441666557214006e+01,-3.901507547107785356e+00,4.065162341299751958e+00,0.000000000000000000e+00
0.000000000000000000e+00,2.038828357094070896e+02,0.000000000000000000e+00,1.864825860108366271e+02,1.333808527245032337e+03,2.202441666557214006e+01,-3.901507547107785356e+00,4.065162341299751958e+00,0.000000000000000000e+00
0.000000000000000000e+00,2.038828357094070896e+02,0.000000000000000000e+00,1.864825860108366271e+02,1.333808527245032337e+03,2.202441666557214006e+01,-3.901507547107785356e+00,4.065162341299751958e+00,0.000000000000000000e+00
0.000000000000000000e+00,2.038828357094070896e+02,0.000000000000000000e+00,1.864825860108366271e+02,1.333808527245032337e+03,2.202441666557214006e+01,-3.901507547107785356e+00,4.065162341299751958e+00,0.000000000000000000e+00
0.000000000000000000e+00,2.038828357094070896e+02,0.000000000000000000e+00,1.864825860108366271e+02,1.333808527245032337e+03,2.202441666557214006e+01,-3.901507547107785356e+00,4.065162341299751958e+00,0.000000000000000000e+00
0.000000000000000000e+00,2.038828357094070896e+02,0.000000000000000000e+00,1.864825860108366271e+02,1.333808527245032337e+03,2.597892539355516561e+01,-9.409518201848189989e+00,4.768748131140093882e+00,0.000000000000000000e+00
0.000000000000000000e+00,2.038828357094070896e+02,0.000000000000000000e+00,1.864825860108366271e+02,1.333808527245032337e+03,2.993343412153819116e+01,-1.491752885658859284e+01,5.472333920980435806e+00,0.000000000000000000e+00
0.000000000000000000e+00,2.038828357094070896e+02,0.000000000000000000e+00,1.864825860108366271e+02,1.333808527245032337e+03,3.388794284952121671e+01,-2.042553951132899570e+01,6.175919710820777730e+00,0.000000000000000000e+00
0.000000000000000000e+00,2.038828357094070896e+02,0.000000000000000000e+00,1.864825860108366271e+02,1.333808527245032337e+03,3.784245157750424227e+01,-2.593355016606939856e+01,6.879505500661119655e+00,0.000000000000000000e+00
0.000000000000000000e+00,2.038828357094070896e+02,0.000000000000000000e+00,1.864825860108366271e+02,1.333808527245032337e+03,4.179696030548726782e+01,-3.144156082080980141e+01,7.583091290501461579e+00,0.000000000000000000e+00
0.000000000000000000e+00,2.038828357094070896e+02,0.000000000000000000e+00,1.864825860108366271e+02,1.333808527245032337e+03,4.575146903347029337e+01,-3.694957147555020782e+01,8.286677080341803503e+00,0.000000000000000000e+00
0.000000000000000000e+00,2.038828357094070896e+02,0.000000000000000000e+00,1.864825860108366271e+02,1.333808527245032337e+03,4.970597776145331892e+01,-4.245758213029061068e+01,8.990262870182144539e+00,0.000000000000000000e+00
0.000000000000000000e+00,2.038828357094070896e+02,0.000000000000000000e+00,1.864825860108366271e+02,1.333808527245032337e+03,5.366048648943634447e+01,-4.796559278503101353e+01,9.693848660022485575e+00,0.000000000000000000e+00
0.000000000000000000e+00,2.038828357094070896e+02,0.000000000000000000e+00,1.864825860108366271e+02,1.333808527245032337e+03,5.761499521741937002e+01,-5.347360343977141639e+01,1.039743444986282661e+01,0.000000000000000000e+00
0.000000000000000000e+00,2.038828357094070896e+02,0.000000000000000000e+00,1.864825860108366271e+02,1.333808527245032337e+03,6.156950394540239557e+01,-5.898161409451181925e+01,1.110102023970316765e+01,0.000000000000000000e+00
0.000000000000000000e+00,2.038828357094070896e+02,0.000000000000000000e+00,1.864825860108366271e+02,1.333808527245032337e+03,6.552401267338542823e+01,-6.448962474925222921e+01,1.180460602954350868e+01,0.000000000000000000e+00
0.000000000000000000e+00,2.038828357094070896e+02,0.000000000000000000e+00,1.864825860108366271e+02,1.333808527245032337e+03,6.947852140136845378e+01,-6.999763540399263206e+01,1.250819181938384972e+01,0.000000000000000000e+00
0.000000000000000000e+00,2.038828357094070896e+02,0.000000000000000000e+00,1.864825860108366271e+02,1.333808527245032337e+03,7.343303012935147933e+01,-7.550564605873303492e+01,1.321177760922419075e+01,0.000000000000000000e+00
0.000000000000000000e+00,2.038828357094070896e+02,0.000000000000000000e+00,1.864825860108366271e+02,1.333808527245032337e+03,7.738753885733450488e+01,-8.101365671347343778e+01,1.391536339906453179e+01,0.000000000000000000e+00
0.000000000000000000e+00,2.038828357094070896e+02,0.000000000000000000e+00,1.864825860108366271e+02,1.333808527245032337e+03,8.134204758531753043e+01,-8.652166736821384063e+01,1.461894918890487283e+01,0.000000000000000000e+00
0.000000000000000000e+00,2.038828357094070896e+02,0.000000000000000000e+00,1.864825860108366271e+02,1.333808527245032337e+03,8.529655631330055598e+01,-9.202967802295424349e+01,1.532253497874521386e+01,0.000000000000000000e+00
0.000000000000000000e+00,2.038828357094070896e+02,0.000000000000000000e+00,1.864825860108366271e+02,1.333808527245032337e+03,8.925106504128358154e+01,-9.753768867769464634e+01,1.602612076858555668e+01,0.000000000000000000e+00
0.000000000000000000e+00,2.038828357094070896e+02,0.000000000000000000e+00,1.864825860108366271e+02,1.333808527245032337e+03,9.320557376926660709e+01,-1.030456993324350492e+02,1.672970655842589949e+01,0.000000000000000000e+00
0.000000000000000000e+00,2.038828357094070896e+02,0.000000000000000000e+00,1.864825860108366271e+02,1.333808527245032337e+03,9.716008249724963264e+01,-1.085537099871754521e+02,1.743329234826624230e+01,0.000000000000000000e+00
0.000000000000000000e+00,2.038828357094070896e+02,0.000000000000000000e+00,1.864825860108366271e+02,1.333808527245032337e+03,1.011145912252326582e+02,-1.140617206419158549e+02,1.813687813810658511e+01,0.000000000000000000e+00
0.000000000000000000e+00,2.038828357094070896e+02,0.000000000000000000e+00,1.864825860108366271e+02,1.333808527245032337e+03,1.050690999532156837e+02,-1.195697312966562578e+02,1.884046392794692792e+01,0.000000000000000000e+00
0.000000000000000000e+00,2.038828357094070896e+02,0.000000000000000000e+00,1.864825860108366271e+02,1.333808527245032337e+03,1.090236086811987093e+02,-1.250777419513966606e+02,1.954404971778727074e+01,0.000000000000000000e+00
0.000000000000000000e+00,2.038828357094070896e+02,0.000000000000000000e+00,1.864825860108366271e+02,1.333808527245032337e+03,1.129781174091817348e+02,-1.305857526061370777e+02,2.024763550762761355e+01,0.000000000000000000e+00
0.000000000000000000e+00,2.038828357094070896e+02,0.000000000000000000e+00,1.864825860108366271e+02,1.333808527245032337e+03,1.169326261371647604e+02,-1.360937632608774948e+02,2.095122129746795636e+01,0.000000000000000000e+00
0.000000000000000000e+00,2.038828357094070896e+02,0.000000000000000000e+00,1.864825860108366271e+02,1.333808527245032337e+03,1.208871348651477859e+02,-1.416017739156179118e+02,2.165480708730829917e+01,0.000000000000000000e+00
0.000000000000000000e+00,2.038828357094070896e+02,0.000000000000000000e+00,1.864825860108366271e+02,1.333808527245032337e+03,1.248416435931308115e+02,-1.471097845703583289e+02,2.235839287714864199e+01,0.000000000000000000e+00
0.000000000000000000e+00,2.038828357094070896e+02,0.000000000000000000e+00,1.864825860108366271e+02,1.333808527245032337e+03,1.287961523211138513e+02,-1.526177952250987460e+02,2.306197866698898480e+01,0.000000000000000000e+00
0.000000000000000000e+00,2.038828357094070896e+02,0.000000000000000000e+00,1.864825860108366271e+02,1.333808527245032337e+03,1.327506610490968910e+02,-1.581258058798391630e+02,2.376556445682932761e+01,0.000000000000000000e+00
0.000000000000000000e+00,2.038828357094070896e+02,0.000000000000000000e+00,1.864825860108366271e+02,1.333808527245032337e+03,1.367051697770799308e+02,-1.636338165345795801e+02,2.446915024666967042e+01,0.000000000000000000e+00
0.000000000000000000e+00,2.038828357094070896e+02,0.000000000000000000e+00,1.864825860108366271e+02,1.333808527245032337e+03,1.406596785050629705e+02,-1.691418271893199972e+02,2.517273603651001324e+01,0.000000000000000000e+00
0.000000000000000000e+00,2.038828357094070896e+02,0.000000000000000000e+00,1.864825860108366271e+02,1.333808527245032337e+03,1.446141872330460103e+02,-1.746498378440604142e+02,2.587632182635035605e+01,0.000000000000000000e+00
