# chamber environmental conditions throughout the simulation, with rows corresponding to the time points in the time output file, first column is temperature (K), second is pressure (Pa), third is relative humidity (fraction (0-1), fourth is transmission factor of light (0-1))
298.0,120000.0,0.5000001694638057,1.0
298.0,120000.0,0.5000001674917259,1.0
298.0,120000.0,0.5000001674917259,1.0
298.0,120000.0,0.5000001674917259,1.0
298.0,120000.0,0.5000001674917259,1.0
298.0,120000.0,0.5000001674917259,1.0
298.0,120000.0,0.5000001674917259,1.0
298.0,120000.0,0.5000001674917259,1.0
298.0,120000.0,0.5000001674917259,1.0
298.0,120000.0,0.5000001674917259,1.0
298.0,120000.0,0.5000001674917259,1.0
298.0,120000.0,0.5000001674917259,1.0
298.0,120000.0,0.5000001674917259,1.0
298.0,120000.0,0.5000001674917259,1.0
298.0,120000.0,0.5000001674917259,1.0
298.0,120000.0,0.5000001674917259,1.0
298.0,120000.0,0.5000001674917259,1.0
298.0,120000.0,0.5000001674917259,1.0
298.0,120000.0,0.5000001674917259,1.0
298.0,120000.0,0.5000001674928293,1.0
298.0,120000.0,0.5000001672198173,1.0
298.0,120000.0,0.5000001660523233,1.0
298.0,120000.0,0.5000001637102461,1.0
298.0,120000.0,0.5000001611667713,1.0
298.0,120000.0,0.5000001594860591,1.0
298.0,120000.0,0.5000001584333226,1.0
298.0,120000.0,0.5000001568743601,1.0
298.0,120000.0,0.5000001563341673,1.0
298.0,120000.0,0.5000001552852611,1.0
298.0,120000.0,0.5000001547751529,1.0
298.0,120000.0,0.5000001537018613,1.0
298.0,120000.0,0.5000001536917502,1.0
298.0,120000.0,0.5000001522029625,1.0
298.0,120000.0,0.5000001521437356,1.0
298.0,120000.0,0.5000001512463635,1.0
298.0,120000.0,0.5000001505135231,1.0
298.0,120000.0,0.50000015051285,1.0
298.0,120000.0,0.5000001493511954,1.0
298.0,120000.0,0.5000001489056453,1.0
298.0,120000.0,0.500000148907554,1.0
298.0,120000.0,0.5000001478188377,1.0
298.0,120000.0,0.5000001473721802,1.0
298.0,120000.0,0.5000001473735088,1.0
298.0,120000.0,0.5000001473555925,1.0
298.0,120000.0,0.5000001461828035,1.0
298.0,120000.0,0.5000001460497003,1.0
298.0,120000.0,0.5000001460502967,1.0
298.0,120000.0,0.5000001460584974,1.0
298.0,120000.0,0.5000001450712503,1.0
298.0,120000.0,0.5000001450113979,1.0
298.0,120000.0,0.500000144994831,1.0
298.0,120000.0,0.5000001449773877,1.0
298.0,120000.0,0.5000001449711752,1.0
298.0,120000.0,0.5000001449732796,1.0
298.0,120000.0,0.5000001449678445,1.0
298.0,120000.0,0.5000001449519614,1.0
298.0,120000.0,0.5000001449486379,1.0
298.0,120000.0,0.5000001449563982,1.0
298.0,120000.0,0.5000001449671997,1.0
298.0,120000.0,0.5000001449778663,1.0
298.0,120000.0,0.500000144988602,1.0
298.0,120000.0,0.5000001449969173,1.0
298.0,120000.0,0.500000145003024,1.0
298.0,120000.0,0.5000001450074583,1.0
298.0,120000.0,0.5000001450101843,1.0
298.0,120000.0,0.5000001450137656,1.0
298.0,120000.0,0.5000001450135123,1.0
298.0,120000.0,0.5000001450106895,1.0
298.0,120000.0,0.5000001450028425,1.0
298.0,120000.0,0.5000001449929329,1.0
298.0,120000.0,0.5000001449809045,1.0
298.0,120000.0,0.5000001449666237,1.0
298.0,120000.0,0.5000001449499037,1.0
298.0,120000.0,0.5000001449282665,1.0
298.0,120000.0,0.5000001449022845,1.0
298.0,120000.0,0.5000001448717921,1.0
298.0,120000.0,0.5000001448380659,1.0
298.0,120000.0,0.5000001448012387,1.0
298.0,120000.0,0.5000001447571388,1.0
298.0,120000.0,0.5000001446923681,1.0
298.0,120000.0,0.50000014461677,1.0
298.0,120000.0,0.5000001445290897,1.0
298.0,120000.0,0.5000001444279335,1.0
298.0,120000.0,0.5000001443120474,1.0
298.0,120000.0,0.5000001441803044,1.0
