number_of_size_bins,17
number_of_components,993
factor_for_multiplying_ppb_to_get_molec/cm3_with_time,[[29166324226.20166], [29166324226.20166], [29166324226.20166], [29166324226.20166], [29166324226.20166], [29166324226.20166], [29166324226.20166], [29166324226.20166], [29166324226.20166], [29166324226.20166], [29166324226.20166], [29166324226.20166], [29166324226.20166], [29166324226.20166], [29166324226.20166], [29166324226.20166], [29166324226.20166], [29166324226.20166], [29166324226.20166], [29166324226.20166], [29166324226.20166], [29166324226.20166], [29166324226.20166], [29166324226.20166], [29166324226.20166], [29166324226.20166], [29166324226.20166], [29166324226.20166], [29166324226.20166], [29166324226.20166], [29166324226.20166], [29166324226.20166], [29166324226.20166], [29166324226.20166], [29166324226.20166], [29166324226.20166], [29166324226.20166], [29166324226.20166], [29166324226.20166], [29166324226.20166], [29166324226.20166], [29166324226.20166], [29166324226.20166], [29166324226.20166], [29166324226.20166], [29166324226.20166], [29166324226.20166], [29166324226.20166], [29166324226.20166], [29166324226.20166], [29166324226.20166], [29166324226.20166], [29166324226.20166], [29166324226.20166], [29166324226.20166], [29166324226.20166], [29166324226.20166], [29166324226.20166], [29166324226.20166], [29166324226.20166], [29166324226.20166], [29166324226.20166], [29166324226.20166], [29166324226.20166], [29166324226.20166], [29166324226.20166], [29166324226.20166], [29166324226.20166], [29166324226.20166], [29166324226.20166], [29166324226.20166], [29166324226.20166], [29166324226.20166], [29166324226.20166], [29166324226.20166], [29166324226.20166], [29166324226.20166], [29166324226.20166], [29166324226.20166], [29166324226.20166], [29166324226.20166], [29166324226.20166], [29166324226.20166], [29166324226.20166], [29166324226.20166]]
simulation_computer_time(s),751.1024231910706
seed_name,['core']
wall_on_flag_0forNO_>0forYES,1
space_mode,lin
index_of_water,991
index_of_seed_components,[992]
size_structure_0_for_moving_centre_1_for_full_moving,0
output_by_sim_sch_ext,C:\Users\Psymo\Desktop\PyCHAM\PyCHAM\PyCHAM/output\fig01_scheme\fig01_res_16sb_newD/inputs/fig01_scheme.txt
output_by_sim_mv_ext,C:\Users\Psymo\Desktop\PyCHAM\PyCHAM\PyCHAM/output\fig01_scheme\fig01_res_16sb_newD/inputs/fig01_mod_var.txt
