# particle number concentration assuming water removed from particles (#/cm3 (air)), with time changing with rows (corresponding times given in the time output file) and size bin changing with columns with size bin numbers given in the second row of the header
# 12345678910111213141516
0.000000000000000000e+00,0.000000000000000000e+00,0.000000000000000000e+00,0.000000000000000000e+00,0.000000000000000000e+00,0.000000000000000000e+00,0.000000000000000000e+00,0.000000000000000000e+00,0.000000000000000000e+00,0.000000000000000000e+00,0.000000000000000000e+00,0.000000000000000000e+00,0.000000000000000000e+00,0.000000000000000000e+00,0.000000000000000000e+00,0.000000000000000000e+00
0.000000000000000000e+00,0.000000000000000000e+00,0.000000000000000000e+00,0.000000000000000000e+00,0.000000000000000000e+00,0.000000000000000000e+00,0.000000000000000000e+00,0.000000000000000000e+00,0.000000000000000000e+00,0.000000000000000000e+00,0.000000000000000000e+00,0.000000000000000000e+00,0.000000000000000000e+00,0.000000000000000000e+00,0.000000000000000000e+00,0.000000000000000000e+00
0.000000000000000000e+00,0.000000000000000000e+00,0.000000000000000000e+00,0.000000000000000000e+00,0.000000000000000000e+00,0.000000000000000000e+00,0.000000000000000000e+00,0.000000000000000000e+00,0.000000000000000000e+00,0.000000000000000000e+00,0.000000000000000000e+00,0.000000000000000000e+00,0.000000000000000000e+00,0.000000000000000000e+00,0.000000000000000000e+00,0.000000000000000000e+00
0.000000000000000000e+00,0.000000000000000000e+00,0.000000000000000000e+00,0.000000000000000000e+00,0.000000000000000000e+00,0.000000000000000000e+00,0.000000000000000000e+00,0.000000000000000000e+00,0.000000000000000000e+00,0.000000000000000000e+00,0.000000000000000000e+00,0.000000000000000000e+00,0.000000000000000000e+00,0.000000000000000000e+00,0.000000000000000000e+00,0.000000000000000000e+00
0.000000000000000000e+00,0.000000000000000000e+00,0.000000000000000000e+00,0.000000000000000000e+00,0.000000000000000000e+00,0.000000000000000000e+00,0.000000000000000000e+00,0.000000000000000000e+00,0.000000000000000000e+00,0.000000000000000000e+00,0.000000000000000000e+00,0.000000000000000000e+00,0.000000000000000000e+00,0.000000000000000000e+00,0.000000000000000000e+00,0.000000000000000000e+00
0.000000000000000000e+00,0.000000000000000000e+00,0.000000000000000000e+00,0.000000000000000000e+00,0.000000000000000000e+00,0.000000000000000000e+00,0.000000000000000000e+00,0.000000000000000000e+00,0.000000000000000000e+00,0.000000000000000000e+00,0.000000000000000000e+00,0.000000000000000000e+00,0.000000000000000000e+00,0.000000000000000000e+00,0.000000000000000000e+00,0.000000000000000000e+00
0.000000000000000000e+00,0.000000000000000000e+00,0.000000000000000000e+00,0.000000000000000000e+00,0.000000000000000000e+00,0.000000000000000000e+00,0.000000000000000000e+00,0.000000000000000000e+00,0.000000000000000000e+00,0.000000000000000000e+00,0.000000000000000000e+00,0.000000000000000000e+00,0.000000000000000000e+00,0.000000000000000000e+00,0.000000000000000000e+00,0.000000000000000000e+00
0.000000000000000000e+00,0.000000000000000000e+00,0.000000000000000000e+00,0.000000000000000000e+00,0.000000000000000000e+00,0.000000000000000000e+00,0.000000000000000000e+00,0.000000000000000000e+00,0.000000000000000000e+00,0.000000000000000000e+00,0.000000000000000000e+00,0.000000000000000000e+00,0.000000000000000000e+00,0.000000000000000000e+00,0.000000000000000000e+00,0.000000000000000000e+00
0.000000000000000000e+00,0.000000000000000000e+00,0.000000000000000000e+00,0.000000000000000000e+00,0.000000000000000000e+00,0.000000000000000000e+00,0.000000000000000000e+00,0.000000000000000000e+00,0.000000000000000000e+00,0.000000000000000000e+00,0.000000000000000000e+00,0.000000000000000000e+00,0.000000000000000000e+00,0.000000000000000000e+00,0.000000000000000000e+00,0.000000000000000000e+00
0.000000000000000000e+00,0.000000000000000000e+00,0.000000000000000000e+00,0.000000000000000000e+00,0.000000000000000000e+00,0.000000000000000000e+00,0.000000000000000000e+00,0.000000000000000000e+00,0.000000000000000000e+00,0.000000000000000000e+00,0.000000000000000000e+00,0.000000000000000000e+00,0.000000000000000000e+00,0.000000000000000000e+00,0.000000000000000000e+00,0.000000000000000000e+00
0.000000000000000000e+00,0.000000000000000000e+00,0.000000000000000000e+00,0.000000000000000000e+00,0.000000000000000000e+00,0.000000000000000000e+00,0.000000000000000000e+00,0.000000000000000000e+00,0.000000000000000000e+00,0.000000000000000000e+00,0.000000000000000000e+00,0.000000000000000000e+00,0.000000000000000000e+00,0.000000000000000000e+00,0.000000000000000000e+00,0.000000000000000000e+00
0.000000000000000000e+00,0.000000000000000000e+00,0.000000000000000000e+00,0.000000000000000000e+00,0.000000000000000000e+00,0.000000000000000000e+00,0.000000000000000000e+00,0.000000000000000000e+00,0.000000000000000000e+00,0.000000000000000000e+00,0.000000000000000000e+00,0.000000000000000000e+00,0.000000000000000000e+00,0.000000000000000000e+00,0.000000000000000000e+00,0.000000000000000000e+00
0.000000000000000000e+00,0.000000000000000000e+00,0.000000000000000000e+00,0.000000000000000000e+00,0.000000000000000000e+00,0.000000000000000000e+00,0.000000000000000000e+00,0.000000000000000000e+00,0.000000000000000000e+00,0.000000000000000000e+00,0.000000000000000000e+00,0.000000000000000000e+00,0.000000000000000000e+00,0.000000000000000000e+00,0.000000000000000000e+00,0.000000000000000000e+00
0.000000000000000000e+00,0.000000000000000000e+00,0.000000000000000000e+00,0.000000000000000000e+00,0.000000000000000000e+00,0.000000000000000000e+00,0.000000000000000000e+00,0.000000000000000000e+00,0.000000000000000000e+00,0.000000000000000000e+00,0.000000000000000000e+00,0.000000000000000000e+00,0.000000000000000000e+00,0.000000000000000000e+00,0.000000000000000000e+00,0.000000000000000000e+00
0.000000000000000000e+00,0.000000000000000000e+00,0.000000000000000000e+00,0.000000000000000000e+00,0.000000000000000000e+00,0.000000000000000000e+00,0.000000000000000000e+00,0.000000000000000000e+00,0.000000000000000000e+00,0.000000000000000000e+00,0.000000000000000000e+00,0.000000000000000000e+00,0.000000000000000000e+00,0.000000000000000000e+00,0.000000000000000000e+00,0.000000000000000000e+00
0.000000000000000000e+00,0.000000000000000000e+00,0.000000000000000000e+00,0.000000000000000000e+00,0.000000000000000000e+00,0.000000000000000000e+00,0.000000000000000000e+00,0.000000000000000000e+00,0.000000000000000000e+00,0.000000000000000000e+00,0.000000000000000000e+00,0.000000000000000000e+00,0.000000000000000000e+00,0.000000000000000000e+00,0.000000000000000000e+00,0.000000000000000000e+00
0.000000000000000000e+00,0.000000000000000000e+00,0.000000000000000000e+00,0.000000000000000000e+00,0.000000000000000000e+00,0.000000000000000000e+00,0.000000000000000000e+00,0.000000000000000000e+00,0.000000000000000000e+00,0.000000000000000000e+00,0.000000000000000000e+00,0.000000000000000000e+00,0.000000000000000000e+00,0.000000000000000000e+00,0.000000000000000000e+00,0.000000000000000000e+00
1.058652713199628437e+01,0.000000000000000000e+00,0.000000000000000000e+00,0.000000000000000000e+00,0.000000000000000000e+00,0.000000000000000000e+00,0.000000000000000000e+00,0.000000000000000000e+00,0.000000000000000000e+00,0.000000000000000000e+00,0.000000000000000000e+00,0.000000000000000000e+00,0.000000000000000000e+00,0.000000000000000000e+00,0.000000000000000000e+00,0.000000000000000000e+00
8.689933926492533089e+01,0.000000000000000000e+00,0.000000000000000000e+00,0.000000000000000000e+00,0.000000000000000000e+00,0.000000000000000000e+00,0.000000000000000000e+00,0.000000000000000000e+00,0.000000000000000000e+00,0.000000000000000000e+00,0.000000000000000000e+00,0.000000000000000000e+00,0.000000000000000000e+00,0.000000000000000000e+00,0.000000000000000000e+00,0.000000000000000000e+00
3.827799163331001182e+02,0.000000000000000000e+00,0.000000000000000000e+00,0.000000000000000000e+00,0.000000000000000000e+00,0.000000000000000000e+00,0.000000000000000000e+00,0.000000000000000000e+00,0.000000000000000000e+00,0.000000000000000000e+00,0.000000000000000000e+00,0.000000000000000000e+00,0.000000000000000000e+00,0.000000000000000000e+00,0.000000000000000000e+00,0.000000000000000000e+00
1.056275103517040861e+03,7.113650046449886133e-02,0.000000000000000000e+00,0.000000000000000000e+00,0.000000000000000000e+00,0.000000000000000000e+00,0.000000000000000000e+00,0.000000000000000000e+00,0.000000000000000000e+00,0.000000000000000000e+00,0.000000000000000000e+00,0.000000000000000000e+00,0.000000000000000000e+00,0.000000000000000000e+00,0.000000000000000000e+00,0.000000000000000000e+00
1.071502521723312839e+03,1.034614425888223195e+03,5.438398419791367483e-02,0.000000000000000000e+00,0.000000000000000000e+00,0.000000000000000000e+00,0.000000000000000000e+00,0.000000000000000000e+00,0.000000000000000000e+00,0.000000000000000000e+00,0.000000000000000000e+00,0.000000000000000000e+00,0.000000000000000000e+00,0.000000000000000000e+00,0.000000000000000000e+00,0.000000000000000000e+00
8.042746037712087173e+02,1.551864600290152566e+03,1.021220770124992782e+03,9.432821288721979225e-02,0.000000000000000000e+00,0.000000000000000000e+00,0.000000000000000000e+00,0.000000000000000000e+00,0.000000000000000000e+00,0.000000000000000000e+00,0.000000000000000000e+00,0.000000000000000000e+00,0.000000000000000000e+00,0.000000000000000000e+00,0.000000000000000000e+00,0.000000000000000000e+00
5.297800214320952819e+02,1.588608003910186198e+03,1.529007513690330370e+03,1.011676556912948399e+03,1.252591275393509784e-01,0.000000000000000000e+00,0.000000000000000000e+00,0.000000000000000000e+00,0.000000000000000000e+00,0.000000000000000000e+00,0.000000000000000000e+00,0.000000000000000000e+00,0.000000000000000000e+00,0.000000000000000000e+00,0.000000000000000000e+00,0.000000000000000000e+00
2.302248056369089682e+02,1.487803023717425049e+03,1.561094909514099527e+03,1.511980079610500752e+03,1.004541186549502754e+03,1.135271180701601240e-01,0.000000000000000000e+00,0.000000000000000000e+00,0.000000000000000000e+00,0.000000000000000000e+00,0.000000000000000000e+00,0.000000000000000000e+00,0.000000000000000000e+00,0.000000000000000000e+00,0.000000000000000000e+00,0.000000000000000000e+00
1.214920070172149963e+03,1.456446822950738806e+03,1.540986175605483368e+03,1.497733748130785443e+03,9.974732775396125817e+02,1.234660036358984359e+00,4.287211070600083218e-02,0.000000000000000000e+00,0.000000000000000000e+00,0.000000000000000000e+00,0.000000000000000000e+00,0.000000000000000000e+00,0.000000000000000000e+00,0.000000000000000000e+00,0.000000000000000000e+00,0.000000000000000000e+00
6.048143034729991996e+02,1.354906825005548853e+03,1.433951869500653629e+03,1.523980279307348383e+03,1.485261083655413131e+03,9.929417386307682136e+02,4.834166744481463995e-01,8.064284855662705526e-05,0.000000000000000000e+00,0.000000000000000000e+00,0.000000000000000000e+00,0.000000000000000000e+00,0.000000000000000000e+00,0.000000000000000000e+00,0.000000000000000000e+00,0.000000000000000000e+00
1.056742880443744070e+02,1.065986056414709765e+03,2.744706692433206626e+03,1.508917030617485807e+03,1.473546457674679914e+03,9.871990288712897836e+02,1.414340080700297486e+00,9.748552449647613152e-04,0.000000000000000000e+00,0.000000000000000000e+00,0.000000000000000000e+00,0.000000000000000000e+00,0.000000000000000000e+00,0.000000000000000000e+00,0.000000000000000000e+00,0.000000000000000000e+00
5.241582299250258075e+02,1.040154302522969829e+03,2.707136507417883422e+03,6.273760348108742280e-01,2.956544659776342542e+03,9.820345835558374574e+02,3.181637801378081054e+00,1.927055658642370106e-01,0.000000000000000000e+00,0.000000000000000000e+00,0.000000000000000000e+00,0.000000000000000000e+00,0.000000000000000000e+00,0.000000000000000000e+00,0.000000000000000000e+00,0.000000000000000000e+00
1.708157547383189581e+02,1.664877255696791735e+03,4.650263193009198104e-01,2.675409482153013414e+03,2.928641292116459226e+03,9.779704651654723193e+02,5.972067197053361198e+00,3.819012526676097141e-01,0.000000000000000000e+00,0.000000000000000000e+00,0.000000000000000000e+00,0.000000000000000000e+00,0.000000000000000000e+00,0.000000000000000000e+00,0.000000000000000000e+00,0.000000000000000000e+00
3.799404737140737325e+02,1.110309768330180157e-02,1.636390336903019033e+03,2.644673852788494059e+03,2.900677386885211945e+03,9.841171240035303072e+02,0.000000000000000000e+00,1.024051794394761350e+00,1.972830254681241010e-03,0.000000000000000000e+00,0.000000000000000000e+00,0.000000000000000000e+00,0.000000000000000000e+00,0.000000000000000000e+00,0.000000000000000000e+00,0.000000000000000000e+00
1.500049562047313430e+02,3.687038291160330346e+02,1.610984806768262388e+03,2.615606081690792962e+03,2.883216927213325562e+03,0.000000000000000000e+00,9.749957749513778253e+02,2.325014626684470453e+00,4.498838352840379973e-03,0.000000000000000000e+00,0.000000000000000000e+00,0.000000000000000000e+00,0.000000000000000000e+00,0.000000000000000000e+00,0.000000000000000000e+00,0.000000000000000000e+00
3.784933183459980910e+01,5.734683071874629832e+02,1.588089146880282442e+03,2.587060734130273431e+03,4.804136005683539601e+00,2.859169237217276986e+03,9.699803559507844284e+02,3.592346305519523497e+00,0.000000000000000000e+00,0.000000000000000000e+00,0.000000000000000000e+00,0.000000000000000000e+00,0.000000000000000000e+00,0.000000000000000000e+00,0.000000000000000000e+00,0.000000000000000000e+00
1.089457283929281317e+02,5.621549515532561827e+02,0.000000000000000000e+00,1.567531998949603349e+03,2.566112721857465203e+03,2.836587206162087568e+03,9.668329605745352637e+02,4.818038063471160370e+00,0.000000000000000000e+00,0.000000000000000000e+00,0.000000000000000000e+00,0.000000000000000000e+00,0.000000000000000000e+00,0.000000000000000000e+00,0.000000000000000000e+00,0.000000000000000000e+00
3.867561123777763754e+01,1.169783826355377983e+02,5.526168074857806687e+02,1.548127437907124886e+03,2.541746776571528699e+03,2.813338670644784543e+03,9.637490673827236378e+02,6.616717243670485971e+00,3.984502894633808467e-01,0.000000000000000000e+00,0.000000000000000000e+00,0.000000000000000000e+00,0.000000000000000000e+00,0.000000000000000000e+00,0.000000000000000000e+00,0.000000000000000000e+00
6.163024058394512394e+00,1.803470611778148225e+02,5.441560406356790054e+02,1.529896613656383352e+03,2.517482540080047329e+03,2.790328493538227576e+03,9.605825279055634383e+02,9.785535869749869775e+00,5.829199464724856838e-01,0.000000000000000000e+00,0.000000000000000000e+00,0.000000000000000000e+00,0.000000000000000000e+00,0.000000000000000000e+00,0.000000000000000000e+00,0.000000000000000000e+00
2.963350939165713882e+01,1.765570077026796696e+02,5.364646169915523615e+02,1.512418284835568784e+03,2.492209472507332521e+03,2.768131191227985255e+03,9.573513143032711241e+02,1.388661971130928130e+01,7.738903086225150663e-01,0.000000000000000000e+00,0.000000000000000000e+00,0.000000000000000000e+00,0.000000000000000000e+00,0.000000000000000000e+00,0.000000000000000000e+00,0.000000000000000000e+00
9.176062415782073600e+00,3.594316839642128514e+01,0.000000000000000000e+00,2.198942306633855878e+03,2.467205971171328656e+03,2.745999155134599278e+03,9.550756718012422652e+02,1.751332844509720132e+01,1.362873192965195379e+00,0.000000000000000000e+00,0.000000000000000000e+00,0.000000000000000000e+00,0.000000000000000000e+00,0.000000000000000000e+00,0.000000000000000000e+00,0.000000000000000000e+00
2.019040357499242688e+01,3.504892536019368521e+01,0.000000000000000000e+00,2.174260986529601723e+03,2.442998128705899944e+03,2.723326111374346510e+03,9.535972207206987150e+02,2.069061109352448113e+01,2.506734378654841500e+00,2.242856657979405005e-02,0.000000000000000000e+00,0.000000000000000000e+00,0.000000000000000000e+00,0.000000000000000000e+00,0.000000000000000000e+00,0.000000000000000000e+00
7.762820429700210134e+00,5.403160193854112947e+01,7.246717059243585474e-04,0.000000000000000000e+00,4.569307882573695679e+03,2.460307621985644122e+00,3.649453813076931965e+03,2.681013777756437833e+01,3.009740296090761547e+00,2.900439263652706753e-02,0.000000000000000000e+00,0.000000000000000000e+00,0.000000000000000000e+00,0.000000000000000000e+00,0.000000000000000000e+00,0.000000000000000000e+00
9.734218898362769767e-01,1.094113201822613313e+01,5.304708732327149079e+01,0.000000000000000000e+00,4.522594146342562453e+03,6.003908546925576850e+00,3.619145265660589757e+03,3.390857470729981316e+01,5.019550138894818936e+00,3.395419218826398189e-02,0.000000000000000000e+00,0.000000000000000000e+00,0.000000000000000000e+00,0.000000000000000000e+00,0.000000000000000000e+00,0.000000000000000000e+00
5.564938975134319676e+00,1.065319117919763592e+01,5.219551758442294442e+01,4.870251461645932665e-04,4.477327011195540763e+03,8.014366115084858855e-02,3.598911434906461182e+03,4.024400091148643099e+01,7.474325336402923625e+00,4.198282687037898503e-02,0.000000000000000000e+00,0.000000000000000000e+00,0.000000000000000000e+00,0.000000000000000000e+00,0.000000000000000000e+00,0.000000000000000000e+00
2.066962093939546552e+00,1.583882462202854491e+01,5.143523648548686822e+01,1.218943491856203662e-03,4.433695387893182669e+03,0.000000000000000000e+00,3.573124487026217594e+03,4.632642092503893139e+01,9.841233342275574003e+00,9.735398620488909527e-02,0.000000000000000000e+00,0.000000000000000000e+00,0.000000000000000000e+00,0.000000000000000000e+00,0.000000000000000000e+00,0.000000000000000000e+00
1.001898055481433403e+00,3.201627055581185655e+00,6.631397804817659392e+01,2.174166371753334659e-03,4.391337087333990894e+03,0.000000000000000000e+00,3.547802581373875910e+03,5.217278035386239310e+01,1.213310845623359135e+01,1.845732587920063394e-01,1.711773034371819881e-04,0.000000000000000000e+00,0.000000000000000000e+00,0.000000000000000000e+00,0.000000000000000000e+00,0.000000000000000000e+00
1.920526213031575669e+00,3.115257504888953033e+00,0.000000000000000000e+00,6.544497609066607424e+01,0.000000000000000000e+00,4.350215991011213191e+03,3.522899541119929381e+03,5.782358368821063976e+01,1.436359317820427783e+01,2.911724927481554315e-01,7.362659236206791236e-04,0.000000000000000000e+00,0.000000000000000000e+00,0.000000000000000000e+00,0.000000000000000000e+00,0.000000000000000000e+00
1.066161330441900645e+00,4.914401870252314453e+00,0.000000000000000000e+00,6.463481521709674382e+01,1.012467333700628946e-03,4.310245492203583126e+03,3.498326894700995126e+03,6.335666751850172318e+01,1.654376762955367397e+01,4.089974618950040219e-01,1.511849618182785999e-03,0.000000000000000000e+00,0.000000000000000000e+00,0.000000000000000000e+00,0.000000000000000000e+00,0.000000000000000000e+00
9.603276027455115438e-01,0.000000000000000000e+00,4.821623365646762416e+00,6.387513080825409162e+01,1.802933199623785437e-03,4.271294699988125103e+03,3.473501224887679655e+03,6.941033788320937958e+01,1.867418189684581620e+01,5.367481418156397899e-01,3.161563481666519217e-03,0.000000000000000000e+00,0.000000000000000000e+00,0.000000000000000000e+00,0.000000000000000000e+00,0.000000000000000000e+00
0.000000000000000000e+00,9.312485580636543636e-01,4.742418159137540279e+00,6.315713133233890630e+01,2.661344454221620335e-03,4.233273101716059500e+03,3.518879525126649241e+03,0.000000000000000000e+00,2.633359944972048794e+01,6.465635916497706193e-01,5.719608400968486869e-03,0.000000000000000000e+00,0.000000000000000000e+00,0.000000000000000000e+00,0.000000000000000000e+00,0.000000000000000000e+00
9.547880244657582782e-01,9.106566682450115691e-01,4.672149898580451044e+00,6.247773573891222298e+01,0.000000000000000000e+00,4.196196279945218521e+03,3.495246497862885008e+03,0.000000000000000000e+00,3.380584066772586738e+01,7.335121185177033709e-01,0.000000000000000000e+00,0.000000000000000000e+00,0.000000000000000000e+00,0.000000000000000000e+00,0.000000000000000000e+00,0.000000000000000000e+00
0.000000000000000000e+00,9.147610183807407536e-01,5.494849825326949322e+00,0.000000000000000000e+00,6.176315478743811838e+01,4.164253711533317073e+03,1.176669756327336086e-01,4.326326860900042448e+03,1.449708023966599740e+03,0.000000000000000000e+00,2.977209354242606132e+00,3.329691461380501760e-01,1.391516154824985925e-03,0.000000000000000000e+00,0.000000000000000000e+00,0.000000000000000000e+00
0.000000000000000000e+00,8.873574455589879895e-01,0.000000000000000000e+00,5.415136683433180664e+00,6.108470682031013865e+01,4.126049880060916621e+03,0.000000000000000000e+00,4.295115087957718970e+03,0.000000000000000000e+00,1.446891401759041628e+03,9.455782936974641117e+00,2.716809509834511305e-01,0.000000000000000000e+00,7.935211801385086503e-04,0.000000000000000000e+00,0.000000000000000000e+00
0.000000000000000000e+00,8.658136358751978845e-01,0.000000000000000000e+00,5.341319680918663160e+00,6.039917872168177126e+01,1.492143326379034721e-03,4.088869857716308161e+03,4.264828278984544340e+03,1.251123673958234095e+00,1.453676807914888059e+03,0.000000000000000000e+00,4.415900536407130872e+00,6.126373460888483446e-01,5.267375895804171648e-03,0.000000000000000000e+00,0.000000000000000000e+00
0.000000000000000000e+00,0.000000000000000000e+00,8.477720117480059825e-01,5.272250775018036073e+00,5.974280350654329652e+01,2.083427958926061495e-03,4.052736460829303724e+03,0.000000000000000000e+00,4.235202815808912419e+03,1.454976106567412671e+03,0.000000000000000000e+00,7.213652940657126145e+00,9.403866658414231638e-01,1.599848801870063994e-02,7.179386823389825130e-04,0.000000000000000000e+00
0.000000000000000000e+00,0.000000000000000000e+00,8.320882732507819401e-01,5.207142375587590521e+00,5.911174258706411422e+01,0.000000000000000000e+00,4.017422568296012741e+03,1.578183046422211300e-01,4.206056241276819492e+03,1.335930730787264409e+01,1.440370350996660591e+03,1.004367551657006885e+01,2.458833384275255884e+00,5.295814035975198765e-03,0.000000000000000000e+00,0.000000000000000000e+00
0.000000000000000000e+00,0.000000000000000000e+00,8.181224898396974865e-01,5.145439819955704763e+00,5.850343100215542336e+01,0.000000000000000000e+00,3.983013700320742373e+03,2.585226235757862590e-01,4.177395202358644383e+03,1.919521057973710754e+01,1.433261727550054502e+03,1.203857082677137136e+01,4.705053968140780363e+00,1.199838709010905141e-02,0.000000000000000000e+00,0.000000000000000000e+00
0.000000000000000000e+00,0.000000000000000000e+00,8.054736415906078584e-01,0.000000000000000000e+00,5.086718185055868702e+00,5.791546200197296912e+01,3.949392777631976514e+03,3.559430337477723638e-01,4.149209189864333894e+03,2.259287491630876232e+01,1.426280743226843242e+03,1.623014965720692615e+01,6.915746352776092287e+00,2.184186324294960443e-02,1.011496909934297419e-04,0.000000000000000000e+00
0.000000000000000000e+00,0.000000000000000000e+00,0.000000000000000000e+00,7.938730088655127082e-01,5.030641516595117935e+00,5.734614658281275723e+01,3.916507139309259401e+03,4.499429195832448936e-01,4.121470051716071794e+03,4.178822990693207423e-02,1.444656910230294898e+03,2.087676460168311365e+01,7.805318649670834219e+00,1.306009203252961992e+00,3.576074609208868688e-02,7.358164904181434089e-04
0.000000000000000000e+00,0.000000000000000000e+00,0.000000000000000000e+00,7.831307533069054028e-01,4.974694320513138202e+00,5.679413030915968363e+01,3.884770877332930468e+03,0.000000000000000000e+00,4.094237955656193662e+03,1.431550974793499575e-01,1.440363550718535407e+03,2.539916248354189676e+01,9.638032616281027032e+00,1.650152001841779459e+00,6.463646898697955612e-02,1.614049605416386724e-03
0.000000000000000000e+00,0.000000000000000000e+00,0.000000000000000000e+00,7.731074517644626054e-01,4.920512649237805292e+00,5.625822309210034433e+01,3.853241441837101320e+03,8.192455096118492208e-02,4.067563785771123094e+03,0.000000000000000000e+00,1.465883027166630200e+03,0.000000000000000000e+00,1.144051535088912352e+01,1.992347433106482990e+00,9.935951757423394648e-02,0.000000000000000000e+00
0.000000000000000000e+00,0.000000000000000000e+00,0.000000000000000000e+00,7.636970090995165439e-01,4.868468857533740923e+00,5.573743802785325130e+01,0.000000000000000000e+00,3.822335861941549410e+03,4.041292021072382795e+03,0.000000000000000000e+00,1.464007683157396286e+03,0.000000000000000000e+00,1.512650943828135119e+01,2.427524576146305346e+00,1.759696133840710913e-02,0.000000000000000000e+00
0.000000000000000000e+00,0.000000000000000000e+00,0.000000000000000000e+00,0.000000000000000000e+00,5.573218558247784671e+00,5.523091538082331198e+01,0.000000000000000000e+00,3.792026680095885695e+03,4.015259324122517228e+03,0.000000000000000000e+00,1.462123554880228539e+03,0.000000000000000000e+00,1.800933194912450475e+01,3.500415283138466283e+00,2.955760131109871555e-02,0.000000000000000000e+00
0.000000000000000000e+00,0.000000000000000000e+00,0.000000000000000000e+00,0.000000000000000000e+00,5.516490709427543493e+00,5.473786776876167437e+01,0.000000000000000000e+00,3.762296491641349348e+03,3.301838542716051816e-01,3.989219434891670517e+03,1.460213539171071034e+03,0.000000000000000000e+00,1.975567066330172494e+01,5.639633456947399814e+00,4.212191167647089812e-02,0.000000000000000000e+00
0.000000000000000000e+00,0.000000000000000000e+00,0.000000000000000000e+00,0.000000000000000000e+00,0.000000000000000000e+00,5.461790809102418542e+00,5.425755397251587908e+01,3.733123814342947298e+03,4.090797747430607867e-01,3.963776643474335287e+03,1.458246183612830691e+03,0.000000000000000000e+00,2.801982568186046407e+01,1.192203417085420991e+00,5.593233386047275629e-02,0.000000000000000000e+00
0.000000000000000000e+00,0.000000000000000000e+00,0.000000000000000000e+00,0.000000000000000000e+00,0.000000000000000000e+00,5.408957692281526342e+00,5.378929218645057375e+01,3.704488135497653730e+03,4.430450571394414228e-01,3.938707076422232149e+03,1.455213010125098890e+03,0.000000000000000000e+00,3.243538229219149116e+01,1.543954577848333454e+00,7.279880278926698089e-02,0.000000000000000000e+00
0.000000000000000000e+00,0.000000000000000000e+00,0.000000000000000000e+00,0.000000000000000000e+00,0.000000000000000000e+00,5.357844491365732154e+00,5.333242631143512824e+01,3.676370198688672190e+03,4.479321942321284888e-01,3.913994439552074255e+03,2.408606934135949373e+01,1.426616616327917200e+03,2.820263186136060085e+01,1.189868309909662969e+01,9.530775990581154267e-02,0.000000000000000000e+00
0.000000000000000000e+00,0.000000000000000000e+00,0.000000000000000000e+00,0.000000000000000000e+00,0.000000000000000000e+00,5.308316780619064978e+00,5.288633377656722701e+01,3.648755369605501983e+03,0.000000000000000000e+00,3.890113761901257476e+03,0.000000000000000000e+00,1.446122489599627215e+03,3.215393646090375057e+01,1.394786124143402795e+01,1.318783645509528646e-01,0.000000000000000000e+00
0.000000000000000000e+00,0.000000000000000000e+00,0.000000000000000000e+00,0.000000000000000000e+00,0.000000000000000000e+00,5.260251583950084964e+00,5.245041510260547568e+01,3.621618476780851779e+03,0.000000000000000000e+00,3.866110016895489025e+03,0.000000000000000000e+00,1.441524210336486931e+03,3.602006966240131192e+01,1.597288077377059956e+01,1.735928347426946017e-01,0.000000000000000000e+00
0.000000000000000000e+00,0.000000000000000000e+00,0.000000000000000000e+00,0.000000000000000000e+00,0.000000000000000000e+00,0.000000000000000000e+00,5.723855033731599207e+01,3.594939090800162830e+03,0.000000000000000000e+00,3.842407780121921860e+03,0.000000000000000000e+00,1.436927133226573005e+03,3.980151578427027204e+01,1.503088367076987808e+01,2.943157468737674254e+00,2.202823577426144264e-01
0.000000000000000000e+00,0.000000000000000000e+00,0.000000000000000000e+00,0.000000000000000000e+00,0.000000000000000000e+00,0.000000000000000000e+00,5.677662858806644408e+01,3.568701332742925388e+03,0.000000000000000000e+00,3.818980731656621629e+03,0.000000000000000000e+00,1.432346861976664286e+03,4.350104901801852719e+01,1.665608942949956628e+01,3.295580061614503897e+00,2.717877116660344927e-01
0.000000000000000000e+00,0.000000000000000000e+00,0.000000000000000000e+00,0.000000000000000000e+00,0.000000000000000000e+00,0.000000000000000000e+00,5.632431489881579267e+01,0.000000000000000000e+00,3.542887072506471213e+03,3.795777044336191011e+03,0.000000000000000000e+00,1.427823318873176277e+03,4.548582944599546352e+01,1.985227207697853657e+01,3.692496713698556920e+00,3.289478037794115739e-01
0.000000000000000000e+00,0.000000000000000000e+00,0.000000000000000000e+00,0.000000000000000000e+00,0.000000000000000000e+00,0.000000000000000000e+00,5.588106449117186258e+01,0.000000000000000000e+00,3.517478715483498490e+03,3.772849089980303233e+03,0.000000000000000000e+00,1.423305128832200808e+03,4.742341294912477423e+01,2.297952485468369943e+01,4.099755810413260093e+00,3.925658583662890999e-01
0.000000000000000000e+00,0.000000000000000000e+00,0.000000000000000000e+00,0.000000000000000000e+00,0.000000000000000000e+00,0.000000000000000000e+00,0.000000000000000000e+00,5.544637407025600595e+01,3.492460691115456484e+03,3.750187690831122836e+03,0.000000000000000000e+00,1.418788782046720371e+03,7.504562713707875332e+01,0.000000000000000000e+00,4.749596972877439427e+00,5.434060107188488642e-01
0.000000000000000000e+00,0.000000000000000000e+00,0.000000000000000000e+00,0.000000000000000000e+00,0.000000000000000000e+00,0.000000000000000000e+00,0.000000000000000000e+00,5.501978106664326873e+01,3.467817136647454845e+03,3.727785276044151033e+03,0.000000000000000000e+00,1.413456077375994255e+03,7.913848282758705466e+01,0.000000000000000000e+00,7.372288252822440491e+00,0.000000000000000000e+00
0.000000000000000000e+00,0.000000000000000000e+00,0.000000000000000000e+00,0.000000000000000000e+00,0.000000000000000000e+00,0.000000000000000000e+00,0.000000000000000000e+00,5.460086171922261400e+01,3.443531896984231480e+03,3.704110375983007543e+03,3.937821396263503360e-01,1.415593989394104256e+03,7.683081032168017543e+01,8.034648893704495975e+00,1.393877332316716622e+00,0.000000000000000000e+00
0.000000000000000000e+00,0.000000000000000000e+00,0.000000000000000000e+00,0.000000000000000000e+00,0.000000000000000000e+00,0.000000000000000000e+00,0.000000000000000000e+00,5.418922881072281683e+01,3.419593699607964027e+03,3.680337704214063251e+03,2.333895168289018329e+00,1.410994668836702431e+03,7.999193219498134511e+01,9.640826025183883985e+00,1.824981673424963535e+00,0.000000000000000000e+00
0.000000000000000000e+00,0.000000000000000000e+00,0.000000000000000000e+00,0.000000000000000000e+00,0.000000000000000000e+00,0.000000000000000000e+00,0.000000000000000000e+00,5.378452864665242572e+01,3.395988827807551388e+03,3.656845780129689956e+03,4.228936127970938763e+00,1.406390954811952042e+03,8.309823746954978674e+01,1.122372510352597708e+01,2.260716814945024744e+00,0.000000000000000000e+00
0.000000000000000000e+00,0.000000000000000000e+00,0.000000000000000000e+00,0.000000000000000000e+00,0.000000000000000000e+00,0.000000000000000000e+00,0.000000000000000000e+00,5.338643715864100869e+01,3.372708203158137167e+03,0.000000000000000000e+00,3.639704225024441712e+03,1.401793705454001383e+03,8.614100786885177286e+01,1.278378140132849516e+01,2.700837176575994647e+00,0.000000000000000000e+00
0.000000000000000000e+00,0.000000000000000000e+00,0.000000000000000000e+00,0.000000000000000000e+00,0.000000000000000000e+00,0.000000000000000000e+00,0.000000000000000000e+00,5.299465755188016658e+01,3.349735188756722437e+03,0.000000000000000000e+00,3.618559520210343635e+03,1.397195916092960715e+03,8.912926197919981064e+01,1.432141327044578283e+01,3.145108467672056651e+00,0.000000000000000000e+00
0.000000000000000000e+00,0.000000000000000000e+00,0.000000000000000000e+00,0.000000000000000000e+00,0.000000000000000000e+00,0.000000000000000000e+00,0.000000000000000000e+00,5.260891788656219603e+01,3.327061684888597028e+03,0.000000000000000000e+00,3.597632521909159095e+03,1.392603455700778113e+03,9.205903197634256685e+01,1.583702243954816424e+01,3.593306931367158175e+00,0.000000000000000000e+00
0.000000000000000000e+00,0.000000000000000000e+00,0.000000000000000000e+00,0.000000000000000000e+00,0.000000000000000000e+00,0.000000000000000000e+00,0.000000000000000000e+00,5.222896843821860102e+01,3.304678236279647990e+03,0.000000000000000000e+00,3.565530439202804246e+03,1.399403731457387039e+03,0.000000000000000000e+00,1.122592795314913161e+02,4.048697118941898765e+00,0.000000000000000000e+00
0.000000000000000000e+00,0.000000000000000000e+00,0.000000000000000000e+00,0.000000000000000000e+00,0.000000000000000000e+00,0.000000000000000000e+00,0.000000000000000000e+00,5.185457877289173467e+01,3.282575708798564847e+03,0.000000000000000000e+00,3.543287493029987218e+03,1.396557655308109133e+03,0.000000000000000000e+00,9.773121977441074648e+01,2.332196942859738087e+01,0.000000000000000000e+00
0.000000000000000000e+00,0.000000000000000000e+00,0.000000000000000000e+00,0.000000000000000000e+00,0.000000000000000000e+00,0.000000000000000000e+00,0.000000000000000000e+00,5.148553592091560915e+01,3.260745528659487718e+03,0.000000000000000000e+00,3.521273782938474596e+03,1.393690479986251148e+03,0.000000000000000000e+00,1.004794592797745736e+02,2.025305993675860705e+01,4.993992728667012493e+00
0.000000000000000000e+00,0.000000000000000000e+00,0.000000000000000000e+00,0.000000000000000000e+00,0.000000000000000000e+00,0.000000000000000000e+00,0.000000000000000000e+00,5.112164286427145043e+01,3.239179645980700116e+03,0.000000000000000000e+00,3.499494718348061269e+03,1.390792413125879420e+03,0.000000000000000000e+00,1.023424675870361540e+02,2.242099110029149145e+01,5.565913746694283404e+00
0.000000000000000000e+00,0.000000000000000000e+00,0.000000000000000000e+00,0.000000000000000000e+00,0.000000000000000000e+00,0.000000000000000000e+00,0.000000000000000000e+00,0.000000000000000000e+00,5.076271679299722450e+01,3.217870487451261852e+03,3.477944806071423045e+03,1.387864497327245090e+03,0.000000000000000000e+00,1.036180177491915941e+02,2.510277172550222247e+01,6.142587680990096111e+00
0.000000000000000000e+00,0.000000000000000000e+00,0.000000000000000000e+00,0.000000000000000000e+00,0.000000000000000000e+00,0.000000000000000000e+00,0.000000000000000000e+00,0.000000000000000000e+00,5.047903772479332218e+01,3.201003200525201009e+03,3.460866347980494083e+03,1.385501706177781443e+03,0.000000000000000000e+00,1.046179823543266991e+02,2.721654112452578289e+01,6.607158949575199891e+00
