# particle number concentration assuming water not removed from particles (#/cc (air)), with time changing with rows (corresponding times given in the time output file) and size bin changing with columns with size bin numbers given in the second row of the header
# 12345678910111213141516
0.000000000000000000e+00,0.000000000000000000e+00,0.000000000000000000e+00,0.000000000000000000e+00,0.000000000000000000e+00,0.000000000000000000e+00,0.000000000000000000e+00,0.000000000000000000e+00,0.000000000000000000e+00,0.000000000000000000e+00,0.000000000000000000e+00,0.000000000000000000e+00,0.000000000000000000e+00,0.000000000000000000e+00,0.000000000000000000e+00,0.000000000000000000e+00
0.000000000000000000e+00,0.000000000000000000e+00,0.000000000000000000e+00,0.000000000000000000e+00,0.000000000000000000e+00,0.000000000000000000e+00,0.000000000000000000e+00,0.000000000000000000e+00,0.000000000000000000e+00,0.000000000000000000e+00,0.000000000000000000e+00,0.000000000000000000e+00,0.000000000000000000e+00,0.000000000000000000e+00,0.000000000000000000e+00,0.000000000000000000e+00
0.000000000000000000e+00,0.000000000000000000e+00,0.000000000000000000e+00,0.000000000000000000e+00,0.000000000000000000e+00,0.000000000000000000e+00,0.000000000000000000e+00,0.000000000000000000e+00,0.000000000000000000e+00,0.000000000000000000e+00,0.000000000000000000e+00,0.000000000000000000e+00,0.000000000000000000e+00,0.000000000000000000e+00,0.000000000000000000e+00,0.000000000000000000e+00
0.000000000000000000e+00,0.000000000000000000e+00,0.000000000000000000e+00,0.000000000000000000e+00,0.000000000000000000e+00,0.000000000000000000e+00,0.000000000000000000e+00,0.000000000000000000e+00,0.000000000000000000e+00,0.000000000000000000e+00,0.000000000000000000e+00,0.000000000000000000e+00,0.000000000000000000e+00,0.000000000000000000e+00,0.000000000000000000e+00,0.000000000000000000e+00
0.000000000000000000e+00,0.000000000000000000e+00,0.000000000000000000e+00,0.000000000000000000e+00,0.000000000000000000e+00,0.000000000000000000e+00,0.000000000000000000e+00,0.000000000000000000e+00,0.000000000000000000e+00,0.000000000000000000e+00,0.000000000000000000e+00,0.000000000000000000e+00,0.000000000000000000e+00,0.000000000000000000e+00,0.000000000000000000e+00,0.000000000000000000e+00
0.000000000000000000e+00,0.000000000000000000e+00,0.000000000000000000e+00,0.000000000000000000e+00,0.000000000000000000e+00,0.000000000000000000e+00,0.000000000000000000e+00,0.000000000000000000e+00,0.000000000000000000e+00,0.000000000000000000e+00,0.000000000000000000e+00,0.000000000000000000e+00,0.000000000000000000e+00,0.000000000000000000e+00,0.000000000000000000e+00,0.000000000000000000e+00
0.000000000000000000e+00,0.000000000000000000e+00,0.000000000000000000e+00,0.000000000000000000e+00,0.000000000000000000e+00,0.000000000000000000e+00,0.000000000000000000e+00,0.000000000000000000e+00,0.000000000000000000e+00,0.000000000000000000e+00,0.000000000000000000e+00,0.000000000000000000e+00,0.000000000000000000e+00,0.000000000000000000e+00,0.000000000000000000e+00,0.000000000000000000e+00
0.000000000000000000e+00,0.000000000000000000e+00,0.000000000000000000e+00,0.000000000000000000e+00,0.000000000000000000e+00,0.000000000000000000e+00,0.000000000000000000e+00,0.000000000000000000e+00,0.000000000000000000e+00,0.000000000000000000e+00,0.000000000000000000e+00,0.000000000000000000e+00,0.000000000000000000e+00,0.000000000000000000e+00,0.000000000000000000e+00,0.000000000000000000e+00
0.000000000000000000e+00,0.000000000000000000e+00,0.000000000000000000e+00,0.000000000000000000e+00,0.000000000000000000e+00,0.000000000000000000e+00,0.000000000000000000e+00,0.000000000000000000e+00,0.000000000000000000e+00,0.000000000000000000e+00,0.000000000000000000e+00,0.000000000000000000e+00,0.000000000000000000e+00,0.000000000000000000e+00,0.000000000000000000e+00,0.000000000000000000e+00
0.000000000000000000e+00,0.000000000000000000e+00,0.000000000000000000e+00,0.000000000000000000e+00,0.000000000000000000e+00,0.000000000000000000e+00,0.000000000000000000e+00,0.000000000000000000e+00,0.000000000000000000e+00,0.000000000000000000e+00,0.000000000000000000e+00,0.000000000000000000e+00,0.000000000000000000e+00,0.000000000000000000e+00,0.000000000000000000e+00,0.000000000000000000e+00
0.000000000000000000e+00,0.000000000000000000e+00,0.000000000000000000e+00,0.000000000000000000e+00,0.000000000000000000e+00,0.000000000000000000e+00,0.000000000000000000e+00,0.000000000000000000e+00,0.000000000000000000e+00,0.000000000000000000e+00,0.000000000000000000e+00,0.000000000000000000e+00,0.000000000000000000e+00,0.000000000000000000e+00,0.000000000000000000e+00,0.000000000000000000e+00
0.000000000000000000e+00,0.000000000000000000e+00,0.000000000000000000e+00,0.000000000000000000e+00,0.000000000000000000e+00,0.000000000000000000e+00,0.000000000000000000e+00,0.000000000000000000e+00,0.000000000000000000e+00,0.000000000000000000e+00,0.000000000000000000e+00,0.000000000000000000e+00,0.000000000000000000e+00,0.000000000000000000e+00,0.000000000000000000e+00,0.000000000000000000e+00
0.000000000000000000e+00,0.000000000000000000e+00,0.000000000000000000e+00,0.000000000000000000e+00,0.000000000000000000e+00,0.000000000000000000e+00,0.000000000000000000e+00,0.000000000000000000e+00,0.000000000000000000e+00,0.000000000000000000e+00,0.000000000000000000e+00,0.000000000000000000e+00,0.000000000000000000e+00,0.000000000000000000e+00,0.000000000000000000e+00,0.000000000000000000e+00
0.000000000000000000e+00,0.000000000000000000e+00,0.000000000000000000e+00,0.000000000000000000e+00,0.000000000000000000e+00,0.000000000000000000e+00,0.000000000000000000e+00,0.000000000000000000e+00,0.000000000000000000e+00,0.000000000000000000e+00,0.000000000000000000e+00,0.000000000000000000e+00,0.000000000000000000e+00,0.000000000000000000e+00,0.000000000000000000e+00,0.000000000000000000e+00
0.000000000000000000e+00,0.000000000000000000e+00,0.000000000000000000e+00,0.000000000000000000e+00,0.000000000000000000e+00,0.000000000000000000e+00,0.000000000000000000e+00,0.000000000000000000e+00,0.000000000000000000e+00,0.000000000000000000e+00,0.000000000000000000e+00,0.000000000000000000e+00,0.000000000000000000e+00,0.000000000000000000e+00,0.000000000000000000e+00,0.000000000000000000e+00
0.000000000000000000e+00,0.000000000000000000e+00,0.000000000000000000e+00,0.000000000000000000e+00,0.000000000000000000e+00,0.000000000000000000e+00,0.000000000000000000e+00,0.000000000000000000e+00,0.000000000000000000e+00,0.000000000000000000e+00,0.000000000000000000e+00,0.000000000000000000e+00,0.000000000000000000e+00,0.000000000000000000e+00,0.000000000000000000e+00,0.000000000000000000e+00
0.000000000000000000e+00,0.000000000000000000e+00,0.000000000000000000e+00,0.000000000000000000e+00,0.000000000000000000e+00,0.000000000000000000e+00,0.000000000000000000e+00,0.000000000000000000e+00,0.000000000000000000e+00,0.000000000000000000e+00,0.000000000000000000e+00,0.000000000000000000e+00,0.000000000000000000e+00,0.000000000000000000e+00,0.000000000000000000e+00,0.000000000000000000e+00
1.058656578859579867e+01,0.000000000000000000e+00,0.000000000000000000e+00,0.000000000000000000e+00,0.000000000000000000e+00,0.000000000000000000e+00,0.000000000000000000e+00,0.000000000000000000e+00,0.000000000000000000e+00,0.000000000000000000e+00,0.000000000000000000e+00,0.000000000000000000e+00,0.000000000000000000e+00,0.000000000000000000e+00,0.000000000000000000e+00,0.000000000000000000e+00
8.689991018230935538e+01,0.000000000000000000e+00,0.000000000000000000e+00,0.000000000000000000e+00,0.000000000000000000e+00,0.000000000000000000e+00,0.000000000000000000e+00,0.000000000000000000e+00,0.000000000000000000e+00,0.000000000000000000e+00,0.000000000000000000e+00,0.000000000000000000e+00,0.000000000000000000e+00,0.000000000000000000e+00,0.000000000000000000e+00,0.000000000000000000e+00
8.869386800227658796e+01,2.983344206960954921e+02,0.000000000000000000e+00,0.000000000000000000e+00,0.000000000000000000e+00,0.000000000000000000e+00,0.000000000000000000e+00,0.000000000000000000e+00,0.000000000000000000e+00,0.000000000000000000e+00,0.000000000000000000e+00,0.000000000000000000e+00,0.000000000000000000e+00,0.000000000000000000e+00,0.000000000000000000e+00,0.000000000000000000e+00
4.651707442636168821e+02,4.324353285077679743e-03,6.031696401878123197e+02,0.000000000000000000e+00,0.000000000000000000e+00,0.000000000000000000e+00,0.000000000000000000e+00,0.000000000000000000e+00,0.000000000000000000e+00,0.000000000000000000e+00,0.000000000000000000e+00,0.000000000000000000e+00,0.000000000000000000e+00,0.000000000000000000e+00,0.000000000000000000e+00,0.000000000000000000e+00
4.747238025772356877e+02,6.056285851793477377e+02,1.054052615041475974e+03,1.523604268648116877e-01,0.000000000000000000e+00,0.000000000000000000e+00,0.000000000000000000e+00,0.000000000000000000e+00,0.000000000000000000e+00,0.000000000000000000e+00,0.000000000000000000e+00,0.000000000000000000e+00,0.000000000000000000e+00,0.000000000000000000e+00,0.000000000000000000e+00,0.000000000000000000e+00
2.748988437601660735e+02,1.507006434149503775e+03,5.976541518783495803e+02,1.044237423392968822e+03,2.256937835792867664e-01,0.000000000000000000e+00,0.000000000000000000e+00,0.000000000000000000e+00,0.000000000000000000e+00,0.000000000000000000e+00,0.000000000000000000e+00,0.000000000000000000e+00,0.000000000000000000e+00,0.000000000000000000e+00,0.000000000000000000e+00,0.000000000000000000e+00
5.316322572954691168e+02,1.076040138535417100e+03,1.484616906506437317e+03,1.627073088970816116e+03,9.356204651909892922e-01,2.548763472405433028e-04,0.000000000000000000e+00,0.000000000000000000e+00,0.000000000000000000e+00,0.000000000000000000e+00,0.000000000000000000e+00,0.000000000000000000e+00,0.000000000000000000e+00,0.000000000000000000e+00,0.000000000000000000e+00,0.000000000000000000e+00
4.644452487348837053e+02,2.318180116192540936e+03,1.466766147994899256e+03,9.055725009746863619e-02,1.614944467313144287e+03,1.935925342604757626e-01,0.000000000000000000e+00,0.000000000000000000e+00,0.000000000000000000e+00,0.000000000000000000e+00,0.000000000000000000e+00,0.000000000000000000e+00,0.000000000000000000e+00,0.000000000000000000e+00,0.000000000000000000e+00,0.000000000000000000e+00
1.449685166909198870e+03,8.231107919868850542e-02,2.278417034940409394e+03,1.451665523385325287e+03,1.601914880607286705e+03,6.613693178375130710e-01,1.471861601616387765e-04,0.000000000000000000e+00,0.000000000000000000e+00,0.000000000000000000e+00,0.000000000000000000e+00,0.000000000000000000e+00,0.000000000000000000e+00,0.000000000000000000e+00,0.000000000000000000e+00,0.000000000000000000e+00
7.780630561858544070e+02,1.413145175030032306e+03,2.245075892973079135e+03,1.436499670270839260e+03,1.589725014051722837e+03,1.111734224162151730e+00,7.069040410668291433e-04,0.000000000000000000e+00,0.000000000000000000e+00,0.000000000000000000e+00,0.000000000000000000e+00,0.000000000000000000e+00,0.000000000000000000e+00,0.000000000000000000e+00,0.000000000000000000e+00,0.000000000000000000e+00
2.152921560420374760e+02,2.512699129824501597e+03,2.214184826596214407e+03,1.423158955213420768e+03,1.577111997086811471e+03,2.344165017303019294e+00,1.759062374170043078e-03,0.000000000000000000e+00,0.000000000000000000e+00,0.000000000000000000e+00,0.000000000000000000e+00,0.000000000000000000e+00,0.000000000000000000e+00,0.000000000000000000e+00,0.000000000000000000e+00,0.000000000000000000e+00
6.329642749391416601e+02,2.462798819911316059e+03,2.186396458102809447e+03,1.410153867215872424e+03,1.565196019164277232e+03,3.837371551622644095e+00,4.261991861576238869e-03,0.000000000000000000e+00,0.000000000000000000e+00,0.000000000000000000e+00,0.000000000000000000e+00,0.000000000000000000e+00,0.000000000000000000e+00,0.000000000000000000e+00,0.000000000000000000e+00,0.000000000000000000e+00
1.111844905506942780e+02,8.086674126111107626e+02,4.578774987896342282e+03,1.398858567931489006e+03,1.554662093046082646e+03,5.612257620556035498e+00,1.028465711584062442e-02,0.000000000000000000e+00,0.000000000000000000e+00,0.000000000000000000e+00,0.000000000000000000e+00,0.000000000000000000e+00,0.000000000000000000e+00,0.000000000000000000e+00,0.000000000000000000e+00,0.000000000000000000e+00
3.216147871513570635e+02,7.878141636825644127e+02,4.514064285406944691e+03,1.387706730202977042e+03,1.541911401696170287e+03,9.577092768528350675e+00,4.284074163570260607e-01,0.000000000000000000e+00,0.000000000000000000e+00,0.000000000000000000e+00,0.000000000000000000e+00,0.000000000000000000e+00,0.000000000000000000e+00,0.000000000000000000e+00,0.000000000000000000e+00,0.000000000000000000e+00
2.683497020121467358e+01,1.207262716183813836e+03,4.452078346465377763e+03,1.377486267072632018e+03,1.529085381077096145e+03,1.392286681159984063e+01,9.386177753868987228e-01,3.153922353776354107e-04,0.000000000000000000e+00,0.000000000000000000e+00,0.000000000000000000e+00,0.000000000000000000e+00,0.000000000000000000e+00,0.000000000000000000e+00,0.000000000000000000e+00,0.000000000000000000e+00
1.296381291474392583e+02,1.181322180813649311e+03,4.391318847110512252e+03,2.873942095885336112e+00,2.884555989103672346e+03,1.723763497644983644e+01,1.245145052094077220e+00,7.734081424282929608e-04,0.000000000000000000e+00,0.000000000000000000e+00,0.000000000000000000e+00,0.000000000000000000e+00,0.000000000000000000e+00,0.000000000000000000e+00,0.000000000000000000e+00,0.000000000000000000e+00
1.979464392365497076e+02,1.158296347134256166e+03,3.529184563103773264e-01,4.342678346211518146e+03,2.855720615854975222e+03,2.366577049083488404e+01,1.261288450152921792e+00,2.060599253154652821e-03,0.000000000000000000e+00,0.000000000000000000e+00,0.000000000000000000e+00,0.000000000000000000e+00,0.000000000000000000e+00,0.000000000000000000e+00,0.000000000000000000e+00,0.000000000000000000e+00
2.799140446204276955e+01,2.140317422518713499e+02,1.138086986817136449e+03,4.291019708225155227e+03,2.828590781308865644e+03,3.095095775577197017e+01,1.285376685720494017e+00,3.709349262590751900e-03,0.000000000000000000e+00,0.000000000000000000e+00,0.000000000000000000e+00,0.000000000000000000e+00,0.000000000000000000e+00,0.000000000000000000e+00,0.000000000000000000e+00,0.000000000000000000e+00
6.133346399157465356e+01,2.082934747847213259e+02,1.119124325322530012e+03,4.239837528949792613e+03,2.803596901189036089e+03,3.688354834162404927e+01,2.345820237389527829e+00,5.800182766933719737e-03,0.000000000000000000e+00,0.000000000000000000e+00,0.000000000000000000e+00,0.000000000000000000e+00,0.000000000000000000e+00,0.000000000000000000e+00,0.000000000000000000e+00,0.000000000000000000e+00
8.316215831845140372e+01,2.034531544049136187e+02,1.101381895863362388e+03,4.190493747632813211e+03,2.777908297757489891e+03,4.292976101573058401e+01,4.107490854357436660e+00,9.809046482507025738e-03,0.000000000000000000e+00,0.000000000000000000e+00,0.000000000000000000e+00,0.000000000000000000e+00,0.000000000000000000e+00,0.000000000000000000e+00,0.000000000000000000e+00,0.000000000000000000e+00
1.259832272829887856e+01,2.838586173844544760e+02,1.084490437460726753e+03,4.142969114435837582e+03,2.752041367992431788e+03,4.937404353682832436e+01,5.831521412829687279e+00,1.584379720010663933e-02,0.000000000000000000e+00,0.000000000000000000e+00,0.000000000000000000e+00,0.000000000000000000e+00,0.000000000000000000e+00,0.000000000000000000e+00,0.000000000000000000e+00,0.000000000000000000e+00
2.331886160098694205e+01,2.779922306872821878e+02,1.068498704310839457e+03,4.096521982705459777e+03,2.726604203725873958e+03,5.599660439938612200e+01,7.519687373685762566e+00,2.382023819578499291e-02,0.000000000000000000e+00,0.000000000000000000e+00,0.000000000000000000e+00,0.000000000000000000e+00,0.000000000000000000e+00,0.000000000000000000e+00,0.000000000000000000e+00,0.000000000000000000e+00
3.029030467127439152e+01,2.726624097940297702e+02,1.053222728658992764e+03,4.050014680739057439e+03,1.983209601397597055e+00,2.763915009953430399e+03,9.131302381460338680e+00,3.334322173247430965e-02,0.000000000000000000e+00,0.000000000000000000e+00,0.000000000000000000e+00,0.000000000000000000e+00,0.000000000000000000e+00,0.000000000000000000e+00,0.000000000000000000e+00,0.000000000000000000e+00
3.137087911513834371e+00,3.053059833545450630e+01,1.306636457887099141e+03,4.004510489363714441e+03,7.191850721861309914e+00,2.743146417065324385e+03,1.064221620260291168e+01,4.399225040625262539e-02,0.000000000000000000e+00,0.000000000000000000e+00,0.000000000000000000e+00,0.000000000000000000e+00,0.000000000000000000e+00,0.000000000000000000e+00,0.000000000000000000e+00,0.000000000000000000e+00
7.590249342985260661e+00,2.968249393386707169e+01,1.288327539386324133e+03,3.960154140050550723e+03,1.226931595499173966e+01,2.722718863640290692e+03,1.211761738596416826e+01,5.608371766190829721e-02,0.000000000000000000e+00,0.000000000000000000e+00,0.000000000000000000e+00,0.000000000000000000e+00,0.000000000000000000e+00,0.000000000000000000e+00,0.000000000000000000e+00,0.000000000000000000e+00
9.390411953694608016e+00,2.895759743680186560e+01,1.270756855026855419e+03,3.916970218550698519e+03,1.712937839290917097e+01,2.702616837677248441e+03,1.355868367695170740e+01,6.954241995286769562e-02,0.000000000000000000e+00,0.000000000000000000e+00,0.000000000000000000e+00,0.000000000000000000e+00,0.000000000000000000e+00,0.000000000000000000e+00,0.000000000000000000e+00,0.000000000000000000e+00
1.001898055481433403e+00,3.862627769957030921e+01,1.253840858024640283e+03,3.874853453949801406e+03,2.180857730780845927e+01,2.682838414401507634e+03,1.496657708075125015e+01,8.429712057907474965e-02,0.000000000000000000e+00,0.000000000000000000e+00,0.000000000000000000e+00,0.000000000000000000e+00,0.000000000000000000e+00,0.000000000000000000e+00,0.000000000000000000e+00,0.000000000000000000e+00
1.896174646875900871e+00,3.778262780619256489e+01,0.000000000000000000e+00,5.071976208033695002e+03,2.644427220265147938e+01,2.663360181301129614e+03,1.634252247255470891e+01,1.002822699116188154e-01,0.000000000000000000e+00,0.000000000000000000e+00,0.000000000000000000e+00,0.000000000000000000e+00,0.000000000000000000e+00,0.000000000000000000e+00,0.000000000000000000e+00,0.000000000000000000e+00
2.862360518689045286e+00,3.701561777983962997e+01,0.000000000000000000e+00,5.016832578427930457e+03,3.094287874902820334e+01,2.644170114168043256e+03,1.765464036456566532e+01,1.474719944524463811e-01,0.000000000000000000e+00,0.000000000000000000e+00,0.000000000000000000e+00,0.000000000000000000e+00,0.000000000000000000e+00,0.000000000000000000e+00,0.000000000000000000e+00,0.000000000000000000e+00
2.740855683707461132e+00,3.630871473470759270e+01,1.524824849687081039e-04,4.962921762624213443e+03,3.535191921256443948e+01,2.624056174896295488e+03,2.000985922860979471e+01,2.051990949871062564e-01,0.000000000000000000e+00,0.000000000000000000e+00,0.000000000000000000e+00,0.000000000000000000e+00,0.000000000000000000e+00,0.000000000000000000e+00,0.000000000000000000e+00,0.000000000000000000e+00
0.000000000000000000e+00,2.649399750025561939e+00,3.565108543883533798e+01,4.910257434382201609e+03,3.780428661607975727e+01,2.601319461943112401e+03,2.654574051866144302e+01,2.768699778869030403e-01,7.949227681934005094e-05,0.000000000000000000e+00,0.000000000000000000e+00,0.000000000000000000e+00,0.000000000000000000e+00,0.000000000000000000e+00,0.000000000000000000e+00,0.000000000000000000e+00
9.347646478664516367e-01,2.573840917747826307e+00,3.503392948174317922e+01,0.000000000000000000e+00,4.896334098434744192e+03,2.581602561125662760e+03,3.286145592583841335e+01,3.664773448963735136e-01,5.623590926276642336e-04,0.000000000000000000e+00,0.000000000000000000e+00,0.000000000000000000e+00,0.000000000000000000e+00,0.000000000000000000e+00,0.000000000000000000e+00,0.000000000000000000e+00
8.779173945909540810e-01,2.507363024286028086e+00,3.445196213429257170e+01,0.000000000000000000e+00,4.846006434432408241e+03,2.562277810298883196e+03,3.843261628255768869e+01,9.889420258363305072e-01,1.305772322969453664e-03,0.000000000000000000e+00,0.000000000000000000e+00,0.000000000000000000e+00,0.000000000000000000e+00,0.000000000000000000e+00,0.000000000000000000e+00,0.000000000000000000e+00
8.392067206242693755e-01,2.450642941834587862e+00,3.392386156208944925e+01,0.000000000000000000e+00,4.797692506061095628e+03,2.544012557394104533e+03,4.305600782205821986e+01,2.331044690246356410e+00,2.778769935779670103e-02,0.000000000000000000e+00,0.000000000000000000e+00,0.000000000000000000e+00,0.000000000000000000e+00,0.000000000000000000e+00,0.000000000000000000e+00,0.000000000000000000e+00
0.000000000000000000e+00,3.217422970216880174e+00,3.344549069690744147e+01,0.000000000000000000e+00,4.749897508933612698e+03,1.626085174365927977e-02,2.531486475428871472e+03,4.731709233064841413e+01,7.012893593539314130e-02,3.594107386093616094e-04,0.000000000000000000e+00,0.000000000000000000e+00,0.000000000000000000e+00,0.000000000000000000e+00,0.000000000000000000e+00,0.000000000000000000e+00
0.000000000000000000e+00,0.000000000000000000e+00,3.154943368193610542e+00,3.300391406459016963e+01,0.000000000000000000e+00,4.704724383648276671e+03,2.515536798955080485e+03,5.199332293241404557e+01,1.136371617835354231e+00,1.359309569507771405e-03,0.000000000000000000e+00,0.000000000000000000e+00,0.000000000000000000e+00,0.000000000000000000e+00,0.000000000000000000e+00,0.000000000000000000e+00
0.000000000000000000e+00,0.000000000000000000e+00,3.098181902021420075e+00,3.258910081569123918e+01,0.000000000000000000e+00,4.661561619394240552e+03,2.500118477652465117e+03,5.622871975490479457e+01,2.353462332026743375e+00,5.361767133315925582e-02,0.000000000000000000e+00,0.000000000000000000e+00,0.000000000000000000e+00,0.000000000000000000e+00,0.000000000000000000e+00,0.000000000000000000e+00
0.000000000000000000e+00,0.000000000000000000e+00,3.045714016789990986e+00,3.219459014010845976e+01,0.000000000000000000e+00,4.619995027616424522e+03,2.485098803755651716e+03,2.686871916961623086e+00,6.117565513812533595e+01,1.076887355152168629e-01,7.894361938761292573e-04,0.000000000000000000e+00,0.000000000000000000e+00,0.000000000000000000e+00,0.000000000000000000e+00,0.000000000000000000e+00
0.000000000000000000e+00,0.000000000000000000e+00,2.996718884359523383e+00,3.181673605218962564e+01,0.000000000000000000e+00,4.579723965349419814e+03,1.319271253719356447e-02,2.473155727676629795e+03,6.597638058149618701e+01,4.414543036139856325e-01,1.914188274655107078e-03,0.000000000000000000e+00,0.000000000000000000e+00,0.000000000000000000e+00,0.000000000000000000e+00,0.000000000000000000e+00
0.000000000000000000e+00,0.000000000000000000e+00,2.950658363827963981e+00,3.145315818598345459e+01,0.000000000000000000e+00,4.540507163423603743e+03,7.730280607612133315e-02,2.458830037099255605e+03,6.973661712534604362e+01,1.648701860030775457e+00,1.576216440965897206e-02,0.000000000000000000e+00,0.000000000000000000e+00,0.000000000000000000e+00,0.000000000000000000e+00,0.000000000000000000e+00
0.000000000000000000e+00,0.000000000000000000e+00,2.907123611071812608e+00,3.110211590622311917e+01,0.000000000000000000e+00,4.502251581566462846e+03,1.416185015792676971e-01,2.444765959568912876e+03,7.337675683848868857e+01,2.785555447564667109e+00,8.096318236160586490e-02,0.000000000000000000e+00,0.000000000000000000e+00,0.000000000000000000e+00,0.000000000000000000e+00,0.000000000000000000e+00
0.000000000000000000e+00,0.000000000000000000e+00,2.865806030313323483e+00,3.076240158304134908e+01,0.000000000000000000e+00,4.464846585736505403e+03,2.075499366513463562e-01,2.430930520392615108e+03,7.690676807597927223e+01,3.900548705011924966e+00,1.506963407557374846e-01,2.297298090292902251e-04,0.000000000000000000e+00,0.000000000000000000e+00,0.000000000000000000e+00,0.000000000000000000e+00
0.000000000000000000e+00,0.000000000000000000e+00,2.826458523596512507e+00,3.043304115454074577e+01,0.000000000000000000e+00,0.000000000000000000e+00,4.428484958742028539e+03,2.417297604941156351e+03,8.033346232079031779e+01,4.996262970783953428e+00,2.215627501736011085e-01,4.035577556792953151e-03,0.000000000000000000e+00,0.000000000000000000e+00,0.000000000000000000e+00,0.000000000000000000e+00
0.000000000000000000e+00,0.000000000000000000e+00,0.000000000000000000e+00,3.290344441166884337e+01,0.000000000000000000e+00,0.000000000000000000e+00,4.392627318687107618e+03,2.403810797700561579e+03,8.369768467478660057e+01,6.073233747728322030e+00,2.944074199244846590e-01,1.026099893891754648e-02,0.000000000000000000e+00,0.000000000000000000e+00,0.000000000000000000e+00,0.000000000000000000e+00
0.000000000000000000e+00,0.000000000000000000e+00,0.000000000000000000e+00,0.000000000000000000e+00,3.255956428766897659e+01,0.000000000000000000e+00,4.357424983326697657e+03,2.390489755689508456e+03,8.697153294111841149e+01,7.132185397284339423e+00,3.704766354109677029e-01,1.754967585254827919e-02,0.000000000000000000e+00,0.000000000000000000e+00,0.000000000000000000e+00,0.000000000000000000e+00
0.000000000000000000e+00,0.000000000000000000e+00,0.000000000000000000e+00,0.000000000000000000e+00,3.222516388343136384e+01,0.000000000000000000e+00,4.322832983232186962e+03,2.377322533582569122e+03,1.351384357981897343e-02,9.826984236647996340e+01,5.043916919595164972e-01,1.993147484429564492e-02,0.000000000000000000e+00,0.000000000000000000e+00,0.000000000000000000e+00,0.000000000000000000e+00
0.000000000000000000e+00,0.000000000000000000e+00,0.000000000000000000e+00,0.000000000000000000e+00,3.189970775438779427e+01,0.000000000000000000e+00,4.288817423966879687e+03,2.364298266647359014e+03,4.644058164552834073e-02,1.018505086149043706e+02,1.106713075170366434e+00,2.303292245560014523e-02,0.000000000000000000e+00,0.000000000000000000e+00,0.000000000000000000e+00,0.000000000000000000e+00
0.000000000000000000e+00,0.000000000000000000e+00,0.000000000000000000e+00,0.000000000000000000e+00,3.158275270792844935e+01,0.000000000000000000e+00,4.255352100606041859e+03,0.000000000000000000e+00,2.351487363805762925e+03,1.047880511481034489e+02,2.257810007477418335e+00,2.849803205057501940e-02,0.000000000000000000e+00,0.000000000000000000e+00,0.000000000000000000e+00,0.000000000000000000e+00
0.000000000000000000e+00,0.000000000000000000e+00,0.000000000000000000e+00,0.000000000000000000e+00,3.127385391025125116e+01,0.000000000000000000e+00,4.222389014331852195e+03,2.120752341115488340e-02,2.338757787119951445e+03,1.076494600348774782e+02,3.377310224191143906e+00,5.293162437628628342e-02,0.000000000000000000e+00,0.000000000000000000e+00,0.000000000000000000e+00,0.000000000000000000e+00
0.000000000000000000e+00,0.000000000000000000e+00,0.000000000000000000e+00,0.000000000000000000e+00,3.097264594371991464e+01,0.000000000000000000e+00,4.189898721112795101e+03,7.293114599296536549e-02,2.326148364095988654e+03,1.104372168560409051e+02,4.415961992996506602e+00,1.458562810688193434e-01,0.000000000000000000e+00,0.000000000000000000e+00,0.000000000000000000e+00,0.000000000000000000e+00
0.000000000000000000e+00,0.000000000000000000e+00,0.000000000000000000e+00,0.000000000000000000e+00,3.067089847622705889e+01,0.000000000000000000e+00,4.157900419746296393e+03,1.254755276449339430e-01,2.313654653051134119e+03,1.131535398301666220e+02,5.439005751473761308e+00,2.421743849697984285e-01,1.400700942211906426e-04,0.000000000000000000e+00,0.000000000000000000e+00,0.000000000000000000e+00
0.000000000000000000e+00,0.000000000000000000e+00,0.000000000000000000e+00,0.000000000000000000e+00,3.037144035609799886e+01,0.000000000000000000e+00,4.126380770866911917e+03,1.778838654361935834e-01,2.301273205479367334e+03,1.158004453856603817e+02,6.446737798715281187e+00,3.417044320847946737e-01,5.674622663064137927e-04,0.000000000000000000e+00,0.000000000000000000e+00,0.000000000000000000e+00
0.000000000000000000e+00,0.000000000000000000e+00,0.000000000000000000e+00,0.000000000000000000e+00,3.007937976911300026e+01,0.000000000000000000e+00,4.095328581441147435e+03,2.284713242418397183e-01,2.289001385656463754e+03,1.183797835500153610e+02,7.439410870941907561e+00,4.440318008160761276e-01,1.359146205093295524e-03,0.000000000000000000e+00,0.000000000000000000e+00,0.000000000000000000e+00
0.000000000000000000e+00,0.000000000000000000e+00,0.000000000000000000e+00,0.000000000000000000e+00,2.979445360782332131e+01,0.000000000000000000e+00,4.064734343345759953e+03,2.773150894427780511e-01,2.276837219538710997e+03,1.208932753595047558e+02,8.417243877998840773e+00,5.487743551924643137e-01,2.741979750639334835e-03,0.000000000000000000e+00,0.000000000000000000e+00,0.000000000000000000e+00
0.000000000000000000e+00,0.000000000000000000e+00,0.000000000000000000e+00,0.000000000000000000e+00,2.951641895755364686e+01,0.000000000000000000e+00,4.034590025073361176e+03,3.244856718302132625e-01,2.264779263142519994e+03,1.233425418681923418e+02,9.380430044857892113e+00,6.529174553515472157e-01,7.592175849623750312e-03,0.000000000000000000e+00,0.000000000000000000e+00,0.000000000000000000e+00
0.000000000000000000e+00,0.000000000000000000e+00,0.000000000000000000e+00,0.000000000000000000e+00,2.924504672589839060e+01,0.000000000000000000e+00,4.004888107766785197e+03,3.700545778073690006e-01,2.252826072838848177e+03,1.257293125984559055e+02,1.032935710408114538e+01,7.532282275220211210e-01,1.900123564518922323e-02,0.000000000000000000e+00,0.000000000000000000e+00,0.000000000000000000e+00
0.000000000000000000e+00,0.000000000000000000e+00,0.000000000000000000e+00,0.000000000000000000e+00,0.000000000000000000e+00,2.898011693727443117e+01,3.975621836521362184e+03,4.140875569153927849e-01,2.240977143525408792e+03,1.280533881049989020e+02,1.126562849684811241e+01,8.552051777213061090e-01,3.132345561266974138e-02,0.000000000000000000e+00,0.000000000000000000e+00,0.000000000000000000e+00
0.000000000000000000e+00,0.000000000000000000e+00,0.000000000000000000e+00,0.000000000000000000e+00,0.000000000000000000e+00,2.872141368916578585e+01,3.946784638367067600e+03,4.566478833210740329e-01,2.229216303953885927e+03,1.303334455691876599e+02,1.218774766600720305e+01,9.587539003744914856e-01,4.453555209044375574e-02,0.000000000000000000e+00,0.000000000000000000e+00,0.000000000000000000e+00
0.000000000000000000e+00,0.000000000000000000e+00,0.000000000000000000e+00,0.000000000000000000e+00,0.000000000000000000e+00,2.846872262784389207e+01,3.918369909212055518e+03,4.977967259124978505e-01,2.217548927350666872e+03,1.325650256989868296e+02,1.309579677999701808e+01,1.063862348968292570e+00,5.861445128847711517e-02,0.000000000000000000e+00,0.000000000000000000e+00,0.000000000000000000e+00
0.000000000000000000e+00,0.000000000000000000e+00,0.000000000000000000e+00,0.000000000000000000e+00,0.000000000000000000e+00,2.822182772064897804e+01,0.000000000000000000e+00,3.890908272469466283e+03,2.205985498949467001e+03,1.347387869412141583e+02,1.398974839013003013e+01,1.170382562727247056e+00,7.345947460074282731e-02,0.000000000000000000e+00,0.000000000000000000e+00,0.000000000000000000e+00
0.000000000000000000e+00,0.000000000000000000e+00,0.000000000000000000e+00,0.000000000000000000e+00,0.000000000000000000e+00,2.798051056210336895e+01,0.000000000000000000e+00,3.863338951572536189e+03,2.194542035665836011e+03,1.368562531219956497e+02,1.486988683551698287e+01,1.278154840557937044e+00,8.908714644198290067e-02,0.000000000000000000e+00,0.000000000000000000e+00,0.000000000000000000e+00
0.000000000000000000e+00,0.000000000000000000e+00,0.000000000000000000e+00,0.000000000000000000e+00,0.000000000000000000e+00,2.774455033051572883e+01,0.000000000000000000e+00,3.836144437512985405e+03,2.181686223461782447e+03,1.381743338582309093e+02,1.801854682581830147e+01,1.387972670038490897e+00,1.059486991738719797e-01,2.555827001509236411e-04,0.000000000000000000e+00,0.000000000000000000e+00
0.000000000000000000e+00,0.000000000000000000e+00,0.000000000000000000e+00,0.000000000000000000e+00,0.000000000000000000e+00,2.751372506205916224e+01,0.000000000000000000e+00,3.809341798840204774e+03,2.167953746037071141e+03,1.399000811503544526e+02,2.162845969542282276e+01,1.538191769610429249e+00,1.247532075545282615e-01,1.611815651381676628e-03,0.000000000000000000e+00,0.000000000000000000e+00
0.000000000000000000e+00,0.000000000000000000e+00,0.000000000000000000e+00,0.000000000000000000e+00,0.000000000000000000e+00,2.728781319572746611e+01,0.000000000000000000e+00,3.782922098840965191e+03,2.154380124696129769e+03,1.415738653844492205e+02,2.486736970330403906e+01,1.985501544381349959e+00,1.462601081643168932e-01,3.200412655260260683e-03,0.000000000000000000e+00,0.000000000000000000e+00
0.000000000000000000e+00,0.000000000000000000e+00,0.000000000000000000e+00,0.000000000000000000e+00,0.000000000000000000e+00,2.706659601660873804e+01,0.000000000000000000e+00,3.756875776362045144e+03,2.140962390280252293e+03,1.431973175610732767e+02,2.744392180005366910e+01,3.022346549740805965e+00,1.717472021112277369e-01,4.330074406662129914e-03,0.000000000000000000e+00,0.000000000000000000e+00
0.000000000000000000e+00,0.000000000000000000e+00,0.000000000000000000e+00,0.000000000000000000e+00,0.000000000000000000e+00,2.684985980518683490e+01,0.000000000000000000e+00,3.731193095966174496e+03,2.127697465227631255e+03,1.447720359279910838e+02,2.996205631024287541e+01,4.046239956050239783e+00,2.014099260151809012e-01,4.987406604189260906e-03,0.000000000000000000e+00,0.000000000000000000e+00
0.000000000000000000e+00,0.000000000000000000e+00,0.000000000000000000e+00,0.000000000000000000e+00,0.000000000000000000e+00,2.663739810337749958e+01,0.000000000000000000e+00,3.705864177445621408e+03,2.114582202892618625e+03,1.462995777511823974e+02,3.242341604011467382e+01,5.057310701153763688e+00,2.345041907564154871e-01,5.777716474606115274e-03,0.000000000000000000e+00,0.000000000000000000e+00
0.000000000000000000e+00,0.000000000000000000e+00,0.000000000000000000e+00,0.000000000000000000e+00,0.000000000000000000e+00,2.647037313756144528e+01,0.000000000000000000e+00,3.685849092559062683e+03,2.104195611585837923e+03,1.474886608128307159e+02,3.435270464991877049e+01,5.857027118729393855e+00,2.616913701965447592e-01,8.177084196542332151e-03,0.000000000000000000e+00,0.000000000000000000e+00
