# particle radii (um) per size_bin (including water contribution to size), with size bins represented by columns and their number (starting from 1) given in second line of header, per time step which is represented by rows and corresponding times given in the time output file 
# 12345678910111213141516
7.121874999999999734e-03,1.956562499999999968e-02,3.200937499999999963e-02,4.445312499999999611e-02,5.689687499999999953e-02,6.934062500000000295e-02,8.178437499999999249e-02,9.422812499999999591e-02,1.066718749999999993e-01,1.191156250000000028e-01,1.315593750000000062e-01,1.440031250000000096e-01,1.564468749999999853e-01,1.688906249999999887e-01,1.813343749999999921e-01,1.937781249999999955e-01
7.121874999999999734e-03,1.956562499999999968e-02,3.200937499999999963e-02,4.445312499999999611e-02,5.689687499999999953e-02,6.934062500000000295e-02,8.178437499999999249e-02,9.422812499999999591e-02,1.066718749999999993e-01,1.191156250000000028e-01,1.315593750000000062e-01,1.440031250000000096e-01,1.564468749999999853e-01,1.688906249999999887e-01,1.813343749999999921e-01,1.937781249999999955e-01
7.121874999999999734e-03,1.956562499999999968e-02,3.200937499999999963e-02,4.445312499999999611e-02,5.689687499999999953e-02,6.934062500000000295e-02,8.178437499999999249e-02,9.422812499999999591e-02,1.066718749999999993e-01,1.191156250000000028e-01,1.315593750000000062e-01,1.440031250000000096e-01,1.564468749999999853e-01,1.688906249999999887e-01,1.813343749999999921e-01,1.937781249999999955e-01
7.121874999999999734e-03,1.956562499999999968e-02,3.200937499999999963e-02,4.445312499999999611e-02,5.689687499999999953e-02,6.934062500000000295e-02,8.178437499999999249e-02,9.422812499999999591e-02,1.066718749999999993e-01,1.191156250000000028e-01,1.315593750000000062e-01,1.440031250000000096e-01,1.564468749999999853e-01,1.688906249999999887e-01,1.813343749999999921e-01,1.937781249999999955e-01
7.121874999999999734e-03,1.956562499999999968e-02,3.200937499999999963e-02,4.445312499999999611e-02,5.689687499999999953e-02,6.934062500000000295e-02,8.178437499999999249e-02,9.422812499999999591e-02,1.066718749999999993e-01,1.191156250000000028e-01,1.315593750000000062e-01,1.440031250000000096e-01,1.564468749999999853e-01,1.688906249999999887e-01,1.813343749999999921e-01,1.937781249999999955e-01
7.121874999999999734e-03,1.956562499999999968e-02,3.200937499999999963e-02,4.445312499999999611e-02,5.689687499999999953e-02,6.934062500000000295e-02,8.178437499999999249e-02,9.422812499999999591e-02,1.066718749999999993e-01,1.191156250000000028e-01,1.315593750000000062e-01,1.440031250000000096e-01,1.564468749999999853e-01,1.688906249999999887e-01,1.813343749999999921e-01,1.937781249999999955e-01
7.121874999999999734e-03,1.956562499999999968e-02,3.200937499999999963e-02,4.445312499999999611e-02,5.689687499999999953e-02,6.934062500000000295e-02,8.178437499999999249e-02,9.422812499999999591e-02,1.066718749999999993e-01,1.191156250000000028e-01,1.315593750000000062e-01,1.440031250000000096e-01,1.564468749999999853e-01,1.688906249999999887e-01,1.813343749999999921e-01,1.937781249999999955e-01
7.121874999999999734e-03,1.956562499999999968e-02,3.200937499999999963e-02,4.445312499999999611e-02,5.689687499999999953e-02,6.934062500000000295e-02,8.178437499999999249e-02,9.422812499999999591e-02,1.066718749999999993e-01,1.191156250000000028e-01,1.315593750000000062e-01,1.440031250000000096e-01,1.564468749999999853e-01,1.688906249999999887e-01,1.813343749999999921e-01,1.937781249999999955e-01
7.121874999999999734e-03,1.956562499999999968e-02,3.200937499999999963e-02,4.445312499999999611e-02,5.689687499999999953e-02,6.934062500000000295e-02,8.178437499999999249e-02,9.422812499999999591e-02,1.066718749999999993e-01,1.191156250000000028e-01,1.315593750000000062e-01,1.440031250000000096e-01,1.564468749999999853e-01,1.688906249999999887e-01,1.813343749999999921e-01,1.937781249999999955e-01
7.121874999999999734e-03,1.956562499999999968e-02,3.200937499999999963e-02,4.445312499999999611e-02,5.689687499999999953e-02,6.934062500000000295e-02,8.178437499999999249e-02,9.422812499999999591e-02,1.066718749999999993e-01,1.191156250000000028e-01,1.315593750000000062e-01,1.440031250000000096e-01,1.564468749999999853e-01,1.688906249999999887e-01,1.813343749999999921e-01,1.937781249999999955e-01
7.121874999999999734e-03,1.956562499999999968e-02,3.200937499999999963e-02,4.445312499999999611e-02,5.689687499999999953e-02,6.934062500000000295e-02,8.178437499999999249e-02,9.422812499999999591e-02,1.066718749999999993e-01,1.191156250000000028e-01,1.315593750000000062e-01,1.440031250000000096e-01,1.564468749999999853e-01,1.688906249999999887e-01,1.813343749999999921e-01,1.937781249999999955e-01
7.121874999999999734e-03,1.956562499999999968e-02,3.200937499999999963e-02,4.445312499999999611e-02,5.689687499999999953e-02,6.934062500000000295e-02,8.178437499999999249e-02,9.422812499999999591e-02,1.066718749999999993e-01,1.191156250000000028e-01,1.315593750000000062e-01,1.440031250000000096e-01,1.564468749999999853e-01,1.688906249999999887e-01,1.813343749999999921e-01,1.937781249999999955e-01
7.121874999999999734e-03,1.956562499999999968e-02,3.200937499999999963e-02,4.445312499999999611e-02,5.689687499999999953e-02,6.934062500000000295e-02,8.178437499999999249e-02,9.422812499999999591e-02,1.066718749999999993e-01,1.191156250000000028e-01,1.315593750000000062e-01,1.440031250000000096e-01,1.564468749999999853e-01,1.688906249999999887e-01,1.813343749999999921e-01,1.937781249999999955e-01
7.121874999999999734e-03,1.956562499999999968e-02,3.200937499999999963e-02,4.445312499999999611e-02,5.689687499999999953e-02,6.934062500000000295e-02,8.178437499999999249e-02,9.422812499999999591e-02,1.066718749999999993e-01,1.191156250000000028e-01,1.315593750000000062e-01,1.440031250000000096e-01,1.564468749999999853e-01,1.688906249999999887e-01,1.813343749999999921e-01,1.937781249999999955e-01
7.121874999999999734e-03,1.956562499999999968e-02,3.200937499999999963e-02,4.445312499999999611e-02,5.689687499999999953e-02,6.934062500000000295e-02,8.178437499999999249e-02,9.422812499999999591e-02,1.066718749999999993e-01,1.191156250000000028e-01,1.315593750000000062e-01,1.440031250000000096e-01,1.564468749999999853e-01,1.688906249999999887e-01,1.813343749999999921e-01,1.937781249999999955e-01
7.121874999999999734e-03,1.956562499999999968e-02,3.200937499999999963e-02,4.445312499999999611e-02,5.689687499999999953e-02,6.934062500000000295e-02,8.178437499999999249e-02,9.422812499999999591e-02,1.066718749999999993e-01,1.191156250000000028e-01,1.315593750000000062e-01,1.440031250000000096e-01,1.564468749999999853e-01,1.688906249999999887e-01,1.813343749999999921e-01,1.937781249999999955e-01
7.121874999999999734e-03,1.956562499999999968e-02,3.200937499999999963e-02,4.445312499999999611e-02,5.689687499999999953e-02,6.934062500000000295e-02,8.178437499999999249e-02,9.422812499999999591e-02,1.066718749999999993e-01,1.191156250000000028e-01,1.315593750000000062e-01,1.440031250000000096e-01,1.564468749999999853e-01,1.688906249999999887e-01,1.813343749999999921e-01,1.937781249999999955e-01
2.011950943417006605e-03,1.956562500000000315e-02,3.200937499999999963e-02,4.445312500000000305e-02,5.689687500000000647e-02,6.934062500000001683e-02,8.178437500000000637e-02,9.422812500000000979e-02,1.066718750000000132e-01,1.191156250000000166e-01,1.315593750000000062e-01,1.440031250000000373e-01,1.564468750000000130e-01,1.688906249999999887e-01,1.813343750000000199e-01,1.937781250000000233e-01
2.014069674280000166e-03,1.956562500000000315e-02,3.200937499999999963e-02,4.445312500000000305e-02,5.689687500000000647e-02,6.934062500000001683e-02,8.178437500000000637e-02,9.422812500000000979e-02,1.066718750000000132e-01,1.191156250000000166e-01,1.315593750000000062e-01,1.440031250000000373e-01,1.564468750000000130e-01,1.688906249999999887e-01,1.813343750000000199e-01,1.937781250000000233e-01
2.000000000000000909e-03,1.366089592435044096e-02,3.200937499999999963e-02,4.445312500000000305e-02,5.689687500000000647e-02,6.934062500000001683e-02,8.178437500000000637e-02,9.422812500000000979e-02,1.066718750000000132e-01,1.191156250000000166e-01,1.315593750000000062e-01,1.440031250000000373e-01,1.564468750000000130e-01,1.688906249999999887e-01,1.813343750000000199e-01,1.937781250000000233e-01
1.006427196343524788e-02,1.479584592512531334e-02,2.648660135226584694e-02,4.445312500000000305e-02,5.689687500000000647e-02,6.934062500000001683e-02,8.178437500000000637e-02,9.422812500000000979e-02,1.066718750000000132e-01,1.191156250000000166e-01,1.315593750000000062e-01,1.440031250000000373e-01,1.564468750000000130e-01,1.688906249999999887e-01,1.813343750000000199e-01,1.937781250000000233e-01
6.243880610767508013e-03,1.994121515680134446e-02,3.613327343313735285e-02,4.522296215165457628e-02,5.689687500000000647e-02,6.934062500000001683e-02,8.178437500000000637e-02,9.422812500000000979e-02,1.066718750000000132e-01,1.191156250000000166e-01,1.315593750000000062e-01,1.440031250000000373e-01,1.564468750000000130e-01,1.688906249999999887e-01,1.813343750000000199e-01,1.937781250000000233e-01
2.000000000000000475e-03,2.066766499296930279e-02,3.363678435798663630e-02,4.542154475971251631e-02,5.506747047347747281e-02,6.934062500000001683e-02,8.178437500000000637e-02,9.422812500000000979e-02,1.066718750000000132e-01,1.191156250000000166e-01,1.315593750000000062e-01,1.440031250000000373e-01,1.564468750000000130e-01,1.688906249999999887e-01,1.813343750000000199e-01,1.937781250000000233e-01
4.981846713295963805e-03,1.697516346728898673e-02,3.051222653079018951e-02,4.758665399824206499e-02,5.781437280452447758e-02,6.990650229181075148e-02,8.178437500000000637e-02,9.422812500000000979e-02,1.066718750000000132e-01,1.191156250000000166e-01,1.315593750000000062e-01,1.440031250000000373e-01,1.564468750000000130e-01,1.688906249999999887e-01,1.813343750000000199e-01,1.937781250000000233e-01
4.460558368754518992e-03,2.104276406040672329e-02,3.570124420279781330e-02,4.498154800120390123e-02,5.106551091172593232e-02,6.427173540711232647e-02,8.178437500000000637e-02,9.422812500000000979e-02,1.066718750000000132e-01,1.191156250000000166e-01,1.315593750000000062e-01,1.440031250000000373e-01,1.564468750000000130e-01,1.688906249999999887e-01,1.813343750000000199e-01,1.937781250000000233e-01
1.253575253383580439e-02,1.652981603934639693e-02,2.641086748300551859e-02,3.911726632448855184e-02,5.349069777119449393e-02,6.677821623921256777e-02,7.799298723353048635e-02,9.422812500000000979e-02,1.066718750000000132e-01,1.191156250000000166e-01,1.315593750000000062e-01,1.440031250000000373e-01,1.564468750000000130e-01,1.688906249999999887e-01,1.813343750000000199e-01,1.937781250000000233e-01
8.890633607132897992e-03,1.903037490639828549e-02,3.013890774388620214e-02,4.171373162009251595e-02,5.540164632330792788e-02,6.879625448096274298e-02,7.981414329192523804e-02,9.422812500000000979e-02,1.066718750000000132e-01,1.191156250000000166e-01,1.315593750000000062e-01,1.440031250000000373e-01,1.564468750000000130e-01,1.688906249999999887e-01,1.813343750000000199e-01,1.937781250000000233e-01
3.812218292470983660e-03,2.037899309568305672e-02,3.302773797960682767e-02,4.383514139426437917e-02,5.700117345229266386e-02,6.884759133902199069e-02,8.111207334809399094e-02,9.422812500000000979e-02,1.066718750000000132e-01,1.191156250000000166e-01,1.315593750000000062e-01,1.440031250000000373e-01,1.564468750000000130e-01,1.688906249999999887e-01,1.813343750000000199e-01,1.937781250000000233e-01
1.022836503533706108e-02,2.403365201473451132e-02,3.539247050748557666e-02,4.563145963459469545e-02,5.838149785409454257e-02,6.981374547335106318e-02,8.141960986373864007e-02,9.422812500000000979e-02,1.066718750000000132e-01,1.191156250000000166e-01,1.315593750000000062e-01,1.440031250000000373e-01,1.564468750000000130e-01,1.688906249999999887e-01,1.813343750000000199e-01,1.937781250000000233e-01
3.604266763648574998e-03,1.482374480293467342e-02,3.272791384647277813e-02,4.718758307305068178e-02,5.960107008148408242e-02,7.062411839028119587e-02,8.149088359380497748e-02,9.422812500000000979e-02,1.066718750000000132e-01,1.191156250000000166e-01,1.315593750000000062e-01,1.440031250000000373e-01,1.564468750000000130e-01,1.688906249999999887e-01,1.813343750000000199e-01,1.937781250000000233e-01
9.428899908689895165e-03,1.884049926561151209e-02,3.473306099466683117e-02,4.856916878562391598e-02,6.069242779804800286e-02,6.986675018925678216e-02,7.661920187781032232e-02,9.422812500000000979e-02,1.066718750000000132e-01,1.191156250000000166e-01,1.315593750000000062e-01,1.440031250000000373e-01,1.564468750000000130e-01,1.688906249999999887e-01,1.813343750000000199e-01,1.937781250000000233e-01
2.000000000000000475e-03,1.969506709651216644e-02,3.650716151654890412e-02,4.982093487992578229e-02,6.169248665395645620e-02,6.998367013745922238e-02,7.757240890190431060e-02,8.935274729337994160e-02,1.066718750000000132e-01,1.191156250000000166e-01,1.315593750000000062e-01,1.440031250000000373e-01,1.564468750000000130e-01,1.688906249999999887e-01,1.813343750000000199e-01,1.937781250000000233e-01
7.985394508377869141e-03,2.253394388848143498e-02,3.810104818919087671e-02,4.483816862275291637e-02,5.768820087486259407e-02,7.065024865410661492e-02,7.846893795772127977e-02,9.006353423393997915e-02,1.066718750000000132e-01,1.191156250000000166e-01,1.315593750000000062e-01,1.440031250000000373e-01,1.564468750000000130e-01,1.688906249999999887e-01,1.813343750000000199e-01,1.937781250000000233e-01
1.177444493237215367e-02,2.492842204543221571e-02,3.063864939623188455e-02,3.956673793725889315e-02,5.864195423413447184e-02,7.049494618677798474e-02,7.923867990948038620e-02,8.948742066561564401e-02,1.066718750000000132e-01,1.191156250000000166e-01,1.315593750000000062e-01,1.440031250000000373e-01,1.564468750000000130e-01,1.688906249999999887e-01,1.813343750000000199e-01,1.937781250000000233e-01
4.572564766973446874e-03,1.527649257708601355e-02,2.701942246033915349e-02,4.090482620567484351e-02,5.952996946139446632e-02,7.065474632523900678e-02,7.997813871026747401e-02,8.988131240370009212e-02,1.066718750000000132e-01,1.191156250000000166e-01,1.315593750000000062e-01,1.440031250000000373e-01,1.564468750000000130e-01,1.688906249999999887e-01,1.813343750000000199e-01,1.937781250000000233e-01
9.116555887845130893e-03,1.836408668602848571e-02,2.887750821432032156e-02,4.214153820948705192e-02,6.036473206028458716e-02,7.094438777607667279e-02,7.871357627296947379e-02,9.055941421521866708e-02,1.066718750000000132e-01,1.191156250000000166e-01,1.315593750000000062e-01,1.440031250000000373e-01,1.564468750000000130e-01,1.688906249999999887e-01,1.813343750000000199e-01,1.937781250000000233e-01
1.231337225842556171e-02,2.091150175203135286e-02,3.055452075328838474e-02,4.329568586096570193e-02,6.115531164385092089e-02,7.115045629471104804e-02,7.841701596840529309e-02,9.070212553887076201e-02,1.066718750000000132e-01,1.191156250000000166e-01,1.315593750000000062e-01,1.440031250000000373e-01,1.564468750000000130e-01,1.688906249999999887e-01,1.813343750000000199e-01,1.937781250000000233e-01
5.420086279170864552e-03,2.141126579048443709e-02,3.208324124216783285e-02,4.437790872785309787e-02,6.190655211125931784e-02,7.143645618889657434e-02,7.875266065199396093e-02,9.087457518986774563e-02,1.066718750000000132e-01,1.191156250000000166e-01,1.315593750000000062e-01,1.440031250000000373e-01,1.564468750000000130e-01,1.688906249999999887e-01,1.813343750000000199e-01,1.937781250000000233e-01
9.345004416051686663e-03,2.348239478728741947e-02,3.349048370946824255e-02,4.539644782523021005e-02,6.262127519918202212e-02,7.178518736339210837e-02,7.926213091051703685e-02,9.120531829503131238e-02,1.066718750000000132e-01,1.191156250000000166e-01,1.315593750000000062e-01,1.440031250000000373e-01,1.564468750000000130e-01,1.688906249999999887e-01,1.813343750000000199e-01,1.937781250000000233e-01
1.224398887805303905e-02,2.532260920891188025e-02,3.479518464075778000e-02,4.635690423154186640e-02,5.624050394296589012e-02,6.353140636077744818e-02,7.983183278593139476e-02,9.164391447563227655e-02,1.066718750000000132e-01,1.191156250000000166e-01,1.315593750000000062e-01,1.440031250000000373e-01,1.564468750000000130e-01,1.688906249999999887e-01,1.813343750000000199e-01,1.937781250000000233e-01
5.656028944910214754e-03,1.522413928913608772e-02,3.452877837099561226e-02,4.726648509002743387e-02,5.687525744762966795e-02,6.420394770206022672e-02,8.042040715304074605e-02,9.214345947224690525e-02,1.066718750000000132e-01,1.191156250000000166e-01,1.315593750000000062e-01,1.440031250000000373e-01,1.564468750000000130e-01,1.688906249999999887e-01,1.813343750000000199e-01,1.937781250000000233e-01
8.704833850344585039e-03,1.777984158356696667e-02,3.571620821104869170e-02,4.813041726992223907e-02,5.770974965834304443e-02,6.484931049258250979e-02,8.101091914813861317e-02,9.267573890864379271e-02,1.066718750000000132e-01,1.191156250000000166e-01,1.315593750000000062e-01,1.440031250000000373e-01,1.564468750000000130e-01,1.688906249999999887e-01,1.813343750000000199e-01,1.937781250000000233e-01
1.166363265800145731e-02,1.995148340697029676e-02,3.683061739004191149e-02,4.895351404189304118e-02,5.856323587659694602e-02,6.546997901604691139e-02,8.159600421932433623e-02,9.322433562912059435e-02,1.066718750000000132e-01,1.191156250000000166e-01,1.315593750000000062e-01,1.440031250000000373e-01,1.564468750000000130e-01,1.688906249999999887e-01,1.813343750000000199e-01,1.937781250000000233e-01
2.000000000000000909e-03,2.034508197705530569e-02,3.788035574024667396e-02,4.973919427980047492e-02,5.938347243678892412e-02,6.606766116411220968e-02,8.217158325900943139e-02,9.377881237717408669e-02,1.066718750000000132e-01,1.191156250000000166e-01,1.315593750000000062e-01,1.440031250000000373e-01,1.564468750000000130e-01,1.688906249999999887e-01,1.813343750000000199e-01,1.937781250000000233e-01
6.798727919804243257e-03,2.216098339455172331e-02,3.200937499999999963e-02,4.815078622381785411e-02,6.011938952103822176e-02,6.664301239463632509e-02,8.273477736144936590e-02,9.433212521287971664e-02,1.066718750000000132e-01,1.191156250000000166e-01,1.315593750000000062e-01,1.440031250000000373e-01,1.564468750000000130e-01,1.688906249999999887e-01,1.813343750000000199e-01,1.937781250000000233e-01
9.343745756090522311e-03,2.378799146472148143e-02,3.200937499999999963e-02,4.890293384724579695e-02,6.083321903631958710e-02,6.719663114069032717e-02,8.327622921832583680e-02,9.400629841092794647e-02,1.066718750000000132e-01,1.191156250000000166e-01,1.315593750000000062e-01,1.440031250000000373e-01,1.564468750000000130e-01,1.688906249999999887e-01,1.813343750000000199e-01,1.937781250000000233e-01
1.259868776511875385e-02,2.527015398941211133e-02,3.090956807244310892e-02,4.962379204139209105e-02,6.151797416892108156e-02,6.772856857295399269e-02,8.345561158084641162e-02,9.398100526958466649e-02,1.066718750000000132e-01,1.191156250000000166e-01,1.315593750000000062e-01,1.440031250000000373e-01,1.564468750000000130e-01,1.688906249999999887e-01,1.813343750000000199e-01,1.937781250000000233e-01
7.121875000000001468e-03,1.515418017629834545e-02,2.663297989816706957e-02,5.031540928686150521e-02,6.213530713615050133e-02,6.822677146684930083e-02,8.275998388913703707e-02,9.401422576711152002e-02,1.050422716762909464e-01,1.191156250000000166e-01,1.315593750000000062e-01,1.440031250000000373e-01,1.564468750000000130e-01,1.688906249999999887e-01,1.813343750000000199e-01,1.937781250000000233e-01
7.008272911640782248e-03,1.729086128290742430e-02,2.789622872264951869e-02,4.445312500000000305e-02,5.109154502757026761e-02,6.870456221103517225e-02,8.254338185802596872e-02,9.398166820922354558e-02,1.051740568559626082e-01,1.191156250000000166e-01,1.315593750000000062e-01,1.440031250000000373e-01,1.564468750000000130e-01,1.688906249999999887e-01,1.813343750000000199e-01,1.937781250000000233e-01
9.348793502137357075e-03,1.909573933337003690e-02,2.960591024933538484e-02,4.445312500000000305e-02,5.282701652682710025e-02,7.049822178040263121e-02,8.395927968082610160e-02,9.212786594430533160e-02,1.072933262595595350e-01,1.191156250000000166e-01,1.315593750000000062e-01,1.440031250000000373e-01,1.564468750000000130e-01,1.688906249999999887e-01,1.813343750000000199e-01,1.937781250000000233e-01
1.245223235411370942e-02,2.223214512346225954e-02,3.295658378562757451e-02,4.445312500000000305e-02,5.651415727358728019e-02,7.435406912641874533e-02,8.754318847271019832e-02,9.468199707464020065e-02,1.035926941570132626e-01,1.191156250000000166e-01,1.315593750000000062e-01,1.440031250000000373e-01,1.564468750000000130e-01,1.688906249999999887e-01,1.813343750000000199e-01,1.937781250000000233e-01
7.121875000000001468e-03,2.342920382005393015e-02,3.619019312897654717e-02,4.445312500000000305e-02,6.030213212159833691e-02,6.607784687043370686e-02,7.841998803457954359e-02,9.224980347753740373e-02,1.078441331183500190e-01,1.164753420610356444e-01,1.315593750000000062e-01,1.440031250000000373e-01,1.564468750000000130e-01,1.688906249999999887e-01,1.813343750000000199e-01,1.937781250000000233e-01
7.121875000000001468e-03,1.956562500000000315e-02,2.589065094616322185e-02,3.889136496645219376e-02,5.689687500000000647e-02,6.362770971598442904e-02,8.207328353213814986e-02,9.583022322592850417e-02,1.042286200651109385e-01,1.220131317797118475e-01,1.315593750000000062e-01,1.440031250000000373e-01,1.564468750000000130e-01,1.688906249999999887e-01,1.813343750000000199e-01,1.937781250000000233e-01
7.121875000000001468e-03,1.956562500000000315e-02,2.794756551959635266e-02,4.104819088025908613e-02,5.689687500000000647e-02,6.635842503067371223e-02,8.516332496475635672e-02,9.890582138588772942e-02,1.072386184722289582e-01,1.169941553742269991e-01,1.315593750000000062e-01,1.440031250000000373e-01,1.564468750000000130e-01,1.688906249999999887e-01,1.813343750000000199e-01,1.937781250000000233e-01
7.121875000000001468e-03,1.956562500000000315e-02,2.975295610586293354e-02,4.283048271974760485e-02,5.689687500000000647e-02,6.860083058328156347e-02,8.776162185662936266e-02,9.980246706689763214e-02,1.021445626796539385e-01,1.198854187129280019e-01,1.289246321096038927e-01,1.440031250000000373e-01,1.564468750000000130e-01,1.688906249999999887e-01,1.813343750000000199e-01,1.937781250000000233e-01
7.121875000000001468e-03,1.956562500000000315e-02,3.141820230327713875e-02,4.438660366469537877e-02,5.689687500000000647e-02,7.048574204725217840e-02,7.747046027943894908e-02,8.998954176253309845e-02,1.045155262103172472e-01,1.170348027857945061e-01,1.325009265830175975e-01,1.440031250000000373e-01,1.564468750000000130e-01,1.688906249999999887e-01,1.813343750000000199e-01,1.937781250000000233e-01
7.121875000000001468e-03,1.956562500000000315e-02,3.297287001868540179e-02,4.577885086996200115e-02,5.689687500000000647e-02,7.208266037431505791e-02,7.916750006441833354e-02,9.187410193560044402e-02,1.064326289354168981e-01,1.168589444689241003e-01,1.279522967283516777e-01,1.440031250000000373e-01,1.564468750000000130e-01,1.688906249999999887e-01,1.813343750000000199e-01,1.937781250000000233e-01
7.121875000000001468e-03,1.956562500000000315e-02,3.444621432951155277e-02,4.705811200467916594e-02,5.689687500000000647e-02,7.345931520864404374e-02,8.058068036516524701e-02,9.349170381546154096e-02,1.080863866513598198e-01,1.181800242837111742e-01,1.283095368620441046e-01,1.440031250000000373e-01,1.564468750000000130e-01,1.688906249999999887e-01,1.813343750000000199e-01,1.937781250000000233e-01
7.121875000000001468e-03,1.956562500000000315e-02,3.585734622881287664e-02,4.825695504605945207e-02,5.689687500000000647e-02,7.466701389136734535e-02,8.180941999683982724e-02,9.489264533925256817e-02,1.095213210010339833e-01,1.195664921364520406e-01,1.297789857638207422e-01,1.394061447586785185e-01,1.564468750000000130e-01,1.688906249999999887e-01,1.813343750000000199e-01,1.937781250000000233e-01
7.121875000000001468e-03,1.956562500000000315e-02,3.722117240664755272e-02,4.939770939968176483e-02,5.689687500000000647e-02,6.934062500000001683e-02,7.574326217056207011e-02,9.611372328984771340e-02,1.107700699295187385e-01,1.208481255280008382e-01,1.310413611420488955e-01,1.396703738848565635e-01,1.564468750000000130e-01,1.688906249999999887e-01,1.813343750000000199e-01,1.937781250000000233e-01
7.121875000000001468e-03,1.956562500000000315e-02,3.200937499999999963e-02,4.969788795213683774e-02,5.689687500000000647e-02,6.934062500000001683e-02,7.672394058489695468e-02,9.719447718981301387e-02,1.118676237799704348e-01,1.220122912688643008e-01,1.321699228866992093e-01,1.407179596775475494e-01,1.564468750000000130e-01,1.688906249999999887e-01,1.813343750000000199e-01,1.937781250000000233e-01
7.121875000000001468e-03,1.956562500000000315e-02,3.200937499999999963e-02,4.445312500000000305e-02,5.077136417983437594e-02,6.934062500000001683e-02,7.761676337572014084e-02,9.814771289263621301e-02,1.128306028056868388e-01,1.230533055259853681e-01,1.331930822922491875e-01,1.417655700637500127e-01,1.564468750000000130e-01,1.688906249999999887e-01,1.813343750000000199e-01,1.937781250000000233e-01
7.121875000000001468e-03,1.956562500000000315e-02,3.200937499999999963e-02,4.445312500000000305e-02,5.181241461297929340e-02,6.934062500000001683e-02,7.843692889522171918e-02,9.899094630224936076e-02,1.054433803042606754e-01,1.146008090365680382e-01,1.332614794025947236e-01,1.428682702022962270e-01,1.564468750000000130e-01,1.688906249999999887e-01,1.813343750000000199e-01,1.937781250000000233e-01
7.121875000000001468e-03,1.956562500000000315e-02,3.200937499999999963e-02,4.445312500000000305e-02,5.284204161327483301e-02,6.934062500000001683e-02,7.921268836394550206e-02,9.975588463278099727e-02,1.062925913964687108e-01,1.153880141717987806e-01,1.304662573365576450e-01,1.439193519204893523e-01,1.564468750000000130e-01,1.688906249999999887e-01,1.813343750000000199e-01,1.937781250000000233e-01
7.121875000000001468e-03,1.956562500000000315e-02,3.200937499999999963e-02,4.445312500000000305e-02,5.385636127108471560e-02,6.934062500000001683e-02,7.994803525769580976e-02,9.422812500000000979e-02,1.004512160503395896e-01,1.160375333323977604e-01,1.292415126095183553e-01,1.445476750169533420e-01,1.564468750000000130e-01,1.688906249999999887e-01,1.813343750000000199e-01,1.937781250000000233e-01
7.121875000000001468e-03,1.956562500000000315e-02,3.200937499999999963e-02,4.445312500000000305e-02,5.486043922083472940e-02,6.934062500000001683e-02,8.065208628738916585e-02,8.966578870684248359e-02,1.010885768557036463e-01,1.166249876346029807e-01,1.292364995434446551e-01,1.427522049471418586e-01,1.564468750000000130e-01,1.688906249999999887e-01,1.813343750000000199e-01,1.937781250000000233e-01
7.121875000000001468e-03,1.956562500000000315e-02,3.200937499999999963e-02,4.445312500000000305e-02,5.586299426500319909e-02,6.934062500000001683e-02,8.133724928438199053e-02,9.047183184191652516e-02,1.016839151771778416e-01,1.171666177184407520e-01,1.293819973221506103e-01,1.406631590829204859e-01,1.564468750000000130e-01,1.688906249999999887e-01,1.813343750000000199e-01,1.937781250000000233e-01
7.121875000000001468e-03,1.956562500000000315e-02,3.200937499999999963e-02,4.445312500000000305e-02,5.686948876366051259e-02,6.934062500000001683e-02,8.201194651379438427e-02,9.092953074744952735e-02,1.022483607818175377e-01,1.176739393610178319e-01,1.296727288413199453e-01,1.406222616014118076e-01,1.570541207431384867e-01,1.688906249999999887e-01,1.813343750000000199e-01,1.937781250000000233e-01
7.121875000000001468e-03,1.956562500000000315e-02,3.200937499999999963e-02,4.445312500000000305e-02,5.788449937418637531e-02,6.934062500000001683e-02,8.268323213818477846e-02,9.143556876073433148e-02,1.027914232359841001e-01,1.181568798101413492e-01,1.300285194620648954e-01,1.408996557528569282e-01,1.574211327235635338e-01,1.688906249999999887e-01,1.813343750000000199e-01,1.937781250000000233e-01
7.121875000000001468e-03,1.956562500000000315e-02,3.200937499999999963e-02,4.445312500000000305e-02,5.891239916628623202e-02,6.934062500000001683e-02,8.335739496031395468e-02,9.207504618825404497e-02,1.033215527652541071e-01,1.186243274612111681e-01,1.304182863449968033e-01,1.412713568678899967e-01,1.566126650969613676e-01,1.688906249999999887e-01,1.813343750000000199e-01,1.937781250000000233e-01
7.121875000000001468e-03,1.956562500000000315e-02,3.200937499999999963e-02,4.445312500000000305e-02,5.995642998906667437e-02,6.934062500000001683e-02,8.403950869138314406e-02,9.277726058174871893e-02,1.038457661918520819e-01,1.190837267005156741e-01,1.308290902070126382e-01,1.416782887153446024e-01,1.558805173852307047e-01,1.688906249999999887e-01,1.813343750000000199e-01,1.937781250000000233e-01
7.121875000000001468e-03,1.956562500000000315e-02,3.200937499999999963e-02,4.445312500000000305e-02,6.101878818109465058e-02,6.934062500000001683e-02,8.473352028897102040e-02,9.351882958209167818e-02,1.043698212523128943e-01,1.195412881795535620e-01,1.312557337007383140e-01,1.420630903503734832e-01,1.536525789318524127e-01,1.688906249999999887e-01,1.813343750000000199e-01,1.937781250000000233e-01
7.121875000000001468e-03,1.956562500000000315e-02,3.200937499999999963e-02,4.445312500000000305e-02,6.210066376685979134e-02,6.934062500000001683e-02,8.544244220776070486e-02,9.429070108781294202e-02,1.048984646963951883e-01,1.200022156483958879e-01,1.316965294045367996e-01,1.423994205155268145e-01,1.527000952622256935e-01,1.688906249999999887e-01,1.813343750000000199e-01,1.937781250000000233e-01
7.121875000000001468e-03,1.956562500000000315e-02,3.200937499999999963e-02,4.445312500000000305e-02,5.689687500000000647e-02,6.320153554201381196e-02,8.616763865573087711e-02,9.508808394798762276e-02,1.054346930569191321e-01,1.204699157450098562e-01,1.321499320903980756e-01,1.427666793998495498e-01,1.527966968210893728e-01,1.688906249999999887e-01,1.813343750000000199e-01,1.937781250000000233e-01
7.121875000000001468e-03,1.956562500000000315e-02,3.200937499999999963e-02,4.445312500000000305e-02,5.689687500000000647e-02,6.432009585448332512e-02,8.690974777763196824e-02,9.590826876801074319e-02,1.059807773780066381e-01,1.209464900912096269e-01,1.326171297175322839e-01,1.431593188169357489e-01,1.531021108417751631e-01,1.688906249999999887e-01,1.813343750000000199e-01,1.937781250000000233e-01
7.121875000000001468e-03,1.956562500000000315e-02,3.200937499999999963e-02,4.445312500000000305e-02,5.689687500000000647e-02,6.545324510164217402e-02,8.766780214345838707e-02,9.674836988452335806e-02,1.065374822707052666e-01,1.214337017898751425e-01,1.330976450762731411e-01,1.435731667880660589e-01,1.534884103356384533e-01,1.688906249999999887e-01,1.813343750000000199e-01,1.937781250000000233e-01
7.121875000000001468e-03,1.956562500000000315e-02,3.200937499999999963e-02,4.445312500000000305e-02,5.689687500000000647e-02,6.659678242985089813e-02,8.178437500000000637e-02,8.844124636096410697e-02,1.071046475604617298e-01,1.219326121521268902e-01,1.335908848251723957e-01,1.440058723569409005e-01,1.539102269284158553e-01,1.688906249999999887e-01,1.813343750000000199e-01,1.937781250000000233e-01
7.121875000000001468e-03,1.956562500000000315e-02,3.200937499999999963e-02,4.445312500000000305e-02,5.689687500000000647e-02,6.774562838676458087e-02,8.178437500000000637e-02,8.922442558024427928e-02,1.076810337150762437e-01,1.224426654554821164e-01,1.340956149053307567e-01,1.444552817658726618e-01,1.543583429643007043e-01,1.688906249999999887e-01,1.813343750000000199e-01,1.937781250000000233e-01
7.121875000000001468e-03,1.956562500000000315e-02,3.200937499999999963e-02,4.445312500000000305e-02,5.689687500000000647e-02,6.889415042952745649e-02,8.178437500000000637e-02,9.001502831952902517e-02,1.082609963100092665e-01,1.228140678724232160e-01,1.335669528442426368e-01,1.449194139361640599e-01,1.548060889687030428e-01,1.642004489274893619e-01,1.813343750000000199e-01,1.937781250000000233e-01
7.121875000000001468e-03,1.956562500000000315e-02,3.200937499999999963e-02,4.445312500000000305e-02,5.689687500000000647e-02,7.003656604400947117e-02,8.178437500000000637e-02,9.080907981627489578e-02,1.088429062639854339e-01,1.231245255788498555e-01,1.332121711056258873e-01,1.452069030432735497e-01,1.551259045081148646e-01,1.647348728274206919e-01,1.813343750000000199e-01,1.937781250000000233e-01
7.121875000000001468e-03,1.956562500000000315e-02,3.200937499999999963e-02,4.445312500000000305e-02,5.689687500000000647e-02,7.116737688207480650e-02,8.178437500000000637e-02,9.160261947232892221e-02,1.094266871701268656e-01,1.234527184191914900e-01,1.330848072635537893e-01,1.444770012517342384e-01,1.554220274969874971e-01,1.651865932077625221e-01,1.813343750000000199e-01,1.937781250000000233e-01
7.121875000000001468e-03,1.956562500000000315e-02,3.200937499999999963e-02,4.445312500000000305e-02,5.689687500000000647e-02,7.228164411358528607e-02,8.178437500000000637e-02,9.239186763531130608e-02,1.100098078178343292e-01,1.237958617379732590e-01,1.330181121489296681e-01,1.431251127500311193e-01,1.557511002318527904e-01,1.657618416035328279e-01,1.813343750000000199e-01,1.937781250000000233e-01
7.121875000000001468e-03,1.956562500000000315e-02,3.200937499999999963e-02,4.445312500000000305e-02,5.689687500000000647e-02,7.337522122408841885e-02,8.178437500000000637e-02,9.317347732357185441e-02,1.105899493334751293e-01,1.241512917049335807e-01,1.330766481155112313e-01,1.427434213333756974e-01,1.560907284928904348e-01,1.664942542777607670e-01,1.813343750000000199e-01,1.937781250000000233e-01
7.121875000000001468e-03,1.956562500000000315e-02,3.200937499999999963e-02,4.445312500000000305e-02,5.689687500000000647e-02,7.444498228365599435e-02,8.178437500000000637e-02,9.394471155469151513e-02,1.111651392744507083e-01,1.245165863302815090e-01,1.332268500965451408e-01,1.427403581551834888e-01,1.564284808291301621e-01,1.671721358384770650e-01,1.813343750000000199e-01,1.937781250000000233e-01
7.121875000000001468e-03,1.956562500000000315e-02,3.200937499999999963e-02,4.445312500000000305e-02,5.689687500000000647e-02,7.528193377765446392e-02,8.178437500000000637e-02,9.455265556581748942e-02,1.116205661486990020e-01,1.248144257742240387e-01,1.333968717707956220e-01,1.428751131572900124e-01,1.566632245021081782e-01,1.667508733589506964e-01,1.813343750000000199e-01,1.937781250000000233e-01
