# particle size bin bounds (um), with size bins represented by columns and their number (starting at 1 and in line with the lower bound) given in second line of header, per time step which is is represented by rows and corresponding times given in the time output file 
# 12345678910111213141516
8.999999999999999754e-04,1.334374999999999971e-02,2.578750000000000139e-02,3.823124999999999440e-02,5.067499999999999782e-02,6.311875000000000124e-02,7.556249999999999079e-02,8.800624999999999420e-02,1.004499999999999976e-01,1.128937500000000010e-01,1.253375000000000183e-01,1.377812500000000218e-01,1.502249999999999974e-01,1.626687500000000008e-01,1.751125000000000043e-01,1.875562500000000077e-01,2.000000000000000111e-01
8.999999999999999754e-04,1.334374999999999971e-02,2.578750000000000139e-02,3.823124999999999440e-02,5.067499999999999782e-02,6.311875000000000124e-02,7.556249999999999079e-02,8.800624999999999420e-02,1.004499999999999976e-01,1.128937500000000010e-01,1.253375000000000183e-01,1.377812500000000218e-01,1.502249999999999974e-01,1.626687500000000008e-01,1.751125000000000043e-01,1.875562500000000077e-01,2.000000000000000111e-01
8.999999999999999754e-04,1.334374999999999971e-02,2.578750000000000139e-02,3.823124999999999440e-02,5.067499999999999782e-02,6.311875000000000124e-02,7.556249999999999079e-02,8.800624999999999420e-02,1.004499999999999976e-01,1.128937500000000010e-01,1.253375000000000183e-01,1.377812500000000218e-01,1.502249999999999974e-01,1.626687500000000008e-01,1.751125000000000043e-01,1.875562500000000077e-01,2.000000000000000111e-01
8.999999999999999754e-04,1.334374999999999971e-02,2.578750000000000139e-02,3.823124999999999440e-02,5.067499999999999782e-02,6.311875000000000124e-02,7.556249999999999079e-02,8.800624999999999420e-02,1.004499999999999976e-01,1.128937500000000010e-01,1.253375000000000183e-01,1.377812500000000218e-01,1.502249999999999974e-01,1.626687500000000008e-01,1.751125000000000043e-01,1.875562500000000077e-01,2.000000000000000111e-01
8.999999999999999754e-04,1.334374999999999971e-02,2.578750000000000139e-02,3.823124999999999440e-02,5.067499999999999782e-02,6.311875000000000124e-02,7.556249999999999079e-02,8.800624999999999420e-02,1.004499999999999976e-01,1.128937500000000010e-01,1.253375000000000183e-01,1.377812500000000218e-01,1.502249999999999974e-01,1.626687500000000008e-01,1.751125000000000043e-01,1.875562500000000077e-01,2.000000000000000111e-01
8.999999999999999754e-04,1.334374999999999971e-02,2.578750000000000139e-02,3.823124999999999440e-02,5.067499999999999782e-02,6.311875000000000124e-02,7.556249999999999079e-02,8.800624999999999420e-02,1.004499999999999976e-01,1.128937500000000010e-01,1.253375000000000183e-01,1.377812500000000218e-01,1.502249999999999974e-01,1.626687500000000008e-01,1.751125000000000043e-01,1.875562500000000077e-01,2.000000000000000111e-01
8.999999999999999754e-04,1.334374999999999971e-02,2.578750000000000139e-02,3.823124999999999440e-02,5.067499999999999782e-02,6.311875000000000124e-02,7.556249999999999079e-02,8.800624999999999420e-02,1.004499999999999976e-01,1.128937500000000010e-01,1.253375000000000183e-01,1.377812500000000218e-01,1.502249999999999974e-01,1.626687500000000008e-01,1.751125000000000043e-01,1.875562500000000077e-01,2.000000000000000111e-01
8.999999999999999754e-04,1.334374999999999971e-02,2.578750000000000139e-02,3.823124999999999440e-02,5.067499999999999782e-02,6.311875000000000124e-02,7.556249999999999079e-02,8.800624999999999420e-02,1.004499999999999976e-01,1.128937500000000010e-01,1.253375000000000183e-01,1.377812500000000218e-01,1.502249999999999974e-01,1.626687500000000008e-01,1.751125000000000043e-01,1.875562500000000077e-01,2.000000000000000111e-01
8.999999999999999754e-04,1.334374999999999971e-02,2.578750000000000139e-02,3.823124999999999440e-02,5.067499999999999782e-02,6.311875000000000124e-02,7.556249999999999079e-02,8.800624999999999420e-02,1.004499999999999976e-01,1.128937500000000010e-01,1.253375000000000183e-01,1.377812500000000218e-01,1.502249999999999974e-01,1.626687500000000008e-01,1.751125000000000043e-01,1.875562500000000077e-01,2.000000000000000111e-01
8.999999999999999754e-04,1.334374999999999971e-02,2.578750000000000139e-02,3.823124999999999440e-02,5.067499999999999782e-02,6.311875000000000124e-02,7.556249999999999079e-02,8.800624999999999420e-02,1.004499999999999976e-01,1.128937500000000010e-01,1.253375000000000183e-01,1.377812500000000218e-01,1.502249999999999974e-01,1.626687500000000008e-01,1.751125000000000043e-01,1.875562500000000077e-01,2.000000000000000111e-01
8.999999999999999754e-04,1.334374999999999971e-02,2.578750000000000139e-02,3.823124999999999440e-02,5.067499999999999782e-02,6.311875000000000124e-02,7.556249999999999079e-02,8.800624999999999420e-02,1.004499999999999976e-01,1.128937500000000010e-01,1.253375000000000183e-01,1.377812500000000218e-01,1.502249999999999974e-01,1.626687500000000008e-01,1.751125000000000043e-01,1.875562500000000077e-01,2.000000000000000111e-01
8.999999999999999754e-04,1.334374999999999971e-02,2.578750000000000139e-02,3.823124999999999440e-02,5.067499999999999782e-02,6.311875000000000124e-02,7.556249999999999079e-02,8.800624999999999420e-02,1.004499999999999976e-01,1.128937500000000010e-01,1.253375000000000183e-01,1.377812500000000218e-01,1.502249999999999974e-01,1.626687500000000008e-01,1.751125000000000043e-01,1.875562500000000077e-01,2.000000000000000111e-01
8.999999999999999754e-04,1.334374999999999971e-02,2.578750000000000139e-02,3.823124999999999440e-02,5.067499999999999782e-02,6.311875000000000124e-02,7.556249999999999079e-02,8.800624999999999420e-02,1.004499999999999976e-01,1.128937500000000010e-01,1.253375000000000183e-01,1.377812500000000218e-01,1.502249999999999974e-01,1.626687500000000008e-01,1.751125000000000043e-01,1.875562500000000077e-01,2.000000000000000111e-01
8.999999999999999754e-04,1.334374999999999971e-02,2.578750000000000139e-02,3.823124999999999440e-02,5.067499999999999782e-02,6.311875000000000124e-02,7.556249999999999079e-02,8.800624999999999420e-02,1.004499999999999976e-01,1.128937500000000010e-01,1.253375000000000183e-01,1.377812500000000218e-01,1.502249999999999974e-01,1.626687500000000008e-01,1.751125000000000043e-01,1.875562500000000077e-01,2.000000000000000111e-01
8.999999999999999754e-04,1.334374999999999971e-02,2.578750000000000139e-02,3.823124999999999440e-02,5.067499999999999782e-02,6.311875000000000124e-02,7.556249999999999079e-02,8.800624999999999420e-02,1.004499999999999976e-01,1.128937500000000010e-01,1.253375000000000183e-01,1.377812500000000218e-01,1.502249999999999974e-01,1.626687500000000008e-01,1.751125000000000043e-01,1.875562500000000077e-01,2.000000000000000111e-01
8.999999999999999754e-04,1.334374999999999971e-02,2.578750000000000139e-02,3.823124999999999440e-02,5.067499999999999782e-02,6.311875000000000124e-02,7.556249999999999079e-02,8.800624999999999420e-02,1.004499999999999976e-01,1.128937500000000010e-01,1.253375000000000183e-01,1.377812500000000218e-01,1.502249999999999974e-01,1.626687500000000008e-01,1.751125000000000043e-01,1.875562500000000077e-01,2.000000000000000111e-01
8.999999999999999754e-04,1.334374999999999971e-02,2.578750000000000139e-02,3.823124999999999440e-02,5.067499999999999782e-02,6.311875000000000124e-02,7.556249999999999079e-02,8.800624999999999420e-02,1.004499999999999976e-01,1.128937500000000010e-01,1.253375000000000183e-01,1.377812500000000218e-01,1.502249999999999974e-01,1.626687500000000008e-01,1.751125000000000043e-01,1.875562500000000077e-01,2.000000000000000111e-01
8.999999999999999754e-04,1.334374999999999971e-02,2.578750000000000139e-02,3.823124999999999440e-02,5.067499999999999782e-02,6.311875000000000124e-02,7.556249999999999079e-02,8.800624999999999420e-02,1.004499999999999976e-01,1.128937500000000010e-01,1.253375000000000183e-01,1.377812500000000218e-01,1.502249999999999974e-01,1.626687500000000008e-01,1.751125000000000043e-01,1.875562500000000077e-01,2.000000000000000111e-01
8.999999999999999754e-04,1.334374999999999971e-02,2.578750000000000139e-02,3.823124999999999440e-02,5.067499999999999782e-02,6.311875000000000124e-02,7.556249999999999079e-02,8.800624999999999420e-02,1.004499999999999976e-01,1.128937500000000010e-01,1.253375000000000183e-01,1.377812500000000218e-01,1.502249999999999974e-01,1.626687500000000008e-01,1.751125000000000043e-01,1.875562500000000077e-01,2.000000000000000111e-01
8.999999999999999754e-04,1.334374999999999971e-02,2.578750000000000139e-02,3.823124999999999440e-02,5.067499999999999782e-02,6.311875000000000124e-02,7.556249999999999079e-02,8.800624999999999420e-02,1.004499999999999976e-01,1.128937500000000010e-01,1.253375000000000183e-01,1.377812500000000218e-01,1.502249999999999974e-01,1.626687500000000008e-01,1.751125000000000043e-01,1.875562500000000077e-01,2.000000000000000111e-01
8.999999999999999754e-04,1.334374999999999971e-02,2.578750000000000139e-02,3.823124999999999440e-02,5.067499999999999782e-02,6.311875000000000124e-02,7.556249999999999079e-02,8.800624999999999420e-02,1.004499999999999976e-01,1.128937500000000010e-01,1.253375000000000183e-01,1.377812500000000218e-01,1.502249999999999974e-01,1.626687500000000008e-01,1.751125000000000043e-01,1.875562500000000077e-01,2.000000000000000111e-01
8.999999999999999754e-04,1.334374999999999971e-02,2.578750000000000139e-02,3.823124999999999440e-02,5.067499999999999782e-02,6.311875000000000124e-02,7.556249999999999079e-02,8.800624999999999420e-02,1.004499999999999976e-01,1.128937500000000010e-01,1.253375000000000183e-01,1.377812500000000218e-01,1.502249999999999974e-01,1.626687500000000008e-01,1.751125000000000043e-01,1.875562500000000077e-01,2.000000000000000111e-01
8.999999999999999754e-04,1.334374999999999971e-02,2.578750000000000139e-02,3.823124999999999440e-02,5.067499999999999782e-02,6.311875000000000124e-02,7.556249999999999079e-02,8.800624999999999420e-02,1.004499999999999976e-01,1.128937500000000010e-01,1.253375000000000183e-01,1.377812500000000218e-01,1.502249999999999974e-01,1.626687500000000008e-01,1.751125000000000043e-01,1.875562500000000077e-01,2.000000000000000111e-01
8.999999999999999754e-04,1.334374999999999971e-02,2.578750000000000139e-02,3.823124999999999440e-02,5.067499999999999782e-02,6.311875000000000124e-02,7.556249999999999079e-02,8.800624999999999420e-02,1.004499999999999976e-01,1.128937500000000010e-01,1.253375000000000183e-01,1.377812500000000218e-01,1.502249999999999974e-01,1.626687500000000008e-01,1.751125000000000043e-01,1.875562500000000077e-01,2.000000000000000111e-01
8.999999999999999754e-04,1.334374999999999971e-02,2.578750000000000139e-02,3.823124999999999440e-02,5.067499999999999782e-02,6.311875000000000124e-02,7.556249999999999079e-02,8.800624999999999420e-02,1.004499999999999976e-01,1.128937500000000010e-01,1.253375000000000183e-01,1.377812500000000218e-01,1.502249999999999974e-01,1.626687500000000008e-01,1.751125000000000043e-01,1.875562500000000077e-01,2.000000000000000111e-01
8.999999999999999754e-04,1.334374999999999971e-02,2.578750000000000139e-02,3.823124999999999440e-02,5.067499999999999782e-02,6.311875000000000124e-02,7.556249999999999079e-02,8.800624999999999420e-02,1.004499999999999976e-01,1.128937500000000010e-01,1.253375000000000183e-01,1.377812500000000218e-01,1.502249999999999974e-01,1.626687500000000008e-01,1.751125000000000043e-01,1.875562500000000077e-01,2.000000000000000111e-01
8.999999999999999754e-04,1.334374999999999971e-02,2.578750000000000139e-02,3.823124999999999440e-02,5.067499999999999782e-02,6.311875000000000124e-02,7.556249999999999079e-02,8.800624999999999420e-02,1.004499999999999976e-01,1.128937500000000010e-01,1.253375000000000183e-01,1.377812500000000218e-01,1.502249999999999974e-01,1.626687500000000008e-01,1.751125000000000043e-01,1.875562500000000077e-01,2.000000000000000111e-01
8.999999999999999754e-04,1.334374999999999971e-02,2.578750000000000139e-02,3.823124999999999440e-02,5.067499999999999782e-02,6.311875000000000124e-02,7.556249999999999079e-02,8.800624999999999420e-02,1.004499999999999976e-01,1.128937500000000010e-01,1.253375000000000183e-01,1.377812500000000218e-01,1.502249999999999974e-01,1.626687500000000008e-01,1.751125000000000043e-01,1.875562500000000077e-01,2.000000000000000111e-01
8.999999999999999754e-04,1.334374999999999971e-02,2.578750000000000139e-02,3.823124999999999440e-02,5.067499999999999782e-02,6.311875000000000124e-02,7.556249999999999079e-02,8.800624999999999420e-02,1.004499999999999976e-01,1.128937500000000010e-01,1.253375000000000183e-01,1.377812500000000218e-01,1.502249999999999974e-01,1.626687500000000008e-01,1.751125000000000043e-01,1.875562500000000077e-01,2.000000000000000111e-01
8.999999999999999754e-04,1.334374999999999971e-02,2.578750000000000139e-02,3.823124999999999440e-02,5.067499999999999782e-02,6.311875000000000124e-02,7.556249999999999079e-02,8.800624999999999420e-02,1.004499999999999976e-01,1.128937500000000010e-01,1.253375000000000183e-01,1.377812500000000218e-01,1.502249999999999974e-01,1.626687500000000008e-01,1.751125000000000043e-01,1.875562500000000077e-01,2.000000000000000111e-01
8.999999999999999754e-04,1.334374999999999971e-02,2.578750000000000139e-02,3.823124999999999440e-02,5.067499999999999782e-02,6.311875000000000124e-02,7.556249999999999079e-02,8.800624999999999420e-02,1.004499999999999976e-01,1.128937500000000010e-01,1.253375000000000183e-01,1.377812500000000218e-01,1.502249999999999974e-01,1.626687500000000008e-01,1.751125000000000043e-01,1.875562500000000077e-01,2.000000000000000111e-01
8.999999999999999754e-04,1.334374999999999971e-02,2.578750000000000139e-02,3.823124999999999440e-02,5.067499999999999782e-02,6.311875000000000124e-02,7.556249999999999079e-02,8.800624999999999420e-02,1.004499999999999976e-01,1.128937500000000010e-01,1.253375000000000183e-01,1.377812500000000218e-01,1.502249999999999974e-01,1.626687500000000008e-01,1.751125000000000043e-01,1.875562500000000077e-01,2.000000000000000111e-01
8.999999999999999754e-04,1.334374999999999971e-02,2.578750000000000139e-02,3.823124999999999440e-02,5.067499999999999782e-02,6.311875000000000124e-02,7.556249999999999079e-02,8.800624999999999420e-02,1.004499999999999976e-01,1.128937500000000010e-01,1.253375000000000183e-01,1.377812500000000218e-01,1.502249999999999974e-01,1.626687500000000008e-01,1.751125000000000043e-01,1.875562500000000077e-01,2.000000000000000111e-01
8.999999999999999754e-04,1.334374999999999971e-02,2.578750000000000139e-02,3.823124999999999440e-02,5.067499999999999782e-02,6.311875000000000124e-02,7.556249999999999079e-02,8.800624999999999420e-02,1.004499999999999976e-01,1.128937500000000010e-01,1.253375000000000183e-01,1.377812500000000218e-01,1.502249999999999974e-01,1.626687500000000008e-01,1.751125000000000043e-01,1.875562500000000077e-01,2.000000000000000111e-01
8.999999999999999754e-04,1.334374999999999971e-02,2.578750000000000139e-02,3.823124999999999440e-02,5.067499999999999782e-02,6.311875000000000124e-02,7.556249999999999079e-02,8.800624999999999420e-02,1.004499999999999976e-01,1.128937500000000010e-01,1.253375000000000183e-01,1.377812500000000218e-01,1.502249999999999974e-01,1.626687500000000008e-01,1.751125000000000043e-01,1.875562500000000077e-01,2.000000000000000111e-01
8.999999999999999754e-04,1.334374999999999971e-02,2.578750000000000139e-02,3.823124999999999440e-02,5.067499999999999782e-02,6.311875000000000124e-02,7.556249999999999079e-02,8.800624999999999420e-02,1.004499999999999976e-01,1.128937500000000010e-01,1.253375000000000183e-01,1.377812500000000218e-01,1.502249999999999974e-01,1.626687500000000008e-01,1.751125000000000043e-01,1.875562500000000077e-01,2.000000000000000111e-01
8.999999999999999754e-04,1.334374999999999971e-02,2.578750000000000139e-02,3.823124999999999440e-02,5.067499999999999782e-02,6.311875000000000124e-02,7.556249999999999079e-02,8.800624999999999420e-02,1.004499999999999976e-01,1.128937500000000010e-01,1.253375000000000183e-01,1.377812500000000218e-01,1.502249999999999974e-01,1.626687500000000008e-01,1.751125000000000043e-01,1.875562500000000077e-01,2.000000000000000111e-01
8.999999999999999754e-04,1.334374999999999971e-02,2.578750000000000139e-02,3.823124999999999440e-02,5.067499999999999782e-02,6.311875000000000124e-02,7.556249999999999079e-02,8.800624999999999420e-02,1.004499999999999976e-01,1.128937500000000010e-01,1.253375000000000183e-01,1.377812500000000218e-01,1.502249999999999974e-01,1.626687500000000008e-01,1.751125000000000043e-01,1.875562500000000077e-01,2.000000000000000111e-01
8.999999999999999754e-04,1.334374999999999971e-02,2.578750000000000139e-02,3.823124999999999440e-02,5.067499999999999782e-02,6.311875000000000124e-02,7.556249999999999079e-02,8.800624999999999420e-02,1.004499999999999976e-01,1.128937500000000010e-01,1.253375000000000183e-01,1.377812500000000218e-01,1.502249999999999974e-01,1.626687500000000008e-01,1.751125000000000043e-01,1.875562500000000077e-01,2.000000000000000111e-01
8.999999999999999754e-04,1.334374999999999971e-02,2.578750000000000139e-02,3.823124999999999440e-02,5.067499999999999782e-02,6.311875000000000124e-02,7.556249999999999079e-02,8.800624999999999420e-02,1.004499999999999976e-01,1.128937500000000010e-01,1.253375000000000183e-01,1.377812500000000218e-01,1.502249999999999974e-01,1.626687500000000008e-01,1.751125000000000043e-01,1.875562500000000077e-01,2.000000000000000111e-01
8.999999999999999754e-04,1.334374999999999971e-02,2.578750000000000139e-02,3.823124999999999440e-02,5.067499999999999782e-02,6.311875000000000124e-02,7.556249999999999079e-02,8.800624999999999420e-02,1.004499999999999976e-01,1.128937500000000010e-01,1.253375000000000183e-01,1.377812500000000218e-01,1.502249999999999974e-01,1.626687500000000008e-01,1.751125000000000043e-01,1.875562500000000077e-01,2.000000000000000111e-01
8.999999999999999754e-04,1.334374999999999971e-02,2.578750000000000139e-02,3.823124999999999440e-02,5.067499999999999782e-02,6.311875000000000124e-02,7.556249999999999079e-02,8.800624999999999420e-02,1.004499999999999976e-01,1.128937500000000010e-01,1.253375000000000183e-01,1.377812500000000218e-01,1.502249999999999974e-01,1.626687500000000008e-01,1.751125000000000043e-01,1.875562500000000077e-01,2.000000000000000111e-01
8.999999999999999754e-04,1.334374999999999971e-02,2.578750000000000139e-02,3.823124999999999440e-02,5.067499999999999782e-02,6.311875000000000124e-02,7.556249999999999079e-02,8.800624999999999420e-02,1.004499999999999976e-01,1.128937500000000010e-01,1.253375000000000183e-01,1.377812500000000218e-01,1.502249999999999974e-01,1.626687500000000008e-01,1.751125000000000043e-01,1.875562500000000077e-01,2.000000000000000111e-01
8.999999999999999754e-04,1.334374999999999971e-02,2.578750000000000139e-02,3.823124999999999440e-02,5.067499999999999782e-02,6.311875000000000124e-02,7.556249999999999079e-02,8.800624999999999420e-02,1.004499999999999976e-01,1.128937500000000010e-01,1.253375000000000183e-01,1.377812500000000218e-01,1.502249999999999974e-01,1.626687500000000008e-01,1.751125000000000043e-01,1.875562500000000077e-01,2.000000000000000111e-01
8.999999999999999754e-04,1.334374999999999971e-02,2.578750000000000139e-02,3.823124999999999440e-02,5.067499999999999782e-02,6.311875000000000124e-02,7.556249999999999079e-02,8.800624999999999420e-02,1.004499999999999976e-01,1.128937500000000010e-01,1.253375000000000183e-01,1.377812500000000218e-01,1.502249999999999974e-01,1.626687500000000008e-01,1.751125000000000043e-01,1.875562500000000077e-01,2.000000000000000111e-01
8.999999999999999754e-04,1.334374999999999971e-02,2.578750000000000139e-02,3.823124999999999440e-02,5.067499999999999782e-02,6.311875000000000124e-02,7.556249999999999079e-02,8.800624999999999420e-02,1.004499999999999976e-01,1.128937500000000010e-01,1.253375000000000183e-01,1.377812500000000218e-01,1.502249999999999974e-01,1.626687500000000008e-01,1.751125000000000043e-01,1.875562500000000077e-01,2.000000000000000111e-01
8.999999999999999754e-04,1.334374999999999971e-02,2.578750000000000139e-02,3.823124999999999440e-02,5.067499999999999782e-02,6.311875000000000124e-02,7.556249999999999079e-02,8.800624999999999420e-02,1.004499999999999976e-01,1.128937500000000010e-01,1.253375000000000183e-01,1.377812500000000218e-01,1.502249999999999974e-01,1.626687500000000008e-01,1.751125000000000043e-01,1.875562500000000077e-01,2.000000000000000111e-01
8.999999999999999754e-04,1.334374999999999971e-02,2.578750000000000139e-02,3.823124999999999440e-02,5.067499999999999782e-02,6.311875000000000124e-02,7.556249999999999079e-02,8.800624999999999420e-02,1.004499999999999976e-01,1.128937500000000010e-01,1.253375000000000183e-01,1.377812500000000218e-01,1.502249999999999974e-01,1.626687500000000008e-01,1.751125000000000043e-01,1.875562500000000077e-01,2.000000000000000111e-01
8.999999999999999754e-04,1.334374999999999971e-02,2.578750000000000139e-02,3.823124999999999440e-02,5.067499999999999782e-02,6.311875000000000124e-02,7.556249999999999079e-02,8.800624999999999420e-02,1.004499999999999976e-01,1.128937500000000010e-01,1.253375000000000183e-01,1.377812500000000218e-01,1.502249999999999974e-01,1.626687500000000008e-01,1.751125000000000043e-01,1.875562500000000077e-01,2.000000000000000111e-01
8.999999999999999754e-04,1.334374999999999971e-02,2.578750000000000139e-02,3.823124999999999440e-02,5.067499999999999782e-02,6.311875000000000124e-02,7.556249999999999079e-02,8.800624999999999420e-02,1.004499999999999976e-01,1.128937500000000010e-01,1.253375000000000183e-01,1.377812500000000218e-01,1.502249999999999974e-01,1.626687500000000008e-01,1.751125000000000043e-01,1.875562500000000077e-01,2.000000000000000111e-01
8.999999999999999754e-04,1.334374999999999971e-02,2.578750000000000139e-02,3.823124999999999440e-02,5.067499999999999782e-02,6.311875000000000124e-02,7.556249999999999079e-02,8.800624999999999420e-02,1.004499999999999976e-01,1.128937500000000010e-01,1.253375000000000183e-01,1.377812500000000218e-01,1.502249999999999974e-01,1.626687500000000008e-01,1.751125000000000043e-01,1.875562500000000077e-01,2.000000000000000111e-01
8.999999999999999754e-04,1.334374999999999971e-02,2.578750000000000139e-02,3.823124999999999440e-02,5.067499999999999782e-02,6.311875000000000124e-02,7.556249999999999079e-02,8.800624999999999420e-02,1.004499999999999976e-01,1.128937500000000010e-01,1.253375000000000183e-01,1.377812500000000218e-01,1.502249999999999974e-01,1.626687500000000008e-01,1.751125000000000043e-01,1.875562500000000077e-01,2.000000000000000111e-01
8.999999999999999754e-04,1.334374999999999971e-02,2.578750000000000139e-02,3.823124999999999440e-02,5.067499999999999782e-02,6.311875000000000124e-02,7.556249999999999079e-02,8.800624999999999420e-02,1.004499999999999976e-01,1.128937500000000010e-01,1.253375000000000183e-01,1.377812500000000218e-01,1.502249999999999974e-01,1.626687500000000008e-01,1.751125000000000043e-01,1.875562500000000077e-01,2.000000000000000111e-01
8.999999999999999754e-04,1.334374999999999971e-02,2.578750000000000139e-02,3.823124999999999440e-02,5.067499999999999782e-02,6.311875000000000124e-02,7.556249999999999079e-02,8.800624999999999420e-02,1.004499999999999976e-01,1.128937500000000010e-01,1.253375000000000183e-01,1.377812500000000218e-01,1.502249999999999974e-01,1.626687500000000008e-01,1.751125000000000043e-01,1.875562500000000077e-01,2.000000000000000111e-01
8.999999999999999754e-04,1.334374999999999971e-02,2.578750000000000139e-02,3.823124999999999440e-02,5.067499999999999782e-02,6.311875000000000124e-02,7.556249999999999079e-02,8.800624999999999420e-02,1.004499999999999976e-01,1.128937500000000010e-01,1.253375000000000183e-01,1.377812500000000218e-01,1.502249999999999974e-01,1.626687500000000008e-01,1.751125000000000043e-01,1.875562500000000077e-01,2.000000000000000111e-01
8.999999999999999754e-04,1.334374999999999971e-02,2.578750000000000139e-02,3.823124999999999440e-02,5.067499999999999782e-02,6.311875000000000124e-02,7.556249999999999079e-02,8.800624999999999420e-02,1.004499999999999976e-01,1.128937500000000010e-01,1.253375000000000183e-01,1.377812500000000218e-01,1.502249999999999974e-01,1.626687500000000008e-01,1.751125000000000043e-01,1.875562500000000077e-01,2.000000000000000111e-01
8.999999999999999754e-04,1.334374999999999971e-02,2.578750000000000139e-02,3.823124999999999440e-02,5.067499999999999782e-02,6.311875000000000124e-02,7.556249999999999079e-02,8.800624999999999420e-02,1.004499999999999976e-01,1.128937500000000010e-01,1.253375000000000183e-01,1.377812500000000218e-01,1.502249999999999974e-01,1.626687500000000008e-01,1.751125000000000043e-01,1.875562500000000077e-01,2.000000000000000111e-01
8.999999999999999754e-04,1.334374999999999971e-02,2.578750000000000139e-02,3.823124999999999440e-02,5.067499999999999782e-02,6.311875000000000124e-02,7.556249999999999079e-02,8.800624999999999420e-02,1.004499999999999976e-01,1.128937500000000010e-01,1.253375000000000183e-01,1.377812500000000218e-01,1.502249999999999974e-01,1.626687500000000008e-01,1.751125000000000043e-01,1.875562500000000077e-01,2.000000000000000111e-01
8.999999999999999754e-04,1.334374999999999971e-02,2.578750000000000139e-02,3.823124999999999440e-02,5.067499999999999782e-02,6.311875000000000124e-02,7.556249999999999079e-02,8.800624999999999420e-02,1.004499999999999976e-01,1.128937500000000010e-01,1.253375000000000183e-01,1.377812500000000218e-01,1.502249999999999974e-01,1.626687500000000008e-01,1.751125000000000043e-01,1.875562500000000077e-01,2.000000000000000111e-01
8.999999999999999754e-04,1.334374999999999971e-02,2.578750000000000139e-02,3.823124999999999440e-02,5.067499999999999782e-02,6.311875000000000124e-02,7.556249999999999079e-02,8.800624999999999420e-02,1.004499999999999976e-01,1.128937500000000010e-01,1.253375000000000183e-01,1.377812500000000218e-01,1.502249999999999974e-01,1.626687500000000008e-01,1.751125000000000043e-01,1.875562500000000077e-01,2.000000000000000111e-01
8.999999999999999754e-04,1.334374999999999971e-02,2.578750000000000139e-02,3.823124999999999440e-02,5.067499999999999782e-02,6.311875000000000124e-02,7.556249999999999079e-02,8.800624999999999420e-02,1.004499999999999976e-01,1.128937500000000010e-01,1.253375000000000183e-01,1.377812500000000218e-01,1.502249999999999974e-01,1.626687500000000008e-01,1.751125000000000043e-01,1.875562500000000077e-01,2.000000000000000111e-01
8.999999999999999754e-04,1.334374999999999971e-02,2.578750000000000139e-02,3.823124999999999440e-02,5.067499999999999782e-02,6.311875000000000124e-02,7.556249999999999079e-02,8.800624999999999420e-02,1.004499999999999976e-01,1.128937500000000010e-01,1.253375000000000183e-01,1.377812500000000218e-01,1.502249999999999974e-01,1.626687500000000008e-01,1.751125000000000043e-01,1.875562500000000077e-01,2.000000000000000111e-01
8.999999999999999754e-04,1.334374999999999971e-02,2.578750000000000139e-02,3.823124999999999440e-02,5.067499999999999782e-02,6.311875000000000124e-02,7.556249999999999079e-02,8.800624999999999420e-02,1.004499999999999976e-01,1.128937500000000010e-01,1.253375000000000183e-01,1.377812500000000218e-01,1.502249999999999974e-01,1.626687500000000008e-01,1.751125000000000043e-01,1.875562500000000077e-01,2.000000000000000111e-01
8.999999999999999754e-04,1.334374999999999971e-02,2.578750000000000139e-02,3.823124999999999440e-02,5.067499999999999782e-02,6.311875000000000124e-02,7.556249999999999079e-02,8.800624999999999420e-02,1.004499999999999976e-01,1.128937500000000010e-01,1.253375000000000183e-01,1.377812500000000218e-01,1.502249999999999974e-01,1.626687500000000008e-01,1.751125000000000043e-01,1.875562500000000077e-01,2.000000000000000111e-01
8.999999999999999754e-04,1.334374999999999971e-02,2.578750000000000139e-02,3.823124999999999440e-02,5.067499999999999782e-02,6.311875000000000124e-02,7.556249999999999079e-02,8.800624999999999420e-02,1.004499999999999976e-01,1.128937500000000010e-01,1.253375000000000183e-01,1.377812500000000218e-01,1.502249999999999974e-01,1.626687500000000008e-01,1.751125000000000043e-01,1.875562500000000077e-01,2.000000000000000111e-01
8.999999999999999754e-04,1.334374999999999971e-02,2.578750000000000139e-02,3.823124999999999440e-02,5.067499999999999782e-02,6.311875000000000124e-02,7.556249999999999079e-02,8.800624999999999420e-02,1.004499999999999976e-01,1.128937500000000010e-01,1.253375000000000183e-01,1.377812500000000218e-01,1.502249999999999974e-01,1.626687500000000008e-01,1.751125000000000043e-01,1.875562500000000077e-01,2.000000000000000111e-01
8.999999999999999754e-04,1.334374999999999971e-02,2.578750000000000139e-02,3.823124999999999440e-02,5.067499999999999782e-02,6.311875000000000124e-02,7.556249999999999079e-02,8.800624999999999420e-02,1.004499999999999976e-01,1.128937500000000010e-01,1.253375000000000183e-01,1.377812500000000218e-01,1.502249999999999974e-01,1.626687500000000008e-01,1.751125000000000043e-01,1.875562500000000077e-01,2.000000000000000111e-01
8.999999999999999754e-04,1.334374999999999971e-02,2.578750000000000139e-02,3.823124999999999440e-02,5.067499999999999782e-02,6.311875000000000124e-02,7.556249999999999079e-02,8.800624999999999420e-02,1.004499999999999976e-01,1.128937500000000010e-01,1.253375000000000183e-01,1.377812500000000218e-01,1.502249999999999974e-01,1.626687500000000008e-01,1.751125000000000043e-01,1.875562500000000077e-01,2.000000000000000111e-01
8.999999999999999754e-04,1.334374999999999971e-02,2.578750000000000139e-02,3.823124999999999440e-02,5.067499999999999782e-02,6.311875000000000124e-02,7.556249999999999079e-02,8.800624999999999420e-02,1.004499999999999976e-01,1.128937500000000010e-01,1.253375000000000183e-01,1.377812500000000218e-01,1.502249999999999974e-01,1.626687500000000008e-01,1.751125000000000043e-01,1.875562500000000077e-01,2.000000000000000111e-01
8.999999999999999754e-04,1.334374999999999971e-02,2.578750000000000139e-02,3.823124999999999440e-02,5.067499999999999782e-02,6.311875000000000124e-02,7.556249999999999079e-02,8.800624999999999420e-02,1.004499999999999976e-01,1.128937500000000010e-01,1.253375000000000183e-01,1.377812500000000218e-01,1.502249999999999974e-01,1.626687500000000008e-01,1.751125000000000043e-01,1.875562500000000077e-01,2.000000000000000111e-01
8.999999999999999754e-04,1.334374999999999971e-02,2.578750000000000139e-02,3.823124999999999440e-02,5.067499999999999782e-02,6.311875000000000124e-02,7.556249999999999079e-02,8.800624999999999420e-02,1.004499999999999976e-01,1.128937500000000010e-01,1.253375000000000183e-01,1.377812500000000218e-01,1.502249999999999974e-01,1.626687500000000008e-01,1.751125000000000043e-01,1.875562500000000077e-01,2.000000000000000111e-01
8.999999999999999754e-04,1.334374999999999971e-02,2.578750000000000139e-02,3.823124999999999440e-02,5.067499999999999782e-02,6.311875000000000124e-02,7.556249999999999079e-02,8.800624999999999420e-02,1.004499999999999976e-01,1.128937500000000010e-01,1.253375000000000183e-01,1.377812500000000218e-01,1.502249999999999974e-01,1.626687500000000008e-01,1.751125000000000043e-01,1.875562500000000077e-01,2.000000000000000111e-01
8.999999999999999754e-04,1.334374999999999971e-02,2.578750000000000139e-02,3.823124999999999440e-02,5.067499999999999782e-02,6.311875000000000124e-02,7.556249999999999079e-02,8.800624999999999420e-02,1.004499999999999976e-01,1.128937500000000010e-01,1.253375000000000183e-01,1.377812500000000218e-01,1.502249999999999974e-01,1.626687500000000008e-01,1.751125000000000043e-01,1.875562500000000077e-01,2.000000000000000111e-01
8.999999999999999754e-04,1.334374999999999971e-02,2.578750000000000139e-02,3.823124999999999440e-02,5.067499999999999782e-02,6.311875000000000124e-02,7.556249999999999079e-02,8.800624999999999420e-02,1.004499999999999976e-01,1.128937500000000010e-01,1.253375000000000183e-01,1.377812500000000218e-01,1.502249999999999974e-01,1.626687500000000008e-01,1.751125000000000043e-01,1.875562500000000077e-01,2.000000000000000111e-01
8.999999999999999754e-04,1.334374999999999971e-02,2.578750000000000139e-02,3.823124999999999440e-02,5.067499999999999782e-02,6.311875000000000124e-02,7.556249999999999079e-02,8.800624999999999420e-02,1.004499999999999976e-01,1.128937500000000010e-01,1.253375000000000183e-01,1.377812500000000218e-01,1.502249999999999974e-01,1.626687500000000008e-01,1.751125000000000043e-01,1.875562500000000077e-01,2.000000000000000111e-01
8.999999999999999754e-04,1.334374999999999971e-02,2.578750000000000139e-02,3.823124999999999440e-02,5.067499999999999782e-02,6.311875000000000124e-02,7.556249999999999079e-02,8.800624999999999420e-02,1.004499999999999976e-01,1.128937500000000010e-01,1.253375000000000183e-01,1.377812500000000218e-01,1.502249999999999974e-01,1.626687500000000008e-01,1.751125000000000043e-01,1.875562500000000077e-01,2.000000000000000111e-01
8.999999999999999754e-04,1.334374999999999971e-02,2.578750000000000139e-02,3.823124999999999440e-02,5.067499999999999782e-02,6.311875000000000124e-02,7.556249999999999079e-02,8.800624999999999420e-02,1.004499999999999976e-01,1.128937500000000010e-01,1.253375000000000183e-01,1.377812500000000218e-01,1.502249999999999974e-01,1.626687500000000008e-01,1.751125000000000043e-01,1.875562500000000077e-01,2.000000000000000111e-01
8.999999999999999754e-04,1.334374999999999971e-02,2.578750000000000139e-02,3.823124999999999440e-02,5.067499999999999782e-02,6.311875000000000124e-02,7.556249999999999079e-02,8.800624999999999420e-02,1.004499999999999976e-01,1.128937500000000010e-01,1.253375000000000183e-01,1.377812500000000218e-01,1.502249999999999974e-01,1.626687500000000008e-01,1.751125000000000043e-01,1.875562500000000077e-01,2.000000000000000111e-01
8.999999999999999754e-04,1.334374999999999971e-02,2.578750000000000139e-02,3.823124999999999440e-02,5.067499999999999782e-02,6.311875000000000124e-02,7.556249999999999079e-02,8.800624999999999420e-02,1.004499999999999976e-01,1.128937500000000010e-01,1.253375000000000183e-01,1.377812500000000218e-01,1.502249999999999974e-01,1.626687500000000008e-01,1.751125000000000043e-01,1.875562500000000077e-01,2.000000000000000111e-01
8.999999999999999754e-04,1.334374999999999971e-02,2.578750000000000139e-02,3.823124999999999440e-02,5.067499999999999782e-02,6.311875000000000124e-02,7.556249999999999079e-02,8.800624999999999420e-02,1.004499999999999976e-01,1.128937500000000010e-01,1.253375000000000183e-01,1.377812500000000218e-01,1.502249999999999974e-01,1.626687500000000008e-01,1.751125000000000043e-01,1.875562500000000077e-01,2.000000000000000111e-01
8.999999999999999754e-04,1.334374999999999971e-02,2.578750000000000139e-02,3.823124999999999440e-02,5.067499999999999782e-02,6.311875000000000124e-02,7.556249999999999079e-02,8.800624999999999420e-02,1.004499999999999976e-01,1.128937500000000010e-01,1.253375000000000183e-01,1.377812500000000218e-01,1.502249999999999974e-01,1.626687500000000008e-01,1.751125000000000043e-01,1.875562500000000077e-01,2.000000000000000111e-01
8.999999999999999754e-04,1.334374999999999971e-02,2.578750000000000139e-02,3.823124999999999440e-02,5.067499999999999782e-02,6.311875000000000124e-02,7.556249999999999079e-02,8.800624999999999420e-02,1.004499999999999976e-01,1.128937500000000010e-01,1.253375000000000183e-01,1.377812500000000218e-01,1.502249999999999974e-01,1.626687500000000008e-01,1.751125000000000043e-01,1.875562500000000077e-01,2.000000000000000111e-01
8.999999999999999754e-04,1.334374999999999971e-02,2.578750000000000139e-02,3.823124999999999440e-02,5.067499999999999782e-02,6.311875000000000124e-02,7.556249999999999079e-02,8.800624999999999420e-02,1.004499999999999976e-01,1.128937500000000010e-01,1.253375000000000183e-01,1.377812500000000218e-01,1.502249999999999974e-01,1.626687500000000008e-01,1.751125000000000043e-01,1.875562500000000077e-01,2.000000000000000111e-01
8.999999999999999754e-04,1.334374999999999971e-02,2.578750000000000139e-02,3.823124999999999440e-02,5.067499999999999782e-02,6.311875000000000124e-02,7.556249999999999079e-02,8.800624999999999420e-02,1.004499999999999976e-01,1.128937500000000010e-01,1.253375000000000183e-01,1.377812500000000218e-01,1.502249999999999974e-01,1.626687500000000008e-01,1.751125000000000043e-01,1.875562500000000077e-01,2.000000000000000111e-01
8.999999999999999754e-04,1.334374999999999971e-02,2.578750000000000139e-02,3.823124999999999440e-02,5.067499999999999782e-02,6.311875000000000124e-02,7.556249999999999079e-02,8.800624999999999420e-02,1.004499999999999976e-01,1.128937500000000010e-01,1.253375000000000183e-01,1.377812500000000218e-01,1.502249999999999974e-01,1.626687500000000008e-01,1.751125000000000043e-01,1.875562500000000077e-01,2.000000000000000111e-01
