# tendency to change, top row gives equation number (where number 0 is the first equation), 3rd column from end is gas-particle partitioning, 2nd column from end is gas-wall partitioning, final column is dilution (molecules/cm3/s (air))
1.000000000000000000e+02,1.010000000000000000e+02,1.020000000000000000e+02,0.000000000000000000e+00,0.000000000000000000e+00,0.000000000000000000e+00
-7.158413080896100000e+13,-2.399695294164033594e+13,-1.077829242294015156e+14,0.000000000000000000e+00,0.000000000000000000e+00,0.000000000000000000e+00
-3.986501991317769885e+08,-1.336384190271297842e+08,-6.002403566472778320e+08,0.000000000000000000e+00,0.000000000000000000e+00,0.000000000000000000e+00
-1.706052405774281919e+08,-5.719152951175149530e+07,-2.568772088239685893e+08,0.000000000000000000e+00,0.000000000000000000e+00,0.000000000000000000e+00
-1.050190648612334281e+08,-3.520525469779984653e+07,-1.581252965240162611e+08,0.000000000000000000e+00,0.000000000000000000e+00,0.000000000000000000e+00
-7.534055155710679293e+07,-2.525620762425739318e+07,-1.134388986513255835e+08,0.000000000000000000e+00,0.000000000000000000e+00,0.000000000000000000e+00
-5.873861736351115257e+07,-1.969078650254067034e+07,-8.844166818937759101e+07,0.000000000000000000e+00,0.000000000000000000e+00,0.000000000000000000e+00
-4.823056707484822720e+07,-1.616820146259116754e+07,-7.261988792519761622e+07,0.000000000000000000e+00,0.000000000000000000e+00,0.000000000000000000e+00
-4.099987613111399859e+07,-1.374427665758935362e+07,-6.173276803832506388e+07,0.000000000000000000e+00,0.000000000000000000e+00,0.000000000000000000e+00
-3.571925155709647387e+07,-1.197406728334484063e+07,-5.378182762858276069e+07,0.000000000000000000e+00,0.000000000000000000e+00,0.000000000000000000e+00
-3.169144759253346175e+07,-1.062383754522428475e+07,-4.771723643193958700e+07,0.000000000000000000e+00,0.000000000000000000e+00,0.000000000000000000e+00
-2.851102220366302505e+07,-9.557672216000672430e+06,-4.292852774983353168e+07,0.000000000000000000e+00,0.000000000000000000e+00,0.000000000000000000e+00
-2.593114597718305513e+07,-8.692827344623865560e+06,-3.904405502246312797e+07,0.000000000000000000e+00,0.000000000000000000e+00,0.000000000000000000e+00
-2.379371644843349978e+07,-7.976302673054412007e+06,-3.582576624337998778e+07,0.000000000000000000e+00,0.000000000000000000e+00,0.000000000000000000e+00
-2.199187219844500348e+07,-7.372275339251450263e+06,-3.311276211697685346e+07,0.000000000000000000e+00,0.000000000000000000e+00,0.000000000000000000e+00
-2.045082322957577929e+07,-6.855673696278244257e+06,-3.079243270362262428e+07,0.000000000000000000e+00,0.000000000000000000e+00,0.000000000000000000e+00
-1.911665754490615055e+07,-6.408424972440130077e+06,-2.878360368977346644e+07,0.000000000000000000e+00,0.000000000000000000e+00,0.000000000000000000e+00
-1.794951808810869232e+07,-6.017167995445527136e+06,-2.702626303039092943e+07,0.000000000000000000e+00,0.000000000000000000e+00,0.000000000000000000e+00
-1.691928744331545755e+07,-5.671806586111431941e+06,-2.547506347999202460e+07,0.000000000000000000e+00,0.000000000000000000e+00,0.000000000000000000e+00
-1.600276988078135252e+07,-5.364564903216476552e+06,-2.409507965004010871e+07,0.000000000000000000e+00,0.000000000000000000e+00,0.000000000000000000e+00
-1.518179893473826349e+07,-5.089353051986122504e+06,-2.285895862332750112e+07,0.000000000000000000e+00,0.000000000000000000e+00,0.000000000000000000e+00
-1.444193473188805208e+07,-4.841330393076108769e+06,-2.174495854517235234e+07,0.000000000000000000e+00,0.000000000000000000e+00,0.000000000000000000e+00
