# the total concentration (ug/m3) of injected (through initial gas-phase concentration, instantaneous and/or continuous gas-phase influx) components, with component index (relative to all components) in the first row and its cumulative injected concentrations in following rows
3.700000000000000000e+01,8.000000000000000000e+00,9.000000000000000000e+00,1.000000000000000000e+00
1.277098730414918828e+04,2.398297764781410635e+01,9.308920826504460422e+01,2.677966969706668010e+02
1.277098730414918828e+04,2.398297764781410635e+01,9.308920826504460422e+01,2.677966969706668010e+02
1.277098730414918828e+04,2.398297764781410635e+01,9.308920826504460422e+01,2.677966969706668010e+02
1.277098730414918828e+04,2.398297764781410635e+01,9.308920826504460422e+01,2.677966969706668010e+02
1.277098730414918828e+04,2.398297764781410635e+01,9.308920826504460422e+01,2.677966969706668010e+02
1.277098730414918828e+04,2.398297764781410635e+01,9.308920826504460422e+01,2.677966969706668010e+02
1.277098730414918828e+04,2.398297764781410635e+01,9.308920826504460422e+01,2.677966969706668010e+02
1.277098730414918828e+04,2.398297764781410635e+01,9.308920826504460422e+01,2.677966969706668010e+02
1.277098730414918828e+04,2.398297764781410635e+01,9.308920826504460422e+01,2.677966969706668010e+02
1.277098730414918828e+04,2.398297764781410635e+01,9.308920826504460422e+01,2.677966969706668010e+02
1.277098730414918828e+04,2.398297764781410635e+01,9.308920826504460422e+01,2.677966969706668010e+02
1.277098730414918828e+04,2.398297764781410635e+01,9.308920826504460422e+01,2.677966969706668010e+02
1.277098730414918828e+04,2.398297764781410635e+01,9.308920826504460422e+01,2.677966969706668010e+02
1.277098730414918828e+04,2.398297764781410635e+01,9.308920826504460422e+01,2.677966969706668010e+02
1.277098730414918828e+04,2.398297764781410635e+01,9.308920826504460422e+01,2.677966969706668010e+02
1.277098730414918828e+04,2.398297764781410635e+01,9.308920826504460422e+01,2.677966969706668010e+02
1.277098730414918828e+04,2.398297764781410635e+01,9.308920826504460422e+01,2.677966969706668010e+02
1.277098730414918828e+04,2.398297764781410635e+01,9.308920826504460422e+01,2.677966969706668010e+02
1.277098730414918828e+04,2.398297764781410635e+01,9.308920826504460422e+01,2.677966969706668010e+02
1.277098730414918828e+04,2.398297764781410635e+01,9.308920826504460422e+01,2.677966969706668010e+02
1.277098730414918828e+04,2.398297764781410635e+01,9.308920826504460422e+01,2.677966969706668010e+02
