# particle_number_conc
0.000000000000000000e+00,0.000000000000000000e+00
0.000000000000000000e+00,0.000000000000000000e+00
0.000000000000000000e+00,0.000000000000000000e+00
0.000000000000000000e+00,0.000000000000000000e+00
0.000000000000000000e+00,0.000000000000000000e+00
1.617344898597134151e+00,0.000000000000000000e+00
1.262466449492688696e+02,0.000000000000000000e+00
6.003334714654172330e+02,0.000000000000000000e+00
1.833899956916608289e+03,0.000000000000000000e+00
4.079307662368799356e+03,0.000000000000000000e+00
7.227380826922777487e+03,0.000000000000000000e+00
1.087578788601704218e+04,0.000000000000000000e+00
1.455534568457070054e+04,0.000000000000000000e+00
1.790614471758088621e+04,0.000000000000000000e+00
2.073383115688543330e+04,0.000000000000000000e+00
2.298440205206008613e+04,0.000000000000000000e+00
2.469250569132310557e+04,0.000000000000000000e+00
2.593517253949473161e+04,0.000000000000000000e+00
2.680092420730382946e+04,0.000000000000000000e+00
2.737304538147448693e+04,0.000000000000000000e+00
2.772250650549959755e+04,0.000000000000000000e+00
2.790638185618445641e+04,0.000000000000000000e+00
2.796891520014865819e+04,0.000000000000000000e+00
2.794357743943782043e+04,0.000000000000000000e+00
2.785527023597539301e+04,0.000000000000000000e+00
2.772230494358932629e+04,0.000000000000000000e+00
2.755803402200595883e+04,0.000000000000000000e+00
2.737213434844393487e+04,0.000000000000000000e+00
2.717158595547941513e+04,0.000000000000000000e+00
2.696140417789877392e+04,0.000000000000000000e+00
2.674518077676404937e+04,0.000000000000000000e+00
2.652547912264748811e+04,0.000000000000000000e+00
2.630412212048525907e+04,0.000000000000000000e+00
2.608240047868354304e+04,0.000000000000000000e+00
2.586122302850624692e+04,0.000000000000000000e+00
2.564122491376980543e+04,0.000000000000000000e+00
2.542284571353672072e+04,0.000000000000000000e+00
2.520638482193086747e+04,0.000000000000000000e+00
2.499204159838963460e+04,0.000000000000000000e+00
2.477994451544971525e+04,0.000000000000000000e+00
2.456936390318995836e+04,0.000000000000000000e+00
2.436277386347255742e+04,0.000000000000000000e+00
2.415733507312894289e+04,0.000000000000000000e+00
2.395440051956640309e+04,0.000000000000000000e+00
2.375392218656998375e+04,0.000000000000000000e+00
2.355693059663192980e+04,0.000000000000000000e+00
2.336121400574731888e+04,0.000000000000000000e+00
2.316781786732803812e+04,0.000000000000000000e+00
2.297669933289883193e+04,0.000000000000000000e+00
2.278781673446858986e+04,0.000000000000000000e+00
2.260112951058888211e+04,0.000000000000000000e+00
2.241659823575052724e+04,0.000000000000000000e+00
2.217954542651350494e+04,5.463909964662273211e+01
2.194628740389595623e+04,1.076807465396448862e+02
2.171673335474059422e+04,1.591715569195860098e+02
2.149079534727981445e+04,2.091565840064794486e+02
2.126838843507935962e+04,2.576792661607933610e+02
2.104943048782060941e+04,3.047815196021049360e+02
2.083384191362612546e+04,3.505038839177231011e+02
2.062154571783553911e+04,3.948854954496630398e+02
2.041246727782207745e+04,4.379642063751224441e+02
2.020653433026736457e+04,4.797765948125302202e+02
2.000367683902918361e+04,5.203580358044935110e+02
1.980382687068629821e+04,5.597427676963144449e+02
1.960691859182676853e+04,5.979638968426608017e+02
1.941288810770375858e+04,6.350534830953472465e+02
1.922167342672515952e+04,6.710425603858427621e+02
1.903321438559080343e+04,7.059611777773942549e+02
1.884745257462553855e+04,7.398384403805674765e+02
1.866433129209229446e+04,7.727025345604831728e+02
1.848379546075505641e+04,8.045807733906596013e+02
1.830579158576126792e+04,8.354996204870566316e+02
1.813026767555760671e+04,8.654847321183553959e+02
1.795717319158022656e+04,8.945609849055200584e+02
1.778645899489162548e+04,9.227525049858739976e+02
1.761807732165433845e+04,9.500826826849091731e+02
1.745198172383629208e+04,9.765742046069234448e+02
1.728812700724754177e+04,1.002249086664645006e+03
1.712646919482597150e+04,1.027128694494673255e+03
1.696696548406552392e+04,1.051233766630757145e+03
1.680957420855646342e+04,1.074584435684788559e+03
1.665425479940969308e+04,1.097200249456885103e+03
1.650096774818789345e+04,1.119100191206603540e+03
1.634967457127291527e+04,1.140302699129982784e+03
1.620033777983561049e+04,1.160825682990998530e+03
1.605292085487311306e+04,1.180686538210012486e+03
1.590738821365563308e+04,1.199902164235308419e+03
1.576370515634515687e+04,1.218488992340373898e+03
1.562183785586084559e+04,1.236462992040320842e+03
1.548175332158652600e+04,1.253839690620545753e+03
1.534341937584174593e+04,1.270634186051025154e+03
1.520680462669156077e+04,1.286861161766739542e+03
1.507187849968533192e+04,1.302534872460140832e+03
1.493861111563712075e+04,1.317669205820328216e+03
1.480697331981858588e+04,1.332277668935750626e+03
1.467693661344114116e+04,1.346373423157198658e+03
1.454847321673725128e+04,1.359969253923670976e+03
1.442155599641073240e+04,1.373077608134897901e+03
1.429615845474369416e+04,1.385710600435544848e+03
1.417225471073247354e+04,1.397880023444474318e+03
1.404981948464060406e+04,1.409597356328845990e+03
1.392882807381076054e+04,1.420873777607387410e+03
1.000000000000000083e-30,1.523926191475799169e+04
1.000000000000000083e-30,1.512981810695746572e+04
1.000000000000000083e-30,1.502135833932420428e+04
1.000000000000000083e-30,1.491387034912590207e+04
1.000000000000000083e-30,1.480734207443967352e+04
1.000000000000000083e-30,1.470176166571794056e+04
1.000000000000000083e-30,1.459711748102425918e+04
1.000000000000000083e-30,1.449339808322143472e+04
1.000000000000000083e-30,1.439059223064542675e+04
1.000000000000000083e-30,1.428868887360468943e+04
1.000000000000000083e-30,1.418767715022649281e+04
1.000000000000000083e-30,1.408754638205544143e+04
1.000000000000000083e-30,1.398828607030020066e+04
1.000000000000000083e-30,1.388988589724763551e+04
1.000000000000000083e-30,1.379233571541298261e+04
1.000000000000000083e-30,1.369562554541093596e+04
1.000000000000000083e-30,1.359974557532093240e+04
1.000000000000000083e-30,1.350468615011383918e+04
1.000000000000000083e-30,1.341043777133990989e+04
1.000000000000000083e-30,1.331699109444379974e+04
1.000000000000000083e-30,1.322433692550991509e+04
1.000000000000000083e-30,1.313246621802683512e+04
1.000000000000000083e-30,1.304137006972668314e+04
1.000000000000000083e-30,1.295103972114939279e+04
1.000000000000000083e-30,1.286146654973289333e+04
1.000000000000000083e-30,1.277264206756088970e+04
1.000000000000000083e-30,1.268455791883091479e+04
1.000000000000000083e-30,1.259720587708217317e+04
1.000000000000000083e-30,1.251057784179180635e+04
1.000000000000000083e-30,1.242466584263626464e+04
1.000000000000000083e-30,1.233946202700037611e+04
1.000000000000000083e-30,1.225495866093976474e+04
1.000000000000000083e-30,1.217114812746714961e+04
1.000000000000000083e-30,1.208802292425455744e+04
1.000000000000000083e-30,1.200557566263308217e+04
1.000000000000000083e-30,1.192379906302461131e+04
1.000000000000000083e-30,1.184268595334083875e+04
1.000000000000000083e-30,1.176222926708160412e+04
1.000000000000000083e-30,1.168242204126312390e+04
1.000000000000000083e-30,1.160325741438773002e+04
1.000000000000000083e-30,1.152472862445973988e+04
1.000000000000000083e-30,1.144682900704705389e+04
1.000000000000000083e-30,1.136955199338688180e+04
1.000000000000000083e-30,1.129289110853333113e+04
1.000000000000000083e-30,1.121683997071252998e+04
1.000000000000000083e-30,1.114139228932825972e+04
1.000000000000000083e-30,1.106654186222431235e+04
1.000000000000000083e-30,1.099228257420675254e+04
1.000000000000000083e-30,1.091860839542441681e+04
1.000000000000000083e-30,1.084551338096750624e+04
1.000000000000000083e-30,1.077299166648718710e+04
1.000000000000000083e-30,1.070103746803984723e+04
1.000000000000000083e-30,1.062964508098342594e+04
1.000000000000000083e-30,1.055880887857093330e+04
1.000000000000000083e-30,1.048852331139057969e+04
1.000000000000000083e-30,1.041878290450666827e+04
1.000000000000000083e-30,1.034958225635373674e+04
1.000000000000000083e-30,1.028091603762580598e+04
1.000000000000000083e-30,1.021277898997487137e+04
1.000000000000000083e-30,1.014516592473968376e+04
1.000000000000000083e-30,1.007807172169761543e+04
1.000000000000000083e-30,1.001149132783801542e+04
1.000000000000000083e-30,9.945419757821826352e+03
1.000000000000000083e-30,9.879852091459921212e+03
1.000000000000000083e-30,9.814783472304718089e+03
1.000000000000000083e-30,9.750209106653364870e+03
1.000000000000000083e-30,9.686124263518304360e+03
1.000000000000000083e-30,9.622524271098098325e+03
1.000000000000000083e-30,9.559404517001761633e+03
1.000000000000000083e-30,9.496760447557920997e+03
1.000000000000000083e-30,9.434587566783740840e+03
1.000000000000000083e-30,9.372881435404964577e+03
1.000000000000000083e-30,9.311637669906051087e+03
1.000000000000000083e-30,9.250851942142962798e+03
1.000000000000000083e-30,9.190519977563128123e+03
1.000000000000000083e-30,9.130637554442959299e+03
1.000000000000000083e-30,9.071200503149353608e+03
1.000000000000000083e-30,9.012204705294994710e+03
1.000000000000000083e-30,8.953646092901404700e+03
1.000000000000000083e-30,8.895520647576682677e+03
1.000000000000000083e-30,8.837824399708484634e+03
1.000000000000000083e-30,8.780553427671768077e+03
1.000000000000000083e-30,8.723703857050379156e+03
1.000000000000000083e-30,8.667271859870714252e+03
1.000000000000000083e-30,8.611253654898471723e+03
1.000000000000000083e-30,8.555645505982578470e+03
1.000000000000000083e-30,8.500443721233072210e+03
1.000000000000000083e-30,8.445644652392153148e+03
1.000000000000000083e-30,8.391244694122311557e+03
1.000000000000000083e-30,8.337240283347278819e+03
1.000000000000000083e-30,8.283627899243470893e+03
1.000000000000000083e-30,8.230404061224880934e+03
1.000000000000000083e-30,8.177565328923602465e+03
1.000000000000000083e-30,8.125108301749290149e+03
1.000000000000000083e-30,8.073029618305684380e+03
1.000000000000000083e-30,8.021325955799381518e+03
1.000000000000000083e-30,7.969994029820689320e+03
1.000000000000000083e-30,7.919030593188927924e+03
1.000000000000000083e-30,7.868432435432563580e+03
1.000000000000000083e-30,7.818196382338517651e+03
1.000000000000000083e-30,7.768319295416912610e+03
1.000000000000000083e-30,7.718798071368906676e+03
1.000000000000000083e-30,7.669629641561995413e+03
1.000000000000000083e-30,7.620810971512635660e+03
1.000000000000000083e-30,7.572339060585904917e+03
1.000000000000000083e-30,7.524210942111200893e+03
1.000000000000000083e-30,7.476423681960886825e+03
1.000000000000000083e-30,7.428974378210152281e+03
1.000000000000000083e-30,7.381860160655316577e+03
1.000000000000000083e-30,7.335078190453969000e+03
1.000000000000000083e-30,7.288625659659842313e+03
1.000000000000000083e-30,7.242499790780925650e+03
1.000000000000000083e-30,7.196697836347238990e+03
1.000000000000000083e-30,7.151217078916263745e+03
1.000000000000000083e-30,7.106054829718646033e+03
1.000000000000000083e-30,7.061208428655504576e+03
1.000000000000000083e-30,7.016675244006919456e+03
1.000000000000000083e-30,6.972452672051377704e+03
1.000000000000000083e-30,6.928538136681054311e+03
1.000000000000000083e-30,6.884929089020683023e+03
1.000000000000000083e-30,6.841623007285827953e+03
1.000000000000000083e-30,6.798617396046857721e+03
1.000000000000000083e-30,6.755909785878384355e+03
1.000000000000000083e-30,6.713497733077535486e+03
1.000000000000000083e-30,6.671378819341744020e+03
1.000000000000000083e-30,6.629550651428120545e+03
1.000000000000000083e-30,6.588010860801100534e+03
1.000000000000000083e-30,6.546757103301292773e+03
1.000000000000000083e-30,6.505787058817765683e+03
1.000000000000000083e-30,6.465098431090445047e+03
1.000000000000000083e-30,6.424688947672402719e+03
1.000000000000000083e-30,6.384556359137711297e+03
1.000000000000000083e-30,6.344698438867595542e+03
1.000000000000000083e-30,6.305112982761828789e+03
1.000000000000000083e-30,6.265797808944104872e+03
1.000000000000000083e-30,6.226750757471126235e+03
1.000000000000000083e-30,6.187969690046576034e+03
1.000000000000000083e-30,6.149452489739847806e+03
1.000000000000000083e-30,6.111197060709308971e+03
