# particle radii (um) per size_bin (including water contribution to size), with size bins represented by columns and their number (starting from 1) given in second line of header, per time step which is represented by rows and corresponding times given in the time output file 
# 1, 2
2.000000000000000042e-02,5.999999999999999778e-02
2.000000000000000042e-02,5.999999999999999778e-02
2.000000000000000042e-02,5.999999999999999778e-02
2.000000000000000042e-02,5.999999999999999778e-02
2.000000000000000042e-02,5.999999999999999778e-02
2.000000000000000042e-02,5.999999999999999778e-02
2.000000000000000475e-03,5.999999999999999778e-02
2.761987951441736630e-03,5.999999999999999778e-02
3.932153656030832820e-03,5.999999999999999778e-02
5.760000121466401536e-03,5.999999999999999778e-02
8.348320009970544575e-03,5.999999999999999778e-02
1.159491923831970986e-02,5.999999999999999778e-02
1.511254265694733125e-02,5.999999999999999778e-02
1.826663444833919597e-02,5.999999999999999778e-02
2.048942568967977371e-02,5.999999999999999778e-02
2.168005798178210264e-02,5.999999999999999778e-02
2.217984555633961685e-02,5.999999999999999778e-02
2.238687512593627582e-02,5.999999999999999778e-02
2.253110878164378550e-02,5.999999999999999778e-02
2.269771228483654160e-02,5.999999999999999778e-02
2.290540685617170960e-02,5.999999999999999778e-02
2.314979926639354479e-02,5.999999999999999778e-02
2.342168193494074610e-02,5.999999999999999778e-02
2.371254325440788971e-02,5.999999999999999778e-02
2.401570736734170985e-02,5.999999999999999778e-02
2.432614346675645092e-02,5.999999999999999778e-02
2.464029699671332896e-02,5.999999999999999778e-02
2.495561573839909231e-02,5.999999999999999778e-02
2.527029580941447459e-02,5.999999999999999778e-02
2.558308801065460256e-02,5.999999999999999778e-02
2.589314866479218435e-02,5.999999999999999778e-02
2.619990259267292523e-02,5.999999999999999778e-02
2.650300168927527053e-02,5.999999999999999778e-02
2.680224042915595184e-02,5.999999999999999778e-02
2.709752001525657719e-02,5.999999999999999778e-02
2.738881298858570484e-02,5.999999999999999778e-02
2.767614084818141237e-02,5.999999999999999778e-02
2.795956948511233928e-02,5.999999999999999778e-02
2.823918156309917354e-02,5.999999999999999778e-02
2.851506951588243105e-02,5.999999999999999778e-02
2.878733791713656773e-02,5.999999999999999778e-02
2.905640482635811483e-02,5.999999999999999778e-02
2.932145171127899935e-02,5.999999999999999778e-02
2.958367714043733110e-02,5.999999999999999778e-02
2.984266844407484562e-02,5.999999999999999778e-02
3.009854283034877828e-02,5.999999999999999778e-02
3.035095495344570030e-02,5.999999999999999778e-02
3.060089698269086514e-02,5.999999999999999778e-02
3.084802021809266229e-02,5.999999999999999778e-02
3.109240814969329442e-02,5.999999999999999778e-02
3.133414781461835164e-02,5.999999999999999778e-02
3.157331627729279694e-02,5.999999999999999778e-02
3.178378379899673978e-02,4.004505825366363320e-02
3.199152288080121809e-02,4.034849399105592399e-02
3.219695541900757796e-02,4.060726591095634164e-02
3.240014515071899109e-02,4.085207501604867092e-02
3.260114738629068393e-02,4.108989581119149720e-02
3.280002316769840137e-02,4.132316809398252355e-02
3.299681981529646591e-02,4.155286180689669873e-02
3.319159659221656428e-02,4.177959007952725123e-02
3.338439130349753897e-02,4.200360085474900973e-02
3.357526461426270370e-02,4.222523963675166303e-02
3.376428028079546395e-02,4.244472353391808006e-02
3.395144679628812195e-02,4.266195318519654806e-02
3.413681900802444796e-02,4.287710389478129047e-02
3.432043608604301577e-02,4.309024287428253608e-02
3.450233446096907103e-02,4.330142621967567745e-02
3.468254909550432669e-02,4.351070191495801792e-02
3.486111801817200900e-02,4.371813548758015505e-02
3.503807665861065346e-02,4.392377777977412440e-02
3.521345264993264168e-02,4.412765172684857823e-02
3.538727775025009292e-02,4.432979356150613254e-02
3.555958250559367040e-02,4.453024239367749798e-02
3.573039305696481399e-02,4.472902520116903841e-02
3.589974142587173955e-02,4.492618681209482184e-02
3.606765027907928717e-02,4.512174219058877334e-02
3.623414447717433762e-02,4.531571382803994269e-02
3.639924838679129554e-02,4.550813120953646485e-02
3.656299097278862403e-02,4.569903522018649300e-02
3.672538806778492815e-02,4.588842629047035215e-02
3.688646752739071361e-02,4.607634583648578114e-02
3.704624672264188179e-02,4.626280321196075962e-02
3.720474385738108125e-02,4.644781055105486750e-02
3.736198891111675718e-02,4.663142052155003214e-02
3.751798681111009892e-02,4.681360762595339342e-02
3.767276669587797666e-02,4.699442168762211353e-02
3.782634681932027509e-02,4.717388375525853605e-02
3.797874533525203572e-02,4.735201228961798819e-02
3.812996854579214084e-02,4.752879137531368370e-02
3.828004739006506812e-02,4.770427966230115363e-02
3.842899367685120859e-02,4.787848255237969752e-02
3.857681308644589357e-02,4.805138506654721420e-02
3.872353353714022561e-02,4.822303780787104421e-02
3.886906975464039793e-02,4.839325353189861262e-02
3.901354113309510319e-02,4.856232290852340039e-02
3.915696255661475084e-02,4.873020896937521607e-02
3.929933657507143213e-02,4.889688574539689109e-02
3.944067663496433895e-02,4.906237301217992314e-02
3.958099755380515422e-02,4.922668262394874761e-02
3.972031711583019764e-02,4.938984076147352048e-02
3.985864332924632381e-02,4.955184442979018028e-02
3.999598041495456419e-02,4.971269747358703084e-02
2.596913149405095673e-03,4.074330756368208656e-02
2.596913149405095673e-03,4.089700458866225852e-02
2.596913149405095673e-03,4.105247595354191703e-02
2.596913149405095673e-03,4.120699451267881286e-02
2.596913149405095673e-03,4.136051738600907135e-02
2.596913149405095673e-03,4.151308706996002101e-02
2.596913149405095673e-03,4.166465573082262647e-02
2.596913149405095673e-03,4.181523795871665977e-02
2.596913149405095673e-03,4.196484376615221973e-02
2.596913149405095673e-03,4.211348768245584684e-02
2.596913149405095673e-03,4.226117763191653692e-02
2.596913149405095673e-03,4.240792937107832478e-02
2.596913149405095673e-03,4.255376208686336564e-02
2.596913149405095673e-03,4.269871225881945870e-02
2.596913149405095673e-03,4.284273411340235038e-02
2.596913149405095673e-03,4.298584175776778288e-02
2.596913149405095673e-03,4.312803844981144552e-02
2.596913149405095673e-03,4.326935225887852676e-02
2.596913149405095673e-03,4.340980160821109740e-02
2.596913149405095673e-03,4.354942407959850464e-02
2.596913149405095673e-03,4.368816872192334694e-02
2.596913149405095673e-03,4.382603861705443304e-02
2.596913149405095673e-03,4.396304322357556804e-02
2.596913149405095673e-03,4.409920727361881648e-02
2.596913149405095673e-03,4.423454915337589333e-02
2.596913149405095673e-03,4.436907201971828502e-02
2.596913149405095673e-03,4.450280764670666578e-02
2.596913149405095673e-03,4.463571663054292926e-02
2.596913149405095673e-03,4.476781790873253508e-02
2.596913149405095673e-03,4.489912477011307607e-02
2.596913149405095673e-03,4.502963772967691347e-02
2.596913149405095673e-03,4.515936429907257965e-02
2.596913149405095673e-03,4.528831008395464014e-02
2.596913149405095673e-03,4.541648094960253762e-02
2.596913149405095673e-03,4.554390181581425417e-02
2.596913149405095673e-03,4.567056653778360509e-02
2.596913149405095673e-03,4.579647991748727470e-02
2.596913149405095673e-03,4.592169504906096211e-02
2.596913149405095673e-03,4.604615709505271992e-02
2.596913149405095673e-03,4.616986053847672161e-02
2.596913149405095673e-03,4.629284465803396725e-02
2.596913149405095673e-03,4.641510961984332551e-02
2.596913149405095673e-03,4.653666022184484857e-02
2.596913149405095673e-03,4.665749915633338185e-02
2.596913149405095673e-03,4.677763239826587122e-02
2.596913149405095673e-03,4.689706495387776369e-02
2.596913149405095673e-03,4.701580165198694650e-02
2.596913149405095673e-03,4.713386265005196918e-02
2.596913149405095673e-03,4.725124169558743426e-02
2.596913149405095673e-03,4.736799053668841464e-02
2.596913149405095673e-03,4.748401332453042190e-02
2.596913149405095673e-03,4.759942857048134884e-02
2.596913149405095673e-03,4.771416875937132401e-02
2.596913149405095673e-03,4.782825189621849049e-02
2.596913149405095673e-03,4.794168311310496172e-02
2.596913149405095673e-03,4.805446534683795873e-02
2.596913149405095673e-03,4.816660061373400498e-02
2.596913149405095673e-03,4.827810250099077299e-02
2.596913149405095673e-03,4.838897349954446314e-02
2.596913149405095673e-03,4.849922562381733804e-02
2.596913149405095673e-03,4.860885432386118088e-02
2.596913149405095673e-03,4.871786612977255931e-02
2.596913149405095673e-03,4.882626536278341506e-02
2.596913149405095673e-03,4.893405614792488423e-02
2.596913149405095673e-03,4.904124299066039278e-02
2.596913149405095673e-03,4.914784564785831811e-02
2.596913149405095673e-03,4.925385458274939704e-02
2.596913149405095673e-03,4.935931820381941199e-02
2.596913149405095673e-03,4.946414586306894373e-02
2.596913149405095673e-03,4.956845051724009799e-02
2.596913149405095673e-03,4.967216538986289620e-02
2.596913149405095673e-03,4.977530831567406749e-02
2.596913149405095673e-03,4.987788383301851314e-02
2.596913149405095673e-03,4.997989502696189440e-02
2.596913149405095673e-03,5.008134568027851341e-02
2.596913149405095673e-03,5.018224110304454061e-02
2.596913149405095673e-03,5.028258231968065622e-02
2.596913149405095673e-03,5.038238033739429050e-02
2.596913149405095673e-03,5.048163576101748207e-02
2.596913149405095673e-03,5.058036007926192817e-02
2.596913149405095673e-03,5.067854900653664257e-02
2.596913149405095673e-03,5.077620691474892672e-02
2.596913149405095673e-03,5.087333791784706682e-02
2.596913149405095673e-03,5.096994552259914019e-02
2.596913149405095673e-03,5.106603316153279781e-02
2.596913149405095673e-03,5.116161139125492002e-02
2.596913149405095673e-03,5.125668783531970446e-02
2.596913149405095673e-03,5.135125817827169981e-02
2.596913149405095673e-03,5.144536161886206771e-02
2.596913149405095673e-03,5.153895105086211959e-02
2.596913149405095673e-03,5.163201398338278930e-02
2.596913149405095673e-03,5.172463250489348074e-02
2.596913149405095673e-03,5.181674863807064074e-02
2.596913149405095673e-03,5.190837814504606351e-02
2.596913149405095673e-03,5.199952502522652009e-02
2.596913149405095673e-03,5.209019151432954520e-02
2.596913149405095673e-03,5.218038152836891597e-02
2.596913149405095673e-03,5.227009904066532570e-02
2.596913149405095673e-03,5.235934771329334159e-02
2.596913149405095673e-03,5.244812769198231583e-02
2.596913149405095673e-03,5.253644789353369843e-02
2.596913149405095673e-03,5.262431120761049824e-02
2.596913149405095673e-03,5.271171804958169754e-02
2.596913149405095673e-03,5.279867958098729414e-02
2.596913149405095673e-03,5.288519159482105159e-02
2.596913149405095673e-03,5.297125671433053351e-02
2.596913149405095673e-03,5.305687870631094899e-02
2.596913149405095673e-03,5.314206046433220254e-02
2.596913149405095673e-03,5.322680662609506619e-02
2.596913149405095673e-03,5.331112489981919278e-02
2.596913149405095673e-03,5.339501973796940970e-02
2.596913149405095673e-03,5.347848748379664674e-02
2.596913149405095673e-03,5.356153294177951052e-02
2.596913149405095673e-03,5.364415722780437046e-02
2.596913149405095673e-03,5.372639527958945199e-02
2.596913149405095673e-03,5.380820564091279290e-02
2.596913149405095673e-03,5.388957810029524481e-02
2.596913149405095673e-03,5.397058341459606140e-02
2.596913149405095673e-03,5.405117005948308073e-02
2.596913149405095673e-03,5.413135176273591032e-02
2.596913149405095673e-03,5.421113142592059314e-02
2.596913149405095673e-03,5.429051179002503114e-02
2.596913149405095673e-03,5.436949607384162358e-02
2.596913149405095673e-03,5.444808720390786894e-02
2.596913149405095673e-03,5.452628809026031920e-02
2.596913149405095673e-03,5.460410433514781975e-02
2.596913149405095673e-03,5.468153614187352268e-02
2.596913149405095673e-03,5.475857850944484267e-02
2.596913149405095673e-03,5.483524374642040344e-02
2.596913149405095673e-03,5.491153466229564684e-02
2.596913149405095673e-03,5.498745661223868042e-02
2.596913149405095673e-03,5.506300409656612882e-02
2.596913149405095673e-03,5.513825365420512575e-02
2.596913149405095673e-03,5.521310305391531614e-02
2.596913149405095673e-03,5.528759015063237914e-02
2.596913149405095673e-03,5.536171738524572894e-02
2.596913149405095673e-03,5.543548674598513387e-02
2.596913149405095673e-03,5.550890047042474074e-02
2.596913149405095673e-03,5.558196090359702329e-02
