# time (s), these correspond to the rows in the concentrations_all_components_all_times_gas_particle_wall, particle_number_concentration and size_bin_radius output files
0.000000000000000000e+00
6.000000000000000000e+01
1.200000000000000000e+02
1.800000000000000000e+02
2.400000000000000000e+02
3.000000000000000000e+02
3.600000000000000000e+02
4.200000000000000000e+02
4.800000000000000000e+02
5.400000000000000000e+02
6.000000000000000000e+02
6.600000000000000000e+02
7.200000000000000000e+02
7.800000000000000000e+02
8.400000000000000000e+02
9.000000000000000000e+02
9.600000000000000000e+02
1.020000000000000000e+03
1.080000000000000000e+03
1.140000000000000000e+03
1.200000000000000000e+03
1.260000000000000000e+03
1.320000000000000000e+03
1.380000000000000000e+03
1.440000000000000000e+03
1.500000000000000000e+03
1.560000000000000000e+03
1.620000000000000000e+03
1.680000000000000000e+03
1.740000000000000000e+03
1.800000000000000000e+03
1.860000000000000000e+03
1.920000000000000000e+03
1.980000000000000000e+03
2.040000000000000000e+03
2.100000000000000000e+03
2.160000000000000000e+03
2.220000000000000000e+03
2.280000000000000000e+03
2.340000000000000000e+03
2.400000000000000000e+03
2.460000000000000000e+03
2.520000000000000000e+03
2.580000000000000000e+03
2.640000000000000000e+03
2.700000000000000000e+03
2.760000000000000000e+03
2.820000000000000000e+03
2.880000000000000000e+03
2.940000000000000000e+03
3.000000000000000000e+03
3.060000000000000000e+03
3.120000000000000000e+03
3.180000000000000000e+03
3.240000000000000000e+03
3.300000000000000000e+03
3.360000000000000000e+03
3.420000000000000000e+03
3.480000000000000000e+03
3.540000000000000000e+03
3.600000000000000000e+03
3.660000000000000000e+03
3.720000000000000000e+03
3.780000000000000000e+03
3.840000000000000000e+03
3.900000000000000000e+03
3.960000000000000000e+03
4.020000000000000000e+03
4.080000000000000000e+03
4.140000000000000000e+03
4.200000000000000000e+03
4.260000000000000000e+03
4.320000000000000000e+03
4.380000000000000000e+03
4.440000000000000000e+03
4.500000000000000000e+03
4.560000000000000000e+03
4.620000000000000000e+03
4.680000000000000000e+03
4.740000000000000000e+03
4.800000000000000000e+03
4.860000000000000000e+03
4.920000000000000000e+03
4.980000000000000000e+03
5.040000000000000000e+03
5.100000000000000000e+03
5.160000000000000000e+03
5.220000000000000000e+03
5.280000000000000000e+03
5.340000000000000000e+03
5.400000000000000000e+03
5.460000000000000000e+03
5.520000000000000000e+03
5.580000000000000000e+03
5.640000000000000000e+03
5.700000000000000000e+03
5.760000000000000000e+03
5.820000000000000000e+03
5.880000000000000000e+03
5.940000000000000000e+03
6.000000000000000000e+03
6.060000000000000000e+03
6.120000000000000000e+03
6.180000000000000000e+03
6.240000000000000000e+03
6.300000000000000000e+03
6.360000000000000000e+03
6.420000000000000000e+03
6.480000000000000000e+03
6.540000000000000000e+03
6.600000000000000000e+03
6.660000000000000000e+03
6.720000000000000000e+03
6.780000000000000000e+03
6.840000000000000000e+03
6.900000000000000000e+03
6.960000000000000000e+03
7.020000000000000000e+03
7.080000000000000000e+03
7.140000000000000000e+03
7.200000000000000000e+03
7.260000000000000000e+03
7.320000000000000000e+03
7.380000000000000000e+03
7.440000000000000000e+03
7.500000000000000000e+03
7.560000000000000000e+03
7.620000000000000000e+03
7.680000000000000000e+03
7.740000000000000000e+03
7.800000000000000000e+03
7.860000000000000000e+03
7.920000000000000000e+03
7.980000000000000000e+03
8.040000000000000000e+03
8.100000000000000000e+03
8.160000000000000000e+03
8.220000000000000000e+03
8.280000000000000000e+03
8.340000000000000000e+03
8.400000000000000000e+03
8.460000000000000000e+03
8.520000000000000000e+03
8.580000000000000000e+03
8.640000000000000000e+03
8.700000000000000000e+03
8.760000000000000000e+03
8.820000000000000000e+03
8.880000000000000000e+03
8.940000000000000000e+03
9.000000000000000000e+03
9.060000000000000000e+03
9.120000000000000000e+03
9.180000000000000000e+03
9.240000000000000000e+03
9.300000000000000000e+03
9.360000000000000000e+03
9.420000000000000000e+03
9.480000000000000000e+03
9.540000000000000000e+03
9.600000000000000000e+03
9.660000000000000000e+03
9.720000000000000000e+03
9.780000000000000000e+03
9.840000000000000000e+03
9.900000000000000000e+03
9.960000000000000000e+03
1.002000000000000000e+04
1.008000000000000000e+04
1.014000000000000000e+04
1.020000000000000000e+04
1.026000000000000000e+04
1.032000000000000000e+04
1.038000000000000000e+04
1.044000000000000000e+04
1.050000000000000000e+04
1.056000000000000000e+04
1.062000000000000000e+04
1.068000000000000000e+04
1.074000000000000000e+04
1.080000000000000000e+04
1.086000000000000000e+04
1.092000000000000000e+04
1.098000000000000000e+04
1.104000000000000000e+04
1.110000000000000000e+04
1.116000000000000000e+04
1.122000000000000000e+04
1.128000000000000000e+04
1.134000000000000000e+04
1.140000000000000000e+04
1.146000000000000000e+04
1.152000000000000000e+04
1.158000000000000000e+04
1.164000000000000000e+04
1.170000000000000000e+04
1.176000000000000000e+04
1.182000000000000000e+04
1.188000000000000000e+04
1.194000000000000000e+04
1.200000000000000000e+04
1.206000000000000000e+04
1.212000000000000000e+04
1.218000000000000000e+04
1.224000000000000000e+04
1.230000000000000000e+04
1.236000000000000000e+04
1.242000000000000000e+04
1.248000000000000000e+04
1.254000000000000000e+04
1.260000000000000000e+04
1.266000000000000000e+04
1.272000000000000000e+04
1.278000000000000000e+04
1.284000000000000000e+04
1.290000000000000000e+04
1.296000000000000000e+04
1.302000000000000000e+04
1.308000000000000000e+04
1.314000000000000000e+04
1.320000000000000000e+04
1.326000000000000000e+04
1.332000000000000000e+04
1.338000000000000000e+04
1.344000000000000000e+04
1.350000000000000000e+04
1.356000000000000000e+04
1.362000000000000000e+04
1.368000000000000000e+04
1.374000000000000000e+04
1.380000000000000000e+04
1.386000000000000000e+04
1.392000000000000000e+04
1.398000000000000000e+04
1.404000000000000000e+04
1.410000000000000000e+04
1.416000000000000000e+04
1.422000000000000000e+04
1.428000000000000000e+04
1.434000000000000000e+04
1.440000000000000000e+04
