# particle_size
2.000000000000000042e-02,5.999999999999999778e-02
2.000000000000000042e-02,5.999999999999999778e-02
2.000000000000000042e-02,5.999999999999999778e-02
2.000000000000000042e-02,5.999999999999999778e-02
2.000000000000000042e-02,5.999999999999999778e-02
5.677052892869789745e-04,5.999999999999999778e-02
1.975804793054633524e-03,5.999999999999999778e-02
2.980774011367363051e-03,5.999999999999999778e-02
4.687348405373412824e-03,5.999999999999999778e-02
7.207209641258464743e-03,5.999999999999999778e-02
1.047514202676188590e-02,5.999999999999999778e-02
1.413281208458460649e-02,5.999999999999999778e-02
1.753814386436002362e-02,5.999999999999999778e-02
2.004531389326566493e-02,5.999999999999999778e-02
2.145638886407422521e-02,5.999999999999999778e-02
2.207258727361857686e-02,5.999999999999999778e-02
2.232176038329772294e-02,5.999999999999999778e-02
2.247527187390638281e-02,5.999999999999999778e-02
2.264026161273540241e-02,5.999999999999999778e-02
2.284451561942109701e-02,5.999999999999999778e-02
2.308560775222113712e-02,5.999999999999999778e-02
2.335458521759803396e-02,5.999999999999999778e-02
2.364290687423430126e-02,5.999999999999999778e-02
2.394377856186813078e-02,5.999999999999999778e-02
2.425203561906893318e-02,5.999999999999999778e-02
2.456428607771382264e-02,5.999999999999999778e-02
2.487766720412048008e-02,5.999999999999999778e-02
2.519037870467326010e-02,5.999999999999999778e-02
2.550114886087966742e-02,5.999999999999999778e-02
2.580899880529122573e-02,5.999999999999999778e-02
2.611360053751718771e-02,5.999999999999999778e-02
2.641443220225208818e-02,5.999999999999999778e-02
2.671130411907890814e-02,5.999999999999999778e-02
2.700411649955801116e-02,5.999999999999999778e-02
2.729284398043310342e-02,5.999999999999999778e-02
2.757746477339277982e-02,5.999999999999999778e-02
2.785829375357798746e-02,5.999999999999999778e-02
2.813519193617639719e-02,5.999999999999999778e-02
2.840808341262624631e-02,5.999999999999999778e-02
2.867733043150785116e-02,5.999999999999999778e-02
2.894332834595982756e-02,5.999999999999999778e-02
2.920523373057699879e-02,5.999999999999999778e-02
2.946427388235889691e-02,5.999999999999999778e-02
2.972000396030805708e-02,5.999999999999999778e-02
2.997256700100200261e-02,5.999999999999999778e-02
3.022162977919004914e-02,5.999999999999999778e-02
3.046820361377823583e-02,5.999999999999999778e-02
3.071195297658411288e-02,5.999999999999999778e-02
3.095292078942310857e-02,5.999999999999999778e-02
3.119119966052896764e-02,5.999999999999999778e-02
3.142683498305053058e-02,5.999999999999999778e-02
3.165996687739987964e-02,5.999999999999999778e-02
3.186457634399200017e-02,4.014685038622398117e-02
3.206693550368248935e-02,4.041143823964833681e-02
3.226713732835564952e-02,4.065110772406093503e-02
3.246515011847807969e-02,4.088143877940100118e-02
3.266111898291988030e-02,4.110741922152486016e-02
3.285515320629686653e-02,4.133027370593735095e-02
3.304722546606379124e-02,4.155007583916685981e-02
3.323744650804146689e-02,4.176753361879733534e-02
3.342582092895499124e-02,4.198263392902475133e-02
3.361242423743630164e-02,4.219564186848916154e-02
3.379729664146054191e-02,4.240662252561446660e-02
3.398044252640816665e-02,4.261556204582224450e-02
3.416194066001322638e-02,4.282268591402312724e-02
3.434178818046852710e-02,4.302789100054186383e-02
3.452002109624503767e-02,4.323126660863139265e-02
3.469667072342665082e-02,4.343286243810842717e-02
3.487175916133105485e-02,4.363267007514130824e-02
3.504533372323551804e-02,4.383082786881747211e-02
3.521741400890815443e-02,4.402732370947020496e-02
3.538803930470113546e-02,4.422219823667900701e-02
3.555722440897621239e-02,4.441545912032843213e-02
3.572498693136634540e-02,4.460712608532520912e-02
3.589134148405046659e-02,4.479721195115161231e-02
3.605633315844693904e-02,4.498579142884730209e-02
3.621999313926541758e-02,4.517289233918078684e-02
3.638233167059321677e-02,4.535851143680166841e-02
3.654336658881759264e-02,4.554266377930730331e-02
3.670311428444016782e-02,4.572537164076588556e-02
3.686159234915397515e-02,4.590665465168082549e-02
3.701881747495684022e-02,4.608653038963112653e-02
3.717480536452412443e-02,4.626501500593327432e-02
3.732957061083407024e-02,4.644212316334457580e-02
3.748313316622705477e-02,4.661787961640918854e-02
3.763552493881858890e-02,4.679232822788935431e-02
3.778677435572442428e-02,4.696549378739665187e-02
3.793687343770089232e-02,4.713734977599666476e-02
3.808584252145334748e-02,4.730793286008826148e-02
3.823368689525930703e-02,4.747723700608168229e-02
3.838041674569186990e-02,4.764527547771191252e-02
3.852603844457087173e-02,4.781205346604076867e-02
3.867066311291412345e-02,4.797775625437766811e-02
3.881421941199241638e-02,4.814221424314374387e-02
3.895673259463582755e-02,4.830547333331915855e-02
3.909813471734639029e-02,4.846741311935551244e-02
3.923852713539349724e-02,4.862824512144692246e-02
3.937790284144555147e-02,4.878792958090170939e-02
3.951627371999091864e-02,4.894647138226581456e-02
3.965365190774437082e-02,4.910388146370211343e-02
3.979005533241813247e-02,4.926018078536863187e-02
3.992548783751969504e-02,4.941536574656686664e-02
2.000000000000000042e-02,4.115360348325354523e-02
2.000000000000000042e-02,4.130421104303483304e-02
2.000000000000000042e-02,4.145555456601917460e-02
2.000000000000000042e-02,4.160592556827499150e-02
2.000000000000000042e-02,4.175526296155511463e-02
2.000000000000000042e-02,4.190357854129141135e-02
2.000000000000000042e-02,4.205088563777620303e-02
2.000000000000000042e-02,4.219720657382217133e-02
2.000000000000000042e-02,4.234254374206795207e-02
2.000000000000000042e-02,4.248690318223534435e-02
2.000000000000000042e-02,4.263029177072071713e-02
2.000000000000000042e-02,4.277271542918365671e-02
2.000000000000000042e-02,4.291418169085382123e-02
2.000000000000000042e-02,4.305472575886764436e-02
2.000000000000000042e-02,4.319434849502058055e-02
2.000000000000000042e-02,4.333305922304613034e-02
2.000000000000000042e-02,4.347088330781671145e-02
2.000000000000000042e-02,4.360781022257866762e-02
2.000000000000000042e-02,4.374384481203722613e-02
2.000000000000000042e-02,4.387899573315084262e-02
2.000000000000000042e-02,4.401327195438985151e-02
2.000000000000000042e-02,4.414668237889148722e-02
2.000000000000000042e-02,4.427923577869938287e-02
2.000000000000000042e-02,4.441095049563825725e-02
2.000000000000000042e-02,4.454182812410412140e-02
2.000000000000000042e-02,4.467187328649063760e-02
2.000000000000000042e-02,4.480109221375889322e-02
2.000000000000000042e-02,4.492949079912483129e-02
2.000000000000000042e-02,4.505706978862802914e-02
2.000000000000000042e-02,4.518387590952285815e-02
2.000000000000000042e-02,4.530989069232544547e-02
2.000000000000000042e-02,4.543511721527555142e-02
2.000000000000000042e-02,4.555956322573956330e-02
2.000000000000000042e-02,4.568323685381057292e-02
2.000000000000000042e-02,4.580615551132443536e-02
2.000000000000000042e-02,4.592832049223913304e-02
2.000000000000000042e-02,4.604973658217632188e-02
2.000000000000000042e-02,4.617041013018963885e-02
2.000000000000000042e-02,4.629034739222968875e-02
2.000000000000000042e-02,4.640955445732045798e-02
2.000000000000000042e-02,4.652803721477094534e-02
2.000000000000000042e-02,4.664580132602354212e-02
2.000000000000000042e-02,4.676285219141155386e-02
2.000000000000000042e-02,4.687919490572554221e-02
2.000000000000000042e-02,4.699484449477130815e-02
2.000000000000000042e-02,4.710981427368834268e-02
2.000000000000000042e-02,4.722410857761589337e-02
2.000000000000000042e-02,4.733773336438538287e-02
2.000000000000000042e-02,4.745069457135123875e-02
2.000000000000000042e-02,4.756300912014743698e-02
2.000000000000000042e-02,4.767466787299001751e-02
2.000000000000000042e-02,4.778567342119839634e-02
2.000000000000000042e-02,4.789603181624590977e-02
2.000000000000000042e-02,4.800574946238428398e-02
2.000000000000000042e-02,4.811484132185215451e-02
2.000000000000000042e-02,4.822330799916085819e-02
2.000000000000000042e-02,4.833115190948986117e-02
2.000000000000000042e-02,4.843837747166411523e-02
2.000000000000000042e-02,4.854498882027722534e-02
2.000000000000000042e-02,4.865098980659257610e-02
2.000000000000000042e-02,4.875638392523234249e-02
2.000000000000000042e-02,4.886117422225622758e-02
2.000000000000000042e-02,4.896538298574300979e-02
2.000000000000000042e-02,4.906901697492938030e-02
2.000000000000000042e-02,4.917207962853938769e-02
2.000000000000000042e-02,4.927457558493024414e-02
2.000000000000000042e-02,4.937652235910239967e-02
2.000000000000000042e-02,4.947790725166239384e-02
2.000000000000000042e-02,4.957873210292802757e-02
2.000000000000000042e-02,4.967900274911858649e-02
2.000000000000000042e-02,4.977872445672766599e-02
2.000000000000000042e-02,4.987790229453224755e-02
2.000000000000000042e-02,4.997654126016817105e-02
2.000000000000000042e-02,5.007465371700194762e-02
2.000000000000000042e-02,5.017224048334065906e-02
2.000000000000000042e-02,5.026930361994489532e-02
2.000000000000000042e-02,5.036584692678103964e-02
2.000000000000000042e-02,5.046187421375544768e-02
2.000000000000000042e-02,5.055738915736354006e-02
2.000000000000000042e-02,5.065239525853192093e-02
2.000000000000000042e-02,5.074689581099370295e-02
2.000000000000000042e-02,5.084089386607345412e-02
2.000000000000000042e-02,5.093439218505298877e-02
2.000000000000000042e-02,5.102739316383145263e-02
2.000000000000000042e-02,5.111991648327091076e-02
2.000000000000000042e-02,5.121196672994929311e-02
2.000000000000000042e-02,5.130354657807265767e-02
2.000000000000000042e-02,5.139465977428993304e-02
2.000000000000000042e-02,5.148530944943546100e-02
2.000000000000000042e-02,5.157549878190563486e-02
2.000000000000000042e-02,5.166524254002705097e-02
2.000000000000000042e-02,5.175453095797278441e-02
2.000000000000000042e-02,5.184336461478594726e-02
2.000000000000000042e-02,5.193174717279405023e-02
2.000000000000000042e-02,5.201968265693935473e-02
2.000000000000000042e-02,5.210717511516779060e-02
2.000000000000000042e-02,5.219423569937882423e-02
2.000000000000000042e-02,5.228086451355543063e-02
2.000000000000000042e-02,5.236706198337123114e-02
2.000000000000000042e-02,5.245283038363591360e-02
2.000000000000000042e-02,5.253817194956481029e-02
2.000000000000000042e-02,5.262308872654575254e-02
2.000000000000000042e-02,5.270758250760070041e-02
2.000000000000000042e-02,5.279165476570165522e-02
2.000000000000000042e-02,5.287531138915715911e-02
2.000000000000000042e-02,5.295857250975190972e-02
2.000000000000000042e-02,5.304143699315478494e-02
2.000000000000000042e-02,5.312390670119317843e-02
2.000000000000000042e-02,5.320598297984674430e-02
2.000000000000000042e-02,5.328766939081123338e-02
2.000000000000000042e-02,5.336896902525110203e-02
2.000000000000000042e-02,5.344988486697750674e-02
2.000000000000000042e-02,5.353041983580435204e-02
2.000000000000000042e-02,5.361058784592843268e-02
2.000000000000000042e-02,5.369037898255132890e-02
2.000000000000000042e-02,5.376979323838231017e-02
2.000000000000000042e-02,5.384883331600068962e-02
2.000000000000000042e-02,5.392750224448227686e-02
2.000000000000000042e-02,5.400580311154618701e-02
2.000000000000000042e-02,5.408373898409177954e-02
2.000000000000000042e-02,5.416131946459039337e-02
2.000000000000000042e-02,5.423854414060754608e-02
2.000000000000000042e-02,5.431541248523581722e-02
2.000000000000000042e-02,5.439192595790055818e-02
2.000000000000000042e-02,5.446808673247636318e-02
2.000000000000000042e-02,5.454389699536543040e-02
2.000000000000000042e-02,5.461935839580339680e-02
2.000000000000000042e-02,5.469447250981196440e-02
2.000000000000000042e-02,5.476924076524614104e-02
2.000000000000000042e-02,5.484366857554461711e-02
2.000000000000000042e-02,5.491777085980699413e-02
2.000000000000000042e-02,5.499154668643268379e-02
2.000000000000000042e-02,5.506499812301530322e-02
2.000000000000000042e-02,5.513812758987327728e-02
2.000000000000000042e-02,5.521093747761143117e-02
2.000000000000000042e-02,5.528343010017455761e-02
2.000000000000000042e-02,5.535560769383657265e-02
2.000000000000000042e-02,5.542747241665022667e-02
2.000000000000000042e-02,5.549902634336965901e-02
