# chamber environmental conditions throughout the simulation, with rows corresponding to the time points in the time output file, first column is temperature (K), second is pressure (Pa) and third is relative humidity (fraction (0-1))
2.931499999999999773e+02,1.013250000000000000e+05,6.000002033565665638e-01
2.931499999999999773e+02,1.013250000000000000e+05,6.000047355013485850e-01
2.931499999999999773e+02,1.013250000000000000e+05,6.000085668028537489e-01
2.931499999999999773e+02,1.013250000000000000e+05,6.000118055943621798e-01
2.931499999999999773e+02,1.013250000000000000e+05,6.000145435264437888e-01
2.931499999999999773e+02,1.013250000000000000e+05,6.000168580495307546e-01
2.931499999999999773e+02,1.013250000000000000e+05,6.000188146421782109e-01
2.931499999999999773e+02,1.013250000000000000e+05,6.000204686568464396e-01
2.931499999999999773e+02,1.013250000000000000e+05,6.000218668858103843e-01
2.931499999999999773e+02,1.013250000000000000e+05,6.000230488852389410e-01
2.931499999999999773e+02,1.013250000000000000e+05,6.000240480940963739e-01
2.931499999999999773e+02,1.013250000000000000e+05,6.000248927801521415e-01
2.931499999999999773e+02,1.013250000000000000e+05,6.000256068396597753e-01
2.931499999999999773e+02,1.013250000000000000e+05,6.000262104734159774e-01
2.931499999999999773e+02,1.013250000000000000e+05,6.000267207582496987e-01
2.931499999999999773e+02,1.013250000000000000e+05,6.000271521301314692e-01
2.931499999999999773e+02,1.013250000000000000e+05,6.000275167925620545e-01
2.931499999999999773e+02,1.013250000000000000e+05,6.000278250618459319e-01
2.931499999999999773e+02,1.013250000000000000e+05,6.000280856589064182e-01
2.931499999999999773e+02,1.013250000000000000e+05,6.000283059560154175e-01
2.931499999999999773e+02,1.013250000000000000e+05,6.000284921853579201e-01
2.931499999999999773e+02,1.013250000000000000e+05,6.000286496153396376e-01
2.931499999999999773e+02,1.013250000000000000e+05,6.000287826996337781e-01
2.931499999999999773e+02,1.013250000000000000e+05,6.000288952031738177e-01
2.931499999999999773e+02,1.013250000000000000e+05,6.000289903086651888e-01
2.931499999999999773e+02,1.013250000000000000e+05,6.000290707066237017e-01
2.931499999999999773e+02,1.013250000000000000e+05,6.000291386714791120e-01
2.931499999999999773e+02,1.013250000000000000e+05,6.000291961260003637e-01
2.931499999999999773e+02,1.013250000000000000e+05,6.000292446954965664e-01
2.931499999999999773e+02,1.013250000000000000e+05,6.000292857539910596e-01
2.931499999999999773e+02,1.013250000000000000e+05,6.000293204630168242e-01
2.931499999999999773e+02,1.013250000000000000e+05,6.000293498044895202e-01
2.931499999999999773e+02,1.013250000000000000e+05,6.000293746084638391e-01
2.931499999999999773e+02,1.013250000000000000e+05,6.000293955766240472e-01
2.931499999999999773e+02,1.013250000000000000e+05,6.000294133021816245e-01
2.931499999999999773e+02,1.013250000000000000e+05,6.000294282865786810e-01
2.931499999999999773e+02,1.013250000000000000e+05,6.000294409537222373e-01
2.931499999999999773e+02,1.013250000000000000e+05,6.000294516619668617e-01
2.931499999999999773e+02,1.013250000000000000e+05,6.000294607146838821e-01
2.931499999999999773e+02,1.013250000000000000e+05,6.000294683670036600e-01
2.931499999999999773e+02,1.013250000000000000e+05,6.000294748358863117e-01
2.931499999999999773e+02,1.013250000000000000e+05,6.000294803043456637e-01
2.931499999999999773e+02,1.013250000000000000e+05,6.000294849270899622e-01
2.931499999999999773e+02,1.013250000000000000e+05,6.000294888349346767e-01
2.931499999999999773e+02,1.013250000000000000e+05,6.000294921383978464e-01
2.931499999999999773e+02,1.013250000000000000e+05,6.000294949308935255e-01
2.931499999999999773e+02,1.013250000000000000e+05,6.000294972915626301e-01
2.931499999999999773e+02,1.013250000000000000e+05,6.000294992871616495e-01
2.931499999999999773e+02,1.013250000000000000e+05,6.000295009741777319e-01
2.931499999999999773e+02,1.013250000000000000e+05,6.000295024003265976e-01
2.931499999999999773e+02,1.013250000000000000e+05,6.000295036059032361e-01
2.931499999999999773e+02,1.013250000000000000e+05,6.000295046250683217e-01
2.931499999999999773e+02,1.013250000000000000e+05,6.000295054866310318e-01
2.931499999999999773e+02,1.013250000000000000e+05,6.000295062149674230e-01
2.931499999999999773e+02,1.013250000000000000e+05,6.000295068306936708e-01
2.931499999999999773e+02,1.013250000000000000e+05,6.000295073511964228e-01
2.931499999999999773e+02,1.013250000000000000e+05,6.000295077912157771e-01
2.931499999999999773e+02,1.013250000000000000e+05,6.000295081632132099e-01
2.931499999999999773e+02,1.013250000000000000e+05,6.000295084777048649e-01
2.931499999999999773e+02,1.013250000000000000e+05,6.000295087435806307e-01
2.931499999999999773e+02,1.013250000000000000e+05,6.000295089683550520e-01
2.931499999999999773e+02,1.013250000000000000e+05,6.000295091583822682e-01
2.931499999999999773e+02,1.013250000000000000e+05,6.000295093190338713e-01
2.931499999999999773e+02,1.013250000000000000e+05,6.000295094548504515e-01
2.931499999999999773e+02,1.013250000000000000e+05,6.000295095697149028e-01
2.931499999999999773e+02,1.013250000000000000e+05,6.000295096668850636e-01
2.931499999999999773e+02,1.013250000000000000e+05,6.000295097489204421e-01
2.931499999999999773e+02,1.013250000000000000e+05,6.000295098183201503e-01
2.931499999999999773e+02,1.013250000000000000e+05,6.000295098768431146e-01
2.931499999999999773e+02,1.013250000000000000e+05,6.000295099263279752e-01
2.931499999999999773e+02,1.013250000000000000e+05,6.000295099681791644e-01
2.931499999999999773e+02,1.013250000000000000e+05,6.000295100035748508e-01
2.931499999999999773e+02,1.013250000000000000e+05,6.000295100335107934e-01
2.931499999999999773e+02,1.013250000000000000e+05,6.000295100588295405e-01
2.931499999999999773e+02,1.013250000000000000e+05,6.000295100802430781e-01
2.931499999999999773e+02,1.013250000000000000e+05,6.000295100983535912e-01
2.931499999999999773e+02,1.013250000000000000e+05,6.000295101136711162e-01
2.931499999999999773e+02,1.013250000000000000e+05,6.000295101266263087e-01
2.931499999999999773e+02,1.013250000000000000e+05,6.000295101375837659e-01
2.931499999999999773e+02,1.013250000000000000e+05,6.000295101468514636e-01
2.931499999999999773e+02,1.013250000000000000e+05,6.000295101546900822e-01
2.931499999999999773e+02,1.013250000000000000e+05,6.000295101613203341e-01
2.931499999999999773e+02,1.013250000000000000e+05,6.000295101669285147e-01
2.931499999999999773e+02,1.013250000000000000e+05,6.000295101716722757e-01
2.931499999999999773e+02,1.013250000000000000e+05,6.000295101756852878e-01
2.931499999999999773e+02,1.013250000000000000e+05,6.000295101790801278e-01
2.931499999999999773e+02,1.013250000000000000e+05,6.000295101819519417e-01
2.931499999999999773e+02,1.013250000000000000e+05,6.000295101843818868e-01
2.931499999999999773e+02,1.013250000000000000e+05,6.000295101864379088e-01
2.931499999999999773e+02,1.013250000000000000e+05,6.000295101881777393e-01
2.931499999999999773e+02,1.013250000000000000e+05,6.000295101896505612e-01
2.931499999999999773e+02,1.013250000000000000e+05,6.000295101908974527e-01
2.931499999999999773e+02,1.013250000000000000e+05,6.000295101919534968e-01
2.931499999999999773e+02,1.013250000000000000e+05,6.000295101928528885e-01
2.931499999999999773e+02,1.013250000000000000e+05,6.000295101936180542e-01
2.931499999999999773e+02,1.013250000000000000e+05,6.000295101942675347e-01
2.931499999999999773e+02,1.013250000000000000e+05,6.000295101948182053e-01
2.931499999999999773e+02,1.013250000000000000e+05,6.000295101952839438e-01
2.931499999999999773e+02,1.013250000000000000e+05,6.000295101956770738e-01
2.931499999999999773e+02,1.013250000000000000e+05,6.000295101960079203e-01
2.931499999999999773e+02,1.013250000000000000e+05,6.000295101962860311e-01
2.931499999999999773e+02,1.013250000000000000e+05,6.000295101965188449e-01
2.931499999999999773e+02,1.013250000000000000e+05,6.000295101967134670e-01
2.931499999999999773e+02,1.013250000000000000e+05,6.000295101968755596e-01
2.931499999999999773e+02,1.013250000000000000e+05,6.000295101970102296e-01
2.931499999999999773e+02,1.013250000000000000e+05,6.000295101971216960e-01
2.931499999999999773e+02,1.013250000000000000e+05,6.000295101972161760e-01
2.931499999999999773e+02,1.013250000000000000e+05,6.000295101972986656e-01
2.931499999999999773e+02,1.013250000000000000e+05,6.000295101973691647e-01
2.931499999999999773e+02,1.013250000000000000e+05,6.000295101974283396e-01
2.931499999999999773e+02,1.013250000000000000e+05,6.000295101975661183e-01
2.931499999999999773e+02,1.013250000000000000e+05,6.000295101976720336e-01
2.931499999999999773e+02,1.013250000000000000e+05,6.000295101977135559e-01
2.931499999999999773e+02,1.013250000000000000e+05,6.000295101977060064e-01
2.931499999999999773e+02,1.013250000000000000e+05,6.000295101977121126e-01
2.931499999999999773e+02,1.013250000000000000e+05,6.000295101975572365e-01
2.931499999999999773e+02,1.013250000000000000e+05,6.000295101974306711e-01
2.931499999999999773e+02,1.013250000000000000e+05,6.000295101973491807e-01
2.931499999999999773e+02,1.013250000000000000e+05,6.000295101973068812e-01
2.931499999999999773e+02,1.013250000000000000e+05,6.000295101972903389e-01
2.931499999999999773e+02,1.013250000000000000e+05,6.000295101973015521e-01
2.931499999999999773e+02,1.013250000000000000e+05,6.000295101973172063e-01
2.931499999999999773e+02,1.013250000000000000e+05,6.000295101973509571e-01
2.931499999999999773e+02,1.013250000000000000e+05,6.000295101973849299e-01
2.931499999999999773e+02,1.013250000000000000e+05,6.000295101974207901e-01
2.931499999999999773e+02,1.013250000000000000e+05,6.000295101975550160e-01
2.931499999999999773e+02,1.013250000000000000e+05,6.000295101975158252e-01
2.931499999999999773e+02,1.013250000000000000e+05,6.000295101975146039e-01
2.931499999999999773e+02,1.013250000000000000e+05,6.000295101981372170e-01
2.931499999999999773e+02,1.013250000000000000e+05,6.000295101985360091e-01
2.931499999999999773e+02,1.013250000000000000e+05,6.000295101987043189e-01
2.931499999999999773e+02,1.013250000000000000e+05,6.000295101980988033e-01
2.931499999999999773e+02,1.013250000000000000e+05,6.000295101976840240e-01
2.931499999999999773e+02,1.013250000000000000e+05,6.000295101970641864e-01
2.931499999999999773e+02,1.013250000000000000e+05,6.000295101966391931e-01
2.931499999999999773e+02,1.013250000000000000e+05,6.000295101963660782e-01
2.931499999999999773e+02,1.013250000000000000e+05,6.000295101962224154e-01
2.931499999999999773e+02,1.013250000000000000e+05,6.000295101961843347e-01
2.931499999999999773e+02,1.013250000000000000e+05,6.000295101965233968e-01
2.931499999999999773e+02,1.013250000000000000e+05,6.000295101967650924e-01
2.931499999999999773e+02,1.013250000000000000e+05,6.000295101969153055e-01
2.931499999999999773e+02,1.013250000000000000e+05,6.000295101969824740e-01
2.931499999999999773e+02,1.013250000000000000e+05,6.000295101969862488e-01
2.931499999999999773e+02,1.013250000000000000e+05,6.000295101966225397e-01
2.931499999999999773e+02,1.013250000000000000e+05,6.000295101963766253e-01
2.931499999999999773e+02,1.013250000000000000e+05,6.000295101962507260e-01
2.931499999999999773e+02,1.013250000000000000e+05,6.000295101962257460e-01
2.931499999999999773e+02,1.013250000000000000e+05,6.000295101962479505e-01
2.931499999999999773e+02,1.013250000000000000e+05,6.000295101963152300e-01
2.931499999999999773e+02,1.013250000000000000e+05,6.000295101964137068e-01
2.931499999999999773e+02,1.013250000000000000e+05,6.000295101965325006e-01
2.931499999999999773e+02,1.013250000000000000e+05,6.000295101966629518e-01
2.931499999999999773e+02,1.013250000000000000e+05,6.000295101967992872e-01
2.931499999999999773e+02,1.013250000000000000e+05,6.000295101969371769e-01
2.931499999999999773e+02,1.013250000000000000e+05,6.000295101970732903e-01
2.931499999999999773e+02,1.013250000000000000e+05,6.000295101972055178e-01
2.931499999999999773e+02,1.013250000000000000e+05,6.000295101973324163e-01
2.931499999999999773e+02,1.013250000000000000e+05,6.000295101974535417e-01
2.931499999999999773e+02,1.013250000000000000e+05,6.000295101975684497e-01
2.931499999999999773e+02,1.013250000000000000e+05,6.000295101976760304e-01
2.931499999999999773e+02,1.013250000000000000e+05,6.000295101977757284e-01
2.931499999999999773e+02,1.013250000000000000e+05,6.000295101978668777e-01
2.931499999999999773e+02,1.013250000000000000e+05,6.000295101979497003e-01
2.931499999999999773e+02,1.013250000000000000e+05,6.000295101980245294e-01
2.931499999999999773e+02,1.013250000000000000e+05,6.000295101980918089e-01
2.931499999999999773e+02,1.013250000000000000e+05,6.000295101981519830e-01
2.931499999999999773e+02,1.013250000000000000e+05,6.000295101982054957e-01
2.931499999999999773e+02,1.013250000000000000e+05,6.000295101982527912e-01
2.931499999999999773e+02,1.013250000000000000e+05,6.000295101982948687e-01
2.931499999999999773e+02,1.013250000000000000e+05,6.000295101983321722e-01
2.931499999999999773e+02,1.013250000000000000e+05,6.000295101983765811e-01
2.931499999999999773e+02,1.013250000000000000e+05,6.000295101984401969e-01
2.931499999999999773e+02,1.013250000000000000e+05,6.000295101984803869e-01
2.931499999999999773e+02,1.013250000000000000e+05,6.000295101985009261e-01
2.931499999999999773e+02,1.013250000000000000e+05,6.000295101985011481e-01
2.931499999999999773e+02,1.013250000000000000e+05,6.000295101985007040e-01
2.931499999999999773e+02,1.013250000000000000e+05,6.000295101984921553e-01
2.931499999999999773e+02,1.013250000000000000e+05,6.000295101984687296e-01
2.931499999999999773e+02,1.013250000000000000e+05,6.000295101984427504e-01
2.931499999999999773e+02,1.013250000000000000e+05,6.000295101984239876e-01
2.931499999999999773e+02,1.013250000000000000e+05,6.000295101983914581e-01
2.931499999999999773e+02,1.013250000000000000e+05,6.000295101983589285e-01
2.931499999999999773e+02,1.013250000000000000e+05,6.000295101983358359e-01
2.931499999999999773e+02,1.013250000000000000e+05,6.000295101983070811e-01
2.931499999999999773e+02,1.013250000000000000e+05,6.000295101982626722e-01
2.931499999999999773e+02,1.013250000000000000e+05,6.000295101982155987e-01
2.931499999999999773e+02,1.013250000000000000e+05,6.000295101981658608e-01
2.931499999999999773e+02,1.013250000000000000e+05,6.000295101981131252e-01
2.931499999999999773e+02,1.013250000000000000e+05,6.000295101980686052e-01
2.931499999999999773e+02,1.013250000000000000e+05,6.000295101980157586e-01
2.931499999999999773e+02,1.013250000000000000e+05,6.000295101979552514e-01
2.931499999999999773e+02,1.013250000000000000e+05,6.000295101978888601e-01
2.931499999999999773e+02,1.013250000000000000e+05,6.000295101978121437e-01
2.931499999999999773e+02,1.013250000000000000e+05,6.000295101977373147e-01
2.931499999999999773e+02,1.013250000000000000e+05,6.000295101976684808e-01
2.931499999999999773e+02,1.013250000000000000e+05,6.000295101976005352e-01
2.931499999999999773e+02,1.013250000000000000e+05,6.000295101975339218e-01
2.931499999999999773e+02,1.013250000000000000e+05,6.000295101974696399e-01
2.931499999999999773e+02,1.013250000000000000e+05,6.000295101974079115e-01
2.931499999999999773e+02,1.013250000000000000e+05,6.000295101973492917e-01
2.931499999999999773e+02,1.013250000000000000e+05,6.000295101972931144e-01
2.931499999999999773e+02,1.013250000000000000e+05,6.000295101972411560e-01
2.931499999999999773e+02,1.013250000000000000e+05,6.000295101971908629e-01
2.931499999999999773e+02,1.013250000000000000e+05,6.000295101971457878e-01
2.931499999999999773e+02,1.013250000000000000e+05,6.000295101971052647e-01
2.931499999999999773e+02,1.013250000000000000e+05,6.000295101970688494e-01
2.931499999999999773e+02,1.013250000000000000e+05,6.000295101970362088e-01
2.931499999999999773e+02,1.013250000000000000e+05,6.000295101970070100e-01
2.931499999999999773e+02,1.013250000000000000e+05,6.000295101969805867e-01
2.931499999999999773e+02,1.013250000000000000e+05,6.000295101969567169e-01
2.931499999999999773e+02,1.013250000000000000e+05,6.000295101969349565e-01
2.931499999999999773e+02,1.013250000000000000e+05,6.000295101969154166e-01
2.931499999999999773e+02,1.013250000000000000e+05,6.000295101968976530e-01
2.931499999999999773e+02,1.013250000000000000e+05,6.000295101968815548e-01
2.931499999999999773e+02,1.013250000000000000e+05,6.000295101968671219e-01
2.931499999999999773e+02,1.013250000000000000e+05,6.000295101968541323e-01
2.931499999999999773e+02,1.013250000000000000e+05,6.000295101968423639e-01
2.931499999999999773e+02,1.013250000000000000e+05,6.000295101968318168e-01
2.931499999999999773e+02,1.013250000000000000e+05,6.000295101968223799e-01
2.931499999999999773e+02,1.013250000000000000e+05,6.000295101968139422e-01
2.931499999999999773e+02,1.013250000000000000e+05,6.000295101968062816e-01
2.931499999999999773e+02,1.013250000000000000e+05,6.000295101967997313e-01
2.931499999999999773e+02,1.013250000000000000e+05,6.000295101967940692e-01
2.931499999999999773e+02,1.013250000000000000e+05,6.000295101967890732e-01
2.931499999999999773e+02,1.013250000000000000e+05,6.000295101967850764e-01
2.931499999999999773e+02,1.013250000000000000e+05,6.000295101967816347e-01
2.931499999999999773e+02,1.013250000000000000e+05,6.000295101967785261e-01
2.931499999999999773e+02,1.013250000000000000e+05,6.000295101967763056e-01
2.931499999999999773e+02,1.013250000000000000e+05,6.000295101967745293e-01
2.931499999999999773e+02,1.013250000000000000e+05,6.000295101967735301e-01
2.931499999999999773e+02,1.013250000000000000e+05,6.000295101967734190e-01
2.931499999999999773e+02,1.013250000000000000e+05,6.000295101967736411e-01
2.931499999999999773e+02,1.013250000000000000e+05,6.000295101967748623e-01
2.931499999999999773e+02,1.013250000000000000e+05,6.000295101967764166e-01
2.931499999999999773e+02,1.013250000000000000e+05,6.000295101967787481e-01
2.931499999999999773e+02,1.013250000000000000e+05,6.000295101967816347e-01
2.931499999999999773e+02,1.013250000000000000e+05,6.000295101967852984e-01
2.931499999999999773e+02,1.013250000000000000e+05,6.000295101967894063e-01
2.931499999999999773e+02,1.013250000000000000e+05,6.000295101967941802e-01
2.931499999999999773e+02,1.013250000000000000e+05,6.000295101967993983e-01
2.931499999999999773e+02,1.013250000000000000e+05,6.000295101968052824e-01
2.931499999999999773e+02,1.013250000000000000e+05,6.000295101968118328e-01
2.931499999999999773e+02,1.013250000000000000e+05,6.000295101968190492e-01
2.931499999999999773e+02,1.013250000000000000e+05,6.000295101968270428e-01
2.931499999999999773e+02,1.013250000000000000e+05,6.000295101968358136e-01
2.931499999999999773e+02,1.013250000000000000e+05,6.000295101968452505e-01
2.931499999999999773e+02,1.013250000000000000e+05,6.000295101968555755e-01
2.931499999999999773e+02,1.013250000000000000e+05,6.000295101968667888e-01
2.931499999999999773e+02,1.013250000000000000e+05,6.000295101968785572e-01
2.931499999999999773e+02,1.013250000000000000e+05,6.000295101968912137e-01
2.931499999999999773e+02,1.013250000000000000e+05,6.000295101969049805e-01
2.931499999999999773e+02,1.013250000000000000e+05,6.000295101969194134e-01
2.931499999999999773e+02,1.013250000000000000e+05,6.000295101969348455e-01
2.931499999999999773e+02,1.013250000000000000e+05,6.000295101969512768e-01
2.931499999999999773e+02,1.013250000000000000e+05,6.000295101969624900e-01
2.931499999999999773e+02,1.013250000000000000e+05,6.000295101969779221e-01
2.931499999999999773e+02,1.013250000000000000e+05,6.000295101969979061e-01
2.931499999999999773e+02,1.013250000000000000e+05,6.000295101970185563e-01
2.931499999999999773e+02,1.013250000000000000e+05,6.000295101970484213e-01
2.931499999999999773e+02,1.013250000000000000e+05,6.000295101970796185e-01
2.931499999999999773e+02,1.013250000000000000e+05,6.000295101971060419e-01
2.931499999999999773e+02,1.013250000000000000e+05,6.000295101971360179e-01
2.931499999999999773e+02,1.013250000000000000e+05,6.000295101971701017e-01
2.931499999999999773e+02,1.013250000000000000e+05,6.000295101972047407e-01
2.931499999999999773e+02,1.013250000000000000e+05,6.000295101972434875e-01
2.931499999999999773e+02,1.013250000000000000e+05,6.000295101972845657e-01
2.931499999999999773e+02,1.013250000000000000e+05,6.000295101973301959e-01
2.931499999999999773e+02,1.013250000000000000e+05,6.000295101973726064e-01
2.931499999999999773e+02,1.013250000000000000e+05,6.000295101974169043e-01
2.931499999999999773e+02,1.013250000000000000e+05,6.000295099950611055e-01
2.931499999999999773e+02,1.013250000000000000e+05,6.000295098451232656e-01
2.931499999999999773e+02,1.013250000000000000e+05,6.000295097453046678e-01
2.931499999999999773e+02,1.013250000000000000e+05,6.000295096825990493e-01
2.931499999999999773e+02,1.013250000000000000e+05,6.000295096487119340e-01
2.931499999999999773e+02,1.013250000000000000e+05,6.000295096364238745e-01
2.931499999999999773e+02,1.013250000000000000e+05,6.000295096400432016e-01
2.931499999999999773e+02,1.013250000000000000e+05,6.000295096550767315e-01
2.931499999999999773e+02,1.013250000000000000e+05,6.000295096781909088e-01
2.931499999999999773e+02,1.013250000000000000e+05,6.000295097066535854e-01
2.931499999999999773e+02,1.013250000000000000e+05,6.000295097383541165e-01
2.931499999999999773e+02,1.013250000000000000e+05,6.000295097719022808e-01
2.931499999999999773e+02,1.013250000000000000e+05,6.000295098055663523e-01
2.931499999999999773e+02,1.013250000000000000e+05,6.000295098387923298e-01
2.931499999999999773e+02,1.013250000000000000e+05,6.000295098709664821e-01
2.931499999999999773e+02,1.013250000000000000e+05,6.000295099016532685e-01
2.931499999999999773e+02,1.013250000000000000e+05,6.000295099305698043e-01
2.931499999999999773e+02,1.013250000000000000e+05,6.000295099575506663e-01
2.931499999999999773e+02,1.013250000000000000e+05,6.000295099825200262e-01
2.931499999999999773e+02,1.013250000000000000e+05,6.000295100054681141e-01
