# particle number concentration assuming water removed from particles (#/cc (air)), with time changing with rows (corresponding times given in the time output file) and size bin changing with columns with size bin numbers given in the second row of the header
# [1 1 1 1 1 1 1 1 1 1 1 1 1 1 1 1 1 1 1 1 1 1 1 1 1 1 1 1 1 1 1 1 1 1 1 1 1
#  1 1 1 1 1 1 1 1 1 1 1 1 1 1 1 1 1 1 1 1 1 1 1 1 1 1 1 1 1 1 1 1 1 1 1 1 1
#  1 1 1 1 1 1 1 1 1 1 1 1 1 1 1 1 1 1 1 1 1 1 1 1 1 1 1 1 1 1 1 1 1 1 1 1 1
#  1 1 1 1 1 1 1 1 1 1 1 1 1 1 1 1 1 1 1 1 1 1 1 1 1 1 1 1 1 1 1 1 1 1 1 1 1
#  1 1 1 1 1 1 1 1 1 1 1 1 1 1 1 1 1 1 1 1 1 1 1 1 1 1 1 1 1 1 1 1 1 1 1 1 1
#  1 1 1 1 1 1 1 1 1 1 1 1 1 1 1 1 1 1 1 1 1 1 1 1 1 1 1 1 1 1 1 1 1 1 1 1 1
#  1 1 1 1 1 1 1 1 1 1 1 1 1 1 1 1 1 1 1 1 1 1 1 1 1 1 1 1 1 1 1 1 1 1 1 1 1
#  1 1 1 1 1 1 1 1 1 1 1 1 1 1 1 1 1 1 1 1 1 1 1 1 1 1 1 1 1 1 1 1 1 1 1 1 1
#  1 1 1 1 1 1 1 1 1 1 1 1 1 1 1 1 1 1 1 1 1 1]
2.000000000000000000e+04
2.260518038980698475e+04
2.197246757468951546e+04
2.145690606653784926e+04
2.103659142793225328e+04
2.069377332435631251e+04
2.041405951169287800e+04
2.018576468175245100e+04
1.999939013052714654e+04
1.984720713315893954e+04
1.972292223485781506e+04
1.962140704487983021e+04
1.953848044439812293e+04
1.947073214049533635e+04
1.941537956011177812e+04
1.937015163897719685e+04
1.933319434427242231e+04
1.930299379436557865e+04
1.927831364981838124e+04
1.925814409618081845e+04
1.924166024198210653e+04
1.922818819550095577e+04
1.921717738004039711e+04
1.920817793907292798e+04
1.920082229042718973e+04
1.919480987396390265e+04
1.918989614381862702e+04
1.918587993080671731e+04
1.918259732490893657e+04
1.917991434944629873e+04
1.917772162033378845e+04
1.917592958465465199e+04
1.917446483127514512e+04
1.917326787189403694e+04
1.917228975541963882e+04
1.917149055109682013e+04
1.917083769587142160e+04
1.917031226398247600e+04
1.916988078490164116e+04
1.916952880036057468e+04
1.916924188490162487e+04
1.916900794729681365e+04
1.916881758931317745e+04
1.916866224651139783e+04
1.916853422814358419e+04
1.916842960054748983e+04
1.916834383666792928e+04
1.916827384817914208e+04
1.916821683483723973e+04
1.916816972591150989e+04
1.916813120005641395e+04
1.916809950278684119e+04
1.916807337616617588e+04
1.916805200794519624e+04
1.916803414059320858e+04
1.916801918531279080e+04
1.916800682058415259e+04
1.916799662468335737e+04
1.916798822630209179e+04
1.916798131561189439e+04
1.916797563514946887e+04
1.916797097109549941e+04
1.916796714594838704e+04
1.916796477502432754e+04
1.916796446929522062e+04
1.916796361161693494e+04
1.916796405147966288e+04
1.916796284264810674e+04
1.916796148932988581e+04
1.916796021859953180e+04
1.916795904910039462e+04
1.916795798171937713e+04
1.916795701293598177e+04
1.916795613675960703e+04
1.916795534567568393e+04
1.916795463130807912e+04
1.916795398489366926e+04
1.916795339761590731e+04
1.916795286083194515e+04
1.916795236621996082e+04
1.916795190586735771e+04
1.916795147231551528e+04
1.916795105857316958e+04
1.916795065810751112e+04
1.916795026481981768e+04
1.916794987301067886e+04
1.916794947733854133e+04
1.916794907277423772e+04
1.916794865455343825e+04
1.916794821812836017e+04
1.916794775911964098e+04
1.916794727852066717e+04
1.916794685247227244e+04
1.916794648663667249e+04
1.916794617362424469e+04
1.916794590282499485e+04
1.916794566189956822e+04
1.916794543746489217e+04
1.916794521671527764e+04
1.916794498419480078e+04
1.916794472439062883e+04
1.916794442416353559e+04
1.916794406895236898e+04
1.916794364364607463e+04
1.916794313250553387e+04
1.916794255849606998e+04
1.916794195959177523e+04
1.916794132486907256e+04
1.916794063078317413e+04
1.916794142944720443e+04
1.916794276656381408e+04
1.916794395222274034e+04
1.916794481310177434e+04
1.916794610093941446e+04
1.916794501193837641e+04
1.916794314183111783e+04
1.916794094260344718e+04
1.916793857207409019e+04
1.916793602614089468e+04
1.916793348486893956e+04
1.916793075378239882e+04
1.916792807261310736e+04
1.916792531910561229e+04
1.916792253664253803e+04
1.916792146925015550e+04
1.916791846041222016e+04
1.916791540556105610e+04
1.916792301493899868e+04
1.916793348752381280e+04
1.916794531078776345e+04
1.916794781287524529e+04
1.916795015348144807e+04
1.916794727720489391e+04
1.916794328778034105e+04
1.916793871019823200e+04
1.916793393122994166e+04
1.916792926640521182e+04
1.916793018552518333e+04
1.916793231903939886e+04
1.916793505016352719e+04
1.916793805928756410e+04
1.916794120887675672e+04
1.916793875131216919e+04
1.916793521292610603e+04
1.916793148533283966e+04
1.916792796610395089e+04
1.916792438105715701e+04
1.916792092204145592e+04
1.916791764573036198e+04
1.916791457493543567e+04
1.916791172046317661e+04
1.916790908517822390e+04
1.916790666518102080e+04
1.916790445455080044e+04
1.916790244404163968e+04
1.916790062252535427e+04
1.916789899377863185e+04
1.916789755527709349e+04
1.916789629182551289e+04
1.916789518668875098e+04
1.916789422349649249e+04
1.916789338669678546e+04
1.916789266178623438e+04
1.916789203542877658e+04
1.916789149549847207e+04
1.916789103106996481e+04
1.916789063237403752e+04
1.916789029073101847e+04
1.916788999847074592e+04
1.916788996281949949e+04
1.916789051902529536e+04
1.916789122447592672e+04
1.916789204093621083e+04
1.916789288426679923e+04
1.916789400005765856e+04
1.916789533499634126e+04
1.916789675520045421e+04
1.916789838159665669e+04
1.916790039840509053e+04
1.916790255814450938e+04
1.916790499833953800e+04
1.916790791902999990e+04
1.916791119493755832e+04
1.916791461605086442e+04
1.916791826858689456e+04
1.916792212195801039e+04
1.916792612110980917e+04
1.916793040739621938e+04
1.916793475305124593e+04
1.916793906194256851e+04
1.916794326412094961e+04
1.916794719476921455e+04
1.916795092194444078e+04
1.916795449728536187e+04
1.916795785055348097e+04
1.916796096385055716e+04
1.916796383325455099e+04
1.916796646119652723e+04
1.916796885273609223e+04
1.916797100601207421e+04
1.916797294629176031e+04
1.916797464864743597e+04
1.916797616467100306e+04
1.916797751566424995e+04
1.916797871731577106e+04
1.916797978383720692e+04
1.916798072821795358e+04
1.916798156225972343e+04
1.916798229661991354e+04
1.916798294087082468e+04
1.916798350356891024e+04
1.916798399232899828e+04
1.916798441389983418e+04
1.916798477423833538e+04
1.916798507853567571e+04
1.916798533132985904e+04
1.916798553660409380e+04
1.916798569782548293e+04
1.916798581798500527e+04
1.916798589964304847e+04
1.916798594497149315e+04
1.916798595579152607e+04
1.916798593360727682e+04
1.916798587963546015e+04
1.916798579483119829e+04
1.916798567991029631e+04
1.916798553536801774e+04
1.916798536149472056e+04
1.916798515838835010e+04
1.916798492596406868e+04
1.916798466396106960e+04
1.916798437194673170e+04
1.916798404931818368e+04
1.916798369530132913e+04
1.916798330894740502e+04
1.916798288912703720e+04
1.916798243452179304e+04
1.916798194361320930e+04
1.916798141466911329e+04
1.916798084572720836e+04
1.916798023457577074e+04
1.916797957873133419e+04
1.916797887541330783e+04
1.916797812151561084e+04
1.916797731357563316e+04
1.916797644774116634e+04
1.916797551973648297e+04
1.916797452482944936e+04
1.916797345780256364e+04
1.916797231293199002e+04
1.916797108398058481e+04
1.916796976525220089e+04
1.916796834715278237e+04
1.916796671043009701e+04
1.916796493877605826e+04
1.916796305181896605e+04
1.916796099590903395e+04
1.916795889265340520e+04
1.916795667407220753e+04
1.916795422313570452e+04
1.916795161709310196e+04
1.916794888742668263e+04
1.916794599343537993e+04
1.916794299188327568e+04
1.916793990617625968e+04
1.916793681409482815e+04
1.916793367539403698e+04
1.916793058909309912e+04
1.916792752262319118e+04
2.459331820101055564e+04
2.359203234733173304e+04
2.277726692705036839e+04
2.211371487251062354e+04
2.157293195338903024e+04
2.113194942067184456e+04
2.077217844825948123e+04
2.047855073708265991e+04
2.023882986522301144e+04
2.004306772722765891e+04
1.988317249615289984e+04
1.975254350476948457e+04
1.964580942490030429e+04
1.955858849606079821e+04
1.948730565252530505e+04
1.942904313345911942e+04
1.938141889972313220e+04
1.934248778703383141e+04
1.931066104554474805e+04
1.928464080461104822e+04
