# particle radii (um) per size_bin (including water contribution to size), with size bins represented by columns and their number (starting from 1) given in second line of header, per time step which is represented by rows and corresponding times given in the time output file 
# [1 1 1 1 1 1 1 1 1 1 1 1 1 1 1 1 1 1 1 1 1 1 1 1 1 1 1 1 1 1 1 1 1 1 1 1 1
#  1 1 1 1 1 1 1 1 1 1 1 1 1 1 1 1 1 1 1 1 1 1 1 1 1 1 1 1 1 1 1 1 1 1 1 1 1
#  1 1 1 1 1 1 1 1 1 1 1 1 1 1 1 1 1 1 1 1 1 1 1 1 1 1 1 1 1 1 1 1 1 1 1 1 1
#  1 1 1 1 1 1 1 1 1 1 1 1 1 1 1 1 1 1 1 1 1 1 1 1 1 1 1 1 1 1 1 1 1 1 1 1 1
#  1 1 1 1 1 1 1 1 1 1 1 1 1 1 1 1 1 1 1 1 1 1 1 1 1 1 1 1 1 1 1 1 1 1 1 1 1
#  1 1 1 1 1 1 1 1 1 1 1 1 1 1 1 1 1 1 1 1 1 1 1 1 1 1 1 1 1 1 1 1 1 1 1 1 1
#  1 1 1 1 1 1 1 1 1 1 1 1 1 1 1 1 1 1 1 1 1 1 1 1 1 1 1 1 1 1 1 1 1 1 1 1 1
#  1 1 1 1 1 1 1 1 1 1 1 1 1 1 1 1 1 1 1 1 1 1 1 1 1 1 1 1 1 1 1 1 1 1 1 1 1
#  1 1 1 1 1 1 1 1 1 1 1 1 1 1 1 1 1 1 1 1 1 1]
2.121320343559641997e-02
2.138364797693254743e-02
2.155537503398525720e-02
2.169377270359058515e-02
2.180832545280372847e-02
2.190276495312502153e-02
2.198016532139137474e-02
2.204325456835964925e-02
2.209442594961028711e-02
2.213575732973924182e-02
2.216905245014945056e-02
2.219578124324057475e-02
2.221716493273711082e-02
2.223421564243539816e-02
2.224776710972731567e-02
2.225850235532312454e-02
2.226697828283319414e-02
2.227364710468576411e-02
2.227887469957602964e-02
2.228295660099269965e-02
2.228612959204245500e-02
2.228858389323978145e-02
2.229047170210939066e-02
2.229191444886348406e-02
2.229300871853137633e-02
2.229378580494881940e-02
2.229453041862407628e-02
2.229511737170664434e-02
2.229558987876714346e-02
2.229597501709238219e-02
2.229632024418220018e-02
2.229662230901055531e-02
2.229682999916118152e-02
2.229703526738197397e-02
2.229722029251122659e-02
2.229739443760682394e-02
2.229758293930267365e-02
2.229963416574263710e-02
2.230043480219258759e-02
2.230108264700282963e-02
2.230165471354531026e-02
2.230212842377517213e-02
2.230260545063364810e-02
2.230294034091729813e-02
2.230287664216117072e-02
2.230281266603753587e-02
2.230268855593173574e-02
2.230261217123043552e-02
2.230258624162431355e-02
2.230242620421711217e-02
2.230229834099983766e-02
2.230214741101787385e-02
2.230198030884084776e-02
2.230185287364280441e-02
2.230165902837948425e-02
2.230143611879175161e-02
2.230124588616290426e-02
2.230108954904573559e-02
2.230096148711510282e-02
2.230085659680604293e-02
2.230077060660513172e-02
2.230069997331708340e-02
2.230064176955159905e-02
2.230077526693010487e-02
2.230123985847070819e-02
2.230138120642505273e-02
2.230173486474905029e-02
2.230157828029875888e-02
2.230138547216416536e-02
2.230121830109457748e-02
2.230107598419020856e-02
2.230095457675865603e-02
2.230085055097667801e-02
2.230076091525335161e-02
2.230068313734123731e-02
2.230061506909545438e-02
2.230055488284232029e-02
2.230050101807716165e-02
2.230045213681806915e-02
2.230040708617651163e-02
2.230036486693807649e-02
2.230032460714241258e-02
2.230028553981475495e-02
2.230024698413781564e-02
2.230020832946719156e-02
2.230016902169011314e-02
2.230012855151013856e-02
2.230008644431103262e-02
2.230004225131480833e-02
2.229999554180062474e-02
2.229994589619374926e-02
2.229989415117610702e-02
2.229985880040304819e-02
2.229983810359188051e-02
2.229982810632059539e-02
2.229982523543140235e-02
2.229982637755673069e-02
2.229982880161837308e-02
2.229983036269028024e-02
2.229982854664590286e-02
2.229982111142119611e-02
2.229980656822038235e-02
2.229978310898677804e-02
2.229974887376091203e-02
2.229970193258302980e-02
2.229964966119413888e-02
2.229960137838192524e-02
2.229955306404558107e-02
2.229949876537304365e-02
2.229980912757732747e-02
2.230018964811493823e-02
2.230047506609015781e-02
2.230065388791045364e-02
2.230093184681734841e-02
2.230062506674995379e-02
2.230022627919297715e-02
2.229984505135218509e-02
2.229950019587022270e-02
2.229917176505163273e-02
2.229889048939728488e-02
2.229859383617067287e-02
2.229833612308392693e-02
2.229807457620252426e-02
2.229781477137015785e-02
2.229796645623664808e-02
2.229757903075120506e-02
2.229721339582247178e-02
2.229940762740570750e-02
2.230182835237635303e-02
2.230415370730869790e-02
2.230393208103439301e-02
2.230387158546054405e-02
2.230270096390300771e-02
2.230157647935676613e-02
2.230055719303367448e-02
2.229967012830311873e-02
2.229893239913963154e-02
2.229959638164137614e-02
2.230035030133432558e-02
2.230106610332293834e-02
2.230170713876445873e-02
2.230227972917426388e-02
2.230144530891093810e-02
2.230055348105449906e-02
2.229979094431507047e-02
2.229919660137677853e-02
2.229865238668463090e-02
2.229818257268358084e-02
2.229777875499768316e-02
2.229743001447506701e-02
2.229712758327024452e-02
2.229686449993969685e-02
2.229663488017265618e-02
2.229643435535882609e-02
2.229625911737405375e-02
2.229610591059174446e-02
2.229597574403680352e-02
2.229586792747640170e-02
2.229577890036950338e-02
2.229570538216750150e-02
2.229564465683649827e-02
2.229559448942880495e-02
2.229555303978704092e-02
2.229551879140069873e-02
2.229549049345935438e-02
2.229546711358570271e-02
2.229544779919572298e-02
2.229543184584920068e-02
2.229541867111857478e-02
2.229545873851833393e-02
2.229562330380382984e-02
2.229578592216504423e-02
2.229594195375835669e-02
2.229607460460469523e-02
2.229624733465087813e-02
2.229643968288431977e-02
2.229661727235091734e-02
2.229681343174466299e-02
2.229706993001944262e-02
2.229731873036546255e-02
2.229759787041376770e-02
2.229795267385815960e-02
2.229834349503751617e-02
2.229872009078327083e-02
2.229911271996569411e-02
2.229951731955093219e-02
2.229992502080662548e-02
2.230037548150654719e-02
2.230081289099156150e-02
2.230122401130279694e-02
2.230160308444374337e-02
2.230192120367867695e-02
2.230220858476250970e-02
2.230248351279515845e-02
2.230273071815805017e-02
2.230294978040907317e-02
2.230314277441996715e-02
2.230331210299033723e-02
2.230345974766986122e-02
2.230358526093413618e-02
2.230369447953577111e-02
2.230377999557975333e-02
2.230385404256535198e-02
2.230391920493325630e-02
2.230397653080753995e-02
2.230402686225281886e-02
2.230407092770669494e-02
2.230410935677372766e-02
2.230414269104632682e-02
2.230417139460420459e-02
2.230419586382161035e-02
2.230421643618564487e-02
2.230423339803565275e-02
2.230424699125745092e-02
2.230425740799517331e-02
2.230426480874789230e-02
2.230426933430703848e-02
2.230427110254910167e-02
2.230427020794334414e-02
2.230426672382434389e-02
2.230426070457965787e-02
2.230425218749446450e-02
2.230424119427035917e-02
2.230422773224789365e-02
2.230421179535834603e-02
2.230419336482580145e-02
2.230417240963687708e-02
2.230414888679213906e-02
2.230412274135018177e-02
2.230409390627299121e-02
2.230406230207836529e-02
2.230402783630293720e-02
2.230399040277679379e-02
2.230394988070791285e-02
2.230390613357191229e-02
2.230385900779926003e-02
2.230380833124865486e-02
2.230375391145188527e-02
2.230369553361243734e-02
2.230363295833868650e-02
2.230356591909435013e-02
2.230349411935683701e-02
2.230341722949124791e-02
2.230333488337949907e-02
2.230324667489385140e-02
2.230315215437879070e-02
2.230305082540768452e-02
2.230294214221828497e-02
2.230282550841052036e-02
2.230270027772570177e-02
2.230256575803719193e-02
2.230242146764313538e-02
2.230226603544850986e-02
2.230207216778335236e-02
2.230186588108696785e-02
2.230165220249049479e-02
2.230141786878519702e-02
2.230119408484936699e-02
2.230096092934603924e-02
2.230069130017811943e-02
2.230040937914405316e-02
2.230012302897934132e-02
2.229982132695282337e-02
2.229951850761502374e-02
2.229921747793461514e-02
2.229893295254573374e-02
2.229864799659393368e-02
2.229838175499831987e-02
2.229811849471198537e-02
2.207544240735961893e-02
2.216614315819151124e-02
2.223457743854903579e-02
2.228629031773539035e-02
2.232407410306786952e-02
2.235040866151635428e-02
2.236740562246486430e-02
2.237749653461155661e-02
2.238239605651254002e-02
2.238346208775827267e-02
2.238263374666607866e-02
2.237907054289507355e-02
2.237417904844538757e-02
2.236857273123979417e-02
2.236263178166835244e-02
2.235662799455727032e-02
2.235075010911076118e-02
2.234512609767646055e-02
2.233983736532436579e-02
2.233983736532436579e-02
