# particle size bin bounds (um), with size bins represented by columns and their number (starting at 1 and in line with the lower bound) given in second line of header, per time step which is is represented by rows and corresponding times given in the time output file 
# [1 1 1 1 1 1 1 1 1 1 1 1 1 1 1 1 1 1 1 1 1 1 1 1 1 1 1 1 1 1 1 1 1 1 1 1 1
#  1 1 1 1 1 1 1 1 1 1 1 1 1 1 1 1 1 1 1 1 1 1 1 1 1 1 1 1 1 1 1 1 1 1 1 1 1
#  1 1 1 1 1 1 1 1 1 1 1 1 1 1 1 1 1 1 1 1 1 1 1 1 1 1 1 1 1 1 1 1 1 1 1 1 1
#  1 1 1 1 1 1 1 1 1 1 1 1 1 1 1 1 1 1 1 1 1 1 1 1 1 1 1 1 1 1 1 1 1 1 1 1 1
#  1 1 1 1 1 1 1 1 1 1 1 1 1 1 1 1 1 1 1 1 1 1 1 1 1 1 1 1 1 1 1 1 1 1 1 1 1
#  1 1 1 1 1 1 1 1 1 1 1 1 1 1 1 1 1 1 1 1 1 1 1 1 1 1 1 1 1 1 1 1 1 1 1 1 1
#  1 1 1 1 1 1 1 1 1 1 1 1 1 1 1 1 1 1 1 1 1 1 1 1 1 1 1 1 1 1 1 1 1 1 1 1 1
#  1 1 1 1 1 1 1 1 1 1 1 1 1 1 1 1 1 1 1 1 1 1 1 1 1 1 1 1 1 1 1 1 1 1 1 1 1
#  1 1 1 1 1 1 1 1 1 1 1 1 1 1 1 1 1 1 1 1 1 1]
9.000000000000004090e-04,4.999999999999996114e-01
9.000000000000004090e-04,4.999999999999996114e-01
9.000000000000004090e-04,4.999999999999996114e-01
9.000000000000004090e-04,4.999999999999996114e-01
9.000000000000004090e-04,4.999999999999996114e-01
9.000000000000004090e-04,4.999999999999996114e-01
9.000000000000004090e-04,4.999999999999996114e-01
9.000000000000004090e-04,4.999999999999996114e-01
9.000000000000004090e-04,4.999999999999996114e-01
9.000000000000004090e-04,4.999999999999996114e-01
9.000000000000004090e-04,4.999999999999996114e-01
9.000000000000004090e-04,4.999999999999996114e-01
9.000000000000004090e-04,4.999999999999996114e-01
9.000000000000004090e-04,4.999999999999996114e-01
9.000000000000004090e-04,4.999999999999996114e-01
9.000000000000004090e-04,4.999999999999996114e-01
9.000000000000004090e-04,4.999999999999996114e-01
9.000000000000004090e-04,4.999999999999996114e-01
9.000000000000004090e-04,4.999999999999996114e-01
9.000000000000004090e-04,4.999999999999996114e-01
9.000000000000004090e-04,4.999999999999996114e-01
9.000000000000004090e-04,4.999999999999996114e-01
9.000000000000004090e-04,4.999999999999996114e-01
9.000000000000004090e-04,4.999999999999996114e-01
9.000000000000004090e-04,4.999999999999996114e-01
9.000000000000004090e-04,4.999999999999996114e-01
9.000000000000004090e-04,4.999999999999996114e-01
9.000000000000004090e-04,4.999999999999996114e-01
9.000000000000004090e-04,4.999999999999996114e-01
9.000000000000004090e-04,4.999999999999996114e-01
9.000000000000004090e-04,4.999999999999996114e-01
9.000000000000004090e-04,4.999999999999996114e-01
9.000000000000004090e-04,4.999999999999996114e-01
9.000000000000004090e-04,4.999999999999996114e-01
9.000000000000004090e-04,4.999999999999996114e-01
9.000000000000004090e-04,4.999999999999996114e-01
9.000000000000004090e-04,4.999999999999996114e-01
9.000000000000004090e-04,4.999999999999996114e-01
9.000000000000004090e-04,4.999999999999996114e-01
9.000000000000004090e-04,4.999999999999996114e-01
9.000000000000004090e-04,4.999999999999996114e-01
9.000000000000004090e-04,4.999999999999996114e-01
9.000000000000004090e-04,4.999999999999996114e-01
9.000000000000004090e-04,4.999999999999996114e-01
9.000000000000004090e-04,4.999999999999996114e-01
9.000000000000004090e-04,4.999999999999996114e-01
9.000000000000004090e-04,4.999999999999996114e-01
9.000000000000004090e-04,4.999999999999996114e-01
9.000000000000004090e-04,4.999999999999996114e-01
9.000000000000004090e-04,4.999999999999996114e-01
9.000000000000004090e-04,4.999999999999996114e-01
9.000000000000004090e-04,4.999999999999996114e-01
9.000000000000004090e-04,4.999999999999996114e-01
9.000000000000004090e-04,4.999999999999996114e-01
9.000000000000004090e-04,4.999999999999996114e-01
9.000000000000004090e-04,4.999999999999996114e-01
9.000000000000004090e-04,4.999999999999996114e-01
9.000000000000004090e-04,4.999999999999996114e-01
9.000000000000004090e-04,4.999999999999996114e-01
9.000000000000004090e-04,4.999999999999996114e-01
9.000000000000004090e-04,4.999999999999996114e-01
9.000000000000004090e-04,4.999999999999996114e-01
9.000000000000004090e-04,4.999999999999996114e-01
9.000000000000004090e-04,4.999999999999996114e-01
9.000000000000004090e-04,4.999999999999996114e-01
9.000000000000004090e-04,4.999999999999996114e-01
9.000000000000004090e-04,4.999999999999996114e-01
9.000000000000004090e-04,4.999999999999996114e-01
9.000000000000004090e-04,4.999999999999996114e-01
9.000000000000004090e-04,4.999999999999996114e-01
9.000000000000004090e-04,4.999999999999996114e-01
9.000000000000004090e-04,4.999999999999996114e-01
9.000000000000004090e-04,4.999999999999996114e-01
9.000000000000004090e-04,4.999999999999996114e-01
9.000000000000004090e-04,4.999999999999996114e-01
9.000000000000004090e-04,4.999999999999996114e-01
9.000000000000004090e-04,4.999999999999996114e-01
9.000000000000004090e-04,4.999999999999996114e-01
9.000000000000004090e-04,4.999999999999996114e-01
9.000000000000004090e-04,4.999999999999996114e-01
9.000000000000004090e-04,4.999999999999996114e-01
9.000000000000004090e-04,4.999999999999996114e-01
9.000000000000004090e-04,4.999999999999996114e-01
9.000000000000004090e-04,4.999999999999996114e-01
9.000000000000004090e-04,4.999999999999996114e-01
9.000000000000004090e-04,4.999999999999996114e-01
9.000000000000004090e-04,4.999999999999996114e-01
9.000000000000004090e-04,4.999999999999996114e-01
9.000000000000004090e-04,4.999999999999996114e-01
9.000000000000004090e-04,4.999999999999996114e-01
9.000000000000004090e-04,4.999999999999996114e-01
9.000000000000004090e-04,4.999999999999996114e-01
9.000000000000004090e-04,4.999999999999996114e-01
9.000000000000004090e-04,4.999999999999996114e-01
9.000000000000004090e-04,4.999999999999996114e-01
9.000000000000004090e-04,4.999999999999996114e-01
9.000000000000004090e-04,4.999999999999996114e-01
9.000000000000004090e-04,4.999999999999996114e-01
9.000000000000004090e-04,4.999999999999996114e-01
9.000000000000004090e-04,4.999999999999996114e-01
9.000000000000004090e-04,4.999999999999996114e-01
9.000000000000004090e-04,4.999999999999996114e-01
9.000000000000004090e-04,4.999999999999996114e-01
9.000000000000004090e-04,4.999999999999996114e-01
9.000000000000004090e-04,4.999999999999996114e-01
9.000000000000004090e-04,4.999999999999996114e-01
9.000000000000004090e-04,4.999999999999996114e-01
9.000000000000004090e-04,4.999999999999996114e-01
9.000000000000004090e-04,4.999999999999996114e-01
9.000000000000004090e-04,4.999999999999996114e-01
9.000000000000004090e-04,4.999999999999996114e-01
9.000000000000004090e-04,4.999999999999996114e-01
9.000000000000004090e-04,4.999999999999996114e-01
9.000000000000004090e-04,4.999999999999996114e-01
9.000000000000004090e-04,4.999999999999996114e-01
9.000000000000004090e-04,4.999999999999996114e-01
9.000000000000004090e-04,4.999999999999996114e-01
9.000000000000004090e-04,4.999999999999996114e-01
9.000000000000004090e-04,4.999999999999996114e-01
9.000000000000004090e-04,4.999999999999996114e-01
9.000000000000004090e-04,4.999999999999996114e-01
9.000000000000004090e-04,4.999999999999996114e-01
9.000000000000004090e-04,4.999999999999996114e-01
9.000000000000004090e-04,4.999999999999996114e-01
9.000000000000004090e-04,4.999999999999996114e-01
9.000000000000004090e-04,4.999999999999996114e-01
9.000000000000004090e-04,4.999999999999996114e-01
9.000000000000004090e-04,4.999999999999996114e-01
9.000000000000004090e-04,4.999999999999996114e-01
9.000000000000004090e-04,4.999999999999996114e-01
9.000000000000004090e-04,4.999999999999996114e-01
9.000000000000004090e-04,4.999999999999996114e-01
9.000000000000004090e-04,4.999999999999996114e-01
9.000000000000004090e-04,4.999999999999996114e-01
9.000000000000004090e-04,4.999999999999996114e-01
9.000000000000004090e-04,4.999999999999996114e-01
9.000000000000004090e-04,4.999999999999996114e-01
9.000000000000004090e-04,4.999999999999996114e-01
9.000000000000004090e-04,4.999999999999996114e-01
9.000000000000004090e-04,4.999999999999996114e-01
9.000000000000004090e-04,4.999999999999996114e-01
9.000000000000004090e-04,4.999999999999996114e-01
9.000000000000004090e-04,4.999999999999996114e-01
9.000000000000004090e-04,4.999999999999996114e-01
9.000000000000004090e-04,4.999999999999996114e-01
9.000000000000004090e-04,4.999999999999996114e-01
9.000000000000004090e-04,4.999999999999996114e-01
9.000000000000004090e-04,4.999999999999996114e-01
9.000000000000004090e-04,4.999999999999996114e-01
9.000000000000004090e-04,4.999999999999996114e-01
9.000000000000004090e-04,4.999999999999996114e-01
9.000000000000004090e-04,4.999999999999996114e-01
9.000000000000004090e-04,4.999999999999996114e-01
9.000000000000004090e-04,4.999999999999996114e-01
9.000000000000004090e-04,4.999999999999996114e-01
9.000000000000004090e-04,4.999999999999996114e-01
9.000000000000004090e-04,4.999999999999996114e-01
9.000000000000004090e-04,4.999999999999996114e-01
9.000000000000004090e-04,4.999999999999996114e-01
9.000000000000004090e-04,4.999999999999996114e-01
9.000000000000004090e-04,4.999999999999996114e-01
9.000000000000004090e-04,4.999999999999996114e-01
9.000000000000004090e-04,4.999999999999996114e-01
9.000000000000004090e-04,4.999999999999996114e-01
9.000000000000004090e-04,4.999999999999996114e-01
9.000000000000004090e-04,4.999999999999996114e-01
9.000000000000004090e-04,4.999999999999996114e-01
9.000000000000004090e-04,4.999999999999996114e-01
9.000000000000004090e-04,4.999999999999996114e-01
9.000000000000004090e-04,4.999999999999996114e-01
9.000000000000004090e-04,4.999999999999996114e-01
9.000000000000004090e-04,4.999999999999996114e-01
9.000000000000004090e-04,4.999999999999996114e-01
9.000000000000004090e-04,4.999999999999996114e-01
9.000000000000004090e-04,4.999999999999996114e-01
9.000000000000004090e-04,4.999999999999996114e-01
9.000000000000004090e-04,4.999999999999996114e-01
9.000000000000004090e-04,4.999999999999996114e-01
9.000000000000004090e-04,4.999999999999996114e-01
9.000000000000004090e-04,4.999999999999996114e-01
9.000000000000004090e-04,4.999999999999996114e-01
9.000000000000004090e-04,4.999999999999996114e-01
9.000000000000004090e-04,4.999999999999996114e-01
9.000000000000004090e-04,4.999999999999996114e-01
9.000000000000004090e-04,4.999999999999996114e-01
9.000000000000004090e-04,4.999999999999996114e-01
9.000000000000004090e-04,4.999999999999996114e-01
9.000000000000004090e-04,4.999999999999996114e-01
9.000000000000004090e-04,4.999999999999996114e-01
9.000000000000004090e-04,4.999999999999996114e-01
9.000000000000004090e-04,4.999999999999996114e-01
9.000000000000004090e-04,4.999999999999996114e-01
9.000000000000004090e-04,4.999999999999996114e-01
9.000000000000004090e-04,4.999999999999996114e-01
9.000000000000004090e-04,4.999999999999996114e-01
9.000000000000004090e-04,4.999999999999996114e-01
9.000000000000004090e-04,4.999999999999996114e-01
9.000000000000004090e-04,4.999999999999996114e-01
9.000000000000004090e-04,4.999999999999996114e-01
9.000000000000004090e-04,4.999999999999996114e-01
9.000000000000004090e-04,4.999999999999996114e-01
9.000000000000004090e-04,4.999999999999996114e-01
9.000000000000004090e-04,4.999999999999996114e-01
9.000000000000004090e-04,4.999999999999996114e-01
9.000000000000004090e-04,4.999999999999996114e-01
9.000000000000004090e-04,4.999999999999996114e-01
9.000000000000004090e-04,4.999999999999996114e-01
9.000000000000004090e-04,4.999999999999996114e-01
9.000000000000004090e-04,4.999999999999996114e-01
9.000000000000004090e-04,4.999999999999996114e-01
9.000000000000004090e-04,4.999999999999996114e-01
9.000000000000004090e-04,4.999999999999996114e-01
9.000000000000004090e-04,4.999999999999996114e-01
9.000000000000004090e-04,4.999999999999996114e-01
9.000000000000004090e-04,4.999999999999996114e-01
9.000000000000004090e-04,4.999999999999996114e-01
9.000000000000004090e-04,4.999999999999996114e-01
9.000000000000004090e-04,4.999999999999996114e-01
9.000000000000004090e-04,4.999999999999996114e-01
9.000000000000004090e-04,4.999999999999996114e-01
9.000000000000004090e-04,4.999999999999996114e-01
9.000000000000004090e-04,4.999999999999996114e-01
9.000000000000004090e-04,4.999999999999996114e-01
9.000000000000004090e-04,4.999999999999996114e-01
9.000000000000004090e-04,4.999999999999996114e-01
9.000000000000004090e-04,4.999999999999996114e-01
9.000000000000004090e-04,4.999999999999996114e-01
9.000000000000004090e-04,4.999999999999996114e-01
9.000000000000004090e-04,4.999999999999996114e-01
9.000000000000004090e-04,4.999999999999996114e-01
9.000000000000004090e-04,4.999999999999996114e-01
9.000000000000004090e-04,4.999999999999996114e-01
9.000000000000004090e-04,4.999999999999996114e-01
9.000000000000004090e-04,4.999999999999996114e-01
9.000000000000004090e-04,4.999999999999996114e-01
9.000000000000004090e-04,4.999999999999996114e-01
9.000000000000004090e-04,4.999999999999996114e-01
9.000000000000004090e-04,4.999999999999996114e-01
9.000000000000004090e-04,4.999999999999996114e-01
9.000000000000004090e-04,4.999999999999996114e-01
9.000000000000004090e-04,4.999999999999996114e-01
9.000000000000004090e-04,4.999999999999996114e-01
9.000000000000004090e-04,4.999999999999996114e-01
9.000000000000004090e-04,4.999999999999996114e-01
9.000000000000004090e-04,4.999999999999996114e-01
9.000000000000004090e-04,4.999999999999996114e-01
9.000000000000004090e-04,4.999999999999996114e-01
9.000000000000004090e-04,4.999999999999996114e-01
9.000000000000004090e-04,4.999999999999996114e-01
9.000000000000004090e-04,4.999999999999996114e-01
9.000000000000004090e-04,4.999999999999996114e-01
9.000000000000004090e-04,4.999999999999996114e-01
9.000000000000004090e-04,4.999999999999996114e-01
9.000000000000004090e-04,4.999999999999996114e-01
9.000000000000004090e-04,4.999999999999996114e-01
9.000000000000004090e-04,4.999999999999996114e-01
9.000000000000004090e-04,4.999999999999996114e-01
9.000000000000004090e-04,4.999999999999996114e-01
9.000000000000004090e-04,4.999999999999996114e-01
9.000000000000004090e-04,4.999999999999996114e-01
9.000000000000004090e-04,4.999999999999996114e-01
9.000000000000004090e-04,4.999999999999996114e-01
9.000000000000004090e-04,4.999999999999996114e-01
9.000000000000004090e-04,4.999999999999996114e-01
9.000000000000004090e-04,4.999999999999996114e-01
9.000000000000004090e-04,4.999999999999996114e-01
9.000000000000004090e-04,4.999999999999996114e-01
9.000000000000004090e-04,4.999999999999996114e-01
9.000000000000004090e-04,4.999999999999996114e-01
9.000000000000004090e-04,4.999999999999996114e-01
9.000000000000004090e-04,4.999999999999996114e-01
9.000000000000004090e-04,4.999999999999996114e-01
9.000000000000004090e-04,4.999999999999996114e-01
9.000000000000004090e-04,4.999999999999996114e-01
9.000000000000004090e-04,4.999999999999996114e-01
9.000000000000004090e-04,4.999999999999996114e-01
9.000000000000004090e-04,4.999999999999996114e-01
9.000000000000004090e-04,4.999999999999996114e-01
9.000000000000004090e-04,4.999999999999996114e-01
9.000000000000004090e-04,4.999999999999996114e-01
9.000000000000004090e-04,4.999999999999996114e-01
9.000000000000004090e-04,4.999999999999996114e-01
9.000000000000004090e-04,4.999999999999996114e-01
9.000000000000004090e-04,4.999999999999996114e-01
9.000000000000004090e-04,4.999999999999996114e-01
9.000000000000004090e-04,4.999999999999996114e-01
9.000000000000004090e-04,4.999999999999996114e-01
9.000000000000004090e-04,4.999999999999996114e-01
9.000000000000004090e-04,4.999999999999996114e-01
