# the total concentration (ug/m3) of injected (through initial gas-phase concentration, instantaneous and/or continuous gas-phase influx) components, with component index (relative to all components) in the first row and its cumulative injected concentrations in following rows
1.000000000000000000e+00,2.000000000000000000e+01,7.000000000000000000e+00,1.000000000000000000e+01,2.900000000000000000e+01,2.000000000000000000e+00,3.000000000000000000e+00,5.300000000000000000e+01
3.392082460205644168e+01,5.663412103039087153e-01,0.000000000000000000e+00,1.864825860108366271e+02,1.333808527245032337e+03,9.748962489124824060e+01,6.311262208556711784e+01,0.000000000000000000e+00
3.392082460205644168e+01,5.663412103039087153e-01,0.000000000000000000e+00,1.864825860108366271e+02,1.333808527245032337e+03,9.748962489124824060e+01,6.311262208556711784e+01,0.000000000000000000e+00
3.392082460205644168e+01,5.663412103039087153e-01,0.000000000000000000e+00,1.864825860108366271e+02,1.333808527245032337e+03,9.748962489124824060e+01,6.311262208556711784e+01,0.000000000000000000e+00
3.392082460205644168e+01,5.663412103039087153e-01,0.000000000000000000e+00,1.864825860108366271e+02,1.333808527245032337e+03,9.748962489124824060e+01,6.311262208556711784e+01,0.000000000000000000e+00
3.392082460205644168e+01,5.663412103039087153e-01,0.000000000000000000e+00,1.864825860108366271e+02,1.333808527245032337e+03,9.748962489124824060e+01,6.311262208556711784e+01,0.000000000000000000e+00
3.392082460205644168e+01,5.663412103039087153e-01,0.000000000000000000e+00,1.864825860108366271e+02,1.333808527245032337e+03,9.748962489124824060e+01,6.311262208556711784e+01,0.000000000000000000e+00
3.392082460205644168e+01,5.663412103039087153e-01,0.000000000000000000e+00,1.864825860108366271e+02,1.333808527245032337e+03,9.748962489124824060e+01,6.311262208556711784e+01,0.000000000000000000e+00
3.392082460205644168e+01,5.663412103039087153e-01,0.000000000000000000e+00,1.864825860108366271e+02,1.333808527245032337e+03,9.748962489124824060e+01,6.311262208556711784e+01,0.000000000000000000e+00
3.392082460205644168e+01,5.663412103039087153e-01,0.000000000000000000e+00,1.864825860108366271e+02,1.333808527245032337e+03,9.748962489124824060e+01,6.311262208556711784e+01,0.000000000000000000e+00
3.392082460205644168e+01,5.663412103039087153e-01,0.000000000000000000e+00,1.864825860108366271e+02,1.333808527245032337e+03,9.748962489124824060e+01,6.311262208556711784e+01,0.000000000000000000e+00
3.392082460205644168e+01,5.663412103039087153e-01,0.000000000000000000e+00,1.864825860108366271e+02,1.333808527245032337e+03,9.748962489124824060e+01,6.311262208556711784e+01,0.000000000000000000e+00
3.392082460205644168e+01,5.663412103039087153e-01,0.000000000000000000e+00,1.864825860108366271e+02,1.333808527245032337e+03,9.748962489124824060e+01,6.311262208556711784e+01,0.000000000000000000e+00
3.392082460205644168e+01,5.663412103039087153e-01,0.000000000000000000e+00,1.864825860108366271e+02,1.333808527245032337e+03,9.748962489124824060e+01,6.311262208556711784e+01,0.000000000000000000e+00
3.392082460205644168e+01,5.663412103039087153e-01,0.000000000000000000e+00,1.864825860108366271e+02,1.333808527245032337e+03,9.748962489124824060e+01,6.311262208556711784e+01,0.000000000000000000e+00
3.392082460205644168e+01,5.663412103039087153e-01,0.000000000000000000e+00,1.864825860108366271e+02,1.333808527245032337e+03,9.748962489124824060e+01,6.311262208556711784e+01,0.000000000000000000e+00
3.392082460205644168e+01,5.663412103039087153e-01,0.000000000000000000e+00,1.864825860108366271e+02,1.333808527245032337e+03,9.748962489124824060e+01,6.311262208556711784e+01,0.000000000000000000e+00
3.392082460205644168e+01,5.663412103039087153e-01,0.000000000000000000e+00,1.864825860108366271e+02,1.333808527245032337e+03,9.748962489124824060e+01,6.311262208556711784e+01,0.000000000000000000e+00
3.392082460205644168e+01,5.663412103039087153e-01,0.000000000000000000e+00,1.864825860108366271e+02,1.333808527245032337e+03,9.748962489124824060e+01,6.311262208556711784e+01,0.000000000000000000e+00
3.392082460205644168e+01,5.663412103039087153e-01,0.000000000000000000e+00,1.864825860108366271e+02,1.333808527245032337e+03,9.748962489124824060e+01,6.311262208556711784e+01,0.000000000000000000e+00
3.392082460205644168e+01,5.663412103039087153e-01,0.000000000000000000e+00,1.864825860108366271e+02,1.333808527245032337e+03,9.748962489124824060e+01,6.311262208556711784e+01,0.000000000000000000e+00
3.392082460205644168e+01,5.663412103039087153e-01,0.000000000000000000e+00,1.864825860108366271e+02,1.333808527245032337e+03,9.748962489124824060e+01,6.311262208556711784e+01,0.000000000000000000e+00
3.392082460205644168e+01,5.663412103039087153e-01,0.000000000000000000e+00,1.864825860108366271e+02,1.333808527245032337e+03,9.748962489124824060e+01,6.311262208556711784e+01,0.000000000000000000e+00
3.392082460205644168e+01,5.663412103039087153e-01,0.000000000000000000e+00,1.864825860108366271e+02,1.333808527245032337e+03,9.748962489124824060e+01,6.311262208556711784e+01,0.000000000000000000e+00
3.392082460205644168e+01,5.663412103039087153e-01,0.000000000000000000e+00,1.864825860108366271e+02,1.333808527245032337e+03,9.748962489124824060e+01,6.311262208556711784e+01,0.000000000000000000e+00
3.392082460205644168e+01,5.663412103039087153e-01,0.000000000000000000e+00,1.864825860108366271e+02,1.333808527245032337e+03,9.748962489124824060e+01,6.311262208556711784e+01,0.000000000000000000e+00
3.392082460205644168e+01,5.663412103039087153e-01,0.000000000000000000e+00,1.864825860108366271e+02,1.333808527245032337e+03,9.748962489124824060e+01,6.311262208556711784e+01,0.000000000000000000e+00
3.392082460205644168e+01,5.663412103039087153e-01,0.000000000000000000e+00,1.864825860108366271e+02,1.333808527245032337e+03,9.748962489124824060e+01,6.311262208556711784e+01,0.000000000000000000e+00
3.392082460205644168e+01,5.663412103039087153e-01,0.000000000000000000e+00,1.864825860108366271e+02,1.333808527245032337e+03,9.748962489124824060e+01,6.311262208556711784e+01,0.000000000000000000e+00
3.392082460205644168e+01,5.663412103039087153e-01,0.000000000000000000e+00,1.864825860108366271e+02,1.333808527245032337e+03,9.748962489124824060e+01,6.311262208556711784e+01,0.000000000000000000e+00
3.392082460205644168e+01,5.663412103039087153e-01,0.000000000000000000e+00,1.864825860108366271e+02,1.333808527245032337e+03,9.748962489124824060e+01,6.311262208556711784e+01,0.000000000000000000e+00
3.392082460205644168e+01,5.663412103039087153e-01,0.000000000000000000e+00,1.864825860108366271e+02,1.333808527245032337e+03,9.748962489124824060e+01,6.311262208556711784e+01,0.000000000000000000e+00
3.392082460205644168e+01,5.663412103039087153e-01,0.000000000000000000e+00,1.864825860108366271e+02,1.333808527245032337e+03,9.748962489124824060e+01,6.311262208556711784e+01,0.000000000000000000e+00
3.392082460205644168e+01,5.663412103039087153e-01,0.000000000000000000e+00,1.864825860108366271e+02,1.333808527245032337e+03,9.748962489124824060e+01,6.311262208556711784e+01,0.000000000000000000e+00
3.392082460205644168e+01,5.663412103039087153e-01,0.000000000000000000e+00,1.864825860108366271e+02,1.333808527245032337e+03,9.748962489124824060e+01,6.311262208556711784e+01,0.000000000000000000e+00
3.392082460205644168e+01,5.663412103039087153e-01,0.000000000000000000e+00,1.864825860108366271e+02,1.333808527245032337e+03,9.748962489124824060e+01,6.311262208556711784e+01,0.000000000000000000e+00
3.392082460205644168e+01,5.663412103039087153e-01,0.000000000000000000e+00,1.864825860108366271e+02,1.333808527245032337e+03,9.748962489124824060e+01,6.311262208556711784e+01,0.000000000000000000e+00
3.392082460205644168e+01,5.663412103039087153e-01,0.000000000000000000e+00,1.864825860108366271e+02,1.333808527245032337e+03,9.748962489124824060e+01,6.311262208556711784e+01,0.000000000000000000e+00
3.392082460205644168e+01,5.663412103039087153e-01,0.000000000000000000e+00,1.864825860108366271e+02,1.333808527245032337e+03,9.748962489124824060e+01,6.311262208556711784e+01,0.000000000000000000e+00
3.392082460205644168e+01,5.663412103039087153e-01,0.000000000000000000e+00,1.864825860108366271e+02,1.333808527245032337e+03,9.748962489124824060e+01,6.311262208556711784e+01,0.000000000000000000e+00
3.392082460205644168e+01,5.663412103039087153e-01,0.000000000000000000e+00,1.864825860108366271e+02,1.333808527245032337e+03,9.748962489124824060e+01,6.311262208556711784e+01,0.000000000000000000e+00
3.392082460205644168e+01,5.663412103039087153e-01,0.000000000000000000e+00,1.864825860108366271e+02,1.333808527245032337e+03,9.748962489124824060e+01,6.311262208556711784e+01,0.000000000000000000e+00
3.392082460205644168e+01,5.663412103039087153e-01,0.000000000000000000e+00,1.864825860108366271e+02,1.333808527245032337e+03,9.748962489124824060e+01,6.311262208556711784e+01,0.000000000000000000e+00
3.392082460205644168e+01,5.663412103039087153e-01,0.000000000000000000e+00,1.864825860108366271e+02,1.333808527245032337e+03,9.748962489124824060e+01,6.311262208556711784e+01,0.000000000000000000e+00
3.392082460205644168e+01,5.663412103039087153e-01,0.000000000000000000e+00,1.864825860108366271e+02,1.333808527245032337e+03,9.748962489124824060e+01,6.311262208556711784e+01,0.000000000000000000e+00
3.392082460205644168e+01,5.663412103039087153e-01,0.000000000000000000e+00,1.864825860108366271e+02,1.333808527245032337e+03,9.748962489124824060e+01,6.311262208556711784e+01,0.000000000000000000e+00
3.392082460205644168e+01,5.663412103039087153e-01,0.000000000000000000e+00,1.864825860108366271e+02,1.333808527245032337e+03,9.748962489124824060e+01,6.311262208556711784e+01,0.000000000000000000e+00
3.392082460205644168e+01,5.663412103039087153e-01,0.000000000000000000e+00,1.864825860108366271e+02,1.333808527245032337e+03,9.748962489124824060e+01,6.311262208556711784e+01,0.000000000000000000e+00
3.392082460205644168e+01,5.663412103039087153e-01,0.000000000000000000e+00,1.864825860108366271e+02,1.333808527245032337e+03,9.748962489124824060e+01,6.311262208556711784e+01,0.000000000000000000e+00
3.392082460205644168e+01,5.663412103039087153e-01,0.000000000000000000e+00,1.864825860108366271e+02,1.333808527245032337e+03,9.748962489124824060e+01,6.311262208556711784e+01,0.000000000000000000e+00
3.392082460205644168e+01,5.663412103039087153e-01,0.000000000000000000e+00,1.864825860108366271e+02,1.333808527245032337e+03,9.748962489124824060e+01,6.311262208556711784e+01,0.000000000000000000e+00
3.392082460205644168e+01,5.663412103039087153e-01,0.000000000000000000e+00,1.864825860108366271e+02,1.333808527245032337e+03,9.748962489124824060e+01,6.311262208556711784e+01,0.000000000000000000e+00
3.392082460205644168e+01,5.663412103039087153e-01,0.000000000000000000e+00,1.864825860108366271e+02,1.333808527245032337e+03,9.748962489124824060e+01,6.311262208556711784e+01,0.000000000000000000e+00
3.392082460205644168e+01,5.663412103039087153e-01,0.000000000000000000e+00,1.864825860108366271e+02,1.333808527245032337e+03,9.748962489124824060e+01,6.311262208556711784e+01,0.000000000000000000e+00
3.392082460205644168e+01,5.663412103039087153e-01,0.000000000000000000e+00,1.864825860108366271e+02,1.333808527245032337e+03,9.748962489124824060e+01,6.311262208556711784e+01,0.000000000000000000e+00
3.392082460205644168e+01,5.663412103039087153e-01,0.000000000000000000e+00,1.864825860108366271e+02,1.333808527245032337e+03,9.748962489124824060e+01,6.311262208556711784e+01,0.000000000000000000e+00
3.392082460205644168e+01,5.663412103039087153e-01,0.000000000000000000e+00,1.864825860108366271e+02,1.333808527245032337e+03,9.748962489124824060e+01,6.311262208556711784e+01,0.000000000000000000e+00
3.392082460205644168e+01,5.663412103039087153e-01,0.000000000000000000e+00,1.864825860108366271e+02,1.333808527245032337e+03,9.748962489124824060e+01,6.311262208556711784e+01,0.000000000000000000e+00
3.392082460205644168e+01,5.663412103039087153e-01,0.000000000000000000e+00,1.864825860108366271e+02,1.333808527245032337e+03,9.748962489124824060e+01,6.311262208556711784e+01,0.000000000000000000e+00
3.392082460205644168e+01,5.663412103039087153e-01,0.000000000000000000e+00,1.864825860108366271e+02,1.333808527245032337e+03,9.748962489124824060e+01,6.311262208556711784e+01,0.000000000000000000e+00
3.392082460205644168e+01,5.663412103039087153e-01,0.000000000000000000e+00,1.864825860108366271e+02,1.333808527245032337e+03,9.748962489124824060e+01,6.311262208556711784e+01,0.000000000000000000e+00
3.392082460205644168e+01,5.663412103039087153e-01,0.000000000000000000e+00,1.864825860108366271e+02,1.333808527245032337e+03,9.748962489124824060e+01,6.311262208556711784e+01,0.000000000000000000e+00
3.392082460205644168e+01,5.663412103039087153e-01,0.000000000000000000e+00,1.864825860108366271e+02,1.333808527245032337e+03,9.748962489124824060e+01,6.311262208556711784e+01,0.000000000000000000e+00
3.392082460205644168e+01,5.663412103039087153e-01,0.000000000000000000e+00,1.864825860108366271e+02,1.333808527245032337e+03,9.748962489124824060e+01,6.311262208556711784e+01,0.000000000000000000e+00
3.392082460205644168e+01,5.663412103039087153e-01,0.000000000000000000e+00,1.864825860108366271e+02,1.333808527245032337e+03,9.748962489124824060e+01,6.311262208556711784e+01,0.000000000000000000e+00
3.392082460205644168e+01,5.663412103039087153e-01,0.000000000000000000e+00,1.864825860108366271e+02,1.333808527245032337e+03,9.748962489124824060e+01,6.311262208556711784e+01,0.000000000000000000e+00
3.392082460205644168e+01,5.663412103039087153e-01,0.000000000000000000e+00,1.864825860108366271e+02,1.333808527245032337e+03,9.748962489124824060e+01,6.311262208556711784e+01,0.000000000000000000e+00
3.392082460205644168e+01,5.663412103039087153e-01,0.000000000000000000e+00,1.864825860108366271e+02,1.333808527245032337e+03,9.748962489124824060e+01,6.311262208556711784e+01,0.000000000000000000e+00
3.392082460205644168e+01,5.663412103039087153e-01,0.000000000000000000e+00,1.864825860108366271e+02,1.333808527245032337e+03,9.748962489124824060e+01,6.311262208556711784e+01,0.000000000000000000e+00
3.392082460205644168e+01,5.663412103039087153e-01,0.000000000000000000e+00,1.864825860108366271e+02,1.333808527245032337e+03,9.748962489124824060e+01,6.311262208556711784e+01,0.000000000000000000e+00
3.392082460205644168e+01,5.663412103039087153e-01,0.000000000000000000e+00,1.864825860108366271e+02,1.333808527245032337e+03,9.748962489124824060e+01,6.311262208556711784e+01,0.000000000000000000e+00
3.392082460205644168e+01,5.663412103039087153e-01,0.000000000000000000e+00,1.864825860108366271e+02,1.333808527245032337e+03,9.748962489124824060e+01,6.311262208556711784e+01,0.000000000000000000e+00
3.392082460205644168e+01,5.663412103039087153e-01,0.000000000000000000e+00,1.864825860108366271e+02,1.333808527245032337e+03,9.748962489124824060e+01,6.311262208556711784e+01,0.000000000000000000e+00
3.392082460205644168e+01,5.663412103039087153e-01,0.000000000000000000e+00,1.864825860108366271e+02,1.333808527245032337e+03,9.748962489124824060e+01,6.311262208556711784e+01,0.000000000000000000e+00
3.392082460205644168e+01,5.663412103039087153e-01,0.000000000000000000e+00,1.864825860108366271e+02,1.333808527245032337e+03,9.748962489124824060e+01,6.311262208556711784e+01,0.000000000000000000e+00
3.392082460205644168e+01,5.663412103039087153e-01,0.000000000000000000e+00,1.864825860108366271e+02,1.333808527245032337e+03,9.748962489124824060e+01,6.311262208556711784e+01,0.000000000000000000e+00
3.392082460205644168e+01,5.663412103039087153e-01,0.000000000000000000e+00,1.864825860108366271e+02,1.333808527245032337e+03,9.748962489124824060e+01,6.311262208556711784e+01,0.000000000000000000e+00
3.392082460205644168e+01,5.663412103039087153e-01,0.000000000000000000e+00,1.864825860108366271e+02,1.333808527245032337e+03,9.748962489124824060e+01,6.311262208556711784e+01,0.000000000000000000e+00
3.392082460205644168e+01,5.663412103039087153e-01,0.000000000000000000e+00,1.864825860108366271e+02,1.333808527245032337e+03,9.748962489124824060e+01,6.311262208556711784e+01,0.000000000000000000e+00
3.392082460205644168e+01,5.663412103039087153e-01,0.000000000000000000e+00,1.864825860108366271e+02,1.333808527245032337e+03,9.748962489124824060e+01,6.311262208556711784e+01,0.000000000000000000e+00
3.392082460205644168e+01,5.663412103039087153e-01,0.000000000000000000e+00,1.864825860108366271e+02,1.333808527245032337e+03,9.748962489124824060e+01,6.311262208556711784e+01,0.000000000000000000e+00
3.392082460205644168e+01,5.663412103039087153e-01,0.000000000000000000e+00,1.864825860108366271e+02,1.333808527245032337e+03,9.748962489124824060e+01,6.311262208556711784e+01,0.000000000000000000e+00
3.392082460205644168e+01,5.663412103039087153e-01,0.000000000000000000e+00,1.864825860108366271e+02,1.333808527245032337e+03,9.748962489124824060e+01,6.311262208556711784e+01,0.000000000000000000e+00
3.392082460205644168e+01,5.663412103039087153e-01,0.000000000000000000e+00,1.864825860108366271e+02,1.333808527245032337e+03,9.748962489124824060e+01,6.311262208556711784e+01,0.000000000000000000e+00
3.392082460205644168e+01,5.663412103039087153e-01,0.000000000000000000e+00,1.864825860108366271e+02,1.333808527245032337e+03,9.748962489124824060e+01,6.311262208556711784e+01,0.000000000000000000e+00
3.392082460205644168e+01,5.663412103039087153e-01,0.000000000000000000e+00,1.864825860108366271e+02,1.333808527245032337e+03,9.748962489124824060e+01,6.311262208556711784e+01,0.000000000000000000e+00
3.392082460205644168e+01,5.663412103039087153e-01,0.000000000000000000e+00,1.864825860108366271e+02,1.333808527245032337e+03,9.748962489124824060e+01,6.311262208556711784e+01,0.000000000000000000e+00
3.392082460205644168e+01,5.663412103039087153e-01,0.000000000000000000e+00,1.864825860108366271e+02,1.333808527245032337e+03,9.748962489124824060e+01,6.311262208556711784e+01,0.000000000000000000e+00
3.392082460205644168e+01,5.663412103039087153e-01,0.000000000000000000e+00,1.864825860108366271e+02,1.333808527245032337e+03,9.748962489124824060e+01,6.311262208556711784e+01,0.000000000000000000e+00
3.392082460205644168e+01,5.663412103039087153e-01,0.000000000000000000e+00,1.864825860108366271e+02,1.333808527245032337e+03,9.748962489124824060e+01,6.311262208556711784e+01,0.000000000000000000e+00
3.392082460205644168e+01,5.663412103039087153e-01,0.000000000000000000e+00,1.864825860108366271e+02,1.333808527245032337e+03,9.748962489124824060e+01,6.311262208556711784e+01,0.000000000000000000e+00
3.392082460205644168e+01,5.663412103039087153e-01,0.000000000000000000e+00,1.864825860108366271e+02,1.333808527245032337e+03,9.748962489124824060e+01,6.311262208556711784e+01,0.000000000000000000e+00
3.392082460205644168e+01,5.663412103039087153e-01,0.000000000000000000e+00,1.864825860108366271e+02,1.333808527245032337e+03,9.748962489124824060e+01,6.311262208556711784e+01,0.000000000000000000e+00
3.392082460205644168e+01,5.663412103039087153e-01,0.000000000000000000e+00,1.864825860108366271e+02,1.333808527245032337e+03,9.748962489124824060e+01,6.311262208556711784e+01,0.000000000000000000e+00
3.392082460205644168e+01,5.663412103039087153e-01,0.000000000000000000e+00,1.864825860108366271e+02,1.333808527245032337e+03,9.748962489124824060e+01,6.311262208556711784e+01,0.000000000000000000e+00
3.392082460205644168e+01,5.663412103039087153e-01,0.000000000000000000e+00,1.864825860108366271e+02,1.333808527245032337e+03,9.748962489124824060e+01,6.311262208556711784e+01,0.000000000000000000e+00
3.392082460205644168e+01,5.663412103039087153e-01,0.000000000000000000e+00,1.864825860108366271e+02,1.333808527245032337e+03,9.748962489124824060e+01,6.311262208556711784e+01,0.000000000000000000e+00
3.392082460205644168e+01,5.663412103039087153e-01,0.000000000000000000e+00,1.864825860108366271e+02,1.333808527245032337e+03,9.748962489124824060e+01,6.311262208556711784e+01,0.000000000000000000e+00
3.392082460205644168e+01,5.663412103039087153e-01,0.000000000000000000e+00,1.864825860108366271e+02,1.333808527245032337e+03,9.748962489124824060e+01,6.311262208556711784e+01,0.000000000000000000e+00
3.392082460205644168e+01,5.663412103039087153e-01,0.000000000000000000e+00,1.864825860108366271e+02,1.333808527245032337e+03,9.748962489124824060e+01,6.311262208556711784e+01,0.000000000000000000e+00
3.392082460205644168e+01,5.663412103039087153e-01,0.000000000000000000e+00,1.864825860108366271e+02,1.333808527245032337e+03,9.748962489124824060e+01,6.311262208556711784e+01,0.000000000000000000e+00
3.392082460205644168e+01,5.663412103039087153e-01,0.000000000000000000e+00,1.864825860108366271e+02,1.333808527245032337e+03,9.748962489124824060e+01,6.311262208556711784e+01,0.000000000000000000e+00
3.392082460205644168e+01,5.663412103039087153e-01,0.000000000000000000e+00,1.864825860108366271e+02,1.333808527245032337e+03,9.748962489124824060e+01,6.311262208556711784e+01,0.000000000000000000e+00
3.392082460205644168e+01,5.663412103039087153e-01,0.000000000000000000e+00,1.864825860108366271e+02,1.333808527245032337e+03,9.748962489124824060e+01,6.311262208556711784e+01,0.000000000000000000e+00
3.392082460205644168e+01,5.663412103039087153e-01,0.000000000000000000e+00,1.864825860108366271e+02,1.333808527245032337e+03,9.748962489124824060e+01,6.311262208556711784e+01,0.000000000000000000e+00
3.392082460205644168e+01,5.663412103039087153e-01,0.000000000000000000e+00,1.864825860108366271e+02,1.333808527245032337e+03,9.748962489124824060e+01,6.311262208556711784e+01,0.000000000000000000e+00
3.392082460205644168e+01,5.663412103039087153e-01,0.000000000000000000e+00,1.864825860108366271e+02,1.333808527245032337e+03,9.748962489124824060e+01,6.311262208556711784e+01,0.000000000000000000e+00
3.392082460205644168e+01,5.663412103039087153e-01,0.000000000000000000e+00,1.864825860108366271e+02,1.333808527245032337e+03,9.748962489124824060e+01,6.311262208556711784e+01,0.000000000000000000e+00
3.392082460205644168e+01,5.663412103039087153e-01,0.000000000000000000e+00,1.864825860108366271e+02,1.333808527245032337e+03,9.748962489124824060e+01,6.311262208556711784e+01,0.000000000000000000e+00
3.392082460205644168e+01,5.663412103039087153e-01,0.000000000000000000e+00,1.864825860108366271e+02,1.333808527245032337e+03,9.748962489124824060e+01,6.311262208556711784e+01,0.000000000000000000e+00
3.392082460205644168e+01,5.663412103039087153e-01,0.000000000000000000e+00,1.864825860108366271e+02,1.333808527245032337e+03,9.748962489124824060e+01,6.311262208556711784e+01,0.000000000000000000e+00
3.392082460205644168e+01,5.663412103039087153e-01,0.000000000000000000e+00,1.864825860108366271e+02,1.333808527245032337e+03,9.748962489124824060e+01,6.311262208556711784e+01,0.000000000000000000e+00
3.392082460205644168e+01,5.663412103039087153e-01,0.000000000000000000e+00,1.864825860108366271e+02,1.333808527245032337e+03,9.748962489124824060e+01,6.311262208556711784e+01,0.000000000000000000e+00
3.392082460205644168e+01,5.663412103039087153e-01,0.000000000000000000e+00,1.864825860108366271e+02,1.333808527245032337e+03,9.748962489124824060e+01,6.311262208556711784e+01,0.000000000000000000e+00
3.392082460205644168e+01,5.663412103039087153e-01,0.000000000000000000e+00,1.864825860108366271e+02,1.333808527245032337e+03,9.748962489124824060e+01,6.311262208556711784e+01,0.000000000000000000e+00
3.392082460205644168e+01,5.663412103039087153e-01,0.000000000000000000e+00,1.864825860108366271e+02,1.333808527245032337e+03,9.748962489124824060e+01,6.311262208556711784e+01,0.000000000000000000e+00
3.392082460205644168e+01,5.663412103039087153e-01,0.000000000000000000e+00,1.864825860108366271e+02,1.333808527245032337e+03,9.748962489124824060e+01,6.311262208556711784e+01,0.000000000000000000e+00
3.392082460205644168e+01,5.663412103039087153e-01,0.000000000000000000e+00,1.864825860108366271e+02,1.333808527245032337e+03,9.748962489124824060e+01,6.311262208556711784e+01,0.000000000000000000e+00
3.392082460205644168e+01,5.663412103039087153e-01,0.000000000000000000e+00,1.864825860108366271e+02,1.333808527245032337e+03,9.748962489124824060e+01,6.311262208556711784e+01,0.000000000000000000e+00
3.392082460205644168e+01,5.663412103039087153e-01,0.000000000000000000e+00,1.864825860108366271e+02,1.333808527245032337e+03,9.748962489124824060e+01,6.311262208556711784e+01,0.000000000000000000e+00
3.392082460205644168e+01,5.663412103039087153e-01,0.000000000000000000e+00,1.864825860108366271e+02,1.333808527245032337e+03,9.748962489124824060e+01,6.311262208556711784e+01,0.000000000000000000e+00
3.392082460205644168e+01,5.663412103039087153e-01,0.000000000000000000e+00,1.864825860108366271e+02,1.333808527245032337e+03,9.748962489124824060e+01,6.311262208556711784e+01,0.000000000000000000e+00
3.392082460205644168e+01,5.663412103039087153e-01,0.000000000000000000e+00,1.864825860108366271e+02,1.333808527245032337e+03,9.748962489124824060e+01,6.311262208556711784e+01,0.000000000000000000e+00
3.392082460205644168e+01,5.663412103039087153e-01,0.000000000000000000e+00,1.864825860108366271e+02,1.333808527245032337e+03,9.748962489124824060e+01,6.311262208556711784e+01,0.000000000000000000e+00
3.392082460205644168e+01,5.663412103039087153e-01,0.000000000000000000e+00,1.864825860108366271e+02,1.333808527245032337e+03,9.748962489124824060e+01,6.311262208556711784e+01,0.000000000000000000e+00
3.392082460205644168e+01,5.663412103039087153e-01,0.000000000000000000e+00,1.864825860108366271e+02,1.333808527245032337e+03,9.748962489124824060e+01,6.311262208556711784e+01,0.000000000000000000e+00
3.392082460205644168e+01,5.663412103039087153e-01,0.000000000000000000e+00,1.864825860108366271e+02,1.333808527245032337e+03,9.748962489124824060e+01,6.311262208556711784e+01,0.000000000000000000e+00
3.392082460205644168e+01,5.663412103039087153e-01,0.000000000000000000e+00,1.864825860108366271e+02,1.333808527245032337e+03,9.748962489124824060e+01,6.311262208556711784e+01,0.000000000000000000e+00
3.392082460205644168e+01,5.663412103039087153e-01,0.000000000000000000e+00,1.864825860108366271e+02,1.333808527245032337e+03,9.748962489124824060e+01,6.311262208556711784e+01,0.000000000000000000e+00
3.392082460205644168e+01,5.663412103039087153e-01,0.000000000000000000e+00,1.864825860108366271e+02,1.333808527245032337e+03,9.748962489124824060e+01,6.311262208556711784e+01,0.000000000000000000e+00
3.392082460205644168e+01,5.663412103039087153e-01,0.000000000000000000e+00,1.864825860108366271e+02,1.333808527245032337e+03,9.748962489124824060e+01,6.311262208556711784e+01,0.000000000000000000e+00
3.392082460205644168e+01,5.663412103039087153e-01,0.000000000000000000e+00,1.864825860108366271e+02,1.333808527245032337e+03,9.748962489124824060e+01,6.311262208556711784e+01,0.000000000000000000e+00
3.392082460205644168e+01,5.663412103039087153e-01,0.000000000000000000e+00,1.864825860108366271e+02,1.333808527245032337e+03,9.748962489124824060e+01,6.311262208556711784e+01,0.000000000000000000e+00
3.392082460205644168e+01,5.663412103039087153e-01,0.000000000000000000e+00,1.864825860108366271e+02,1.333808527245032337e+03,9.748962489124824060e+01,6.311262208556711784e+01,0.000000000000000000e+00
3.392082460205644168e+01,5.663412103039087153e-01,0.000000000000000000e+00,1.864825860108366271e+02,1.333808527245032337e+03,9.748962489124824060e+01,6.311262208556711784e+01,0.000000000000000000e+00
3.392082460205644168e+01,5.663412103039087153e-01,0.000000000000000000e+00,1.864825860108366271e+02,1.333808527245032337e+03,9.748962489124824060e+01,6.311262208556711784e+01,0.000000000000000000e+00
3.392082460205644168e+01,5.663412103039087153e-01,0.000000000000000000e+00,1.864825860108366271e+02,1.333808527245032337e+03,9.748962489124824060e+01,6.311262208556711784e+01,0.000000000000000000e+00
3.392082460205644168e+01,5.663412103039087153e-01,0.000000000000000000e+00,1.864825860108366271e+02,1.333808527245032337e+03,9.748962489124824060e+01,6.311262208556711784e+01,0.000000000000000000e+00
3.392082460205644168e+01,5.663412103039087153e-01,0.000000000000000000e+00,1.864825860108366271e+02,1.333808527245032337e+03,9.748962489124824060e+01,6.311262208556711784e+01,0.000000000000000000e+00
3.392082460205644168e+01,5.663412103039087153e-01,0.000000000000000000e+00,1.864825860108366271e+02,1.333808527245032337e+03,9.748962489124824060e+01,6.311262208556711784e+01,0.000000000000000000e+00
3.392082460205644168e+01,5.663412103039087153e-01,0.000000000000000000e+00,1.864825860108366271e+02,1.333808527245032337e+03,9.748962489124824060e+01,6.311262208556711784e+01,0.000000000000000000e+00
3.392082460205644168e+01,5.663412103039087153e-01,0.000000000000000000e+00,1.864825860108366271e+02,1.333808527245032337e+03,9.748962489124824060e+01,6.311262208556711784e+01,0.000000000000000000e+00
3.392082460205644168e+01,5.663412103039087153e-01,0.000000000000000000e+00,1.864825860108366271e+02,1.333808527245032337e+03,9.748962489124824060e+01,6.311262208556711784e+01,0.000000000000000000e+00
3.392082460205644168e+01,5.663412103039087153e-01,0.000000000000000000e+00,1.864825860108366271e+02,1.333808527245032337e+03,9.748962489124824060e+01,6.311262208556711784e+01,0.000000000000000000e+00
3.392082460205644168e+01,5.663412103039087153e-01,0.000000000000000000e+00,1.864825860108366271e+02,1.333808527245032337e+03,9.748962489124824060e+01,6.311262208556711784e+01,0.000000000000000000e+00
3.966741135816953090e+01,6.614865336349653457e-01,0.000000000000000000e+00,2.178116604606571798e+02,1.557888359822197799e+03,1.123190326211845900e+02,7.309589139728410601e+01,6.740366006198534876e+01
4.541399811428262012e+01,7.566318569660219762e-01,0.000000000000000000e+00,2.491407349104777325e+02,1.781968192399363261e+03,1.271484403511209393e+02,8.307916070900108707e+01,1.348073201239706975e+02
5.116058487039570934e+01,8.517771802970786066e-01,0.000000000000000000e+00,2.804698093602983135e+02,2.006048024976528723e+03,1.419778480810572887e+02,9.306243002071806814e+01,2.022109801859560321e+02
5.690717162650879857e+01,9.469225036281352370e-01,0.000000000000000000e+00,3.117988838101188662e+02,2.230127857553694412e+03,1.568072558109936381e+02,1.030456993324350492e+02,2.696146402479413950e+02
6.265375838262188779e+01,1.042067826959191867e+00,0.000000000000000000e+00,3.431279582599394189e+02,2.454207690130860101e+03,1.716366635409299874e+02,1.130289686441520303e+02,3.370183003099267580e+02
6.840034513873497701e+01,1.137213150290248498e+00,0.000000000000000000e+00,3.744570327097599716e+02,2.678287522708025790e+03,1.864660712708663368e+02,1.230122379558690113e+02,4.044219603719121210e+02
7.414693189484806624e+01,1.232358473621305128e+00,0.000000000000000000e+00,4.057861071595805242e+02,2.902367355285191479e+03,2.012954790008026862e+02,1.329955072675859924e+02,4.718256204338974840e+02
7.989351865096115546e+01,1.327503796952361759e+00,0.000000000000000000e+00,4.371151816094010769e+02,3.126447187862357168e+03,2.161248867307390356e+02,1.429787765793029735e+02,5.392292804958827901e+02
8.564010540707424468e+01,1.422649120283418389e+00,0.000000000000000000e+00,4.684442560592216296e+02,3.350527020439522857e+03,2.309542944606753849e+02,1.529620458910199545e+02,6.066329405578680962e+02
9.138669216318733390e+01,1.517794443614475020e+00,0.000000000000000000e+00,4.997733305090421823e+02,3.574606853016688547e+03,2.457837021906117343e+02,1.629453152027369356e+02,6.740366006198534023e+02
9.713327891930042313e+01,1.612939766945531650e+00,0.000000000000000000e+00,5.311024049588627349e+02,3.798686685593854236e+03,2.606131099205480837e+02,1.729285845144539167e+02,7.414402606818387085e+02
1.028798656754135123e+02,1.708085090276588280e+00,0.000000000000000000e+00,5.624314794086833444e+02,4.022766518171019925e+03,2.754425176504844330e+02,1.829118538261708977e+02,8.088439207438240146e+02
1.086264524315266016e+02,1.803230413607644911e+00,0.000000000000000000e+00,5.937605538585039540e+02,4.246846350748185614e+03,2.902719253804207824e+02,1.928951231378878788e+02,8.762475808058093207e+02
1.143730391876396908e+02,1.898375736938701541e+00,0.000000000000000000e+00,6.250896283083245635e+02,4.470926183325351303e+03,3.051013331103571318e+02,2.028783924496048598e+02,9.436512408677946269e+02
1.201196259437527800e+02,1.993521060269758172e+00,0.000000000000000000e+00,6.564187027581451730e+02,4.695006015902516992e+03,3.199307408402934811e+02,2.128616617613218409e+02,1.011054900929779933e+03
1.258662126998658692e+02,2.088666383600815024e+00,0.000000000000000000e+00,6.877477772079657825e+02,4.919085848479682681e+03,3.347601485702298305e+02,2.228449310730388220e+02,1.078458560991765353e+03
1.316127994559789727e+02,2.183811706931871655e+00,0.000000000000000000e+00,7.190768516577863920e+02,5.143165681056848371e+03,3.495895563001661799e+02,2.328282003847558030e+02,1.145862221053750773e+03
1.373593862120920619e+02,2.278957030262928285e+00,0.000000000000000000e+00,7.504059261076070015e+02,5.367245513634014060e+03,3.644189640301025293e+02,2.428114696964727841e+02,1.213265881115736192e+03
1.431059729682051511e+02,2.374102353593984915e+00,0.000000000000000000e+00,7.817350005574276111e+02,5.591325346211179749e+03,3.792483717600388786e+02,2.527947390081897652e+02,1.280669541177721612e+03
1.488525597243182403e+02,2.469247676925041546e+00,0.000000000000000000e+00,8.130640750072482206e+02,5.815405178788345438e+03,3.940777794899752280e+02,2.627780083199067462e+02,1.348073201239707032e+03
1.545991464804313296e+02,2.564393000256098176e+00,0.000000000000000000e+00,8.443931494570688301e+02,6.039485011365511127e+03,4.089071872199115774e+02,2.727612776316237273e+02,1.415476861301692452e+03
1.603457332365444188e+02,2.659538323587154807e+00,0.000000000000000000e+00,8.757222239068894396e+02,6.263564843942676816e+03,4.237365949498479267e+02,2.827445469433407084e+02,1.482880521363677872e+03
1.660923199926575080e+02,2.754683646918211437e+00,0.000000000000000000e+00,9.070512983567100491e+02,6.487644676519842506e+03,4.385660026797842761e+02,2.927278162550576894e+02,1.550284181425663292e+03
1.718389067487705972e+02,2.849828970249268068e+00,0.000000000000000000e+00,9.383803728065306586e+02,6.711724509097008195e+03,4.533954104097206255e+02,3.027110855667746705e+02,1.617687841487648711e+03
1.775854935048836865e+02,2.944974293580324698e+00,0.000000000000000000e+00,9.697094472563512682e+02,6.935804341674173884e+03,4.682248181396569748e+02,3.126943548784916516e+02,1.685091501549634131e+03
1.833320802609967757e+02,3.040119616911381328e+00,0.000000000000000000e+00,1.001038521706171878e+03,7.159884174251339573e+03,4.830542258695933242e+02,3.226776241902086326e+02,1.752495161611619551e+03
1.890786670171098649e+02,3.135264940242437959e+00,0.000000000000000000e+00,1.032367596155992487e+03,7.383964006828505262e+03,4.978836335995296736e+02,3.326608935019256137e+02,1.819898821673604971e+03
1.948252537732229541e+02,3.230410263573494589e+00,0.000000000000000000e+00,1.063696670605813097e+03,7.608043839405670951e+03,5.127130413294660229e+02,3.426441628136425948e+02,1.887302481735590391e+03
2.005718405293360433e+02,3.325555586904551220e+00,0.000000000000000000e+00,1.095025745055633706e+03,7.832123671982836640e+03,5.275424490594024292e+02,3.526274321253595758e+02,1.954706141797575810e+03
2.063184272854491326e+02,3.420700910235607850e+00,0.000000000000000000e+00,1.126354819505454316e+03,8.056203504560002330e+03,5.423718567893388354e+02,3.626107014370765569e+02,2.022109801859561230e+03
2.120650140415622218e+02,3.515846233566664480e+00,0.000000000000000000e+00,1.157683893955274925e+03,8.280283337137167109e+03,5.572012645192752416e+02,3.725939707487935380e+02,2.089513461921546423e+03
2.178116007976753110e+02,3.610991556897721111e+00,0.000000000000000000e+00,1.189012968405095535e+03,8.504363169714331889e+03,5.720306722492116478e+02,3.825772400605105190e+02,2.156917121983531615e+03
2.235581875537884002e+02,3.706136880228777741e+00,0.000000000000000000e+00,1.220342042854916144e+03,8.728443002291496668e+03,5.868600799791480540e+02,3.925605093722275001e+02,2.224320782045516808e+03
2.293047743099014895e+02,3.801282203559834372e+00,0.000000000000000000e+00,1.251671117304736754e+03,8.952522834868661448e+03,6.016894877090844602e+02,4.025437786839444811e+02,2.291724442107502000e+03
2.350513610660145787e+02,3.896427526890891002e+00,0.000000000000000000e+00,1.283000191754557363e+03,9.176602667445826228e+03,6.165188954390208664e+02,4.125270479956614622e+02,2.359128102169487192e+03
2.407979478221276679e+02,3.991572850221947633e+00,0.000000000000000000e+00,1.314329266204377973e+03,9.400682500022991007e+03,6.313483031689572726e+02,4.225103173073784433e+02,2.426531762231472385e+03
2.465445345782407571e+02,4.086718173553004263e+00,0.000000000000000000e+00,1.345658340654198582e+03,9.624762332600155787e+03,6.461777108988936789e+02,4.324935866190954243e+02,2.493935422293457577e+03
2.522911213343538464e+02,4.181863496884060893e+00,0.000000000000000000e+00,1.376987415104019192e+03,9.848842165177320567e+03,6.610071186288300851e+02,4.424768559308124054e+02,2.561339082355442770e+03
2.580377080904669356e+02,4.277008820215117524e+00,0.000000000000000000e+00,1.408316489553839801e+03,1.007292199775448535e+04,6.758365263587664913e+02,4.524601252425293865e+02,2.628742742417427962e+03
2.637842948465800532e+02,4.372154143546174154e+00,0.000000000000000000e+00,1.439645564003660411e+03,1.029700183033165013e+04,6.906659340887028975e+02,4.624433945542463675e+02,2.696146402479413155e+03
2.695308816026931709e+02,4.467299466877230785e+00,0.000000000000000000e+00,1.470974638453481020e+03,1.052108166290881491e+04,7.054953418186393037e+02,4.724266638659633486e+02,2.763550062541398347e+03
2.752774683588062885e+02,4.562444790208287415e+00,0.000000000000000000e+00,1.502303712903301630e+03,1.074516149548597969e+04,7.203247495485757099e+02,4.824099331776803297e+02,2.830953722603383540e+03
2.810240551149194062e+02,4.657590113539344046e+00,0.000000000000000000e+00,1.533632787353122239e+03,1.096924132806314446e+04,7.351541572785121161e+02,4.923932024893973107e+02,2.898357382665368732e+03
2.867706418710325238e+02,4.752735436870400676e+00,0.000000000000000000e+00,1.564961861802942849e+03,1.119332116064030924e+04,7.499835650084485223e+02,5.023764718011142918e+02,2.965761042727353924e+03
2.925172286271456414e+02,4.847880760201457306e+00,0.000000000000000000e+00,1.596290936252763458e+03,1.141740099321747402e+04,7.648129727383849286e+02,5.123597411128312160e+02,3.033164702789339117e+03
2.982638153832587591e+02,4.943026083532513937e+00,0.000000000000000000e+00,1.627620010702584068e+03,1.164148082579463880e+04,7.796423804683213348e+02,5.223430104245481971e+02,3.100568362851324309e+03
3.040104021393718767e+02,5.038171406863570567e+00,0.000000000000000000e+00,1.658949085152404678e+03,1.186556065837180358e+04,7.944717881982577410e+02,5.323262797362651781e+02,3.167972022913309502e+03
3.097569888954849944e+02,5.133316730194627198e+00,0.000000000000000000e+00,1.690278159602225287e+03,1.208964049094896836e+04,8.093011959281941472e+02,5.423095490479821592e+02,3.235375682975294694e+03
3.155035756515981120e+02,5.228462053525683828e+00,0.000000000000000000e+00,1.721607234052045897e+03,1.231372032352613314e+04,8.241306036581305534e+02,5.522928183596991403e+02,3.302779343037279887e+03
3.212501624077112297e+02,5.323607376856740458e+00,0.000000000000000000e+00,1.752936308501866506e+03,1.253780015610329792e+04,8.389600113880669596e+02,5.622760876714161213e+02,3.370183003099265079e+03
3.269967491638243473e+02,5.418752700187797089e+00,0.000000000000000000e+00,1.784265382951687116e+03,1.276187998868046270e+04,8.537894191180033658e+02,5.722593569831331024e+02,3.437586663161250272e+03
3.327433359199374650e+02,5.513898023518853719e+00,0.000000000000000000e+00,1.815594457401507725e+03,1.298595982125762748e+04,8.686188268479397721e+02,5.822426262948500835e+02,3.504990323223235464e+03
3.384899226760505826e+02,5.609043346849910350e+00,0.000000000000000000e+00,1.846923531851328335e+03,1.321003965383479226e+04,8.834482345778761783e+02,5.922258956065670645e+02,3.572393983285220656e+03
3.442365094321637002e+02,5.704188670180966980e+00,0.000000000000000000e+00,1.878252606301148944e+03,1.343411948641195704e+04,8.982776423078125845e+02,6.022091649182840456e+02,3.639797643347205849e+03
3.499830961882768179e+02,5.799333993512023611e+00,0.000000000000000000e+00,1.909581680750969554e+03,1.365819931898912182e+04,9.131070500377489907e+02,6.121924342300010267e+02,3.707201303409191041e+03
3.557296829443899355e+02,5.894479316843080241e+00,0.000000000000000000e+00,1.940910755200790163e+03,1.388227915156628660e+04,9.279364577676853969e+02,6.221757035417180077e+02,3.774604963471176234e+03
3.614762697005030532e+02,5.989624640174136871e+00,0.000000000000000000e+00,1.972239829650610773e+03,1.410635898414345138e+04,9.427658654976218031e+02,6.321589728534349888e+02,3.842008623533161426e+03
3.672228564566161708e+02,6.084769963505193502e+00,0.000000000000000000e+00,2.003568904100431382e+03,1.433043881672061616e+04,9.575952732275582093e+02,6.421422421651519699e+02,3.909412283595146619e+03
3.729694432127292885e+02,6.179915286836250132e+00,0.000000000000000000e+00,2.034897978550251992e+03,1.455451864929778094e+04,9.724246809574946155e+02,6.521255114768689509e+02,3.976815943657131811e+03
3.787160299688424061e+02,6.275060610167306763e+00,0.000000000000000000e+00,2.066227053000072374e+03,1.477859848187494572e+04,9.872540886874310218e+02,6.621087807885859320e+02,4.044219603719117003e+03
3.844626167249555238e+02,6.370205933498363393e+00,0.000000000000000000e+00,2.097556127449892756e+03,1.500267831445211050e+04,1.002083496417367428e+03,6.720920501003029131e+02,4.111623263781102651e+03
3.902092034810686414e+02,6.465351256829420024e+00,0.000000000000000000e+00,2.128885201899713138e+03,1.522675814702927528e+04,1.016912904147303834e+03,6.820753194120198941e+02,4.179026923843088298e+03
3.959557902371817590e+02,6.560496580160476654e+00,0.000000000000000000e+00,2.160214276349533520e+03,1.545083797960644006e+04,1.031742311877240127e+03,6.920585887237368752e+02,4.246430583905073945e+03
4.017023769932948767e+02,6.655641903491533284e+00,0.000000000000000000e+00,2.191543350799353902e+03,1.567491781218360484e+04,1.046571719607176419e+03,7.020418580354538562e+02,4.313834243967059592e+03
4.074489637494079943e+02,6.750787226822589915e+00,0.000000000000000000e+00,2.222872425249174285e+03,1.589899764476076962e+04,1.061401127337112712e+03,7.120251273471708373e+02,4.381237904029045239e+03
4.131955505055211120e+02,6.845932550153646545e+00,0.000000000000000000e+00,2.254201499698994667e+03,1.612307747733793440e+04,1.076230535067049004e+03,7.220083966588878184e+02,4.448641564091030887e+03
4.189421372616342296e+02,6.941077873484703176e+00,0.000000000000000000e+00,2.285530574148815049e+03,1.634715730991509918e+04,1.091059942796985297e+03,7.319916659706047994e+02,4.516045224153016534e+03
4.246887240177473473e+02,7.036223196815759806e+00,0.000000000000000000e+00,2.316859648598635431e+03,1.657123714249226396e+04,1.105889350526921589e+03,7.419749352823217805e+02,4.583448884215002181e+03
4.304353107738604649e+02,7.131368520146816437e+00,0.000000000000000000e+00,2.348188723048455813e+03,1.679531697506942874e+04,1.120718758256857882e+03,7.519582045940387616e+02,4.650852544276987828e+03
4.361818975299735826e+02,7.226513843477873067e+00,0.000000000000000000e+00,2.379517797498276195e+03,1.701939680764659352e+04,1.135548165986794174e+03,7.619414739057557426e+02,4.718256204338973475e+03
4.419284842860867002e+02,7.321659166808929697e+00,0.000000000000000000e+00,2.410846871948096577e+03,1.724347664022375830e+04,1.150377573716730467e+03,7.719247432174727237e+02,4.785659864400959123e+03
4.476750710421998178e+02,7.416804490139986328e+00,0.000000000000000000e+00,2.442175946397916960e+03,1.746755647280092307e+04,1.165206981446666759e+03,7.819080125291897048e+02,4.853063524462944770e+03
4.534216577983129355e+02,7.511949813471042958e+00,0.000000000000000000e+00,2.473505020847737342e+03,1.769163630537808785e+04,1.180036389176603052e+03,7.918912818409066858e+02,4.920467184524930417e+03
4.591682445544260531e+02,7.607095136802099589e+00,0.000000000000000000e+00,2.504834095297557724e+03,1.791571613795525263e+04,1.194865796906539344e+03,8.018745511526236669e+02,4.987870844586916064e+03
4.649148313105391708e+02,7.702240460133156219e+00,0.000000000000000000e+00,2.536163169747378106e+03,1.813979597053241741e+04,1.209695204636475637e+03,8.118578204643406480e+02,5.055274504648901711e+03
4.706614180666522884e+02,7.797385783464212849e+00,0.000000000000000000e+00,2.567492244197198488e+03,1.836387580310958219e+04,1.224524612366411930e+03,8.218410897760576290e+02,5.122678164710887359e+03
4.764080048227654061e+02,7.892531106795269480e+00,0.000000000000000000e+00,2.598821318647018870e+03,1.858795563568674697e+04,1.239354020096348222e+03,8.318243590877746101e+02,5.190081824772873006e+03
4.821545915788785237e+02,7.987676430126326110e+00,0.000000000000000000e+00,2.630150393096839252e+03,1.881203546826391175e+04,1.254183427826284515e+03,8.418076283994915912e+02,5.257485484834858653e+03
4.879011783349916413e+02,8.082821753457382741e+00,0.000000000000000000e+00,2.661479467546659635e+03,1.903611530084107653e+04,1.269012835556220807e+03,8.517908977112085722e+02,5.324889144896844300e+03
4.936477650911047590e+02,8.177967076788439371e+00,0.000000000000000000e+00,2.692808541996480017e+03,1.926019513341824131e+04,1.283842243286157100e+03,8.617741670229255533e+02,5.392292804958829947e+03
4.993943518472178766e+02,8.273112400119496002e+00,0.000000000000000000e+00,2.724137616446300399e+03,1.948427496599540609e+04,1.298671651016093392e+03,8.717574363346425343e+02,5.459696465020815594e+03
5.051409386033309943e+02,8.368257723450552632e+00,0.000000000000000000e+00,2.755466690896120781e+03,1.970835479857257087e+04,1.313501058746029685e+03,8.817407056463595154e+02,5.527100125082801242e+03
5.108875253594441119e+02,8.463403046781609262e+00,0.000000000000000000e+00,2.786795765345941163e+03,1.993243463114973565e+04,1.328330466475965977e+03,8.917239749580764965e+02,5.594503785144786889e+03
5.166341121155571727e+02,8.558548370112665893e+00,0.000000000000000000e+00,2.818124839795761545e+03,2.015651446372690043e+04,1.343159874205902270e+03,9.017072442697934775e+02,5.661907445206772536e+03
5.223806988716702335e+02,8.653693693443722523e+00,0.000000000000000000e+00,2.849453914245581927e+03,2.038059429630406521e+04,1.357989281935838562e+03,9.116905135815104586e+02,5.729311105268758183e+03
5.281272856277832943e+02,8.748839016774779154e+00,0.000000000000000000e+00,2.880782988695402310e+03,2.060467412888122999e+04,1.372818689665774855e+03,9.216737828932274397e+02,5.796714765330743830e+03
5.338738723838963551e+02,8.843984340105835784e+00,0.000000000000000000e+00,2.912112063145222692e+03,2.082875396145839477e+04,1.387648097395711147e+03,9.316570522049444207e+02,5.864118425392729478e+03
5.396204591400094159e+02,8.939129663436892415e+00,0.000000000000000000e+00,2.943441137595043074e+03,2.105283379403555955e+04,1.402477505125647440e+03,9.416403215166614018e+02,5.931522085454715125e+03
5.453670458961224767e+02,9.034274986767949045e+00,0.000000000000000000e+00,2.974770212044863456e+03,2.127691362661272433e+04,1.417306912855583732e+03,9.516235908283783829e+02,5.998925745516700772e+03
5.511136326522355375e+02,9.129420310099005675e+00,0.000000000000000000e+00,3.006099286494683838e+03,2.150099345918988911e+04,1.432136320585520025e+03,9.616068601400953639e+02,6.066329405578686419e+03
5.568602194083485983e+02,9.224565633430062306e+00,0.000000000000000000e+00,3.037428360944504220e+03,2.172507329176705389e+04,1.446965728315456317e+03,9.715901294518123450e+02,6.133733065640672066e+03
5.626068061644616591e+02,9.319710956761118936e+00,0.000000000000000000e+00,3.068757435394324602e+03,2.194915312434421867e+04,1.461795136045392610e+03,9.815733987635293261e+02,6.201136725702657714e+03
5.683533929205747199e+02,9.414856280092175567e+00,0.000000000000000000e+00,3.100086509844144985e+03,2.217323295692138345e+04,1.476624543775328902e+03,9.915566680752463071e+02,6.268540385764643361e+03
5.740999796766877807e+02,9.510001603423232197e+00,0.000000000000000000e+00,3.131415584293965367e+03,2.239731278949854823e+04,1.491453951505265195e+03,1.001539937386963288e+03,6.335944045826629008e+03
5.798465664328008415e+02,9.605146926754288828e+00,0.000000000000000000e+00,3.162744658743785749e+03,2.262139262207571301e+04,1.506283359235201488e+03,1.011523206698680269e+03,6.403347705888614655e+03
5.855931531889139023e+02,9.700292250085345458e+00,0.000000000000000000e+00,3.194073733193606131e+03,2.284547245465287779e+04,1.521112766965137780e+03,1.021506476010397250e+03,6.470751365950600302e+03
5.913397399450269631e+02,9.795437573416402088e+00,0.000000000000000000e+00,3.225402807643426513e+03,2.306955228723004257e+04,1.535942174695074073e+03,1.031489745322114231e+03,6.538155026012585950e+03
5.970863267011400239e+02,9.890582896747458719e+00,0.000000000000000000e+00,3.256731882093246895e+03,2.329363211980720735e+04,1.550771582425010365e+03,1.041473014633831099e+03,6.605558686074571597e+03
6.028329134572530847e+02,9.985728220078515349e+00,0.000000000000000000e+00,3.288060956543067277e+03,2.351771195238437213e+04,1.565600990154946658e+03,1.051456283945547966e+03,6.672962346136557244e+03
6.085795002133661455e+02,1.008087354340957198e+01,0.000000000000000000e+00,3.319390030992887660e+03,2.374179178496153691e+04,1.580430397884882950e+03,1.061439553257264834e+03,6.740366006198542891e+03
6.143260869694792063e+02,1.017601886674062861e+01,0.000000000000000000e+00,3.350719105442708042e+03,2.396587161753870168e+04,1.595259805614819243e+03,1.071422822568981701e+03,6.807769666260528538e+03
6.200726737255922671e+02,1.027116419007168524e+01,0.000000000000000000e+00,3.382048179892528424e+03,2.418995145011586646e+04,1.610089213344755535e+03,1.081406091880698568e+03,6.875173326322514185e+03
6.258192604817053279e+02,1.036630951340274187e+01,0.000000000000000000e+00,3.413377254342348806e+03,2.441403128269303124e+04,1.624918621074691828e+03,1.091389361192415436e+03,6.942576986384499833e+03
6.315658472378183887e+02,1.046145483673379850e+01,0.000000000000000000e+00,3.444706328792169188e+03,2.463811111527019602e+04,1.639748028804628120e+03,1.101372630504132303e+03,7.009980646446485480e+03
6.373124339939314495e+02,1.055660016006485513e+01,0.000000000000000000e+00,3.476035403241989570e+03,2.486219094784736080e+04,1.654577436534564413e+03,1.111355899815849170e+03,7.077384306508471127e+03
6.430590207500445104e+02,1.065174548339591176e+01,0.000000000000000000e+00,3.507364477691809952e+03,2.508627078042452558e+04,1.669406844264500705e+03,1.121339169127566038e+03,7.144787966570456774e+03
6.488056075061575712e+02,1.074689080672696839e+01,0.000000000000000000e+00,3.538693552141630335e+03,2.531035061300169036e+04,1.684236251994436998e+03,1.131322438439282905e+03,7.212191626632442421e+03
6.545521942622706320e+02,1.084203613005802502e+01,0.000000000000000000e+00,3.570022626591450717e+03,2.553443044557885514e+04,1.699065659724373290e+03,1.141305707750999773e+03,7.279595286694428069e+03
6.602987810183836928e+02,1.093718145338908165e+01,0.000000000000000000e+00,3.601351701041271099e+03,2.575851027815601992e+04,1.713895067454309583e+03,1.151288977062716640e+03,7.346998946756413716e+03
6.660453677744967536e+02,1.103232677672013828e+01,0.000000000000000000e+00,3.632680775491091481e+03,2.598259011073318470e+04,1.728724475184245875e+03,1.161272246374433507e+03,7.414402606818399363e+03
6.717919545306098144e+02,1.112747210005119491e+01,0.000000000000000000e+00,3.664009849940911863e+03,2.620666994331034948e+04,1.743553882914182168e+03,1.171255515686150375e+03,7.481806266880385010e+03
6.775385412867228752e+02,1.122261742338225154e+01,0.000000000000000000e+00,3.695338924390732245e+03,2.643074977588751426e+04,1.758383290644118460e+03,1.181238784997867242e+03,7.549209926942370657e+03
6.832851280428359360e+02,1.131776274671330818e+01,0.000000000000000000e+00,3.726667998840552627e+03,2.665482960846467904e+04,1.773212698374054753e+03,1.191222054309584109e+03,7.616613587004356305e+03
6.890317147989489968e+02,1.141290807004436481e+01,0.000000000000000000e+00,3.757997073290373010e+03,2.687890944104184382e+04,1.788042106103991046e+03,1.201205323621300977e+03,7.684017247066341952e+03
6.947783015550620576e+02,1.150805339337542144e+01,0.000000000000000000e+00,3.789326147740193392e+03,2.710298927361900860e+04,1.802871513833927338e+03,1.211188592933017844e+03,7.751420907128327599e+03
7.005248883111751184e+02,1.160319871670647807e+01,0.000000000000000000e+00,3.820655222190013774e+03,2.732706910619617338e+04,1.817700921563863631e+03,1.221171862244734712e+03,7.818824567190313246e+03
7.062714750672881792e+02,1.169834404003753470e+01,0.000000000000000000e+00,3.851984296639834156e+03,2.755114893877333816e+04,1.832530329293799923e+03,1.231155131556451579e+03,7.886228227252298893e+03
7.120180618234012400e+02,1.179348936336859133e+01,0.000000000000000000e+00,3.883313371089654538e+03,2.777522877135050294e+04,1.847359737023736216e+03,1.241138400868168446e+03,7.953631887314284540e+03
7.177646485795143008e+02,1.188863468669964796e+01,0.000000000000000000e+00,3.914642445539474920e+03,2.799930860392766772e+04,1.862189144753672508e+03,1.251121670179885314e+03,8.021035547376270188e+03
7.235112353356273616e+02,1.198378001003070459e+01,0.000000000000000000e+00,3.945971519989295302e+03,2.822338843650483250e+04,1.877018552483608801e+03,1.261104939491602181e+03,8.088439207438255835e+03
7.292578220917404224e+02,1.207892533336176122e+01,0.000000000000000000e+00,3.977300594439115685e+03,2.844746826908199728e+04,1.891847960213545093e+03,1.271088208803319048e+03,8.155842867500241482e+03
7.350044088478534832e+02,1.217407065669281785e+01,0.000000000000000000e+00,4.008629668888936067e+03,2.867154810165916206e+04,1.906677367943481386e+03,1.281071478115035916e+03,8.223246527562227129e+03
7.407509956039665440e+02,1.226921598002387448e+01,0.000000000000000000e+00,4.039958743338756449e+03,2.889562793423632684e+04,1.921506775673417678e+03,1.291054747426752783e+03,8.290650187624212776e+03
7.464975823600796048e+02,1.236436130335493111e+01,0.000000000000000000e+00,4.071287817788576831e+03,2.911970776681349162e+04,1.936336183403353971e+03,1.301038016738469651e+03,8.358053847686198424e+03
7.522441691161926656e+02,1.245950662668598774e+01,0.000000000000000000e+00,4.102616892238397668e+03,2.934378759939065640e+04,1.951165591133290263e+03,1.311021286050186518e+03,8.425457507748184071e+03
7.693043485484033681e+02,1.274196930532506222e+01,0.000000000000000000e+00,4.195625082011302766e+03,3.000902460235411490e+04,1.995190395331538639e+03,1.340659116819346309e+03,8.625562123557203449e+03
7.750509353045164289e+02,1.283711462865611885e+01,0.000000000000000000e+00,4.226954156461123603e+03,3.023310443493127968e+04,2.010019803061474931e+03,1.350642386131063176e+03,8.692965783619189096e+03
7.807975220606294897e+02,1.293225995198717548e+01,0.000000000000000000e+00,4.258283230910944440e+03,3.045718426750844446e+04,2.024849210791411224e+03,1.360625655442780044e+03,8.760369443681174744e+03
7.865441088167425505e+02,1.302740527531823211e+01,0.000000000000000000e+00,4.289612305360765276e+03,3.068126410008560924e+04,2.039678618521347516e+03,1.370608924754496911e+03,8.827773103743160391e+03
7.922906955728556113e+02,1.312255059864928874e+01,0.000000000000000000e+00,4.320941379810586113e+03,3.090534393266277402e+04,2.054508026251283809e+03,1.380592194066213779e+03,8.895176763805146038e+03
7.980372823289686721e+02,1.321769592198034537e+01,0.000000000000000000e+00,4.352270454260406950e+03,3.112942376523993880e+04,2.069337433981220329e+03,1.390575463377930646e+03,8.962580423867131685e+03
8.037838690850817329e+02,1.331284124531140201e+01,0.000000000000000000e+00,4.383599528710227787e+03,3.135350359781710358e+04,2.084166841711156849e+03,1.400558732689647513e+03,9.029984083929117332e+03
8.095304558411947937e+02,1.340798656864245864e+01,0.000000000000000000e+00,4.414928603160048624e+03,3.157758343039426836e+04,2.098996249441093369e+03,1.410542002001364381e+03,9.097387743991102980e+03
8.152770425973078545e+02,1.350313189197351527e+01,0.000000000000000000e+00,4.446257677609869461e+03,3.180166326297143314e+04,2.113825657171029889e+03,1.420525271313081248e+03,9.164791404053088627e+03
8.210236293534209153e+02,1.359827721530457190e+01,0.000000000000000000e+00,4.477586752059690298e+03,3.202574309554859792e+04,2.128655064900966408e+03,1.430508540624798115e+03,9.232195064115074274e+03
8.267702161095339761e+02,1.369342253863562853e+01,0.000000000000000000e+00,4.508915826509511135e+03,3.224982292812576270e+04,2.143484472630902928e+03,1.440491809936514983e+03,9.299598724177059921e+03
8.325168028656470369e+02,1.378856786196668516e+01,0.000000000000000000e+00,4.540244900959331972e+03,3.247390276070292748e+04,2.158313880360839448e+03,1.450475079248231850e+03,9.367002384239045568e+03
8.382633896217600977e+02,1.388371318529774179e+01,0.000000000000000000e+00,4.571573975409152808e+03,3.269798259328009226e+04,2.173143288090775968e+03,1.460458348559948718e+03,9.434406044301031216e+03
8.440099763778731585e+02,1.397885850862879842e+01,0.000000000000000000e+00,4.602903049858973645e+03,3.292206242585725704e+04,2.187972695820712488e+03,1.470441617871665585e+03,9.501809704363016863e+03
8.497565631339862193e+02,1.407400383195985505e+01,0.000000000000000000e+00,4.634232124308794482e+03,3.314614225843442546e+04,2.202802103550649008e+03,1.480424887183382452e+03,9.569213364425002510e+03
8.555031498900992801e+02,1.416914915529091168e+01,0.000000000000000000e+00,4.665561198758615319e+03,3.337022209101159388e+04,2.217631511280585528e+03,1.490408156495099320e+03,9.636617024486988157e+03
8.612497366462123409e+02,1.426429447862196831e+01,0.000000000000000000e+00,4.696890273208436156e+03,3.359430192358876229e+04,2.232460919010522048e+03,1.500391425806816187e+03,9.704020684548973804e+03
8.669963234023254017e+02,1.435943980195302494e+01,0.000000000000000000e+00,4.728219347658256993e+03,3.381838175616593071e+04,2.247290326740458568e+03,1.510374695118533054e+03,9.771424344610959452e+03
8.727429101584384625e+02,1.445458512528408157e+01,0.000000000000000000e+00,4.759548422108077830e+03,3.404246158874309913e+04,2.262119734470395088e+03,1.520357964430249922e+03,9.838828004672945099e+03
8.784894969145515233e+02,1.454973044861513820e+01,0.000000000000000000e+00,4.790877496557898667e+03,3.426654142132026755e+04,2.276949142200331607e+03,1.530341233741966789e+03,9.906231664734930746e+03
