# particle number concentration assuming water removed from particles (#/cc (air)), with time changing with rows (corresponding times given in the time output file) and size bin changing with columns with size bin numbers given in the second row of the header
# 
0.000000000000000000e+00,0.000000000000000000e+00,0.000000000000000000e+00,0.000000000000000000e+00,0.000000000000000000e+00,0.000000000000000000e+00,0.000000000000000000e+00,0.000000000000000000e+00,0.000000000000000000e+00,0.000000000000000000e+00,0.000000000000000000e+00,0.000000000000000000e+00,0.000000000000000000e+00,0.000000000000000000e+00,0.000000000000000000e+00,0.000000000000000000e+00,0.000000000000000000e+00,0.000000000000000000e+00,0.000000000000000000e+00,0.000000000000000000e+00,0.000000000000000000e+00,0.000000000000000000e+00,0.000000000000000000e+00,0.000000000000000000e+00
2.999999999999999545e+03,0.000000000000000000e+00,0.000000000000000000e+00,2.942431784084637002e+03,0.000000000000000000e+00,3.039470509048032287e-01,0.000000000000000000e+00,0.000000000000000000e+00,0.000000000000000000e+00,0.000000000000000000e+00,0.000000000000000000e+00,0.000000000000000000e+00,0.000000000000000000e+00,0.000000000000000000e+00,0.000000000000000000e+00,0.000000000000000000e+00,0.000000000000000000e+00,0.000000000000000000e+00,0.000000000000000000e+00,0.000000000000000000e+00,0.000000000000000000e+00,0.000000000000000000e+00,0.000000000000000000e+00,0.000000000000000000e+00
3.000000000000000000e+03,2.955462565233917303e+03,2.935933732650824368e+03,5.089040846109629257e-01,2.922729137713248747e+03,9.099967702554602189e-01,2.952619389527414114e+03,1.406683935251817896e+00,2.906820524924839901e+03,2.164485601370941481e+00,1.429087676203844692e+00,0.000000000000000000e+00,6.693246888998004573e-01,2.156600140361841778e-01,1.595807652880133735e-05,0.000000000000000000e+00,0.000000000000000000e+00,0.000000000000000000e+00,0.000000000000000000e+00,0.000000000000000000e+00,0.000000000000000000e+00,0.000000000000000000e+00,0.000000000000000000e+00,0.000000000000000000e+00
3.000000000000000000e+03,2.933813001705473653e+03,2.970706268938685298e+03,2.936485571903943310e+03,2.919696070285201586e+03,1.435766847332229368e+00,2.908643610957137298e+03,1.919035494383835472e+00,2.939743749106180076e+03,2.501361012289732511e+00,2.898450294572307484e+03,0.000000000000000000e+00,3.183339832444365136e+00,0.000000000000000000e+00,1.952182677516207665e+00,1.725530680141938555e+00,2.822789606814763985e-01,0.000000000000000000e+00,0.000000000000000000e+00,0.000000000000000000e+00,0.000000000000000000e+00,0.000000000000000000e+00,0.000000000000000000e+00,0.000000000000000000e+00
4.854792703867788077e+03,0.000000000000000000e+00,2.937181218572918169e+03,2.892648686358025770e+03,2.937952496830457676e+03,2.908080457045989078e+03,2.890941304042441516e+03,4.609178292597258420e+00,2.881167868947879015e+03,5.895273710404146605e+00,2.911051728077576172e+03,8.999303596012817152e+00,2.864270901010395846e+03,1.419163367677539256e+01,0.000000000000000000e+00,0.000000000000000000e+00,7.524701517615241642e+00,6.209942800644844496e+00,1.078009852199265595e+01,0.000000000000000000e+00,0.000000000000000000e+00,0.000000000000000000e+00,0.000000000000000000e+00,0.000000000000000000e+00
2.550786278164926443e+03,0.000000000000000000e+00,2.753365053436186827e+03,2.894389921945982678e+03,2.859623774829130525e+03,2.910372934865268235e+03,2.882142981708273510e+03,2.867885816102200351e+03,4.567946061654515333e+00,2.863128599291821956e+03,0.000000000000000000e+00,2.897428992435689906e+03,2.841572947284682868e+03,0.000000000000000000e+00,1.088704395796202107e+01,8.903380099943193571e+00,0.000000000000000000e+00,1.186185455038611281e+01,1.257780210684935618e+01,2.276689643604927227e+01,0.000000000000000000e+00,0.000000000000000000e+00,0.000000000000000000e+00,0.000000000000000000e+00
2.065238553902345302e+02,5.699453283506969683e+02,1.809395542263270954e+03,2.701165161034483845e+03,2.857486560153695336e+03,2.829691660190227594e+03,2.884082676583498142e+03,2.858464481754067947e+03,2.839478374166069898e+03,2.836935831676845737e+03,0.000000000000000000e+00,2.870592997976843435e+03,0.000000000000000000e+00,2.831106631423254385e+03,0.000000000000000000e+00,1.674648614255020362e+01,1.265292882990816459e+01,1.604968687848842634e+01,0.000000000000000000e+00,1.886908065866496997e+01,3.596505070641493518e+01,0.000000000000000000e+00,0.000000000000000000e+00,0.000000000000000000e+00
6.248470951797207817e+01,1.682327256439446614e+02,5.440459460503719811e+02,1.764242081291569775e+03,2.656610398137995617e+03,2.822966743917960684e+03,2.803119691680047254e+03,2.857368644207719171e+03,2.833041791683240717e+03,2.813519427979277225e+03,2.814622236657647591e+03,0.000000000000000000e+00,2.849270224754019637e+03,0.000000000000000000e+00,2.809971991625786814e+03,0.000000000000000000e+00,2.320549365945903020e+01,1.555220641340807752e+01,1.810014795551067479e+01,0.000000000000000000e+00,2.773854644762968391e+01,4.896871035052596710e+01,0.000000000000000000e+00,0.000000000000000000e+00
1.884559930926843663e+01,4.947884304128471911e+01,1.590657313574207308e+02,5.271495096847277182e+02,1.727478938357414563e+03,2.617179081746957308e+03,2.790665729022146934e+03,2.776319550175149743e+03,2.833226746389014352e+03,2.807316752112523773e+03,2.789890123026491892e+03,2.793060279806158178e+03,0.000000000000000000e+00,2.828053287566406198e+03,0.000000000000000000e+00,2.790115293284834934e+03,0.000000000000000000e+00,4.454845143475005642e+01,0.000000000000000000e+00,2.291119225864740372e+01,0.000000000000000000e+00,3.495219927662365222e+01,6.291085224054928204e+01,0.000000000000000000e+00
5.678507016174989985e+00,1.456274357584649337e+01,4.639271344262100882e+01,1.532683337398999015e+02,5.139724021513418393e+02,1.695644995301852532e+03,2.580948674927015418e+03,2.760026833810978587e+03,2.749941290307409872e+03,2.809260889649588080e+03,2.783135261626051033e+03,2.767588733762189804e+03,2.772115333583145457e+03,0.000000000000000000e+00,2.805517434126810713e+03,2.771041922157044155e+03,0.000000000000000000e+00,0.000000000000000000e+00,5.127056879787890864e+01,0.000000000000000000e+00,2.749918212019315433e+01,0.000000000000000000e+00,4.189958629176436489e+01,7.649361768480943624e+01
1.710544116369419498e+00,4.290726514580605055e+00,1.354626357493080313e+01,4.447585253941921479e+01,1.488653379748608074e+02,5.028354754916254592e+02,1.667003222347328119e+03,2.547070771984394469e+03,2.730710310928338913e+03,2.724463860664413914e+03,2.783685965767620928e+03,2.758411534452747674e+03,2.745851389444806500e+03,2.751640728173662410e+03,0.000000000000000000e+00,2.783831723158648401e+03,2.727067630037017352e+03,2.490755803054148743e+01,0.000000000000000000e+00,5.790299696425938691e+01,0.000000000000000000e+00,3.326448570166117236e+01,0.000000000000000000e+00,1.387072944814449897e+02
1.265420705682352098e+00,3.959477277409201967e+00,1.292196142167600925e+01,4.304348087165499948e+01,1.452077584088654874e+02,4.929788928496254243e+02,1.640491310807386071e+03,2.514399011968056129e+03,2.702392948881785742e+03,2.700639717578181262e+03,2.757553594846603573e+03,2.735566961760095637e+03,2.724644488215658839e+03,2.730379804202689684e+03,0.000000000000000000e+00,2.762564643562707715e+03,2.705790844674714208e+03,2.880210754548107488e+01,0.000000000000000000e+00,6.420217453003134267e+01,0.000000000000000000e+00,0.000000000000000000e+00,4.141418605088273353e+01,1.559464722139526032e+02
1.158129511063663797e+00,3.757693105446079596e+00,1.246110470750986288e+01,4.186894580829444124e+01,1.420174021649959002e+02,4.840285465436262484e+02,1.615724940844216235e+03,2.483246055672099374e+03,2.675015764610909173e+03,2.676548010113408054e+03,2.733037440944440732e+03,2.713264638316234596e+03,2.703903832071674969e+03,2.706435321850114178e+03,0.000000000000000000e+00,2.744864713668348486e+03,2.685079098302211150e+03,3.238896453139788179e+01,3.218415919996012065e+01,3.803489786546160190e+01,0.000000000000000000e+00,0.000000000000000000e+00,4.930006133273345625e+01,1.727961831616748896e+02
1.093212036913428387e+00,3.610267910042037176e+00,1.208709626155451211e+01,4.085451944604935903e+01,1.391489715660863453e+02,4.757506137068075986e+02,1.592350083288624091e+03,2.453362544651415192e+03,2.648453807604520989e+03,2.653049974738363289e+03,2.709119299227928877e+03,2.691446133294477931e+03,2.681906375581957036e+03,2.684663238358852595e+03,0.000000000000000000e+00,2.726065602985749138e+03,2.665029604034329168e+03,3.691309059575101514e+01,3.318231809781498498e+01,4.281131243464456304e+01,0.000000000000000000e+00,0.000000000000000000e+00,5.689872006438264407e+01,1.893134775830703802e+02
1.046225677417445210e+00,3.491712121267423807e+00,1.176676052649549753e+01,3.994974991151646293e+01,1.365185959074341042e+02,4.680022918285770857e+02,1.570069535603010763e+03,2.424609711582366799e+03,2.622611254849970010e+03,2.630084035652242164e+03,2.685366570075865639e+03,2.670018026471463600e+03,2.659429190378999920e+03,2.664614375393452065e+03,0.000000000000000000e+00,2.707568807356556135e+03,2.645372529529660824e+03,4.120509416531560021e+01,3.414300575330988607e+01,4.738926928064228861e+01,0.000000000000000000e+00,0.000000000000000000e+00,6.426361420468988683e+01,2.055109669175603813e+02
1.008760123613772430e+00,3.390938284955552273e+00,1.148301590705804998e+01,3.912541469831093366e+01,1.340724231328497069e+02,4.606804480307654330e+02,1.548754742042265207e+03,2.396586904638434589e+03,2.597383046545254729e+03,2.607843373749060902e+03,2.662128332606855110e+03,2.647767654540598869e+03,2.638627808307615851e+03,2.644915351611817641e+03,0.000000000000000000e+00,2.689012058652479936e+03,2.625227638983796169e+03,0.000000000000000000e+00,8.154485543789364499e+01,5.179985444902616365e+01,0.000000000000000000e+00,0.000000000000000000e+00,7.141127603724484629e+01,2.213919679479249112e+02
9.771435615090321436e-01,3.302243554064246744e+00,1.122598324018506055e+01,3.836305088383920037e+01,1.317745753982826784e+02,4.537164297486089026e+02,1.528248141696279845e+03,2.369430033802846083e+03,2.572739744879827867e+03,2.586031503372228599e+03,2.639360237642786160e+03,2.625940445570047814e+03,2.617576283795085601e+03,2.626038562451234156e+03,0.000000000000000000e+00,2.670843664145183084e+03,2.605429284738698698e+03,0.000000000000000000e+00,8.746402207532297268e+01,5.608267634668153789e+01,0.000000000000000000e+00,0.000000000000000000e+00,7.835346179074092277e+01,2.369724926292425664e+02
9.494864022832176786e-01,3.222331602638301540e+00,1.098943948206236776e+01,3.765024204900852567e+01,1.295993558379952333e+02,4.470571330044535330e+02,1.508454623588685081e+03,2.343042392511195885e+03,2.548630975101183139e+03,2.564383713000052467e+03,2.617257988762114564e+03,2.604400870671945995e+03,2.596980620169395479e+03,2.607449224687372862e+03,0.000000000000000000e+00,2.652931759846351270e+03,2.585068946491336646e+03,0.000000000000000000e+00,9.403162149626176358e+01,6.022943561770318155e+01,0.000000000000000000e+00,0.000000000000000000e+00,8.510226846137352652e+01,2.522664273708571443e+02
9.246977845488677517e-01,3.149130262474722830e+00,1.076920775701285216e+01,3.697820274052278933e+01,1.275278184127546695e+02,4.406616758543380001e+02,1.489305024234570965e+03,2.317339799538424813e+03,2.524567060868231238e+03,2.541527400917197156e+03,2.595691438262364500e+03,2.582340513016666137e+03,2.577811209698426410e+03,2.589233024953317909e+03,2.596228251818372428e+03,3.913220107678861126e+01,2.565006096742190039e+03,0.000000000000000000e+00,9.938373726885095039e+01,2.259184489483359570e+01,4.283867521658041255e+01,0.000000000000000000e+00,9.192158960164424286e+01,2.673050191841392120e+02
9.020936371392402897e-01,3.081253378546612520e+00,1.056234854662189626e+01,3.634050750095859428e+01,1.255457070550467478e+02,4.344976881018522477e+02,1.470733881995967749e+03,2.292207185801214564e+03,2.500968416221892312e+03,2.519155395041841530e+03,2.574484642175254521e+03,2.560655725769720902e+03,2.558921243185098319e+03,2.571267391333716660e+03,2.576052519935873988e+03,4.196260686931761086e+01,2.545266646363081691e+03,0.000000000000000000e+00,1.045316302872408585e+02,2.351939421607972847e+01,4.694989932997035709e+01,0.000000000000000000e+00,9.855569001577526933e+01,2.820825536032030527e+02
8.812167848153035221e-01,3.017726206108875875e+00,1.036670919202017416e+01,3.573227782680017128e+01,1.236418278778926805e+02,4.285406804040507041e+02,1.452682695357808370e+03,2.267657254266341624e+03,2.477812703103106742e+03,2.496264082332847920e+03,2.554526063387446811e+03,2.539326090083091913e+03,2.540266420287149231e+03,2.553566201040546275e+03,2.556188347469499149e+03,4.460237886080419401e+01,2.524851733749955201e+03,0.000000000000000000e+00,1.105646490854961854e+02,2.440859501858750491e+01,5.094590861996096720e+01,0.000000000000000000e+00,1.050125368191697675e+02,2.966085595604770901e+02
8.617466046004473856e-01,2.957836752293686811e+00,1.018066331500670607e+01,3.514972235015272872e+01,1.218072707478859797e+02,4.227698490944894729e+02,1.435109745273283352e+03,2.243465079259606682e+03,2.455252104793534272e+03,2.473770720033435737e+03,2.533388663935409113e+03,2.519774734892795095e+03,2.521890119750343274e+03,2.536089841292734036e+03,2.535575810444537638e+03,4.819970491197754114e+01,2.504759013237463023e+03,0.000000000000000000e+00,1.163837135685491546e+02,2.525194782682906336e+01,5.484128753969831394e+01,0.000000000000000000e+00,1.112999763950438421e+02,3.108919966076009018e+02
8.434493250116393837e-01,2.901048258101090127e+00,1.000295005903256396e+01,3.458983411904289085e+01,1.200347854547345463e+02,4.171681712918319249e+02,1.417976823022567260e+03,2.219780435000698162e+03,2.433076869015762895e+03,2.451577004946059787e+03,2.512642972137103698e+03,2.500498422225045033e+03,2.503754693537968706e+03,2.518803997318438178e+03,2.515302208928487289e+03,5.061348735451843339e+01,2.486041405018511796e+03,0.000000000000000000e+00,1.220000588593969439e+02,2.607149879347624832e+01,5.862374447884504747e+01,0.000000000000000000e+00,1.174239381304812184e+02,3.249406645104695031e+02
8.261490459088651761e-01,2.846945411691402139e+00,9.832570362170315548e+00,3.405017872737173690e+01,1.183184309161129022e+02,4.117212732556725996e+02,1.401242422165244761e+03,2.196580475516906972e+03,2.411266662142796122e+03,2.429745016663368915e+03,2.492177365295131494e+03,2.481507265709147759e+03,2.485841775964905082e+03,2.501733139948934422e+03,2.495330659971752084e+03,5.294537259153648279e+01,2.467587444742266598e+03,0.000000000000000000e+00,1.274267708566208341e+02,2.686602490585562464e+01,6.229848079659772964e+01,0.000000000000000000e+00,1.233903667647715565e+02,3.387610855211364651e+02
8.097099591464497204e-01,2.795199884233075416e+00,9.668718280799730280e+00,3.352875794455547265e+01,1.166532456552820207e+02,4.064167487507091323e+02,1.384887356621289427e+03,2.173828780367816762e+03,2.389803480982451219e+03,2.408257844523205677e+03,2.472004699144090864e+03,2.462767256609613469e+03,2.468151005898583207e+03,2.484861496074980550e+03,2.475647548596726665e+03,2.504587047052334583e+03,0.000000000000000000e+00,0.000000000000000000e+00,1.326739090819647515e+02,2.762921761363266171e+01,6.587736303659814041e+01,0.000000000000000000e+00,1.292049223150214914e+02,3.523590078989907965e+02
7.940248746805097513e-01,2.745547207737212059e+00,9.510732951277686809e+00,3.302390670785808879e+01,1.150350292855569592e+02,4.012443993695589484e+02,1.368887940515439595e+03,2.151486067228740922e+03,2.368669079044410410e+03,2.387116404687432350e+03,2.452113098164320945e+03,2.444268783999291372e+03,2.450011629338542662e+03,2.468844323842384711e+03,2.456242588188524223e+03,2.431769257061873759e+03,5.703248979495423043e+01,0.000000000000000000e+00,1.377576709969804369e+02,2.836940955513009399e+01,6.935712618387860573e+01,0.000000000000000000e+00,1.348302847148503076e+02,3.657783039430186705e+02
7.790075827752456217e-01,2.697770879722088733e+00,9.358064866134947479e+00,3.253422101255731747e+01,1.134601887555055413e+02,3.961951078425460082e+02,1.353222962713054585e+03,2.129545074315320107e+03,2.347851338169666178e+03,2.366290315103879038e+03,2.432491826233354914e+03,2.425996074926812980e+03,2.432106697368274581e+03,2.452335431623664590e+03,2.437760978731018895e+03,2.413712319300354011e+03,5.946792606181993079e+01,0.000000000000000000e+00,1.426785919562310596e+02,2.908747060333823597e+01,7.274138482832844943e+01,0.000000000000000000e+00,1.403133334404456036e+02,3.789862167012206555e+02
7.645876243008530304e-01,2.651691178634354884e+00,9.210251516952096651e+00,3.205850424193492643e+01,1.119256358880782756e+02,3.912611060281071786e+02,1.337873512300497168e+03,2.107986346687705009e+03,2.327337259784947491e+03,2.345767264595139750e+03,2.413131122935089024e+03,2.407948585197120792e+03,2.414421687492035744e+03,2.436006312085759873e+03,2.419516684667831669e+03,2.395889866662322675e+03,6.182795011001904584e+01,0.000000000000000000e+00,1.474432974047209655e+02,2.978480267586599695e+01,7.603340698010403287e+01,0.000000000000000000e+00,1.456586341936376527e+02,3.919875631515933492e+02
7.507066023665375232e-01,2.607157081992674819e+00,9.066899414372072030e+00,3.159572639160352736e+01,1.104286808296571394e+02,3.864354803216767209e+02,1.322822670169171261e+03,2.086792627567038380e+03,2.307115056492127223e+03,2.325536042257545432e+03,2.394015661372613977e+03,2.390124774280080146e+03,2.396947317092539379e+03,2.419853448568675503e+03,2.401301260259690935e+03,2.378494973410133753e+03,6.410412203720439095e+01,0.000000000000000000e+00,1.520706957639115444e+02,3.046138514187781254e+01,7.923668486005911404e+01,0.000000000000000000e+00,1.508702327702080481e+02,4.047865816018814940e+02
7.373155126050087160e-01,2.564040285827962062e+00,8.927670516397720135e+00,3.114499424848790099e+01,1.089669655070865844e+02,3.817121136360858600e+02,1.308055735638336046e+03,2.065947912594408081e+03,2.287173987356410180e+03,2.305567563312455150e+03,2.375160779606929736e+03,2.372511940477218559e+03,2.379679204924826536e+03,2.403869870406517748e+03,2.383315769130320859e+03,2.361312568458427904e+03,6.631666443577829284e+01,0.000000000000000000e+00,1.565494684391978240e+02,3.111792690092763181e+01,8.235421164157089891e+01,0.000000000000000000e+00,1.559521485287679639e+02,4.173872225715878130e+02
7.243727859719080175e-01,2.522230739590008319e+00,8.792271930645624067e+00,3.070552626354524861e+01,1.075384052325572526e+02,3.770855116613109317e+02,1.293559347982090912e+03,2.045437886795058603e+03,2.267504223200458910e+03,2.285871975048614331e+03,2.356541428102639657e+03,2.354521637156392444e+03,2.363193515434057190e+03,2.388050825091453589e+03,2.365553498634657444e+03,2.344336551815019902e+03,6.846182191061178912e+01,0.000000000000000000e+00,1.604315915278331204e+02,3.221498995572105173e+01,8.538875971161755274e+01,0.000000000000000000e+00,1.609081544533122496e+02,4.297933134637100352e+02
