# particle radii (um) per size_bin (including water contribution to size), with size bins represented by columns and their number (starting from 1) given in second line of header, per time step which is represented by rows and corresponding times given in the time output file 
# 
5.465033770110374993e-03,6.481603873268357643e-03,7.687269747487561478e-03,9.117205760499392381e-03,1.081312918757022443e-02,1.282451728068476071e-02,1.521005072903776519e-02,1.803932562267557271e-02,2.139488386450019014e-02,2.537462126633306669e-02,3.009464358337539044e-02,3.569265380965744305e-02,4.233196955619724505e-02,5.020628771576368665e-02,5.954533541964683596e-02,7.062157214872095967e-02,8.375813852769764534e-02,9.933828370248262707e-02,1.178165463370664801e-01,1.397320154268704429e-01,1.657240578025019895e-01,1.965509711616570399e-01,2.331121068169215715e-01,2.764741075734998832e-01
5.894266933190848816e-03,1.127869162328561624e-02,1.298794760222238276e-02,9.117205760499394115e-03,1.081312918757022616e-02,1.282451728068476418e-02,1.521005072903776865e-02,1.803932562267557618e-02,2.139488386450019361e-02,2.537462126633307363e-02,3.009464358337539391e-02,3.569265380965744999e-02,4.233196955619725199e-02,5.020628771576369359e-02,5.954533541964684290e-02,7.062157214872097355e-02,8.375813852769764534e-02,9.933828370248264095e-02,1.178165463370664801e-01,1.397320154268704429e-01,1.657240578025019895e-01,1.965509711616570676e-01,2.331121068169215715e-01,2.764741075734998832e-01
7.442310254144655565e-03,1.584843431633319033e-02,2.385761429808468809e-02,2.660733881204038059e-02,3.033553644578442302e-02,3.218838048359402848e-02,3.551804854099082503e-02,3.698527879228823839e-02,3.967948541521328087e-02,4.067782287479546760e-02,4.217945914227570758e-02,4.262379248224015121e-02,4.474656518383979958e-02,4.718515391629798938e-02,5.867343442658061459e-02,7.062157214872097355e-02,8.375813852769764534e-02,9.933828370248264095e-02,1.178165463370664801e-01,1.397320154268704429e-01,1.657240578025019895e-01,1.965509711616570676e-01,2.331121068169215715e-01,2.764741075734998832e-01
9.288335913296556431e-03,2.150627334115664396e-02,3.391892089116723547e-02,4.167937452889687588e-02,4.779622348230921219e-02,4.961002335980189970e-02,5.259870924565314410e-02,5.393461222658840065e-02,5.647962510844702078e-02,5.757583815890122275e-02,5.964798010282947732e-02,6.047805294103217322e-02,6.157723484707497419e-02,6.209250275990361306e-02,6.424570908208612763e-02,6.751589693735778053e-02,7.110024895385824717e-02,9.933828370248264095e-02,1.178165463370664801e-01,1.397320154268704429e-01,1.657240578025019895e-01,1.965509711616570676e-01,2.331121068169215715e-01,2.764741075734998832e-01
2.000000000000000475e-03,9.737090202714160023e-03,2.608038492018831603e-02,3.810543149120711182e-02,4.869925737610694000e-02,5.525390960431619813e-02,6.047611179913197493e-02,6.200168024737973821e-02,6.462594616859096419e-02,6.594420598522382493e-02,6.801185753329205830e-02,6.924057588723549206e-02,7.079805636473665564e-02,7.264948074520688470e-02,7.293732630985506893e-02,7.300474506274508280e-02,7.580079122495632371e-02,7.864455623510335780e-02,8.429798206882910261e-02,1.397320154268704429e-01,1.657240578025019895e-01,1.965509711616570676e-01,2.331121068169215715e-01,2.764741075734998832e-01
2.000000000000000909e-03,8.197332130112870013e-03,2.088799751456592996e-02,3.654242431705095884e-02,4.706781552548935932e-02,5.649531631161495981e-02,6.243343210415298883e-02,6.721772323538288685e-02,6.866016005509607834e-02,7.105160825716923256e-02,7.231420717791477160e-02,7.419984277395838546e-02,7.536959759804320869e-02,7.680194040017432333e-02,7.868395319940531263e-02,7.883254570095279967e-02,8.023572027758402170e-02,8.209266645043455934e-02,8.520154000602851718e-02,9.075492373712459870e-02,1.657240578025019895e-01,1.965509711616570676e-01,2.331121068169215715e-01,2.764741075734998832e-01
2.000000000000000909e-03,6.893035949827911249e-03,1.623725877747607405e-02,2.846458123771232820e-02,4.244425719955254722e-02,5.208402404547628206e-02,6.088801361662725398e-02,6.650072930280348515e-02,7.105210432906448881e-02,7.326010339867752852e-02,7.471698731294414142e-02,7.693362438767673006e-02,7.773677909234458228e-02,7.984382958155709920e-02,8.023914181562970260e-02,8.248358874410667563e-02,8.352596572507005324e-02,8.410131210979092387e-02,8.581422272965147369e-02,8.894700796754964611e-02,9.452183924041310248e-02,1.965509711616570676e-01,2.331121068169215715e-01,2.764741075734998832e-01
2.000000000000000909e-03,6.128175200367019446e-03,1.320547618618699189e-02,2.243429401139132237e-02,3.344782808860480294e-02,4.632937273256316352e-02,5.542732901059255202e-02,6.384298738078407476e-02,6.924929368532373175e-02,7.365342305406676060e-02,7.640523757174740027e-02,7.720942673916521282e-02,7.999865219504628810e-02,8.014637454715105302e-02,8.255163406881534105e-02,8.258577615532773641e-02,8.539915213683317574e-02,8.605740862415421633e-02,8.683722979913695295e-02,8.817095282063547312e-02,9.149876461223843682e-02,9.717516588340013861e-02,2.331121068169215715e-01,2.764741075734998832e-01
2.000000000000000909e-03,5.668263512889608162e-03,1.145898240180798916e-02,1.862196744150582811e-02,2.701130615873803195e-02,3.711685733043120633e-02,4.924687036202859969e-02,5.796391973435083972e-02,6.610137755009889982e-02,7.135855835887071341e-02,7.565487990115718486e-02,7.881152291694809575e-02,7.913081826604098645e-02,8.200804972783939939e-02,8.213733118796973098e-02,8.434466129712120397e-02,8.440230668746505349e-02,8.743623239348695397e-02,8.810362257767612171e-02,8.868533766864937495e-02,9.020406024553224988e-02,9.342560439921068771e-02,9.924498962840047622e-02,2.764741075734998832e-01
2.000000000000000909e-03,5.341397500094747196e-03,1.033747475980100090e-02,1.629845340536292472e-02,2.287756015958006955e-02,3.055874372890944254e-02,4.000926989347724366e-02,5.158707497381975760e-02,6.001506960212210640e-02,6.793743054716636087e-02,7.307837510251995183e-02,7.729151848303168759e-02,8.040884340051239476e-02,8.070630631432307300e-02,8.353166199174101580e-02,8.428998746748732340e-02,8.589229776756253376e-02,8.599691076238050180e-02,8.912590232520707645e-02,8.981803694704947050e-02,9.025142273823742733e-02,9.193092949944209336e-02,9.507589562892285184e-02,1.009838717301777544e-01
2.000000000000000909e-03,5.078853202043506418e-03,9.497454317439701921e-03,1.470586483274878911e-02,2.023269707110214588e-02,2.626485856513686296e-02,3.341402314652340555e-02,4.237626428375882576e-02,5.352887019443596656e-02,6.172852291732745800e-02,6.947825574814910088e-02,7.452534664318780089e-02,7.867099916681478955e-02,8.185910834426293747e-02,8.203566531141459617e-02,8.481827538644544362e-02,8.591451254841084295e-02,8.714789260854280406e-02,8.791210662188524150e-02,9.056813397825784484e-02,9.103148147144267399e-02,9.160079749517321956e-02,9.340675128873880684e-02,1.004375884593343843e-01
4.855005852285083565e-03,8.805201015082380137e-03,1.346687424361071514e-02,1.833663732648081052e-02,2.342072210505323493e-02,2.902662038361001479e-02,3.577293756810039083e-02,4.435680222294761943e-02,5.517110307275870096e-02,6.318696953757975410e-02,7.079450712581079885e-02,7.576501987569203567e-02,7.985474052766614039e-02,8.311692987201882432e-02,8.317660763245755817e-02,8.592305448581948057e-02,8.721890088894014570e-02,8.822776709583446397e-02,8.943160297713434459e-02,9.182581685593804721e-02,9.208015391936176519e-02,9.277576515363487875e-02,9.494436001932006486e-02,1.017680608078336685e-01
8.206177817547769329e-03,1.242894210864069551e-02,1.682227344137957742e-02,2.131995558705595054e-02,2.604778678400419822e-02,3.132625283571286584e-02,3.776024588035961638e-02,4.604381716282664877e-02,5.658262971707314626e-02,6.444506440330972918e-02,7.193338314141917156e-02,7.684073537135646670e-02,8.088331433813808480e-02,8.416485645434022833e-02,8.421968178626522417e-02,8.688475415684272785e-02,8.835202862883478891e-02,8.916769531274396088e-02,9.070861779496439126e-02,9.281953794869803043e-02,9.324549848284438558e-02,9.383301128564512650e-02,9.624079539813588935e-02,1.029433606909384569e-01
1.152572005033735900e-02,1.553714404014116916e-02,1.961231235155621797e-02,2.380156222188333295e-02,2.825131365394967925e-02,3.327401714802457472e-02,3.945985000565827711e-02,4.749961729056734194e-02,5.780978391549041612e-02,6.554295807793859840e-02,7.292985919679473295e-02,7.778350951362178467e-02,8.178432547498552807e-02,8.503244312013708006e-02,8.513530053550157073e-02,8.772965738019825044e-02,8.923845125593582450e-02,8.999378173523971125e-02,9.180818133103257894e-02,9.366638609131953952e-02,9.432857430483276850e-02,9.478433104172329093e-02,9.735825151179258730e-02,1.039918301695849506e-01
1.441106843407134047e-02,1.814884897953612103e-02,2.195247274055388970e-02,2.589712940559480911e-02,3.012774358543443901e-02,3.494643300648199447e-02,4.093065374699312448e-02,4.876888501807178505e-02,5.888641961205082903e-02,6.650929600133839714e-02,7.380860117488108330e-02,7.861619093194277541e-02,8.257907191080025855e-02,8.580002775079981214e-02,8.594163906946968023e-02,8.847763129262084525e-02,9.002221309365468493e-02,9.072519593476074951e-02,9.277094629718286856e-02,9.442580118419145740e-02,9.528048148650895832e-02,9.563974551710753558e-02,9.833590145051707143e-02,1.049335884176563621e-01
1.685855407564862060e-02,2.035561404136847566e-02,2.394046558875420269e-02,2.769055194301318565e-02,3.174543055764614957e-02,3.639815861506377759e-02,4.221575293487722647e-02,4.988424127057906193e-02,5.983725740110883151e-02,6.736547139552294394e-02,7.458887167100031190e-02,7.935481485141153424e-02,8.328578662333391280e-02,8.648234305658117349e-02,8.677020189285342133e-02,8.914394629977873130e-02,9.068985839285774453e-02,9.137597370339424485e-02,9.355925172655929489e-02,9.516149631200628012e-02,9.611879337203969864e-02,9.641624580888626117e-02,9.920219775106620119e-02,1.057847352295396004e-01
1.894118522250617248e-02,2.224107657350703898e-02,2.565015810554000311e-02,2.924322438631011753e-02,3.315463483011719947e-02,3.767002452151781838e-02,4.334772640566671859e-02,5.087183456747114418e-02,6.068303969302944745e-02,6.812895602920164551e-02,7.528576845355867964e-02,8.001507989982184488e-02,8.391758327976615861e-02,8.709279049525120442e-02,8.749703488361020021e-02,8.973915324001462135e-02,9.132970729142661503e-02,9.195874373469230256e-02,9.427294590059792645e-02,9.582869763843214483e-02,9.674169867527980526e-02,9.719325173802283169e-02,9.997660941201380602e-02,1.065580581734641985e-01
2.072978516818986539e-02,2.386965419831875782e-02,2.713596471980584193e-02,3.060029978275872337e-02,3.439270527074368006e-02,3.879278047951488506e-02,4.435153941088167129e-02,5.175154629266213308e-02,6.143942179225766326e-02,6.881287730708762762e-02,7.591097775373252532e-02,8.060808659815960064e-02,8.448536288169508635e-02,8.764170713102070742e-02,8.815518087260768021e-02,9.027356839162739566e-02,9.193317165821114634e-02,9.248171927603511533e-02,9.486688711637360216e-02,9.646413304147742618e-02,9.724875618490856632e-02,9.790983848528404809e-02,1.006736606217938923e-01,1.072639775467532364e-01
2.228086419700530188e-02,2.528987486716058330e-02,2.843860547179457784e-02,3.179583946907313385e-02,3.548816027916615323e-02,3.979021167774745432e-02,4.524678348922359788e-02,5.253914645626600599e-02,6.211816133647137667e-02,6.942795970423822072e-02,7.647557711260337399e-02,8.114210187577378108e-02,8.499711489793854158e-02,8.813722079802743803e-02,8.875405890992188462e-02,9.075594855156660090e-02,9.247922988824076873e-02,9.295387750871569876e-02,9.539869426836200539e-02,9.699673822925322653e-02,9.776267678368502634e-02,9.853217041122994124e-02,1.012700699856445979e-01,1.079109221403876939e-01
2.363804252973643674e-02,2.653875859078639807e-02,2.958933091826643560e-02,3.285628191772849149e-02,3.646341592971306944e-02,4.068124339904124337e-02,4.604921173426095721e-02,5.324733503216983604e-02,6.273013144193269330e-02,6.998372612387512848e-02,7.698644296037496226e-02,8.162532190962308587e-02,8.546064291272098545e-02,8.858561683263532771e-02,8.932633683020718696e-02,9.119295266946202128e-02,9.298318510765614386e-02,9.338170799177990256e-02,9.588817342279612466e-02,9.748325445914113319e-02,9.824090345882754982e-02,9.909474362429242233e-02,1.018149060421636026e-01,1.085059822374209587e-01
2.483480053948217831e-02,2.764478587660516504e-02,3.061240003736605264e-02,3.380237039443569069e-02,3.733624694861035348e-02,4.148104857930979411e-02,4.677156457266645750e-02,5.388673548659636547e-02,6.328406421851666408e-02,7.048618621597675660e-02,7.744917190704710130e-02,8.206402500027720759e-02,8.588179323406332222e-02,8.899302430741365399e-02,8.985328331913054745e-02,9.159008724261573364e-02,9.344204894273977491e-02,9.376921770784721333e-02,9.635161217782864385e-02,9.793141629066494380e-02,9.868162059337418079e-02,9.960628107178182145e-02,1.023141365405467601e-01,1.090551423327117270e-01
2.589716142750663613e-02,2.863025641592100920e-02,3.152699346491425608e-02,3.465067115956331489e-02,3.812098574996585637e-02,4.220196821816627614e-02,4.742431791108062122e-02,5.446556825980454486e-02,6.378678853423039308e-02,7.094298376435613507e-02,7.786851114255358142e-02,8.246271411545880170e-02,8.626555691384110713e-02,8.936425752230277297e-02,9.033609261322687878e-02,9.195078315057407525e-02,9.388747063277821936e-02,9.412224002165066328e-02,9.677984684630897005e-02,9.834455561669436241e-02,9.908683546949562104e-02,1.000739624874957268e-01,1.027728399039642970e-01,1.095634683583582430e-01
2.684559566365246966e-02,2.951286063028519743e-02,3.234846701679280900e-02,3.541456490901537940e-02,3.882930419460698529e-02,4.285413246927570474e-02,4.801612831123472369e-02,5.499152657867649452e-02,6.424455825109755269e-02,7.135930341150524547e-02,7.825099850223070364e-02,8.282673338689365561e-02,8.661611971290281153e-02,8.970243653079018609e-02,9.081396396529232973e-02,9.228013855975612800e-02,9.429384777072022383e-02,9.444470502007493162e-02,9.717503817012342060e-02,9.872590278455449508e-02,9.946246125184492193e-02,1.005022614226921129e-01,1.031952586654442949e-01,1.100352691987328269e-01
2.769647474691929595e-02,3.030686933374601016e-02,3.308931493131476997e-02,3.610502690467484732e-02,3.947084851086340301e-02,4.344597204345660574e-02,4.855422352070867809e-02,5.547071251769867400e-02,6.466241752956297661e-02,7.173970359608176917e-02,7.860072242658508457e-02,8.315980777989345762e-02,8.693706549666491146e-02,9.001187876163151136e-02,9.125128408418858861e-02,9.258153741970727435e-02,9.466737841174839574e-02,9.473995161106323060e-02,9.754032968197558218e-02,9.907869693660838195e-02,9.981107093732941027e-02,1.008956580810887321e-01,1.035851521640501205e-01,1.104742563897943702e-01
2.846314833321377316e-02,3.102401751329984803e-02,3.375989417252126673e-02,3.673122305249958142e-02,4.005373030523161348e-02,4.398462113886308922e-02,4.904480669077143640e-02,5.590837359442027421e-02,6.504471906742757825e-02,7.208804715743619140e-02,7.892118362181899105e-02,8.346520442419305685e-02,8.723151399061891687e-02,9.029562836651786051e-02,9.165090408161627455e-02,9.285790538381355486e-02,9.501078475985517968e-02,9.501330976007020535e-02,9.787855559872052358e-02,9.940564236614271576e-02,1.001340261444993995e-01,1.012583173488503102e-01,1.039457987329886896e-01,1.108836747498141151e-01
2.915655973039204402e-02,3.167399580068821358e-02,3.436881637826674774e-02,3.730082293519185188e-02,4.058477657626812646e-02,4.447612064998247156e-02,4.949314063671428343e-02,5.630895447675218074e-02,6.539515574895993222e-02,7.240764287327411397e-02,7.921539006385780457e-02,8.374575108849049987e-02,8.750112526298575721e-02,9.055646372782855114e-02,9.201739756970321593e-02,9.311178049674569135e-02,9.526010692816822001e-02,9.531612068713486707e-02,9.819236987232519975e-02,9.970911519909143872e-02,1.004346790279599666e-01,1.015931352485404809e-01,1.042796785755110422e-01,1.112663042080494907e-01
2.978577021194479466e-02,3.226488061448515299e-02,3.492330194963382678e-02,3.782029251727832969e-02,4.106977203201459675e-02,4.492561187046184568e-02,4.990372469499002039e-02,5.667633972709448104e-02,6.571700864192595026e-02,7.270139179140944208e-02,7.948594775269017532e-02,8.400389583096404267e-02,8.774925217985751758e-02,9.079633260727869304e-02,9.230371414793121787e-02,9.334580387286510461e-02,9.548898616654713511e-02,9.562302510448222881e-02,9.847330348944950684e-02,9.998109841311553225e-02,1.007148206236534033e-01,1.019028947567311300e-01,1.045896286055658514e-01,1.116246701948264697e-01
3.035838831098427310e-02,3.280349485683289185e-02,3.542948484193309683e-02,3.829515308419136066e-02,4.151367995949526574e-02,4.533752736442083625e-02,5.028045477632624854e-02,5.701387817749702797e-02,6.601309889834899858e-02,7.297181396289434407e-02,7.973514173246863679e-02,8.424179571444388726e-02,8.797796917359404500e-02,9.101706909189784256e-02,9.257912309593864519e-02,9.356150546221850273e-02,9.569991721826802411e-02,9.590883288698097420e-02,9.873368724674341790e-02,1.002360887372250320e-01,1.009762713731371525e-01,1.021900450605558869e-01,1.048778372513779339e-01,1.119609150014267834e-01
3.088085819307288815e-02,3.329564854966419324e-02,3.589261430335227709e-02,3.873015101012487749e-02,4.192078494251241100e-02,4.571570846055608012e-02,5.062672055091496648e-02,5.732449525895723375e-02,6.628590056999159041e-02,7.322112415516815465e-02,7.996497782820137512e-02,8.446134786028632047e-02,8.818908682816001265e-02,9.122072436594526323e-02,9.283619867726199126e-02,9.376026351915475732e-02,9.589470554668347302e-02,9.617384502602242813e-02,9.897663226042974216e-02,1.004738590222428452e-01,1.012205027063574764e-01,1.024566988710719218e-01,1.051462412248945627e-01,1.122769670217847182e-01
3.135866764917723259e-02,3.374631317907184069e-02,3.631720171871180569e-02,3.912938198885625857e-02,4.229479803633242468e-02,4.606349429850893629e-02,5.094548048612355939e-02,5.761075320016802170e-02,6.653758740285245499e-02,7.345124809546177413e-02,8.017722721447469170e-02,8.466422363795099437e-02,8.838420509809277736e-02,9.140885234751049138e-02,9.307605037458938080e-02,9.394388759593054472e-02,9.607470843312070075e-02,9.642102842425749609e-02,9.920331696441136993e-02,1.006957530791656591e-01,1.014488946738267700e-01,1.027047087727966102e-01,1.053965501275576783e-01,1.125745343033891371e-01
3.179654536107428403e-02,3.415979151744685111e-02,3.670716750608218892e-02,3.949641847624126706e-02,4.263896739475837167e-02,4.638381701543593111e-02,5.123934104720748173e-02,5.787491737474042414e-02,6.677008767538286649e-02,7.366394168014422927e-02,8.037347462077178151e-02,8.485094544244702053e-02,8.856475482485791362e-02,9.158283308137071810e-02,9.329997938349463005e-02,9.411372658468740438e-02,9.624123211738024042e-02,9.665145976192179855e-02,9.941455795103587567e-02,1.009001302976048481e-01,1.016589063921426173e-01,1.029357173699163297e-01,1.056303028240611480e-01,1.128551529029533235e-01
