# particle size bin bounds (um), with size bins represented by columns and their number (starting at 1 and in line with the lower bound) given in second line of header, per time step which is is represented by rows and corresponding times given in the time output file 
# 
4.999999999999999237e-03,5.930067540220750749e-03,7.033140206315965405e-03,8.341399288659158417e-03,9.893012232339628079e-03,1.173324614280081904e-02,1.391578841856870238e-02,1.650431303950682799e-02,1.957433820584431397e-02,2.321542952315606978e-02,2.753381300951006361e-02,3.265547415724071728e-02,3.872983346207417577e-02,4.593410565032031434e-02,5.447846978120705203e-02,6.461220105808661296e-02,7.663094323935530638e-02,9.088533381603999817e-02,1.077912335889252421e-01,1.278418590852077319e-01,1.516221717685331538e-01,1.798259438364708529e-01,2.132759984868432546e-01,2.529482151469998885e-01,2.999999999999999334e-01
4.999999999999999237e-03,7.836890750627245258e-03,1.003680647308479758e-02,1.105081385349499477e-02,1.210097163760646272e-02,1.290674979614018190e-02,1.418601584547092564e-02,1.674420207499983243e-02,1.985884984237070230e-02,2.355286416727210216e-02,2.793401505551376326e-02,3.313011918974800157e-02,3.929276888215386954e-02,4.660175466269135536e-02,5.527031052851142517e-02,6.555133488060939373e-02,7.774476863872845089e-02,9.220634578529919578e-02,1.093579716287546855e-01,1.297000315640120249e-01,1.538259894286709561e-01,1.824397013506605381e-01,2.163759502054240780e-01,2.566247997595214603e-01,2.999999999999994893e-01
4.999999999999999237e-03,1.299892622536931962e-02,2.062999333039043301e-02,2.530716846394127223e-02,2.859296554040862207e-02,3.128938813296566757e-02,3.393489053759533164e-02,3.626650356212625381e-02,3.837966460169276589e-02,4.018485472531072716e-02,4.144224374330046645e-02,4.240278984013026720e-02,4.371095134131247617e-02,4.599817992685440587e-02,5.354547460799007064e-02,6.519491793393242252e-02,7.774476863872845089e-02,9.220634578529919578e-02,1.093579716287546855e-01,1.297000315640120249e-01,1.538259894286709561e-01,1.824397013506605381e-01,2.163759502054240780e-01,2.566247997595214603e-01,2.999999999999985456e-01
4.999999999999999237e-03,1.751612739591520973e-02,2.903811175093138491e-02,3.819334258738221743e-02,4.494591343481092044e-02,4.872000493547781752e-02,5.114802508104279027e-02,5.327503537513884890e-02,5.523643396493755492e-02,5.703299912384222903e-02,5.863021783009540050e-02,6.006588429339670965e-02,6.103259289262409626e-02,6.183594221246659778e-02,6.318744934751185927e-02,6.592135939143729806e-02,6.935438428410521661e-02,8.749706196224961430e-02,1.093579716287546855e-01,1.297000315640120249e-01,1.538259894286709561e-01,1.824397013506605381e-01,2.163759502054240780e-01,2.566247997595214603e-01,2.999999999999981015e-01
4.999999999999999237e-03,1.052652170734732183e-02,2.105304341469464366e-02,3.318196429703214323e-02,4.403939454379837692e-02,5.218241548233843591e-02,5.798259494544841935e-02,6.124839569686013618e-02,6.334099454312222544e-02,6.529173009318041399e-02,6.699398536621246902e-02,6.863171616763709404e-02,7.002797604150323707e-02,7.173571439057831178e-02,7.279368808197268781e-02,7.297105125853098340e-02,7.442902763582932846e-02,7.724884563932014891e-02,8.156922646276926203e-02,1.037634968563068971e-01,1.297000315640120249e-01,1.538259894286709561e-01,1.824397013506605381e-01,2.163759502054240780e-01,2.999999999999978795e-01
4.999999999999999237e-03,8.453156281014843204e-03,1.690631256202968641e-02,3.070735554986668905e-02,4.245739155748050331e-02,5.220715787645531514e-02,5.961225130481453971e-02,6.491373092798949362e-02,6.794659701012017994e-02,6.987634538771238246e-02,7.168846703585841917e-02,7.326915703024387827e-02,7.478929412389789810e-02,7.609250949797975727e-02,7.775433514278264069e-02,7.875831953716048994e-02,7.954032135654853786e-02,8.117481318847744043e-02,8.367597977806844056e-02,8.806578023772929087e-02,1.202284029911328128e-01,1.538259894286709561e-01,1.824397013506605381e-01,2.163759502054240780e-01,2.999999999999976574e-01
4.999999999999999237e-03,6.604067276073879826e-03,1.320813455214775965e-02,2.391167057955019895e-02,3.678212474748709243e-02,4.775063600983097539e-02,5.682700677367347186e-02,6.381777961579797320e-02,6.885163292011893532e-02,7.217299127464725517e-02,7.399571641528504551e-02,7.584150239076480060e-02,7.733728694853338193e-02,7.880438877369952411e-02,8.004197379176189453e-02,8.137684124906496841e-02,8.300804965748700970e-02,8.381462628525955527e-02,8.496640042867158182e-02,8.740868562256530472e-02,9.181904312803466917e-02,1.392134133398970630e-01,1.824397013506605381e-01,2.163759502054240780e-01,2.999999999999974909e-01
4.999999999999999237e-03,5.409662375196381753e-03,1.081932475039276351e-02,1.894255821396300873e-02,2.898674062682647309e-02,4.090259084428467251e-02,5.128186141314641094e-02,5.993059464880509668e-02,6.665576391648662946e-02,7.151915960571135489e-02,7.505455357550007423e-02,7.680943710584128836e-02,7.862877525359712738e-02,8.007258150270159247e-02,8.136677960062381476e-02,8.256870864150202272e-02,8.401601645354521419e-02,8.572954395190413024e-02,8.644907782226407544e-02,8.750917311169287283e-02,8.986566673046847420e-02,9.442227753707935212e-02,1.620494142045580122e-01,2.163759502054240780e-01,2.999999999999973244e-01
4.999999999999999237e-03,4.724028223243756722e-03,9.448056446487513443e-03,1.584906352331494350e-02,2.356310770607511137e-02,3.284132385598557274e-02,4.401743726928474681e-02,5.395745881295992141e-02,6.229837713885661571e-02,6.883035219468841559e-02,7.356944345363222726e-02,7.726544219570774530e-02,7.897149333301697882e-02,8.059511316122146274e-02,8.207274136913177143e-02,8.325562680370890423e-02,8.437349383836822980e-02,8.594604420176868431e-02,8.777119615251739726e-02,8.839543716477571422e-02,8.945114526433127489e-02,9.184308253490856833e-02,9.642310075277567283e-02,1.896629507297889483e-01,2.999999999999971023e-01
4.999999999999999237e-03,4.283007603524975788e-03,8.566015207049951577e-03,1.395411158366268237e-02,2.012555799539648971e-02,2.725918677249164826e-02,3.590579611930964227e-02,4.651850242115248418e-02,5.611750800864079292e-02,6.422057790931638699e-02,7.060148900762962254e-02,7.524392356015777161e-02,7.888097960260288810e-02,8.055784945568994493e-02,8.214327900273855898e-02,8.391253799422525306e-02,8.509868503222273173e-02,8.594463609906605184e-02,8.758935111623089576e-02,8.947330816474799442e-02,9.003525136960412178e-02,9.109891699833394529e-02,9.352985014447583179e-02,9.811881711014502905e-02,2.999999999999969358e-01
4.999999999999999237e-03,3.952156181370932234e-03,7.904312362741864467e-03,1.263795189157284476e-02,1.789591392288357799e-02,2.363364963551834938e-02,3.026165170894844561e-02,3.841779694623096569e-02,4.859244720437074644e-02,5.791890293018264052e-02,6.583146460866612371e-02,7.209013891467169755e-02,7.665422471377443536e-02,8.029669901532396348e-02,8.194748192643704077e-02,8.345016658372249319e-02,8.536991316953922160e-02,8.653559737789323636e-02,8.753166764883489603e-02,8.925987856469162762e-02,9.080039883155849312e-02,9.131702683352647953e-02,9.251258797388593746e-02,9.496635340482069421e-02,2.999999999999967137e-01
4.999999999999999237e-03,7.359206856886924344e-03,1.160395835943342155e-02,1.626617060855904684e-02,2.118370317530491806e-02,2.651990881745147979e-02,3.274722120049804869e-02,4.051946380597280795e-02,5.034466883155681166e-02,5.944924022395099705e-02,6.720602568489916773e-02,7.336395330046806273e-02,7.786358249683733579e-02,8.151847160279621085e-02,8.314677946051551860e-02,8.457212850593565090e-02,8.657582666764183921e-02,8.772623452444752723e-02,8.883376349936551730e-02,9.064451964243559756e-02,9.195316125800864770e-02,9.242926830751337086e-02,9.387258701936274097e-02,9.847442098438558000e-02,2.999999999999965472e-01
4.999999999999999237e-03,1.073270444573151509e-02,1.494835720819817290e-02,1.933269079463671367e-02,2.391750415307690794e-02,2.892780505915514000e-02,3.484028520796541434e-02,4.230748830335632343e-02,5.184873591521427239e-02,6.076816409321077889e-02,6.839419274303212837e-02,7.446790648834453186e-02,7.891379793747647919e-02,8.255669485970681953e-02,8.419227804575614427e-02,8.557296813003388569e-02,8.762453377751068528e-02,8.876173584170017616e-02,8.994475627736843448e-02,9.177621604896818441e-02,9.303300579105458490e-02,9.354017740572968809e-02,9.505215135101030555e-02,9.970472156247968398e-02,2.999999999999965472e-01
4.999999999999999237e-03,1.382242820988648264e-02,1.780785613940246911e-02,2.190720610481558181e-02,2.621525872290457471e-02,3.096633163217203666e-02,3.662809834363751210e-02,4.384825641562838799e-02,5.315463989301532494e-02,6.191782681558211793e-02,6.943287954010061991e-02,7.543475815551482777e-02,7.983404187068819657e-02,8.343999464154909507e-02,8.508390291374608172e-02,8.645194262494494686e-02,8.849048568449544017e-02,8.961770804525286127e-02,9.091003456534009486e-02,9.274659112850951181e-02,9.399864642026868611e-02,9.455700185049165096e-02,9.608852815883456300e-02,1.007841957242208847e-01,2.999999999999965472e-01
4.999999999999999237e-03,1.649173487266230795e-02,2.022944938513342866e-02,2.408630448519440484e-02,2.817126770085040532e-02,3.271452886748584671e-02,3.817307025836077367e-02,4.518965196369621740e-02,5.429894103340698885e-02,6.292870627897646785e-02,7.034829123622836355e-02,7.628813820747845642e-02,8.064631443885691975e-02,8.422034570314554380e-02,8.587089179361358238e-02,8.722806748341560557e-02,8.925660442396825267e-02,9.037507155288984628e-02,9.175947346595740572e-02,9.360568778526147382e-02,9.485506658416761883e-02,9.546045152305583648e-02,9.700655741510666452e-02,1.017417056366582001e-01,2.999999999999965472e-01
4.999999999999999237e-03,1.876996553434705228e-02,2.229215977180420971e-02,2.595098550180226227e-02,2.985566965180243282e-02,3.422989995434588817e-02,3.952104469316670282e-02,4.636705835577116519e-02,5.530851200686628250e-02,6.382335904667682525e-02,7.116048042717511291e-02,7.704554709069746932e-02,8.136777818379521687e-02,8.491414808531090597e-02,8.662651161256343380e-02,8.797308655725066817e-02,8.992354644647225503e-02,9.103420884295912452e-02,9.248049841244113112e-02,9.436717508041701785e-02,9.564254026580201740e-02,9.626774936095405799e-02,9.782905619425892596e-02,1.025990468676742373e-01,2.999999999999965472e-01
4.999999999999999237e-03,2.072249941572017196e-02,2.406634339588538049e-02,2.756378372709883742e-02,3.132104442048039283e-02,3.555568672370405109e-02,4.070685222620260696e-02,4.740831173853134878e-02,5.620558793071823989e-02,6.462048659652008809e-02,7.188549226930532332e-02,7.772236736730417372e-02,8.201275586502496107e-02,8.553465430204532094e-02,8.729538067961599423e-02,8.863227370109985626e-02,9.054141563856796249e-02,9.164530491054556638e-02,9.313022127769390868e-02,9.505718731517896758e-02,9.628736243592660171e-02,9.696800089596786798e-02,9.860457236153323535e-02,1.033720899531699045e-01,2.999999999999965472e-01
4.999999999999999237e-03,2.240970215772609270e-02,2.560696787986527917e-02,2.897169510876787188e-02,3.260677320792561285e-02,3.672453880135923693e-02,4.175715576943982155e-02,4.833477306024376585e-02,5.700707022247693961e-02,6.533418635600707347e-02,7.253557657219658616e-02,7.832994849171204255e-02,8.259222923228894120e-02,8.609246468296152810e-02,8.789919388151062885e-02,8.922694809155724827e-02,9.111092752397835504e-02,9.220826129556622397e-02,9.368948373021492027e-02,9.567217657965837452e-02,9.685803362304103159e-02,9.758041700085837156e-02,9.931097882908544727e-02,1.040731501786359842e-01,2.999999999999965472e-01
4.999999999999999237e-03,2.388015636404638986e-02,2.695618997622391266e-02,3.021049291311809354e-02,3.374300740996218767e-02,3.776171471695596860e-02,4.269284768747200198e-02,4.916337975437118368e-02,5.772603123509043727e-02,6.597553324503638295e-02,7.312158427784634651e-02,7.887785901397169341e-02,8.311430924553593613e-02,8.659563425045764540e-02,8.844671532991192631e-02,8.976616484619218128e-02,9.162569201970831301e-02,9.271716116521035167e-02,9.419215007925614558e-02,9.620435249870318284e-02,9.738121360258204795e-02,9.814893181673155220e-02,9.991987546098375639e-02,1.046958032985123438e-01,2.999999999999965472e-01
4.999999999999999237e-03,2.517196696039468093e-02,2.814670066512983682e-02,3.130803169264190916e-02,3.475344672095120185e-02,3.868729000433099308e-02,4.353071385297122009e-02,4.990781444940345368e-02,5.837384626376276170e-02,6.655456541521569125e-02,7.365153714215547098e-02,7.937366056353112320e-02,8.358697755930170892e-02,8.705117504741834156e-02,8.895751876436400196e-02,9.026929436187244860e-02,9.209676879251676995e-02,9.318287264864762165e-02,9.465153412267936217e-02,9.669229224066973327e-02,9.786354536816797844e-02,9.866967072272198047e-02,1.004732359141229520e-01,1.052667703936578519e-01,2.999999999999965472e-01
4.999999999999999237e-03,2.631480796926198226e-02,2.920398262478208704e-02,3.228617969331750576e-02,3.565686724929996443e-02,3.951733006294826794e-02,4.428431646810903483e-02,5.057937672942085239e-02,5.895984365608900740e-02,6.707844520655564802e-02,7.413118343542961231e-02,7.982329847895905384e-02,8.401627973842647201e-02,8.746507626638938548e-02,8.942522270822336750e-02,9.072999699684371200e-02,9.252533518184991035e-02,9.360591920305040559e-02,9.507794992631236897e-02,9.714793686428879749e-02,9.830794967544884133e-02,9.914610673417705022e-02,1.009783624011185710e-01,1.057920226360797855e-01,2.999999999999965472e-01
4.999999999999999237e-03,2.733203344495329853e-02,3.014820677872448798e-02,3.316238963433016523e-02,3.646838669101482022e-02,4.026488211233487241e-02,4.496477748884862569e-02,5.118708830469758525e-02,5.949129087206962013e-02,6.755440375509795536e-02,7.456655297897697710e-02,8.023138083592486203e-02,8.440696850688697572e-02,8.784223446335913399e-02,8.985280287517165287e-02,9.115058875596951382e-02,9.292921725534154798e-02,9.400500190629225428e-02,9.546953853214068531e-02,9.756847455273573444e-02,9.871709089261061776e-02,9.958284523253471687e-02,1.014413523050842481e-01,1.062766272262809925e-01,2.999999999999965472e-01
4.999999999999999237e-03,2.824220385012566822e-02,3.099551716811489027e-02,3.395074083839998147e-02,3.720029701153444029e-02,4.094063723096972446e-02,4.558127652470537333e-02,5.173893012517786355e-02,5.997493143691257772e-02,6.798806450142973190e-02,7.496354591341825024e-02,8.060380501659707153e-02,8.476377791708922249e-02,8.818628161668702614e-02,9.026162222630451648e-02,9.155292127712486017e-02,9.329785896862533012e-02,9.436933668486892357e-02,9.582931950270870414e-02,9.795660886115273303e-02,9.909555069310969910e-02,9.998506470201166951e-02,1.018665584123175510e-01,1.067248581925678702e-01,2.999999999999965472e-01
4.999999999999999237e-03,2.906029284187389844e-02,3.175903537192487774e-02,3.466276369581073463e-02,3.786273908631643953e-02,4.155347800809375269e-02,4.614147898515285479e-02,5.224139334753152147e-02,6.041616719333858104e-02,6.838417259056782382e-02,7.532644470372967804e-02,8.094446114149896065e-02,8.509035582690357979e-02,8.850117933349999078e-02,9.063581850483252988e-02,9.192122349776360446e-02,9.363607398535937765e-02,9.470367891495558299e-02,9.616052873434953463e-02,9.831553111182125826e-02,9.944623233314318911e-02,1.003562948915865671e-01,1.022580892451742107e-01,1.071404461624898413e-01,2.999999999999965472e-01
4.999999999999999237e-03,2.979860264657301777e-02,3.244962225534256395e-02,3.530807113293672750e-02,3.846422543691122714e-02,4.211090894888196851e-02,4.665192905406184698e-02,5.270006362552930035e-02,6.081965873807362172e-02,6.874678557052886496e-02,7.565889892320169785e-02,8.125672144718235068e-02,8.538988955340279241e-02,8.879000657651771322e-02,9.097831350454332888e-02,9.225835248406585865e-02,9.394667890213928563e-02,9.501204727673853712e-02,9.646720838986680424e-02,9.864800886854893647e-02,9.977116365479157811e-02,1.006993098781906043e-01,1.026196534913852987e-01,1.075266487808176075e-01,2.999999999999965472e-01
4.999999999999999237e-03,3.046728009544475563e-02,3.307629472896767703e-02,3.589469378822467138e-02,3.901190903851969871e-02,4.261927307935625686e-02,4.711818006058384606e-02,5.311968146798520113e-02,6.118936134899737034e-02,6.907936442055545578e-02,7.596404047570094742e-02,8.154349456246731687e-02,8.566459530154720003e-02,8.905500047153366849e-02,9.129277538203883768e-02,9.256782361826626504e-02,9.419819263757087113e-02,9.528812203937320202e-02,9.677561638938929345e-02,9.895655447104680091e-02,1.000732122578531919e-01,1.010172284054135367e-01,1.029539329908463613e-01,1.078861035494609738e-01,2.999999999999965472e-01
4.999999999999999237e-03,3.107477053450776946e-02,3.364660177254162610e-02,3.642939184950209908e-02,3.951184203655777605e-02,4.308396234131762342e-02,4.754497409080260528e-02,5.350435154555006206e-02,6.152876639618621440e-02,6.938496417342707168e-02,7.624459895254477593e-02,8.180729963271285432e-02,8.591739139085878552e-02,8.929878574496535881e-02,9.155622775922168943e-02,9.282768365246539533e-02,9.442955548762010931e-02,9.555605264048293301e-02,9.706908776223489854e-02,9.923292849949581773e-02,1.003493007043180646e-01,1.013123407805400500e-01,1.032637376578787458e-01,1.082214792727491798e-01,2.999999999999965472e-01
4.999999999999999237e-03,3.162819800335761600e-02,3.416694664358703448e-02,3.691792912625826290e-02,3.996920956048631568e-02,4.350961836558887852e-02,4.793641233799922352e-02,5.385762303102950566e-02,6.184088204471796524e-02,6.966622648075825042e-02,7.650295750730488897e-02,8.205035123204544589e-02,8.615039006991694059e-02,8.952331165507071420e-02,9.180474066556451596e-02,9.307290653484144582e-02,9.464279045580915872e-02,9.580448894540007088e-02,9.734175436062224296e-02,9.949055991261200604e-02,1.006075414599190698e-01,1.015867838030411335e-01,1.035513823205144734e-01,1.085349379270363346e-01,2.999999999999965472e-01
4.999999999999999237e-03,3.213362025300663116e-02,3.464280118221715193e-02,3.736525362103846476e-02,4.038848183667233943e-02,4.390025890420889282e-02,4.829605898786294010e-02,5.418259304748264393e-02,6.212834372991205695e-02,6.992547126436167437e-02,7.674120967312238195e-02,8.227459535454144379e-02,8.636544187299878550e-02,8.973051234349514738e-02,9.203555051392994790e-02,9.330051912361239652e-02,9.483949388302738426e-02,9.603447812717233467e-02,9.759536156721515532e-02,9.973086498489221186e-02,1.008485628294351899e-01,1.018423521282238176e-01,1.038188889350454142e-01,1.088284100906465324e-01,2.999999999999965472e-01
4.999999999999999237e-03,3.259621365000380661e-02,3.507886177021075219e-02,3.777562951767948762e-02,4.077352602350986510e-02,4.425937242885071704e-02,4.862702080157097623e-02,5.448197167294583504e-02,6.239346523638968078e-02,7.016472629519387993e-02,7.696119074777016400e-02,8.248174842103787874e-02,8.656417968950290420e-02,8.992196325072074337e-02,9.224998401616354982e-02,9.351198247439446165e-02,9.502124375748986773e-02,9.624817996064823078e-02,9.783195439414585359e-02,9.995510593668438526e-02,1.010737268678549711e-01,1.020806640342236948e-01,1.040680363554704752e-01,1.091036030202273271e-01,2.999999999999965472e-01
4.999999999999999237e-03,3.302045230387597174e-02,3.547920433108110727e-02,3.815277170117061661e-02,4.112772304384893635e-02,4.459001901682595193e-02,4.893203216213761614e-02,5.475815258643690342e-02,6.263829727187933405e-02,7.038581690878289998e-02,7.716455807073281659e-02,8.267283375905219722e-02,8.674759872429360641e-02,9.009906834354616811e-02,9.244937976190138740e-02,9.370861958920768953e-02,9.518936691766724523e-02,9.644678215617524808e-02,9.805247473819866944e-02,1.001628524668353587e-01,1.012809394937208979e-01,1.023012958146130164e-01,1.043004136490175981e-01,1.093620527038774715e-01,2.999999999999965472e-01
