# particle_number_conc
4.000000000000000000e+00
3.990617922495401704e+00
3.981259707051195473e+00
3.971925310422828481e+00
3.962614667548515435e+00
3.953327713530872867e+00
3.944064383661854301e+00
3.934824613421600059e+00
3.925608338477998061e+00
3.916415494686054544e+00
3.907246018087280781e+00
3.898099844909158396e+00
3.888976911564606453e+00
3.879877154651358850e+00
3.870800510951399875e+00
3.861746917430394888e+00
3.852716311237131208e+00
3.843708629702952795e+00
3.834723810341198913e+00
3.825761790846647248e+00
3.816822509094954352e+00
3.807905903142099646e+00
3.799011911223832971e+00
3.790140471755121698e+00
3.781291523329600057e+00
3.772465004719020243e+00
3.763660854872707962e+00
3.754879012917011316e+00
3.746119418154765235e+00
3.737382010064744353e+00
3.728666728301123889e+00
3.719973512692944073e+00
3.711302303243571910e+00
3.702653040130166051e+00
3.694025663703143891e+00
3.685420114485653098e+00
3.676836333173037374e+00
3.668274260632314210e+00
3.659733837901643749e+00
3.651215006189806989e+00
3.642717706875683525e+00
3.634241881507728866e+00
3.625787471803456619e+00
3.617354419648918906e+00
3.608942667098192558e+00
3.600552156372863077e+00
3.592182829861514382e+00
3.583834630119213660e+00
3.575507499867006889e+00
3.567201381991406794e+00
3.558916219543890147e+00
3.550651955740391053e+00
3.542408533960798245e+00
3.534185897748456373e+00
3.525983990809661961e+00
3.517802757013170023e+00
3.509642140389695353e+00
3.501502085131417363e+00
3.493382535591487592e+00
3.485283436283538983e+00
3.477204731881192501e+00
3.469146367217573967e+00
3.461108287284822005e+00
3.453090437233605758e+00
3.445092762372640394e+00
3.437115208168204816e+00
3.429157720243661167e+00
3.421220244378974762e+00
3.413302726510237139e+00
3.405405112729190886e+00
3.397527349282754905e+00
3.389669382572549683e+00
3.381831159154427446e+00
3.374012625738000981e+00
3.366213729186177339e+00
3.358434416514688881e+00
3.350674634891628312e+00
3.342934331636985057e+00
3.335213454222182961e+00
3.327511950269618435e+00
3.319829767552200828e+00
3.312166853992895899e+00
3.304523157664267963e+00
3.296898626788025144e+00
3.289293209734565515e+00
3.281706855022526348e+00
3.274139511318329809e+00
3.266591127435738429e+00
3.259061652335403458e+00
3.251551035124419009e+00
3.244059225055879736e+00
3.236586171528434086e+00
3.229131824085843316e+00
3.221696132416541403e+00
3.214279046353194502e+00
3.206880515872263526e+00
3.199500491093568932e+00
3.192138922279852853e+00
3.184795759836347884e+00
3.177470954310342766e+00
3.170164456390753394e+00
3.162876216907691163e+00
3.155606186832036197e+00
3.148354317275010583e+00
3.141120559487751596e+00
3.133904864860888040e+00
3.126707184924118810e+00
3.119527471345789227e+00
3.112365675932473597e+00
3.105221750628553767e+00
3.098095647515803464e+00
3.090987318812970841e+00
3.083896716875365485e+00
3.076823794194444517e+00
3.069768503397398707e+00
3.062730797246743908e+00
3.055710628639910720e+00
3.048707950608835926e+00
3.041722716319555708e+00
3.034754879071800637e+00
3.027804392298591996e+00
3.020871209565835880e+00
3.013955284571925297e+00
3.007056571147337376e+00
3.000175023254234574e+00
2.993310594986066775e+00
2.986463240567175159e+00
2.979632914352396522e+00
2.972819570826668922e+00
2.966023164604639106e+00
2.959243650430270378e+00
2.952480983176453577e+00
2.945735117844617612e+00
2.939006009564339994e+00
2.932293613592960480e+00
2.925597885315198710e+00
2.918918780242767408e+00
2.912256254013987355e+00
2.905610262393411247e+00
2.898980761271438666e+00
2.892367706663937721e+00
2.885771054711868011e+00
2.879190761680902266e+00
2.872626783961051533e+00
2.866079078066290808e+00
2.859547600634184672e+00
2.853032308425516916e+00
2.846533158323917512e+00
2.840050107335494012e+00
2.833583112588462960e+00
2.827132131332780851e+00
