# tendency to change, top row gives equation number (%/hour)
0.000000000000000000e+00,0.000000000000000000e+00,0.000000000000000000e+00
0.000000000000000000e+00,2.454519096940158225e-63,1.324842258622187125e-66
-5.785822371487657726e+07,-6.310992058251032140e+05,-1.274063143113649217e+06
-5.809113680672144890e+07,-6.316442188046606025e+05,-1.279191990264756605e+06
-5.809062436715431511e+07,-6.302390670798817882e+05,-1.279180706123563927e+06
-5.809187552769929916e+07,-6.288573741176268086e+05,-1.279208257220610278e+06
-5.809321186337989569e+07,-6.274799074965653708e+05,-1.279237683911029715e+06
-5.809454074221581221e+07,-6.261056531581848394e+05,-1.279266946398499655e+06
-5.809587727710831910e+07,-6.247347656903930474e+05,-1.279296377475651680e+06
-5.809721159608289599e+07,-6.233671301580327563e+05,-1.279325759757331107e+06
-5.809854315823117644e+07,-6.220027324935020879e+05,-1.279355081332501722e+06
-5.809987803774752468e+07,-6.206416293652291643e+05,-1.279384475957553834e+06
-5.810121497422972322e+07,-6.192837987110954709e+05,-1.279413915877884720e+06
-5.810254582819864154e+07,-6.179291454538219841e+05,-1.279443221858639037e+06
-5.810387171745500714e+07,-6.165776735417022137e+05,-1.279472418514272664e+06
-5.810519340051117539e+07,-6.152293830325817689e+05,-1.279501522547556553e+06
-5.810651128693098575e+07,-6.138842702480672160e+05,-1.279530542977263685e+06
-5.810782561596221477e+07,-6.125423296976501588e+05,-1.279559485071733594e+06
-5.810913653654815257e+07,-6.112035549402334727e+05,-1.279588352110761916e+06
-5.811044414661768824e+07,-6.098679390070179943e+05,-1.279617146250785328e+06
-5.811174851377136260e+07,-6.085354746240422828e+05,-1.279645868980397237e+06
-5.811304968670345843e+07,-6.072061543350236025e+05,-1.279674521371866809e+06
-5.811434770196614414e+07,-6.058799705740296049e+05,-1.279703104230087949e+06
-5.811564258796855807e+07,-6.045569157084403560e+05,-1.279731618180643069e+06
-5.811693436760747433e+07,-6.032369820671468042e+05,-1.279760063727728557e+06
-5.811822305987061560e+07,-6.019201619577414822e+05,-1.279788441289462615e+06
-5.811950868097096682e+07,-6.006064476786359446e+05,-1.279816751222861698e+06
-5.812079124509182572e+07,-5.992958315270120511e+05,-1.279844993840248790e+06
-5.812207076492278278e+07,-5.979883058045125799e+05,-1.279873169421053724e+06
-5.812334725203634053e+07,-5.966838628212260082e+05,-1.279901278220108012e+06
-5.812462071713442355e+07,-5.953824948982835049e+05,-1.279929320473072818e+06
-5.812589117024483532e+07,-5.940841943699126132e+05,-1.279957296400764724e+06
-5.812715862088701874e+07,-5.927889535851485562e+05,-1.279985206212806050e+06
-5.812842307841443270e+07,-5.914967649113206426e+05,-1.280013050115163904e+06
-5.812968454928454757e+07,-5.902076207063001348e+05,-1.280040828250034247e+06
-5.813094303983070701e+07,-5.889215133468494751e+05,-1.280068540756880771e+06
-5.813219855913342535e+07,-5.876384352576058591e+05,-1.280096187835659832e+06
-5.813345111601819843e+07,-5.863583788804387441e+05,-1.280123769680712838e+06
-5.813470071904543787e+07,-5.850813366743229562e+05,-1.280151286480543669e+06
-5.813594737655177712e+07,-5.838073011157287983e+05,-1.280178738418728579e+06
-5.813719109669227898e+07,-5.825362646990164649e+05,-1.280206125674845651e+06
-5.813843188744986802e+07,-5.812682199364966946e+05,-1.280233448424682487e+06
-5.813966975669653714e+07,-5.800031593590053963e+05,-1.280260706841583597e+06
-5.814090471217105538e+07,-5.787410755156413652e+05,-1.280287901095959824e+06
-5.814213676154360175e+07,-5.774819609743682668e+05,-1.280315031356712338e+06
-5.814336591236408800e+07,-5.762258083214578219e+05,-1.280342097790093161e+06
-5.814459217214599252e+07,-5.749726101622765418e+05,-1.280369100561552215e+06
-5.814581554832971096e+07,-5.737223591208761791e+05,-1.280396039834930794e+06
-5.814703604826772213e+07,-5.724750478398029227e+05,-1.280422915772132808e+06
-5.814825367931877822e+07,-5.712306689809769159e+05,-1.280449728535201866e+06
-5.814946844874595106e+07,-5.699892152246413752e+05,-1.280476478284073528e+06
-5.815068036380109191e+07,-5.687506792701457161e+05,-1.280503165178437252e+06
-5.815188943168295920e+07,-5.675150538354841992e+05,-1.280529789376812289e+06
-5.815309565956172347e+07,-5.662823316574890632e+05,-1.280556351037088782e+06
-5.815429905457442999e+07,-5.650525054917364614e+05,-1.280582850316428114e+06
-5.815549962383449078e+07,-5.638255681125902338e+05,-1.280609287371470593e+06
-5.815669737441097200e+07,-5.626015123129504500e+05,-1.280635662357879570e+06
-5.815789230727504939e+07,-5.613803308457750827e+05,-1.280661975297041470e+06
-5.815908442013066262e+07,-5.601620164519359823e+05,-1.280688226138395490e+06
-5.816027373469052464e+07,-5.589465621226441581e+05,-1.280714415360065177e+06
-5.816146025860223174e+07,-5.577339607317540795e+05,-1.280740543130454142e+06
-5.816264399893538654e+07,-5.565242051662558224e+05,-1.280766609605237842e+06
-5.816382496269477904e+07,-5.553172883311798796e+05,-1.280792614938664716e+06
-5.816500315683696419e+07,-5.541132031497118296e+05,-1.280818559283921262e+06
-5.816617858832994103e+07,-5.529119425637124805e+05,-1.280844442794445669e+06
-5.816735126407184452e+07,-5.517134995328956284e+05,-1.280870265622138279e+06
-5.816852119095397741e+07,-5.505178670353804482e+05,-1.280896027918748092e+06
-5.816968837584318966e+07,-5.493250380674750777e+05,-1.280921729835486505e+06
-5.817085282558051497e+07,-5.481350056436164305e+05,-1.280947371522995643e+06
-5.817201454698846489e+07,-5.469477627963899868e+05,-1.280972953131510410e+06
-5.817317354685756564e+07,-5.457633025763554033e+05,-1.280998474810561165e+06
-5.817432983195983618e+07,-5.445816180521269562e+05,-1.281023936709270580e+06
-5.817548340905410051e+07,-5.434027023103742395e+05,-1.281049338976470986e+06
-5.817663428488778323e+07,-5.422265484557888703e+05,-1.281074681760743493e+06
-5.817778246614310890e+07,-5.410531496105386177e+05,-1.281099965209233575e+06
-5.817892795953247696e+07,-5.398824989151073387e+05,-1.281125189469751203e+06
-5.818007077172582597e+07,-5.387145895275698276e+05,-1.281150354689171305e+06
-5.818121090939287841e+07,-5.375494146239389665e+05,-1.281175461014364380e+06
-5.818234837916425616e+07,-5.363869673977553612e+05,-1.281200508591338992e+06
-5.818348318765074760e+07,-5.352272410602215677e+05,-1.281225497565667843e+06
-5.818461534146714211e+07,-5.340702288403733401e+05,-1.281250428083011648e+06
-5.818574484718923271e+07,-5.329159239846358541e+05,-1.281275300288171973e+06
-5.818687171138001233e+07,-5.317643197570191696e+05,-1.281300114325669128e+06
-5.818799594060286880e+07,-5.306154094391907565e+05,-1.281324870340031106e+06
-5.818911754138813913e+07,-5.294691863301240373e+05,-1.281349568475059234e+06
-5.819023652024216950e+07,-5.283256437461327296e+05,-1.281374208874026081e+06
-5.819135288366585970e+07,-5.271847750209962251e+05,-1.281398791680084076e+06
-5.819246663813983649e+07,-5.260465735057763522e+05,-1.281423317035939544e+06
-5.819357779013554752e+07,-5.249110325688722078e+05,-1.281447785084096482e+06
-5.819468634610236436e+07,-5.237781455958561273e+05,-1.281472195966572966e+06
-5.819579231245235354e+07,-5.226479059892926598e+05,-1.281496549824565416e+06
-5.819689569562175870e+07,-5.215203071692452068e+05,-1.281520846799802501e+06
-5.819799650200305134e+07,-5.203953425726186251e+05,-1.281545087033049669e+06
-5.819909473797769845e+07,-5.192730056534085888e+05,-1.281569270664829295e+06
-5.820019040990576893e+07,-5.181532898825630546e+05,-1.281593397835192736e+06
-5.820128352414537221e+07,-5.170361887481100857e+05,-1.281617468684148509e+06
-5.820237408703228831e+07,-5.159216957549299696e+05,-1.281641483351213159e+06
-5.820346210487963259e+07,-5.148098044247090002e+05,-1.281665441975404276e+06
-5.820454758397681266e+07,-5.137005082958841813e+05,-1.281689344695217442e+06
-5.820563053062877059e+07,-5.125938009239459643e+05,-1.281713191649489803e+06
-5.820671095109092444e+07,-5.114896758808177547e+05,-1.281736982975968858e+06
-5.820778885162596405e+07,-5.103881267553131329e+05,-1.281760718812561594e+06
-5.820886423847285658e+07,-5.092891471528168768e+05,-1.281784399296652526e+06
-5.820993711785311252e+07,-5.081927306952967774e+05,-1.281808024565242231e+06
-5.821100749596496671e+07,-5.070988710212088772e+05,-1.281831594754818594e+06
-5.821207537899572402e+07,-5.060075617855602759e+05,-1.281855110001628753e+06
-5.821314077312940359e+07,-5.049187966599317733e+05,-1.281878570441847201e+06
-5.821420368452946842e+07,-5.038325693322822917e+05,-1.281901976211196277e+06
-5.821526411933127791e+07,-5.027488735068408423e+05,-1.281925327444779221e+06
-5.821632208366250247e+07,-5.016677029042402864e+05,-1.281948624277530005e+06
-5.821737758363141865e+07,-5.005890512613709434e+05,-1.281971866843955591e+06
-5.821843062534423172e+07,-4.995129123314871686e+05,-1.281995055278517073e+06
-5.821948121487867832e+07,-4.984392798839363968e+05,-1.282018189715048764e+06
-5.822052935830277950e+07,-4.973681477042766055e+05,-1.282041270287171705e+06
-5.822157506165828556e+07,-4.962995095940919709e+05,-1.282064297127927188e+06
-5.822261833099178970e+07,-4.952333593712157453e+05,-1.282087270370464073e+06
-5.822365917230620235e+07,-4.941696908692725701e+05,-1.282110190146969166e+06
-5.822469759162585437e+07,-4.931084979381904122e+05,-1.282133056590100517e+06
-5.822573359493622929e+07,-4.920497744436449138e+05,-1.282155869831661461e+06
-5.822676718819119036e+07,-4.909935142670795321e+05,-1.282178630002758466e+06
-5.822779837736830860e+07,-4.899397113061299897e+05,-1.282201337235020241e+06
-5.822882716841305047e+07,-4.888883594741107663e+05,-1.282223991659368388e+06
-5.822985356723578274e+07,-4.878394526999477530e+05,-1.282246593405951979e+06
-5.823087757977355272e+07,-4.867929849286552053e+05,-1.282269142605507048e+06
-5.823189921189603955e+07,-4.857489501205047709e+05,-1.282291639387286967e+06
-5.823291846951507777e+07,-4.847073422519009328e+05,-1.282314083881472703e+06
-5.823393535848686844e+07,-4.836681553145204671e+05,-1.282336476217019837e+06
-5.823494988465987891e+07,-4.826313833156719920e+05,-1.282358816522714915e+06
-5.823596205387143791e+07,-4.815970202782258857e+05,-1.282381104927097913e+06
-5.823697187194951624e+07,-4.805650602405861719e+05,-1.282403341558503453e+06
-5.823797934470447898e+07,-4.795354972565813223e+05,-1.282425526544878259e+06
-5.823898447792244703e+07,-4.785083253953686799e+05,-1.282447660013635410e+06
-5.823998727739842236e+07,-4.774835387416646117e+05,-1.282469742092383094e+06
-5.824098774887344241e+07,-4.764611313951889751e+05,-1.282491772907541599e+06
-5.824198589810605347e+07,-4.754410974712104653e+05,-1.282513752585916547e+06
-5.824298173084782809e+07,-4.744234311003016774e+05,-1.282535681254159892e+06
-5.824397525279346853e+07,-4.734081264278944582e+05,-1.282557559037671890e+06
-5.824496646965280920e+07,-4.723951776148259523e+05,-1.282579386062185047e+06
-5.824595538712894171e+07,-4.713845788371181116e+05,-1.282601162453284254e+06
-5.824694201089119911e+07,-4.703763242857187288e+05,-1.282622888335810741e+06
-5.824792634660201520e+07,-4.693704081666794955e+05,-1.282644563834453467e+06
-5.824890839989615977e+07,-4.683668247009479092e+05,-1.282666189073292539e+06
-5.824988817643254250e+07,-4.673655681247430039e+05,-1.282687764176939847e+06
-5.825086568180578947e+07,-4.663666326888057520e+05,-1.282709289268591208e+06
-5.825184092163253576e+07,-4.653700126590517466e+05,-1.282730764471927425e+06
-5.825281390149517357e+07,-4.643757023160798126e+05,-1.282752189909875393e+06
-5.825378462681286782e+07,-4.633836959541084943e+05,-1.282773565701767337e+06
-5.825475309821414948e+07,-4.623939878442191985e+05,-1.282794891861443641e+06
-5.825571932624804229e+07,-4.614065723512424738e+05,-1.282816168621198507e+06
-5.825668331667113304e+07,-4.604214438165875035e+05,-1.282837396107794251e+06
-5.825764507499633729e+07,-4.594385965944855707e+05,-1.282858574442628073e+06
-5.825860460674738139e+07,-4.584580250539729604e+05,-1.282879703747334657e+06
