# tendency to change, top row gives equation number (%/hour)
0.000000000000000000e+00,0.000000000000000000e+00,0.000000000000000000e+00
0.000000000000000000e+00,4.426087602145824826e-33,1.669877917704183411e-36
5.785822371487657726e+07,8.126671742387104302e+01,-3.464812893867492694e+00
5.809113680672144890e+07,1.055701546375371197e-02,-3.478765708923339695e+00
5.809062436715431511e+07,-1.275019922020258038e-02,-3.478734600067138860e+00
5.809187552769929916e+07,-2.688300937543079172e+01,-3.478809444427490405e+00
5.809321186337989569e+07,-2.819721556346965405e-02,-3.478889564514160426e+00
5.809454074221581221e+07,-9.704144642283725475e-02,-3.478969078063964826e+00
5.809587727710831910e+07,-1.082050549641788983e-01,-3.479048820495605376e+00
5.809721159608289599e+07,-1.159703389505929855e-01,-3.479129013061523334e+00
5.809854315823117644e+07,-1.218568553291539264e-01,-3.479209030151367177e+00
5.809987803774752468e+07,-2.734035596880813115e-03,-3.479288749694824379e+00
5.810121497422972322e+07,-6.626237910404062133e-03,-3.479368804931640913e+00
5.810254582819864154e+07,-1.004233527305691334e-02,-3.479448501586914322e+00
5.810387171745500714e+07,-1.304628257684891691e-02,-3.479527923583984439e+00
5.810519340051117539e+07,-1.569411900562880241e-02,-3.479607070922851708e+00
5.810651128693098575e+07,-1.803241349338434787e-02,-3.479685989379882827e+00
5.810782561596221477e+07,-2.010965323775470298e-02,-3.479764694213867138e+00
5.810913653654815257e+07,-2.195736781887813391e-02,-3.479843200683593984e+00
5.811044414661768824e+07,-2.361022808113373214e-02,-3.479921524047851822e+00
5.811174851377136260e+07,-2.509373928134032289e-02,-3.479999633789062408e+00
5.811304968670345843e+07,-2.642879479824157551e-02,-3.480077514648437731e+00
5.811434770196614414e+07,-2.763755518616506368e-02,-3.480155273437500085e+00
5.811564258796855807e+07,-2.872934587668547063e-02,-3.480232788085937390e+00
5.811693436760747433e+07,-2.972198511075423155e-02,-3.480310180664062614e+00
5.811822305987061560e+07,-3.062687396988969524e-02,-3.480387298583984546e+00
5.811950868097096682e+07,-3.144996783422598224e-02,-3.480464294433593953e+00
5.812079124509182572e+07,-3.220183328103021908e-02,-3.480541076660156108e+00
5.812207076492278278e+07,-3.289394552695831808e-02,-3.480617767333984425e+00
5.812334725203634053e+07,-3.352103045398113074e-02,-3.480694122314453409e+00
5.812462071713442355e+07,-3.410237596292874096e-02,-3.480770477294921950e+00
5.812589117024483532e+07,-3.463549917183011279e-02,-3.480846496582031158e+00
5.812715862088701874e+07,-3.512299538797306053e-02,-3.480922424316406527e+00
5.812842307841443270e+07,-3.562159098872796914e-02,-3.480998138427734645e+00
5.812968454928454757e+07,-3.624446708645003706e-02,-3.481073699951171996e+00
5.813094303983070701e+07,-3.682614007275394202e-02,-3.481149108886719024e+00
5.813219855913342535e+07,-3.736372643055644455e-02,-3.481224273681640557e+00
5.813345111601819843e+07,-3.786556862957734387e-02,-3.481299224853515728e+00
5.813470071904543787e+07,-3.832981962156441214e-02,-3.481374084472656172e+00
5.813594737655177712e+07,-3.876257426263587935e-02,-3.481448760986328050e+00
5.813719109669227898e+07,-3.916478869831153259e-02,-3.481523193359374879e+00
5.813843188744986802e+07,-3.953586521330550857e-02,-3.481597534179687425e+00
5.813966975669653714e+07,-3.988092869731905965e-02,-3.481671630859374922e+00
5.814090471217105538e+07,-4.020200059116107311e-02,-3.481745605468749893e+00
5.814213676154360175e+07,-4.050549665607394711e-02,-3.481819458007812784e+00
5.814336591236408800e+07,-4.077529675559954381e-02,-3.481893005371093697e+00
5.814459217214599252e+07,-4.103648058891450068e-02,-3.481966491699219013e+00
5.814581554832971096e+07,-4.127309734100103461e-02,-3.482039672851562351e+00
5.814703604826772213e+07,-4.148944347640095426e-02,-3.482112854003906133e+00
5.814825367931877822e+07,-4.169250541868852605e-02,-3.482185729980468825e+00
5.814946844874595106e+07,-4.187789712043402113e-02,-3.482258422851562507e+00
5.815068036380109191e+07,-4.205205403256086910e-02,-3.482330932617187624e+00
5.815188943168295920e+07,-4.220304975303674350e-02,-3.482403442382812742e+00
5.815309565956172347e+07,-4.234987896272868202e-02,-3.482475769042968849e+00
5.815429905457442999e+07,-4.248320340252571131e-02,-3.482547790527343867e+00
5.815549962383449078e+07,-4.259895719723377078e-02,-3.482619628906249876e+00
5.815669737441097200e+07,-4.270784208132426957e-02,-3.482691284179687763e+00
5.815789230727504939e+07,-4.284871690281905759e-02,-3.482762817382812681e+00
5.815908442013066262e+07,-4.307022231946228130e-02,-3.482834289550781115e+00
5.816027373469052464e+07,-4.327452613455620711e-02,-3.482905395507812418e+00
5.816146025860223174e+07,-4.346926776085235922e-02,-3.482976501464843722e+00
5.816264399893538654e+07,-4.364813208719568738e-02,-3.483047546386718984e+00
5.816382496269477904e+07,-4.381443875196018578e-02,-3.483118225097656229e+00
5.816500315683696419e+07,-4.396668072052131032e-02,-3.483188781738281392e+00
5.816617858832994103e+07,-4.410377913028259989e-02,-3.483259155273437546e+00
5.816735126407184452e+07,-4.423692735021549083e-02,-3.483329345703125135e+00
5.816852119095397741e+07,-4.435417624911534157e-02,-3.483399475097656239e+00
5.816968837584318966e+07,-4.446682571414087293e-02,-3.483469360351562738e+00
5.817085282558051497e+07,-4.455853649725274868e-02,-3.483539062500000227e+00
5.817201454698846489e+07,-4.464700625407513196e-02,-3.483608581542968707e+00
5.817317354685756564e+07,-4.473046880903259331e-02,-3.483677978515625107e+00
5.817432983195983618e+07,-4.479507091145611825e-02,-3.483747314453125021e+00
5.817548340905410051e+07,-4.485967863430427582e-02,-3.483816345214843846e+00
5.817663428488778323e+07,-4.491501314859735333e-02,-3.483885253906250146e+00
5.817778246614310890e+07,-4.495943741087199408e-02,-3.483953918457031396e+00
5.817892795953247696e+07,-4.500295816359653478e-02,-3.484022705078125171e+00
5.818007077172582597e+07,-4.503852993167649366e-02,-3.484091003417968846e+00
5.818121090939287841e+07,-4.506092749637254091e-02,-3.484159362792969006e+00
5.818234837916425616e+07,-4.507996150981923023e-02,-3.484227416992187631e+00
5.818348318765074760e+07,-4.509601815040023554e-02,-3.484295532226562742e+00
5.818461534146714211e+07,-4.510030701641486867e-02,-3.484363159179687752e+00
5.818574484718923271e+07,-4.510583535304604763e-02,-3.484430786132812763e+00
5.818687171138001233e+07,-4.510251896170705543e-02,-3.484498168945312724e+00
5.818799594060286880e+07,-4.509215112613483567e-02,-3.484565795898437734e+00
5.818911754138813913e+07,-4.508206694976430590e-02,-3.484632812500000121e+00
5.819023652024216950e+07,-4.506232637524379414e-02,-3.484699829101562507e+00
5.819135288366585970e+07,-4.504010616686133367e-02,-3.484766723632812369e+00
5.819246663813983649e+07,-4.501248267616521359e-02,-3.484833374023437624e+00
5.819357779013554752e+07,-4.497956266832607575e-02,-3.484899902343749911e+00
5.819468634610236436e+07,-4.494794857055133680e-02,-3.484966308593750117e+00
5.819579231245235354e+07,-4.490879889280078446e-02,-3.485032592773437354e+00
5.819689569562175870e+07,-4.486806245531282239e-02,-3.485098754882812511e+00
5.819799650200305134e+07,-4.481709694777371439e-02,-3.485164672851562617e+00
5.819909473797769845e+07,-4.476842489657181789e-02,-3.485230224609375149e+00
5.820019040990576893e+07,-4.471631170443987613e-02,-3.485295898437500206e+00
5.820128352414537221e+07,-4.465782063421503550e-02,-3.485361328125000213e+00
5.820237408703228831e+07,-4.459889964932706868e-02,-3.485426879882812745e+00
5.820346210487963259e+07,-4.453723676932550696e-02,-3.485491821289062653e+00
5.820454758397681266e+07,-4.447012008061172056e-02,-3.485556884765625085e+00
5.820563053062877059e+07,-4.440310396270730903e-02,-3.485621704101562468e+00
5.820671095109092444e+07,-4.433388813957049590e-02,-3.485686401367187770e+00
5.820778885162596405e+07,-4.425977500482106836e-02,-3.485750976562500103e+00
5.820886423847285658e+07,-4.418378116350397955e-02,-3.485815551757812436e+00
5.820993711785311252e+07,-4.410342652390097234e-02,-3.485879638671875114e+00
5.821100749596496671e+07,-4.402150404509162090e-02,-3.485943725585937791e+00
5.821207537899572402e+07,-4.394085151823205748e-02,-3.486007690429687500e+00
5.821314077312940359e+07,-4.385650786918885574e-02,-3.486071289062500078e+00
5.821420368452946842e+07,-4.377096920472407088e-02,-3.486135131835937706e+00
5.821526411933127791e+07,-4.367924346680883418e-02,-3.486198486328125234e+00
5.821632208366250247e+07,-4.358964231680828583e-02,-3.486262084960937369e+00
5.821737758363141865e+07,-4.349424106404843615e-02,-3.486325195312500291e+00
5.821843062534423172e+07,-4.340097280997323032e-02,-3.486388183593750245e+00
5.821948121487867832e+07,-4.329990981849950182e-02,-3.486451171875000199e+00
5.822052935830277950e+07,-4.320621459495474492e-02,-3.486514038085937628e+00
5.822157506165828556e+07,-4.310969790830691123e-02,-3.486576660156250007e+00
5.822261833099178970e+07,-4.300639826698698931e-02,-3.486638916015625256e+00
5.822365917230620235e+07,-4.290087127737055028e-02,-3.486701416015625110e+00
5.822469759162585437e+07,-4.280253725722443087e-02,-3.486763427734374865e+00
5.822573359493622929e+07,-4.269345293625909782e-02,-3.486825439453125064e+00
5.822676718819119036e+07,-4.258880552952613863e-02,-3.486887451171875263e+00
5.822779837736830860e+07,-4.247855592895219412e-02,-3.486949096679687443e+00
5.822882716841305047e+07,-4.237126607482406132e-02,-3.487010986328125117e+00
5.822985356723578274e+07,-4.225801297381433230e-02,-3.487072387695312692e+00
5.823087757977355272e+07,-4.214361071445053147e-02,-3.487133422851562692e+00
5.823189921189603955e+07,-4.203481695673053770e-02,-3.487194946289062791e+00
5.823291846951507777e+07,-4.192063641948393787e-02,-3.487255859375000266e+00
5.823393535848686844e+07,-4.180327918229787693e-02,-3.487316772460937742e+00
5.823494988465987891e+07,-4.169157608145928479e-02,-3.487377563476562692e+00
5.823596205387143791e+07,-4.157486484148052025e-02,-3.487438110351562592e+00
5.823697187194951624e+07,-4.145546996850355687e-02,-3.487498657226562493e+00
5.823797934470447898e+07,-4.133406316004327452e-02,-3.487558837890625263e+00
5.823898447792244703e+07,-4.121789295577955176e-02,-3.487619140625000114e+00
5.823998727739842236e+07,-4.109561089681611906e-02,-3.487679199218749915e+00
5.824098774887344241e+07,-4.097504486799340151e-02,-3.487739135742187635e+00
5.824198589810605347e+07,-4.085637927307732981e-02,-3.487798828124999861e+00
5.824298173084782809e+07,-4.073010485638187822e-02,-3.487858398437500007e+00
5.824397525279346853e+07,-4.060923134697744241e-02,-3.487917724609375103e+00
5.824496646965280920e+07,-4.048503985879070566e-02,-3.487977172851562724e+00
5.824595538712894171e+07,-4.035928638007179464e-02,-3.488036499023437376e+00
5.824694201089119911e+07,-4.023383997090619613e-02,-3.488095703124999947e+00
5.824792634660201520e+07,-4.011055363095188120e-02,-3.488154663085937468e+00
5.824890839989615977e+07,-3.998762877786919689e-02,-3.488213378906249940e+00
5.824988817643254250e+07,-3.985819063522320904e-02,-3.488272094726562411e+00
5.825086568180578947e+07,-3.972920493924084195e-02,-3.488330444335937752e+00
5.825184092163253576e+07,-3.959775501056428393e-02,-3.488389038085937699e+00
5.825281390149517357e+07,-3.947201545338883261e-02,-3.488447387695312596e+00
5.825378462681286782e+07,-3.934425266345895067e-02,-3.488505371093749918e+00
5.825475309821414948e+07,-3.923198487075119090e-02,-3.488563476562500210e+00
5.825571932624804229e+07,-3.912839081448567236e-02,-3.488621215820312482e+00
5.825668331667113304e+07,-3.902025012223405559e-02,-3.488679199218750249e+00
5.825764507499633729e+07,-3.890790592496392447e-02,-3.488736328124999897e+00
5.825860460674738139e+07,-3.879644273586022735e-02,-3.488793945312500089e+00
