# particle_size
1.197588059126884596e+00
1.196640352119793915e+00
1.196792635219961154e+00
1.196946704725234900e+00
1.197100760004975673e+00
1.197254799003873327e+00
1.197408821760114206e+00
1.197562828265106516e+00
1.197716818521961102e+00
1.197870792529458717e+00
1.198024750283256834e+00
1.198178691782500360e+00
1.198332617029577163e+00
1.198486526022548793e+00
1.198640418759661985e+00
1.198794295239346219e+00
1.198948155460130005e+00
1.199101999420603581e+00
1.199255827119400042e+00
1.199409638555186008e+00
1.199563433726655415e+00
1.199717212632525953e+00
1.199870975271539075e+00
1.200024721642456882e+00
1.200178451744061681e+00
1.200332165575155985e+00
1.200485863134560738e+00
1.200639544421117311e+00
1.200793209433685060e+00
1.200946858171142440e+00
1.201100490632385887e+00
1.201254106816330269e+00
1.201407706721908886e+00
1.201561290348074573e+00
1.201714857693797711e+00
1.201868408758065110e+00
1.202021943539882898e+00
1.202175462038273190e+00
1.202328964252276977e+00
1.202482450180953455e+00
1.202635919823378030e+00
1.202789373178644983e+00
1.202942810245865468e+00
1.203096231024169072e+00
1.203249635512701143e+00
1.203403023710625908e+00
1.203556395617124020e+00
1.203709751231393676e+00
1.203863090552649950e+00
1.204016413580125899e+00
1.204169720313070568e+00
1.204323010750750322e+00
1.204476284892448845e+00
1.204629542737466252e+00
1.204782784285119535e+00
1.204936009534742780e+00
1.205089218485689173e+00
1.205242411137330327e+00
1.205395587489043630e+00
1.205548747540228449e+00
1.205701891290302363e+00
1.205855018738698270e+00
1.206008129884865498e+00
1.206161224728270476e+00
1.206314303268395394e+00
1.206467365504738654e+00
1.206620411436814644e+00
1.206773441064154628e+00
1.206926454386304970e+00
1.207079451402828907e+00
1.207232432113305221e+00
1.207385396517328235e+00
1.207538344614508707e+00
1.207691276404473157e+00
1.207844191886863205e+00
1.207997091061337125e+00
1.208149973927568066e+00
1.208302840485245166e+00
1.208455690734072663e+00
1.208608524673770779e+00
1.208761342304074837e+00
1.208914143624735704e+00
1.209066928635519789e+00
1.209219697336208155e+00
1.209372449726597631e+00
1.209525185806499925e+00
1.209677905575742285e+00
1.209830609034166615e+00
1.209983296181630141e+00
1.210135967018004521e+00
1.210288621543177401e+00
1.210441259757049526e+00
1.210593881659538962e+00
1.210746487250575987e+00
1.210899076530107310e+00
1.211051649498094074e+00
1.211204206154511187e+00
1.211356746499349102e+00
1.211509270532612259e+00
1.211661778254319755e+00
1.211814269664505339e+00
1.211966744763216308e+00
1.212119203550515945e+00
1.212271646026479965e+00
1.212424072191199409e+00
1.212576482044779524e+00
1.212728875587339106e+00
1.212881252819011824e+00
1.213033613739944450e+00
1.213185958350298632e+00
1.213338286650249565e+00
1.213490598639986429e+00
1.213642894319712395e+00
1.213795173689644180e+00
1.213947436750012487e+00
1.214099683501061788e+00
1.214251913943049654e+00
1.214404128076248091e+00
1.214556325900942646e+00
1.214708507417431971e+00
1.214860672626028260e+00
1.215012821527057918e+00
1.215164954120858898e+00
1.215317070407784694e+00
1.215469170388200792e+00
1.215621254062486445e+00
1.215773321431034226e+00
1.215925372494249146e+00
1.216077407252550424e+00
1.216229425706369716e+00
1.216381427856151332e+00
1.216533413702353350e+00
1.216685383245447172e+00
1.216837336485915744e+00
1.216989273424256224e+00
1.217141194060977760e+00
1.217293098396602380e+00
1.217444986431665432e+00
1.217596858166714036e+00
1.217748713602309074e+00
1.217900552739022979e+00
1.218052375577441504e+00
1.218204182118162615e+00
1.218355972361796935e+00
1.218507746308967077e+00
1.218659503960308976e+00
1.218811245316472114e+00
1.218962970378114630e+00
1.219114679145908431e+00
1.219266371620538081e+00
1.219418047802700134e+00
