# conc_vs_time
0.000000000000000000e+00,0.000000000000000000e+00,0.000000000000000000e+00,3.834500406378209280e+17,9.999999999999999293e-41,9.999999999999999293e-41,9.999999999999999293e-41,9.999999999999999293e-41,4.022631553875070801e+11,1.351569783609885712e+11,9.999999999999999293e-41,9.999999999999999293e-41,9.999999999999999293e-41,1.499670124319723500e+15,9.999999999999999293e-41
1.274063143113649130e+09,5.737191024443283081e+09,5.737190979924302101e+09,3.834500431557324800e+17,9.999999999999999293e-41,6.243271312807294726e+07,8.056892086310500634e-02,9.136514861831572520e-02,3.987979808157772827e+11,1.348400210021134338e+11,1.263354377474291921e+08,3.029711920734562796e+02,3.435692785852948532e+02,1.499670134160984000e+15,9.999999999999999293e-41
1.279191990264756680e+09,1.270293233863905525e+10,1.270293224481483078e+10,3.834500430850444160e+17,9.999999999999999293e-41,1.378495679498613775e+08,1.780005116709033330e-01,2.018525634384495393e-01,3.979337281521287842e+11,1.345238695371110077e+11,2.797240862720401287e+08,6.708202075299593616e+02,7.607100274440197154e+02,1.499670133897154750e+15,9.999999999999999293e-41
1.279180706123564005e+09,1.967381269123970795e+10,1.967381254807586670e+10,3.834500430104280960e+17,9.999999999999999293e-41,2.129778890845422745e+08,2.750858721326533418e-01,3.119473530781453063e-01,3.970756357204179688e+11,1.342085225070356445e+11,4.332258986540495157e+08,1.038940607563381491e+03,1.178158526486153050e+03,1.499670133605319500e+15,9.999999999999999293e-41
1.279208257220610142e+09,2.664481754776903915e+10,2.664481735526291656e+10,3.834500429359690240e+17,9.999999999999999293e-41,2.877645404874109030e+08,3.717530839774232376e-01,4.215679622255633641e-01,3.962195838858718872e+11,1.338939777156684265e+11,5.867304526665930748e+08,1.407067582433741336e+03,1.595614481391899972e+03,1.499670133314068500e+15,9.999999999999999293e-41
1.279237683911029577e+09,3.361598230799816513e+10,3.361598206614814758e+10,3.834500428616729600e+17,9.999999999999999293e-41,3.622111716435247660e+08,4.680057161094596241e-01,5.307184380174172489e-01,3.953655609861612549e+11,1.335802329723337402e+11,7.402385278280738592e+08,1.775203001547789654e+03,2.013080012069097847e+03,1.499670133023495750e+15,9.999999999999999293e-41
1.279266946398499727e+09,4.058730856435675812e+10,4.058730827316181946e+10,3.834500427875397120e+17,9.999999999999999293e-41,4.363190604797881246e+08,5.638436630410613715e-01,6.393986608310383568e-01,3.945135618193219604e+11,1.332672860927418823e+11,8.937501592044513226e+08,2.143346948999270353e+03,2.430555213880175415e+03,1.499670132733542000e+15,9.999999999999999293e-41
1.279296377475651741e+09,4.755879561307135773e+10,4.755879527253040314e+10,3.834500427135689600e+17,9.999999999999999293e-41,5.100894556659528613e+08,6.592689174051499235e-01,7.476108903122093974e-01,3.936635811825289917e+11,1.329551348989503174e+11,1.047265331298320532e+09,2.511499387623052826e+03,2.848040044679873972e+03,1.499670132444222750e+15,9.999999999999999293e-41
1.279325759757331133e+09,5.453044328403298950e+10,5.453044289414601898e+10,3.834500426397601280e+17,9.999999999999999293e-41,5.835236071967499256e+08,7.542829379622603136e-01,8.553567806946960062e-01,3.928156138928192139e+11,1.326437772193488464e+11,1.200784040363786936e+09,2.879660308436041760e+03,3.265534494281334901e+03,1.499670132155536500e+15,9.999999999999999293e-41
1.279355081332501650e+09,6.150225120913916779e+10,6.150225076990383911e+10,3.834500425661130240e+17,9.999999999999999293e-41,6.566227585292388201e+08,8.488871768123300576e-01,9.626379786593945997e-01,3.919696547795098877e+11,1.323332108886384277e+11,1.354306278295127869e+09,3.247829691999323131e+03,3.683038540640779502e+03,1.499670131867483000e+15,9.999999999999999293e-41
1.279384475957553864e+09,6.847421888018325806e+10,6.847421839159863281e+10,3.834500424926269440e+17,9.999999999999999293e-41,7.293881472388116121e+08,9.430830816630633162e-01,1.069456125907952693e+00,3.911256986846187744e+11,1.320234337478104858e+11,1.507832033901365042e+09,3.616007511475362662e+03,4.100552153324539177e+03,1.499670131580058250e+15,9.999999999999999293e-41
1.279413915877884626e+09,7.544634594630039978e+10,7.544634540836648560e+10,3.834500424193018240e+17,9.999999999999999293e-41,8.018210082141315937e+08,1.036872090126220503e+00,1.175812852691015431e+00,3.902837404660876465e+11,1.317144436441289520e+11,1.661361299456345081e+09,3.984193748335585042e+03,4.518075311321224035e+03,1.499670131293263250e+15,9.999999999999999293e-41
1.279443221858639002e+09,8.241863220426426697e+10,8.241863161697944641e+10,3.834500423461373440e+17,9.999999999999999293e-41,8.739225735510553122e+08,1.130255644314433816e+00,1.281709794364362276e+00,3.894437749975588989e+11,1.314062384311123047e+11,1.814894070484958887e+09,4.352388391847972343e+03,4.935608002460649004e+03,1.499670131007097000e+15,9.999999999999999293e-41
1.279472418514272690e+09,8.939107725439682007e+10,8.939107661775933838e+10,3.834500422731327360e+17,9.999999999999999293e-41,9.456940689078192711e+08,1.223235176295180526e+00,1.387148574892393071e+00,3.886057971647507935e+11,1.310988159685126190e+11,1.968430338185999155e+09,4.720591420906202075e+03,5.353150202808233189e+03,1.499670130721556250e+15,9.999999999999999293e-41
1.279501522547556639e+09,9.636368070562052917e+10,9.636368001962953186e+10,3.834500422002878080e+17,9.999999999999999293e-41,1.017136715709586024e+09,1.315812113392899496e+00,1.492130812860921196e+00,3.877698018675521240e+11,1.307921741222964478e+11,2.121970093947841167e+09,5.088802814858128841e+03,5.770701888944502571e+03,1.499670130436639750e+15,9.999999999999999293e-41
1.279530542977263689e+09,1.033364421752385559e+11,1.033364414398930664e+11,3.834500421276021120e+17,9.999999999999999293e-41,1.088251731160220385e+09,1.407987878201467646e+00,1.596658121491294935e+00,3.869357840199882202e+11,1.304863107646257935e+11,2.275513329343345642e+09,5.457022553494180102e+03,6.188263037951793194e+03,1.499670130152346250e+15,9.999999999999999293e-41
1.279559485071733475e+09,1.103093612851219635e+11,1.103093605004214020e+11,3.834500420550755200e+17,9.999999999999999293e-41,1.159040328216533899e+09,1.499763888547517521e+00,1.700732108598677073e+00,3.861037385501388550e+11,1.301812237738391418e+11,2.429060036045966625e+09,5.825250616846001321e+03,6.605833627186022568e+03,1.499670129868675250e+15,9.999999999999999293e-41
1.279588352110761881e+09,1.172824376600024719e+11,1.172824368259454041e+11,3.834500419827073920e+17,9.999999999999999293e-41,1.229503715584861279e+09,1.591141557483069846e+00,1.804354376584089703e+00,3.852736604000798340e+11,1.298769110344325104e+11,2.582610205792085648e+09,6.193486985096315038e+03,7.023413634174338767e+03,1.499670129585624250e+15,9.999999999999999293e-41
1.279617146250785351e+09,1.242556709266302795e+11,1.242556700432160339e+11,3.834500419104975360e+17,9.999999999999999293e-41,1.299643097727088213e+09,1.682122293290263748e+00,1.907526522439221273e+00,3.844455445258312988e+11,1.295733704370405273e+11,2.736163830362607002e+09,6.561731638534425656e+03,7.441003036564869035e+03,1.499670129303192000e+15,9.999999999999999293e-41
1.279645868980397224e+09,1.312290607133325195e+11,1.312290597805597229e+11,3.834500418384455040e+17,9.999999999999999293e-41,1.369459674870812178e+09,1.772707499491384286e+00,2.010250137758124556e+00,3.836193858973130493e+11,1.292705998784176025e+11,2.889720901573143959e+09,6.929984557532919098e+03,7.858601812100081588e+03,1.499670129021376750e+15,9.999999999999999293e-41
1.279674521371866703e+09,1.382026066497663879e+11,1.382026056676337891e+11,3.834500417665511040e+17,9.999999999999999293e-41,1.438954643021484613e+09,1.862898574861318046e+00,2.112526808751628682e+00,3.827951794983027954e+11,1.289685972614191437e+11,3.043281411268560410e+09,7.298245722534619745e+03,8.276209938602149123e+03,1.499670128740178250e+15,9.999999999999999293e-41
1.279703104230087996e+09,1.451763083667720947e+11,1.451763073352789001e+11,3.834500416948136960e+17,9.999999999999999293e-41,1.508129193975810051e+09,1.952696913442236282e+00,2.214358116263169585e+00,3.819729203263894653e+11,1.286673604949828796e+11,3.196845351319822311e+09,7.666515114044820621e+03,8.693827393964100338e+03,1.499670128459594250e+15,9.999999999999999293e-41
1.279731618180643082e+09,1.521501654962865601e+11,1.521501644154312744e+11,3.834500416232328320e+17,9.999999999999999293e-41,1.576984515335481167e+09,2.042103904557861060e+00,2.315745635785969370e+00,3.811526033929360962e+11,1.283668874941101074e+11,3.350412713622022629e+09,8.034792712626732282e+03,9.111454156144583976e+03,1.499670128179622000e+15,9.999999999999999293e-41
1.279760063727728605e+09,1.591241776712830200e+11,1.591241765410649719e+11,3.834500415518083840e+17,9.999999999999999293e-41,1.645521790521291018e+09,2.131120932828994619e+00,2.416690937479820445e+00,3.803342237230379639e+11,1.280671761798471985e+11,3.503983490093028545e+09,8.403078498898295948e+03,9.529090203164383638e+03,1.499670127900261750e+15,9.999999999999999293e-41
1.279788441289462566e+09,1.660983445257361755e+11,1.660983433461540833e+11,3.834500414805400960e+17,9.999999999999999293e-41,1.713742198787375689e+09,2.219749378189118438e+00,2.517195586188926359e+00,3.795177763554797363e+11,1.277682244792669678e+11,3.657557672672862530e+09,8.771372453530333587e+03,9.946735513104187703e+03,1.499670127621512250e+15,9.999999999999999293e-41
1.279816751222861767e+09,1.730726656945944519e+11,1.730726644656472473e+11,3.834500414094272640e+17,9.999999999999999293e-41,1.781646915235628843e+09,2.307990615899303766e+00,2.617261141459533924e+00,3.787032563426972046e+11,1.274700303254502258e+11,3.811135253322891712e+09,9.139674557245087271e+03,1.036439006410302682e+04,1.499670127343370750e+15,9.999999999999999293e-41
1.279844993840248823e+09,1.800471408137624817e+11,1.800471395354492188e+11,3.834500413384696320e+17,9.999999999999999293e-41,1.849237110829966545e+09,2.395846016564584069e+00,2.716889157557397017e+00,3.778906587507360840e+11,1.271725916574673767e+11,3.964716224025611877e+09,9.507984790815298766e+03,1.078205383435720069e+04,1.499670127065836500e+15,9.999999999999999293e-41
1.279873169421053648e+09,1.870217695200870667e+11,1.870217681924066162e+11,3.834500412676668800e+17,9.999999999999999293e-41,1.916513952410759449e+09,2.483316946148916404e+00,2.816081183485559247e+00,3.770799786592119141e+11,1.268759064203600311e+11,4.118300576784196854e+09,9.876303135063457376e+03,1.119972680211940315e+04,1.499670126788907500e+15,9.999999999999999293e-41
1.279901278220108032e+09,1.939965514513464050e+11,1.939965500742977905e+11,3.834500411970186880e+17,9.999999999999999293e-41,1.983478602709165812e+09,2.570404765991193941e+00,2.914838763002458588e+00,3.762712111612713623e+11,1.265799725651226959e+11,4.271888303622387886e+09,1.024462957086124879e+04,1.161740894569813827e+04,1.499670126512583500e+15,9.999999999999999293e-41
1.279929320473072767e+09,2.009714862462431335e+11,2.009714848198251343e+11,3.834500411265247360e+17,9.999999999999999293e-41,2.050132220361457586e+09,2.657110832820851254e+00,3.013163434638668203e+00,3.754643513635507202e+11,1.262847880486845398e+11,4.425479396584271431e+09,1.061296407912916766e+04,1.203510024345722559e+04,1.499670126236862750e+15,9.999999999999999293e-41
1.279957296400764704e+09,2.079465735443971558e+11,2.079465720686087646e+11,3.834500410561845120e+17,9.999999999999999293e-41,2.116475959923299313e+09,2.743436498773005550e+00,3.111056731715587720e+00,3.746593943861374512e+11,1.259903508338912201e+11,4.579073847734052658e+09,1.098130664083614647e+04,1.245280067381546542e+04,1.499670125961743000e+15,9.999999999999999293e-41
1.279985206212805986e+09,2.149218129863399658e+11,2.149218114611801758e+11,3.834500409859975680e+17,9.999999999999999293e-41,2.182510971883982658e+09,2.829383111404333295e+00,3.208520182362401663e+00,3.738563353625290527e+11,1.256966588894867096e+11,4.732671649156156540e+09,1.134965723699926639e+04,1.287051021524621501e+04,1.499670125687223000e+15,9.999999999999999293e-41
1.280013050115163803e+09,2.218972042135052795e+11,2.218972026389730835e+11,3.834500409159637760e+17,9.999999999999999293e-41,2.248238402680631161e+09,2.914952013707476031e+00,3.305555309532473451e+00,3.730551694395971680e+11,1.254037101900952911e+11,4.886272792954716682e+09,1.171801584868324790e+04,1.328822884627687381e+04,1.499670125413302000e+15,9.999999999999999293e-41
1.280040828250034332e+09,2.288727468682844849e+11,2.288727452443789673e+11,3.834500408460827520e+17,9.999999999999999293e-41,2.313659394712936878e+09,3.000144544126718937e+00,3.402163631021658308e+00,3.722558917775455322e+11,1.251115027162034912e+11,5.039877271255139351e+09,1.208638245700338484e+04,1.370595654549218852e+04,1.499670125139978500e+15,9.999999999999999293e-41
1.280068540756880760e+09,2.358484405939656067e+11,2.358484389206856384e+11,3.834500407763539840e+17,9.999999999999999293e-41,2.378775086356679440e+09,3.084962036579840028e+00,3.498346659492431066e+00,3.714584975498713989e+11,1.248200344541421509e+11,5.193485076202391624e+09,1.245475704312232483e+04,1.412369329153058970e+04,1.499670124867250500e+15,9.999999999999999293e-41
1.280096187835659742e+09,2.428242850346696777e+11,2.428242833120141602e+11,3.834500407067771520e+17,9.999999999999999293e-41,2.443586611977210999e+09,3.169405820463391699e+00,3.594105902480436043e+00,3.706629819433261108e+11,1.245293033960685425e+11,5.347096199959874153e+09,1.282313958824668953e+04,1.454143906308040823e+04,1.499670124595116750e+15,9.999999999999999293e-41
1.280123769680712700e+09,2.498002798354118958e+11,2.498002780633798218e+11,3.834500406373521280e+17,9.999999999999999293e-41,2.508095101944101810e+09,3.253477220672053249e+00,3.689442862416191016e+00,3.698693401578781128e+11,1.242393075399484863e+11,5.500710634710663795e+09,1.319153007363034521e+04,1.495919383888351513e+04,1.499670124323577250e+15,9.999999999999999293e-41
1.280151286480543613e+09,2.567764246421002502e+11,2.567764228206905518e+11,3.834500405680781440e+17,9.999999999999999293e-41,2.572301682645205498e+09,3.337177557614491974e+00,3.784359036642848118e+00,3.690775674066708984e+11,1.239500448895386200e+11,5.654328372657524109e+09,1.355992848057428637e+04,1.537695759773523605e+04,1.499670124052628000e+15,9.999999999999999293e-41
1.280178738418728590e+09,2.637527191015318298e+11,2.637527172307434998e+11,3.834500404989550080e+17,9.999999999999999293e-41,2.636207476500492573e+09,3.420508147227780960e+00,3.878855917433003064e+00,3.682876589159880371e+11,1.236615134543686676e+11,5.807949406022805214e+09,1.392833479042646104e+04,1.579473031848416394e+04,1.499670123782268750e+15,9.999999999999999293e-41
1.280206125674845695e+09,2.707291628613899231e+11,2.707291609412220154e+11,3.834500404299826560e+17,9.999999999999999293e-41,2.699813601975959301e+09,3.503470300993085651e+00,3.972934992006134980e+00,3.674996099252136230e+11,1.233737112497237244e+11,5.961573727048320770e+09,1.429674898458162534e+04,1.621251198003194622e+04,1.499670123512499250e+15,9.999999999999999293e-41
1.280233448424682379e+09,2.777057555702415161e+11,2.777057536006927490e+11,3.834500403611604480e+17,9.999999999999999293e-41,2.763121173597454071e+09,3.586065325950332117e+00,4.066597742545609684e+00,3.667134156867912598e+11,1.230866362966267242e+11,6.115201327995332718e+09,1.466517104448119608e+04,1.663030256133313014e+04,1.499670123243317250e+15,9.999999999999999293e-41
1.280260706841583490e+09,2.846824968775334473e+11,2.846824948586029663e+11,3.834500402924880640e+17,9.999999999999999293e-41,2.826131301964467049e+09,3.668294524713757720e+00,4.159845646215567072e+00,3.659290714661902466e+11,1.228002866218208160e+11,6.268832201144483566e+09,1.503360095161304889e+04,1.704810204139500274e+04,1.499670122974721000e+15,9.999999999999999293e-41
1.280287901095959902e+09,2.916593864335907593e+11,2.916593843652775269e+11,3.834500402239651840e+17,9.999999999999999293e-41,2.888845093763908386e+09,3.750159195486296504e+00,4.252680175178086941e+00,3.651465725418642578e+11,1.225146602577519073e+11,6.422466338795859337e+09,1.540203868751144364e+04,1.746591039927739985e+04,1.499670122706709750e+15,9.999999999999999293e-41
1.280315031356712341e+09,2.986364238896132812e+11,2.986364217719163208e+11,3.834500401555914880e+17,9.999999999999999293e-41,2.951263651783684254e+09,3.831660632074831430e+00,4.345102796609949358e+00,3.643659142052148438e+11,1.222297552425512390e+11,6.576103733268728256e+09,1.577048423375683524e+04,1.788372761409255327e+04,1.499670122439281750e+15,9.999999999999999293e-41
1.280342097790093184e+09,3.056136088976738281e+11,3.056136067305919189e+11,3.834500400873665920e+17,9.999999999999999293e-41,3.013388074926413059e+09,3.912800123904926153e+00,4.437114972720088701e+00,3.635870917605519409e+11,1.219455696200179443e+11,6.729744376901491165e+09,1.613893757197577725e+04,1.830155366500497985e+04,1.499670122172436000e+15,9.999999999999999293e-41
1.280369100561552286e+09,3.125909411107147217e+11,3.125909388942469482e+11,3.834500400192901120e+17,9.999999999999999293e-41,3.075219458222984791e+09,3.993578956035841454e+00,4.528718160764992007e+00,3.628101005250584717e+11,1.216621014396017609e+11,6.883388262051842690e+09,1.650739868384073634e+04,1.871938853123126682e+04,1.499670121906170500e+15,9.999999999999999293e-41
1.280396039834930658e+09,3.195684201825460205e+11,3.195684179166917114e+11,3.834500399513616000e+17,9.999999999999999293e-41,3.136758892846144199e+09,4.073998409175221269e+00,4.619913813067276109e+00,3.620349358287501831e+11,1.213793487563857727e+11,7.037035381096534729e+09,1.687586755107001227e+04,1.913723219203998451e+04,1.499670121640484000e+15,9.999999999999999293e-41
1.280422915772132874e+09,3.265460457678441162e+11,3.265460434526019287e+11,3.834500398835808000e+17,9.999999999999999293e-41,3.198007466123908520e+09,4.154059759693514486e+00,4.710703377031029149e+00,3.612615930144406128e+11,1.210973096310691528e+11,7.190685726431375504e+09,1.724434415542764327e+04,1.955508462675150804e+04,1.499670121375375000e+15,9.999999999999999293e-41
1.280449728535201788e+09,3.335238175221463623e+11,3.335238151575152588e+11,3.834500398159473920e+17,9.999999999999999293e-41,3.258966261553118706e+09,4.233764279639093964e+00,4.801088295158792540e+00,3.604900674377009277e+11,1.208159821299500427e+11,7.344339290471186638e+09,1.761282847872314596e+04,1.997294581473786093e+04,1.499670121110842500e+15,9.999999999999999293e-41
1.280476478284073591e+09,3.405017351018521729e+11,3.405017326878311157e+11,3.834500397484611200e+17,9.999999999999999293e-41,3.319636358812728405e+09,4.313113236752657009e+00,4.891070005068532289e+00,3.597203544668260498e+11,1.205353643249084167e+11,7.497996065649697304e+09,1.798132050281155171e+04,2.039081573542264232e+04,1.499670120846885750e+15,9.999999999999999293e-41
1.280503165178437233e+09,3.474797981642185059e+11,3.474797957008064575e+11,3.834500396811215360e+17,9.999999999999999293e-41,3.380018833777231216e+09,4.392107894481919850e+00,4.980649939509588009e+00,3.589524494827938232e+11,1.202554542933890228e+11,7.651656044419535637e+09,1.834982020959318106e+04,2.080869436828081962e+04,1.499670120583502250e+15,9.999999999999999293e-41
1.280529789376812220e+09,3.544580063673582764e+11,3.544580038545542603e+11,3.834500396139283840e+17,9.999999999999999293e-41,3.440114758529973507e+09,4.470749511995771641e+00,5.069829526379846740e+00,3.581863478792305908e+11,1.199762501183844299e+11,7.805319219252264977e+09,1.871832758101355284e+04,2.122658169283860843e+04,1.499670120320692000e+15,9.999999999999999293e-41
1.280556351037088871e+09,3.614363593702379761e+11,3.614363568080410156e+11,3.834500395468811520e+17,9.999999999999999293e-41,3.499925201376332283e+09,4.549039344199235835e+00,5.158610188741008962e+00,3.574220450623724976e+11,1.196977498884180603e+11,7.958985582638134956e+09,1.908684259906326770e+04,2.164447768867335253e+04,1.499670120058452000e+15,9.999999999999999293e-41
1.280582850316428185e+09,3.684148568326752930e+11,3.684148542210844727e+11,3.834500394799795840e+17,9.999999999999999293e-41,3.559451226857021332e+09,4.626978641747758303e+00,5.246993344836300643e+00,3.566595364510300903e+11,1.194199516975272827e+11,8.112655127086179733e+09,1.945536524577787713e+04,2.206238233541338195e+04,1.499670119796782250e+15,9.999999999999999293e-41
1.280609287371470451e+09,3.753934984153370972e+11,3.753934957543515625e+11,3.834500394132234240e+17,9.999999999999999293e-41,3.618693895761208534e+09,4.704568651061198814e+00,5.334980408106006600e+00,3.558988174765507202e+11,1.191428536452466125e+11,8.266327845124150276e+09,1.982389550323776348e+04,2.248029561273785657e+04,1.499670119535681000e+15,9.999999999999999293e-41
1.280635662357879639e+09,3.823722837797374268e+11,3.823722810693558960e+11,3.834500393466122880e+17,9.999999999999999293e-41,3.677654265139647007e+09,4.781810614338551702e+00,5.422572787203497668e+00,3.551398835827825928e+11,1.188664538365909119e+11,8.420003729298403740e+09,2.019243335356805255e+04,2.289821750037664970e+04,1.499670119275146750e+15,9.999999999999999293e-41
1.280661975297041416e+09,3.893512125883641968e+11,3.893512098285857544e+11,3.834500392801455360e+17,9.999999999999999293e-41,3.736333388319001198e+09,4.858705769573225197e+00,5.509771886012963193e+00,3.543827302260379028e+11,1.185907503820386810e+11,8.573682772176848412e+09,2.056097877894531484e+04,2.331614797811799508e+04,1.499670119015177500e+15,9.999999999999999293e-41
1.280688226138395548e+09,3.963302845046169434e+11,3.963302816954407349e+11,3.834500392138231680e+17,9.999999999999999293e-41,3.794732314914256096e+09,4.935255350566293941e+00,5.596579103665096255e+00,3.536273528750586548e+11,1.183157413975153961e+11,8.727364966347337723e+09,2.092953176159425129e+04,2.373408702580470344e+04,1.499670118755773000e+15,9.999999999999999293e-41
1.280714415360065222e+09,4.033094991922227783e+11,4.033094963336475830e+11,3.834500391476448640e+17,9.999999999999999293e-41,3.852852090836153984e+09,5.011460586937380057e+00,5.682995834548363767e+00,3.528737470109723511e+11,1.180414250043768311e+11,8.881050304405031204e+09,2.129809228375683961e+04,2.415203462329919785e+04,1.499670118496932000e+15,9.999999999999999293e-41
1.280740543130454063e+09,4.102888563160460815e+11,4.102888534080711060e+11,3.834500390816100480e+17,9.999999999999999293e-41,3.910693758311864376e+09,5.087322704143843133e+00,5.769023468330986226e+00,3.521219081272642212e+11,1.177677993293925629e+11,9.034738778970033646e+09,2.166666032773514962e+04,2.456999075053201523e+04,1.499670118238652250e+15,9.999999999999999293e-41
1.280766609605237722e+09,4.172683555417988281e+11,4.172683525844231567e+11,3.834500390157187200e+17,9.999999999999999293e-41,3.968258355895253658e+09,5.162842923492829250e+00,5.854663389975470977e+00,3.513718317297398071e+11,1.174948625047294312e+11,9.188430382681230545e+09,2.203523587587599468e+04,2.498795538748444233e+04,1.499670117980933500e+15,9.999999999999999293e-41
1.280792614938664675e+09,4.242479965360275269e+11,4.242479935292500610e+11,3.834500389499703040e+17,9.999999999999999293e-41,4.025546918479480267e+09,5.238022462155619507e+00,5.939916979753820492e+00,3.506235133364868774e+11,1.172226126679350891e+11,9.342125108195852280e+09,2.240381891057025859e+04,2.540592851418774444e+04,1.499670117723774000e+15,9.999999999999999293e-41
1.280818559283921242e+09,4.312277789661106567e+11,4.312277759099305420e+11,3.834500388843644160e+17,9.999999999999999293e-41,4.082560477309821606e+09,5.312862533181404778e+00,6.024785613263716755e+00,3.498769484778398438e+11,1.169510479619215698e+11,9.495822948189422607e+09,2.277240941425276469e+04,2.582391011072302354e+04,1.499670117467171500e+15,9.999999999999999293e-41
1.280844442794445753e+09,4.382077025002555542e+11,4.382076993946716309e+11,3.834500388189009280e+17,9.999999999999999293e-41,4.139300059996500492e+09,5.387364345511254982e+00,6.109270661444209161e+00,3.491321326963466187e+11,1.166801665349489746e+11,9.649523895355686188e+09,2.314100736940209026e+04,2.624190015722097087e+04,1.499670117211126250e+15,9.999999999999999293e-41
1.280870265622138262e+09,4.451877668074971924e+11,4.451877636525084229e+11,3.834500387535792640e+17,9.999999999999999293e-41,4.195766690527287483e+09,5.461529103991718870e+00,6.193373490591173258e+00,3.483890615467294312e+11,1.164099665406091309e+11,9.803227942406650543e+09,2.350961275854054838e+04,2.665989863386188881e+04,1.499670116955636000e+15,9.999999999999999293e-41
1.280896027918748140e+09,4.521679715576952515e+11,4.521679683533009033e+11,3.834500386883991680e+17,9.999999999999999293e-41,4.251961389280219078e+09,5.535358009389365286e+00,6.277095462373837975e+00,3.476477305958521118e+11,1.161404461378093872e+11,9.956935082072477341e+09,2.387822556423397327e+04,2.707790552087546166e+04,1.499670116700699250e+15,9.999999999999999293e-41
1.280921729835486412e+09,4.591483164215322876e+11,4.591483131677312012e+11,3.834500386233605120e+17,9.999999999999999293e-41,4.307885173036231041e+09,5.608852258403920210e+00,6.360437933849333092e+00,3.469081354226831665e+11,1.158716034907563934e+11,1.011064530710150337e+10,2.424684576909168754e+04,2.749592079854063195e+04,1.499670116446315500e+15,9.999999999999999293e-41
1.280947371522995710e+09,4.661288010705117798e+11,4.661287977673029175e+11,3.834500385584627200e+17,9.999999999999999293e-41,4.363539054991740227e+09,5.682013043682199616e+00,6.443402257479469597e+00,3.461702716182611694e+11,1.156034367689399414e+11,1.026435861026005363e+10,2.461547335576632031e+04,2.791394444718550221e+04,1.499670116192483000e+15,9.999999999999999293e-41
1.280972953131510496e+09,4.731094251769553223e+11,4.731094218243378906e+11,3.834500384937053440e+17,9.999999999999999293e-41,4.418924044771109581e+09,5.754841553831899326e+00,6.525989781144835966e+00,3.454341347856584473e+11,1.153359441471169128e+11,1.041807498433252144e+10,2.498410830695374898e+04,2.833197644718719675e+04,1.499670115939199750e+15,9.999999999999999293e-41
1.280998474810561180e+09,4.800901884140013428e+11,4.800901850119745483e+11,3.834500384290883200e+17,9.999999999999999293e-41,4.474041148439175606e+09,5.827338973434928349e+00,6.608201848161538550e+00,3.446997205399488525e+11,1.150691238052951965e+11,1.057179442212129211e+10,2.535275060539296101e+04,2.875001677897172704e+04,1.499670115686465000e+15,9.999999999999999293e-41
1.281023936709270477e+09,4.870710904556027222e+11,4.870710870041654053e+11,3.834500383646114560e+17,9.999999999999999293e-41,4.528891368513693810e+09,5.899506483061874640e+00,6.690039797296408963e+00,3.439670245081699829e+11,1.148029739287177277e+11,1.072551691644659233e+10,2.572140023386595567e+04,2.916806542301387162e+04,1.499670115434278750e+15,9.999999999999999293e-41
1.281049338976470947e+09,4.940521309765237427e+11,4.940521274756749878e+11,3.834500383002741120e+17,9.999999999999999293e-41,4.583475703977751732e+09,5.971345259284406737e+00,6.771504962781389914e+00,3.432360423292885132e+11,1.145374927078465576e+11,1.087924246014664841e+10,2.609005717519758036e+04,2.958612235983703795e+04,1.499670115182638250e+15,9.999999999999999293e-41
1.281074681760743380e+09,5.010333096523388672e+11,5.010333061020778809e+11,3.834500382360760320e+17,9.999999999999999293e-41,4.637795150292129517e+09,6.042856474689504154e+00,6.852598674330228512e+00,3.425067696541669922e+11,1.142726783383469086e+11,1.103297104607749557e+10,2.645872141225549058e+04,3.000418757001311678e+04,1.499670114931542250e+15,9.999999999999999293e-41
1.281099965209233522e+09,5.080146261594316406e+11,5.080146225597570801e+11,3.834500381720170880e+17,9.999999999999999293e-41,4.691850699407510757e+09,6.114041297892693905e+00,6.933322257152952695e+00,3.417792021455288086e+11,1.140085290210714111e+11,1.118670266711290359e+10,2.682739292795003348e+04,3.042226103416244587e+04,1.499670114680990750e+15,9.999999999999999293e-41
1.281125189469751120e+09,5.149960801749896851e+11,5.149960765259010010e+11,3.834500381080965760e+17,9.999999999999999293e-41,4.745643339776900291e+09,6.184900893551733780e+00,7.013677031970960485e+00,3.410533354779226685e+11,1.137450429620442810e+11,1.134043731614445305e+10,2.719607170523403329e+04,3.084034273295354797e+04,1.499670114430980500e+15,9.999999999999999293e-41
1.281150354689171314e+09,5.219776713770053711e+11,5.219776676785015259e+11,3.834500380443144960e+17,9.999999999999999293e-41,4.799174056367719650e+09,6.255436422379591299e+00,7.093664315032864209e+00,3.403291653376892700e+11,1.134822183724455872e+11,1.149417498608132362e+10,2.756475772710281672e+04,3.125843264710312724e+04,1.499670114181511750e+15,9.999999999999999293e-41
1.281175461014364243e+09,5.289593994442724609e+11,5.289593956963522339e+11,3.834500379806705280e+17,9.999999999999999293e-41,4.852443830674089432e+09,6.325649041157960006e+00,7.173285418129162316e+00,3.396066874229270020e+11,1.132200534685955658e+11,1.164791566985044861e+10,2.793345097659402381e+04,3.167653075737583276e+04,1.499670113932583250e+15,9.999999999999999293e-41
1.281200508591338873e+09,5.359412640563837891e+11,5.359412602590464478e+11,3.834500379171639680e+17,9.999999999999999293e-41,4.905453640728924751e+09,6.395539902750666528e+00,7.252541648606993796e+00,3.388858974434557495e+11,1.129585464719389954e+11,1.180165936039638138e+10,2.830215143678749882e+04,3.209463704458424763e+04,1.499670113684192000e+15,9.999999999999999293e-41
1.281225497565667868e+09,5.429232648937305298e+11,5.429232610469749756e+11,3.834500378537949440e+17,9.999999999999999293e-41,4.958204461115977287e+09,6.465110156116501194e+00,7.331434309385723935e+00,3.381667911207862549e+11,1.126976956090296021e+11,1.195540605068111801e+10,2.867085909080522833e+04,3.251275148958868158e+04,1.499670113436339000e+15,9.999999999999999293e-41
1.281250428083011627e+09,5.499054016374981689e+11,5.499053977413236084e+11,3.834500377905630080e+17,9.999999999999999293e-41,5.010697262981996536e+09,6.534360946322964381e+00,7.409964698971873709e+00,3.374493641880834351e+11,1.124374991115145264e+11,1.210915573368427658e+10,2.903957392181116302e+04,3.293087407329709094e+04,1.499670113189022000e+15,9.999999999999999293e-41
1.281275300288172007e+09,5.568876739696662598e+11,5.568876700240717773e+11,3.834500377274677760e+17,9.999999999999999293e-41,5.062933014048634529e+09,6.603293414558980778e+00,7.488134111473332410e+00,3.367336123901331787e+11,1.121779552161188660e+11,1.226290840240289879e+10,2.940829591301118126e+04,3.334900477666492225e+04,1.499670112942239500e+15,9.999999999999999293e-41
1.281300114325669050e+09,5.638700815730056152e+11,5.638700775779901123e+11,3.834500376645088640e+17,9.999999999999999293e-41,5.114912678624514580e+09,6.671908698148285133e+00,7.565943836615227625e+00,3.360195314833087769e+11,1.119190621646301880e+11,1.241666404985144615e+10,2.977702504765295816e+04,3.376714358069501759e+04,1.499670112695990750e+15,9.999999999999999293e-41
1.281324870340031147e+09,5.708526241310754395e+11,5.708526200866383057e+11,3.834500376016860800e+17,9.999999999999999293e-41,5.166637217617089272e+09,6.740207930562069016e+00,7.643395159753941570e+00,3.353071172355378418e+11,1.116608182038831787e+11,1.257042266906173325e+10,3.014576130902576915e+04,3.418529046643745096e+04,1.499670112450274000e+15,9.999999999999999293e-41
1.281349568475059271e+09,5.778353013282224121e+11,5.778352972343625488e+11,3.834500375389989760e+17,9.999999999999999293e-41,5.218107588544521332e+09,6.808192241432618808e+00,7.720489361891991642e+00,3.345963654262669067e+11,1.114032215857443085e+11,1.272418425308299637e+10,3.051450468046050810e+04,3.460344541498945182e+04,1.499670112205088000e+15,9.999999999999999293e-41
1.281374208874026060e+09,5.848181128495791016e+11,5.848181087062952881e+11,3.834500374764473600e+17,9.999999999999999293e-41,5.269324745547576904e+09,6.875862756565662259e+00,7.797227719693278658e+00,3.338872718464301147e+11,1.111462705670965424e+11,1.287794879498165703e+10,3.088325514532956367e+04,3.502160840749527415e+04,1.499670111960432250e+15,9.999999999999999293e-41
1.281398791680083990e+09,5.918010583810598145e+11,5.918010541883510742e+11,3.834500374140305920e+17,9.999999999999999293e-41,5.320289639401371956e+09,6.943220597953479789e+00,7.873611505496933560e+00,3.331798322984144287e+11,1.108899634098240814e+11,1.303171628784144020e+10,3.125201268704659742e+04,3.543977942514603637e+04,1.499670111716303500e+15,9.999999999999999293e-41
1.281423317035939455e+09,5.987841376093607178e+11,5.987841333672263184e+11,3.834500373517487360e+17,9.999999999999999293e-41,5.371003217527184486e+09,7.010266883788180081e+00,7.949641987332563886e+00,3.324740425960270996e+11,1.106342983807971954e+11,1.318548672476321411e+10,3.162077728906654738e+04,3.585795844917967042e+04,1.499670111472702500e+15,9.999999999999999293e-41
1.281447785084096432e+09,6.057673502219561768e+11,6.057673459303956299e+11,3.834500372896015360e+17,9.999999999999999293e-41,5.421466424004108429e+09,7.077002728473877013e+00,8.025320428934477945e+00,3.317698985644628296e+11,1.103792737518570709e+11,1.333926009886511421e+10,3.198954893488549351e+04,3.627614546088071802e+04,1.499670111229628250e+15,9.999999999999999293e-41
1.281472195966573000e+09,6.127506959070985107e+11,6.127506915661105957e+11,3.834500372275885440e+17,9.999999999999999293e-41,5.471680199580777168e+09,7.143429242639868448e+00,8.100648089756113279e+00,3.310673960402685547e+11,1.101248877998007050e+11,1.349303640328224945e+10,3.235832760804055579e+04,3.669434044158023607e+04,1.499670110987079000e+15,9.999999999999999293e-41
1.281496549824565411e+09,6.197341743538143311e+11,6.197341699633984375e+11,3.834500371657094400e+17,9.999999999999999293e-41,5.521645481687000275e+09,7.209547533153696008e+00,8.175626224985023782e+00,3.303665308713134766e+11,1.098711388063659058e+11,1.364681563116690254e+10,3.272711329210972690e+04,3.711254337265574577e+04,1.499670110745053250e+15,9.999999999999999293e-41
1.281520846799802542e+09,6.267177852519031982e+11,6.267177808120579834e+11,3.834500371039639040e+17,9.999999999999999293e-41,5.571363204445332527e+09,7.275358703132834393e+00,8.250256085556525676e+00,3.296672989167536621e+11,1.096180250582162476e+11,1.380059777568831825e+10,3.309590597071188677e+04,3.753075423553096334e+04,1.499670110503550000e+15,9.999999999999999293e-41
1.281545087033049583e+09,6.337015282919356689e+11,6.337015238026605225e+11,3.834500370423514240e+17,9.999999999999999293e-41,5.620834298682634354e+09,7.340863851958423503e+00,8.324538918168803647e+00,3.289696960470010376e+11,1.093655448469261475e+11,1.395438283003268051e+10,3.346470562750658428e+04,3.794897301167588012e+04,1.499670110262567250e+15,9.999999999999999293e-41
1.281569270664829254e+09,6.406854031652509766e+11,6.406853986265449219e+11,3.834500369808720640e+17,9.999999999999999293e-41,5.670059691941600800e+09,7.406064075287373427e+00,8.398475965296347212e+00,3.282737181436907959e+11,1.091136964689659576e+11,1.410817078740320206e+10,3.383351224619394634e+04,3.836719968260644237e+04,1.499670110022105250e+15,9.999999999999999293e-41
1.281593397835192680e+09,6.476694095639560547e+11,6.476694049758178711e+11,3.834500369195252480e+17,9.999999999999999293e-41,5.719040308492203712e+09,7.470960465064768741e+00,8.472068465205110144e+00,3.275793610996468506e+11,1.088624782256871033e+11,1.426196164101988792e+10,3.420232581051466695e+04,3.878543422988455131e+04,1.499670109782161500e+15,9.999999999999999293e-41
1.281617468684148550e+09,6.546535471809215088e+11,6.546535425433504639e+11,3.834500368583107840e+17,9.999999999999999293e-41,5.767777069343153000e+09,7.535554109537041967e+00,8.545317651966250594e+00,3.268866208188515015e+11,1.086118884233072815e+11,1.441575538411964417e+10,3.457114630424977076e+04,3.920367663511793944e+04,1.499670109542735250e+15,9.999999999999999293e-41
1.281641483351213217e+09,6.616378157097814941e+11,6.616378110227767334e+11,3.834500367972283520e+17,9.999999999999999293e-41,5.816270892253271103e+09,7.599846093263638025e+00,8.618224755470146548e+00,3.261954932164123535e+11,1.083619253728957367e+11,1.456955200995616722e+10,3.493997371122059121e+04,3.962192687995997403e+04,1.499670109303825750e+15,9.999999999999999293e-41
1.281665441975404263e+09,6.686222148449311523e+11,6.686222101084918213e+11,3.834500367362775040e+17,9.999999999999999293e-41,5.864522691742859840e+09,7.663837497130147725e+00,8.690791001440890895e+00,3.255059742185292358e+11,1.081125873903584900e+11,1.472335151179988861e+10,3.530880801528866141e+04,4.004018494610965718e+04,1.499670109065430750e+15,9.999999999999999293e-41
1.281689344695217371e+09,6.756067442815252686e+11,6.756067394956502686e+11,3.834500366754581760e+17,9.999999999999999293e-41,5.912533379104974747e+09,7.727529398360228008e+00,8.763017611450196753e+00,3.248180597624641724e+11,1.078638727964237061e+11,1.487715388293800926e+10,3.567764920035559771e+04,4.045845081531140022e+04,1.499670108827550000e+15,9.999999999999999293e-41
1.281713191649489880e+09,6.825914037154739990e+11,6.825913988801628418e+11,3.834500366147698560e+17,9.999999999999999293e-41,5.960303862416752815e+09,7.790922870528235400e+00,8.834905802931164231e+00,3.241317457965066528e+11,1.076157799166270752e+11,1.503095911667432022e+10,3.604649725036296149e+04,4.087672446935495827e+04,1.499670108590181750e+15,9.999999999999999293e-41
1.281736982975968838e+09,6.895761928434442139e+11,6.895761879586955566e+11,3.834500365542122880e+17,9.999999999999999293e-41,6.007835046550580978e+09,7.854018983571601886e+00,8.906456789192667145e+00,3.234470282799435425e+11,1.073683070812972565e+11,1.518476720632931709e+10,3.641535214929222275e+04,4.129500589007527742e+04,1.499670108353325250e+15,9.999999999999999293e-41
1.281760718812561512e+09,6.965611113628546143e+11,6.965611064286677246e+11,3.834500364937851520e+17,9.999999999999999293e-41,6.055127833185342789e+09,7.916818803802843973e+00,8.977671779433070043e+00,3.227639031830268555e+11,1.071214526255413055e+11,1.533857814524000359e+10,3.678421388116457092e+04,4.171329505935244379e+04,1.499670108116978500e+15,9.999999999999999293e-41
1.281784399296652555e+09,7.035461589718756104e+11,7.035461539882492676e+11,3.834500364334880000e+17,9.999999999999999293e-41,6.102183120817549706e+09,7.979323393921815111e+00,9.048551978753955893e+00,3.220823664869412842e+11,1.068752148892302551e+11,1.549239192675993919e+10,3.715308243004090764e+04,4.213159195911145798e+04,1.499670107881140500e+15,9.999999999999999293e-41
1.281808024565242290e+09,7.105313353694268799e+11,7.105313303363603516e+11,3.834500363733208960e+17,9.999999999999999293e-41,6.149001804772459030e+09,8.041533813028230782e+00,9.119098588174255227e+00,3.214024141837744141e+11,1.066295922169846497e+11,1.564620854425928307e+10,3.752195778002168663e+04,4.254989657132230059e+04,1.499670107645810750e+15,9.999999999999999293e-41
1.281831594754818678e+09,7.175166402551748047e+11,7.175166351726676025e+11,3.834500363132832640e+17,9.999999999999999293e-41,6.195584777215111732e+09,8.103451116633509699e+00,9.189312804643693156e+00,3.207240422764822388e+11,1.063845829581601562e+11,1.580002799112448692e+10,3.789083991524679732e+04,4.296820887799959746e+04,1.499670107410987750e+15,9.999999999999999293e-41
1.281855110001628637e+09,7.245020733295318604e+11,7.245020681975827637e+11,3.834500362533749760e+17,9.999999999999999293e-41,6.241932927161428452e+09,8.165076356672653191e+00,9.259195821056701803e+00,3.200472467788602905e+11,1.061401854668332367e+11,1.595385026075851822e+10,3.825972881989552843e+04,4.338652886120261974e+04,1.499670107176670500e+15,9.999999999999999293e-41
1.281878570441847086e+09,7.314876342936531982e+11,7.314876291122613525e+11,3.834500361935955840e+17,9.999999999999999293e-41,6.288047140489169121e+09,8.226410581517086484e+00,9.328748826266252792e+00,3.193720237155109253e+11,1.058963981017868347e+11,1.610767534658066559e+10,3.862862447818639339e+04,4.380485650303520379e+04,1.499670106942857500e+15,9.999999999999999293e-41
1.281901976211196184e+09,7.384733228494355469e+11,7.384733176186000977e+11,3.834500361339448320e+17,9.999999999999999293e-41,6.333928299948904037e+09,8.287454835986087787e+00,9.397973005097146171e+00,3.186983691218122559e+11,1.056532192264961700e+11,1.626150324202660751e+10,3.899752687437705754e+04,4.422319178564551839e+04,1.499670106709547500e+15,9.999999999999999293e-41
1.281925327444779158e+09,7.454591386995150146e+11,7.454591334192351074e+11,3.834500360744223360e+17,9.999999999999999293e-41,6.379577285174914360e+09,8.348210161358593950e+00,9.466869538359947711e+00,3.180262790438876953e+11,1.054106472091144867e+11,1.641533394054824638e+10,3.936643599276424357e+04,4.464153469122605748e+04,1.499670106476739250e+15,9.999999999999999293e-41
1.281948624277529955e+09,7.524450815472658691e+11,7.524450762175405273e+11,3.834500360150280320e+17,9.999999999999999293e-41,6.424994972696095467e+09,8.408677595385706027e+00,9.535439602864057562e+00,3.173557495385738525e+11,1.051686804224589081e+11,1.656916743561377144e+10,3.973535181768362963e+04,4.505988520201348001e+04,1.499670106244432500e+15,9.999999999999999293e-41
1.281971866843955517e+09,7.594311510967978516e+11,7.594311457176264648e+11,3.834500359557614080e+17,9.999999999999999293e-41,6.470182235946788788e+09,8.468858172302248022e+00,9.603684371431862488e+00,3.166867766733898926e+11,1.049273172439963379e+11,1.672300372070750618e+10,4.010427433350977662e+04,4.547824330028857366e+04,1.499670106012624750e+15,9.999999999999999293e-41
1.281995055278517008e+09,7.664173470529538574e+11,7.664173416243354492e+11,3.834500358966222080e+17,9.999999999999999293e-41,6.515139945277582169e+09,8.528752922838721773e+00,9.671605012911472343e+00,3.160193565265073853e+11,1.046865560558293915e+11,1.687684278933001137e+10,4.047320352465592441e+04,4.589660896837590553e+04,1.499670105781315750e+15,9.999999999999999293e-41
1.282018189715048790e+09,7.734036691213095703e+11,7.734036636432432861e+11,3.834500358376102400e+17,9.999999999999999293e-41,6.559868967966094017e+09,8.588362874233279598e+00,9.739202692190861654e+00,3.153534851867178955e+11,1.044463952446823578e+11,1.703068463499787331e+10,4.084213937557402824e+04,4.631498218864400405e+04,1.499670105550504000e+15,9.999999999999999293e-41
1.282041270287171602e+09,7.803901170081697998e+11,7.803901114806545410e+11,3.834500357787251200e+17,9.999999999999999293e-41,6.604370168227677345e+09,8.647689050242775011e+00,9.806478570210305890e+00,3.146891587534044800e+11,1.042068332018872223e+11,1.718452925124387360e+10,4.121108187075452588e+04,4.673336294350503158e+04,1.499670105320189000e+15,9.999999999999999293e-41
1.282064297127927065e+09,7.873766904205678711e+11,7.873766848436030273e+11,3.834500357199665920e+17,9.999999999999999293e-41,6.648644407226132393e+09,8.706732471155843811e+00,9.873433803976768175e+00,3.140263733365088501e+11,1.039678683233697510e+11,1.733837663161672974e+10,4.158003099472635949e+04,4.715175121541483531e+04,1.499670105090368750e+15,9.999999999999999293e-41
1.282087270370464087e+09,7.943633890662630615e+11,7.943633834398475342e+11,3.834500356613344000e+17,9.999999999999999293e-41,6.692692543084331512e+09,8.765494153803064847e+00,9.940069546576502546e+00,3.133651250565023193e+11,1.037294990096355743e+11,1.749222676968113327e+10,4.194898673205678642e+04,4.757014698687264899e+04,1.499670104861042750e+15,9.999999999999999293e-41
1.282110190146969080e+09,8.013502126537396240e+11,8.013502069778728027e+11,3.834500356028282240e+17,9.999999999999999293e-41,6.736515430894865990e+09,8.823975111569852814e+00,1.000638694718821142e+01,3.127054100443549805e+11,1.034917236657563629e+11,1.764607965901781464e+10,4.231794906735135737e+04,4.798855024042118748e+04,1.499670104632209500e+15,9.999999999999999293e-41
1.282133056590100527e+09,8.083371608922031250e+11,8.083371551668841553e+11,3.834500355444475520e+17,9.999999999999999293e-41,6.780113922730608940e+09,8.882176354407471663e+00,1.007238715109626170e+01,3.120472244415048828e+11,1.032545407013560028e+11,1.779993529322333145e+10,4.268691798525370541e+04,4.840696095864634117e+04,1.499670104403867250e+15,9.999999999999999293e-41
1.282155869831661463e+09,8.153242334915803223e+11,8.153242277168083496e+11,3.834500354861923200e+17,9.999999999999999293e-41,6.823488867655269623e+09,8.940098888844604019e+00,1.013807129970461673e+01,3.113905643998288574e+11,1.030179485305968781e+11,1.795379366591020966e+10,4.305589347044554597e+04,4.882537912417716143e+04,1.499670104176015500e+15,9.999999999999999293e-41
1.282178630002758503e+09,8.223114301625177002e+11,8.223114243382915039e+11,3.834500354280622080e+17,9.999999999999999293e-41,6.866641111733852386e+09,8.997743717999140856e+00,1.020344053054850519e+01,3.107354260816116943e+11,1.027819455721661072e+11,1.810765477070668793e+10,4.342487550764662592e+04,4.924380471968581696e+04,1.499670103948653250e+15,9.999999999999999293e-41
1.282201337235020161e+09,8.292987506163763428e+11,8.292987447426951904e+11,3.834500353700570240e+17,9.999999999999999293e-41,6.909571498043200493e+09,9.055111841589559063e+00,1.026849597730878649e+01,3.100818056595159302e+11,1.025465302492619171e+11,1.826151860125686264e+10,4.379386408161439613e+04,4.966223772788730275e+04,1.499670103721779500e+15,9.999999999999999293e-41
1.282223991659368277e+09,8.362861945652335205e+11,8.362861886420970459e+11,3.834500353121764480e+17,9.999999999999999293e-41,6.952280866682346344e+09,9.112204255946457110e+00,1.033323876982396783e+01,3.094296993165523682e+11,1.023117009895799866e+11,1.841538515122050858e+10,4.416285917714415700e+04,5.008067813153948373e+04,1.499670103495393250e+15,9.999999999999999293e-41
1.282246593405951977e+09,8.432737617218798828e+11,8.432737557492866211e+11,3.834500352544200320e+17,9.999999999999999293e-41,6.994770054782958984e+09,9.169021954023584442e+00,1.039767003410395496e+01,3.087791032460499268e+11,1.020774562252998657e+11,1.856925441427317047e+10,4.453186077906884748e+04,5.049912591344290558e+04,1.499670103269492500e+15,9.999999999999999293e-41
1.282269142605507135e+09,8.502614517998166504e+11,8.502614457777659912e+11,3.834500351967874560e+17,9.999999999999999293e-41,7.037039896519683838e+09,9.225565925410016632e+00,1.046179089234227177e+01,3.081300136516253662e+11,1.018437943930714569e+11,1.872312638410604095e+10,4.490086887225898681e+04,5.091758105644073657e+04,1.499670103044076250e+15,9.999999999999999293e-41
1.282291639387286901e+09,8.572492645132554932e+11,8.572492584417462158e+11,3.834500351392785280e+17,9.999999999999999293e-41,7.079091223120461464e+09,9.281837156340522199e+00,1.052560246292918933e+01,3.074824267471549072e+11,1.016107139340014801e+11,1.887700105442592239e+10,4.526988344162255089e+04,5.133604354341858561e+04,1.499670102819143500e+15,9.999999999999999293e-41
1.282314083881472588e+09,8.642371995771145020e+11,8.642371934561459961e+11,3.834500350818930560e+17,9.999999999999999293e-41,7.120924862876814842e+09,9.337836629707874536e+00,1.058910586046498992e+01,3.068363387567440186e+11,1.013782132936400757e+11,1.903087841895519638e+10,4.563890447210485581e+04,5.175451335730450228e+04,1.499670102594694000e+15,9.999999999999999293e-41
1.282336476217019796e+09,8.712252567070179443e+11,8.712252505365893555e+11,3.834500350246306560e+17,9.999999999999999293e-41,7.162541641154086113e+09,9.393565325073094385e+00,1.065230219577201254e+01,3.061917459146972656e+11,1.011462909219673309e+11,1.918475847143175888e+10,4.600793194868849241e+04,5.217299048106872942e+04,1.499670102370725250e+15,9.999999999999999293e-41
1.282358816522714853e+09,8.782134356192941895e+11,8.782134293994051514e+11,3.834500349674910720e+17,9.999999999999999293e-41,7.203942380401660919e+09,9.449024218677674725e+00,1.071519257590759366e+01,3.055486444654896240e+11,1.009149452733799438e+11,1.933864120560902405e+10,4.637696585639323894e+04,5.259147489772373228e+04,1.499670102147237500e+15,9.999999999999999293e-41
1.282381104927097797e+09,8.852017360309737549e+11,8.852017297616231689e+11,3.834500349104739840e+17,9.999999999999999293e-41,7.245127900163149834e+09,9.504214283453988443e+00,1.077777810417727622e+01,3.049070306637368164e+11,1.006841748066779175e+11,1.949252661525592804e+10,4.674600618027595920e+04,5.300996659032394382e+04,1.499670101924228500e+15,9.999999999999999293e-41
1.282403341558503389e+09,8.921901576597868652e+11,8.921901513409739990e+11,3.834500348535792000e+17,9.999999999999999293e-41,7.286099017086500168e+09,9.559136489036873741e+00,1.084005988014679112e+01,3.042669007741670532e+11,1.004539779850512085e+11,1.964641469415676117e+10,4.711505290543048613e+04,5.342846554196577199e+04,1.499670101701697750e+15,9.999999999999999293e-41
1.282425526544878244e+09,8.991787002241629639e+11,8.991786938558869629e+11,3.834500347968063360e+17,9.999999999999999293e-41,7.326856544934147835e+09,9.613791801774484114e+00,1.090203899965493051e+01,3.036282510715897827e+11,1.002243532760665588e+11,1.980030543611119080e+10,4.748410601698751270e+04,5.384697173578746879e+04,1.499670101479644250e+15,9.999999999999999293e-41
1.282447660013635397e+09,9.061673634432276611e+11,9.061673570254875488e+11,3.834500347401549440e+17,9.999999999999999293e-41,7.367401294593034744e+09,9.668181184739582434e+00,1.096371655482593965e+01,3.029910778408685913e+11,9.999529915165426636e+10,1.995419883493424988e+10,4.785316550011459185e+04,5.426548515496894834e+04,1.499670101258065750e+15,9.999999999999999293e-41
1.282469742092383146e+09,9.131561470368013916e+11,9.131561405695961914e+11,3.834500346836248320e+17,9.999999999999999293e-41,7.407734074084684372e+09,9.722305597740641403e+00,1.102509363408263532e+01,3.023553773768916016e+11,9.976681408809498596e+10,2.010809488445629120e+10,4.822223134001585277e+04,5.468400578273178689e+04,1.499670101036961250e+15,9.999999999999999293e-41
1.282491772907541513e+09,9.201450507253981934e+11,9.201450442087270508e+11,3.834500346272159360e+17,9.999999999999999293e-41,7.447855688575153351e+09,9.776165997332403990e+00,1.108617132215799650e+01,3.017211459845432739e+11,9.953889656600669861e+10,2.026199357852288818e+10,4.859130352193216095e+04,5.510253360233907733e+04,1.499670100816331250e+15,9.999999999999999293e-41
1.282513752585916519e+09,9.271340742302225342e+11,9.271340676640848389e+11,3.834500345709279360e+17,9.999999999999999293e-41,7.487766940385059357e+09,9.829763336827287645e+00,1.114695070010817624e+01,3.010883799786735229e+11,9.931154507033157349e+10,2.041589491099478149e+10,4.896038203114077623e+04,5.552106859709527635e+04,1.499670100596174250e+15,9.999999999999999293e-41
1.282535681254159927e+09,9.341232172731689453e+11,9.341232106575635986e+11,3.834500345147604480e+17,9.999999999999999293e-41,7.527468628999466896e+09,9.883098566306152577e+00,1.120743284532499828e+01,3.004570756840718994e+11,9.908475809032293701e+10,2.056979887574805069e+10,4.932946685295543284e+04,5.593961075034609530e+04,1.499670100376488250e+15,9.999999999999999293e-41
1.282557559037671804e+09,9.411124795768195801e+11,9.411124729117458496e+11,3.834500344587130880e+17,9.999999999999999293e-41,7.566961551077768326e+09,9.936172632629283186e+00,1.126761883154750876e+01,2.998272294354360962e+11,9.885853411953231812e+10,2.072370546667381287e+10,4.969855797272613563e+04,5.635816004547852208e+04,1.499670100157272250e+15,9.999999999999999293e-41
1.282579386062185049e+09,9.481018608644423828e+11,9.481018541498995361e+11,3.834500344027857920e+17,9.999999999999999293e-41,7.606246500463564873e+09,9.988986479446811728e+00,1.132750972887533081e+01,2.991988375773457642e+11,9.863287165579644775e+10,2.087761467767832184e+10,5.006765537583917467e+04,5.677671646592053730e+04,1.499670099938525750e+15,9.999999999999999293e-41
1.282601162453284264e+09,9.550913608599890137e+11,9.550913540959763184e+11,3.834500343469781760e+17,9.999999999999999293e-41,7.645324268194493294e+09,1.004154104721039253e+01,1.138710660378017536e+01,2.985718964642329712e+11,9.840776920122441101e+10,2.103152650268284225e+10,5.043675904771685600e+04,5.719527999514109979e+04,1.499670099720247500e+15,9.999999999999999293e-41
1.282622888335810661e+09,9.620809792880939941e+11,9.620809724746104736e+11,3.834500342912898560e+17,9.999999999999999293e-41,7.684195642512014389e+09,1.009383727318285828e+01,1.144641051911829699e+01,2.979464024603538818e+11,9.818322526218473816e+10,2.118544093562375641e+10,5.080586897381763265e+04,5.761385061665003741e+04,1.499670099502435750e+15,9.999999999999999293e-41
1.282644563834453344e+09,9.690707158740726318e+11,9.690707090111177979e+11,3.834500342357207680e+17,9.999999999999999293e-41,7.722861408871157646e+09,1.014587609144999547e+01,1.150542253414269211e+01,2.973223519397608643e+11,9.795923834929255676e+10,2.133935797045235062e+10,5.117498513963585719e+04,5.803242831399801071e+04,1.499670099285090500e+15,9.999999999999999293e-41
1.282666189073292494e+09,9.760605703439189453e+11,9.760605634314919434e+11,3.834500341802704000e+17,9.999999999999999293e-41,7.761322349950245857e+09,1.019765843293065544e+01,1.156414370451528306e+01,2.966997412862739258e+11,9.773580697739686584e+10,2.149327760113486099e+10,5.154410753070173814e+04,5.845101307077623642e+04,1.499670099068209250e+15,9.999999999999999293e-41
1.282687764176939726e+09,9.830505424243032227e+11,9.830505354624030762e+11,3.834500341249388800e+17,9.999999999999999293e-41,7.799579245660576820e+09,1.024918522538750310e+01,1.162257508231908965e+01,2.960785668934533081e+11,9.751292966556774902e+10,2.164719982165249634e+10,5.191323613258118712e+04,5.886960487061645836e+04,1.499670098851793000e+15,9.999999999999999293e-41
1.282709289268591166e+09,9.900406318425721436e+11,9.900406248311981201e+11,3.834500340697254400e+17,9.999999999999999293e-41,7.837632873156085014e+09,1.030045739343787226e+01,1.168071771606980036e+01,2.954588251645696411e+11,9.729060493708366394e+10,2.180112462600128937e+10,5.228237093087585527e+04,5.928820369719097653e+04,1.499670098635838750e+15,9.999999999999999293e-41
1.282730764471927404e+09,9.970308383267452393e+11,9.970308312658963623e+11,3.834500340146300160e+17,9.999999999999999293e-41,7.875484006842947960e+09,1.035147585856411823e+01,1.173857265072839340e+01,2.948405125125789185e+11,9.706883131941879272e+10,2.195505200819213104e+10,5.265151191122290766e+04,5.970680953421229788e+04,1.499670098420346000e+15,9.999999999999999293e-41
1.282752189909875393e+09,1.004021161605514160e+12,1.004021154495189575e+12,3.834500339596523520e+17,9.999999999999999293e-41,7.913133418389202118e+09,1.040224153912410721e+01,1.179614092771256573e+01,2.942236253600922852e+11,9.684760734423040771e+10,2.210898196225069046e+10,5.302065905929501605e+04,6.012542236543323816e+04,1.499670098205314000e+15,9.999999999999999293e-41
1.282773565701767206e+09,1.011011601408244385e+12,1.011011594248443115e+12,3.834500339047922560e+17,9.999999999999999293e-41,7.950581876734268188e+09,1.045275535036215686e+01,1.185342358490937187e+01,2.936081601393496094e+11,9.662693154734629822e+10,2.226291448221743774e+10,5.338981236080042436e+04,6.054404217464697285e+04,1.499670097990741500e+15,9.999999999999999293e-41
1.282794891861443520e+09,1.018002157465070557e+12,1.018002150255792114e+12,3.834500338500494720e+17,9.999999999999999293e-41,7.987830148099308968e+09,1.050301820441987921e+01,1.191042165668730668e+01,2.929941132921912842e+11,9.640680246875221252e+10,2.241684956214991379e+10,5.375897180148799089e+04,6.096266894569271972e+04,1.499670097776628000e+15,9.999999999999999293e-41
1.282816168621198416e+09,1.024992829506583008e+12,1.024992822247826416e+12,3.834500337954233600e+17,9.999999999999999293e-41,8.024878995994161606e+09,1.055303101034448687e+01,1.196713617390556372e+01,2.923814812700297852e+11,9.618721865257937622e+10,2.257078719611553574e+10,5.412813736713067192e+04,6.138130266243697406e+04,1.499670097562971000e+15,9.999999999999999293e-41
1.282837396107794285e+09,1.031983617264138428e+12,1.031983609955902710e+12,3.834500337409140480e+17,9.999999999999999293e-41,8.061729181229332924e+09,1.060279467410133947e+01,1.202356816392918404e+01,2.917702605338239746e+11,9.596817864709197998e+10,2.272472737819867325e+10,5.449730904354184895e+04,6.179994330879209883e+04,1.499670097349770750e+15,9.999999999999999293e-41
1.282858574442628145e+09,1.038974520469761230e+12,1.038974513112046021e+12,3.834500336865210880e+17,9.999999999999999293e-41,8.098381461924608231e+09,1.065231009858402267e+01,1.207971865063919736e+01,2.911604475540498657e+11,9.574968100467477417e+10,2.287867010249835587e+10,5.486648681657016277e+04,6.221859086871057661e+04,1.499670097137025500e+15,9.999999999999999293e-41
1.282879703747334719e+09,1.045965538856137695e+12,1.045965531448941772e+12,3.834500336322443520e+17,9.999999999999999293e-41,8.134836593518440247e+09,1.070157818362404711e+01,1.213558865444451484e+01,2.905520388106751709e+11,9.553172428182072449e+10,2.303261536312823868e+10,5.523567067209927336e+04,6.263724532618431112e+04,1.499670096924734750e+15,9.999999999999999293e-41
