# chamber environmental conditions throughout the simulation, with rows corresponding to the time points in the time output file, first column is temperature (K), second is pressure (Pa), third is relative humidity (fraction (0-1), fourth is transmission factor of light (0-1))
291.2,1013.25,0.5000001694638058,1.0
291.2,1013.25,0.5000001694638058,1.0
294.1,1013.25,0.4000001355710446,1.0
295.4,1013.25,0.30000010167828345,1.0
295.8,1013.25,0.3000001016782834,1.0
295.6,1013.25,0.30000010167828345,1.0
295.7,1013.25,0.30000010167828345,1.0
295.9,1013.25,0.30000010167828356,1.0
296.0,1013.25,0.30000010167828345,1.0
296.5,1013.25,0.30000010167828345,1.0
296.5,1013.25,0.30000010167828345,1.0
296.9,1013.25,0.30000010167828345,1.0
297.9,1013.25,0.3000001016782835,1.0
298.6,1013.25,0.30000010167828345,1.0
298.8,1013.25,0.30000010167828334,1.0
299.4,1013.25,0.3000001016782833,1.0
299.8,1013.25,0.30000010167828345,1.0
299.9,1013.25,0.20000006778552232,1.0
300.3,1013.25,0.20000006778552226,1.0
300.7,1013.25,0.20000006778552232,1.0
300.7,1013.25,0.20000006778552232,1.0
300.5,1013.25,0.20000006778552223,1.0
301.3,1013.25,0.20000006778552226,1.0
300.8,1013.25,0.20000006778552235,1.0
301.5,1013.25,0.2000000677855223,1.0
301.8,1013.25,0.20000006778552232,1.0
301.9,1013.25,0.2000000677855223,1.0
301.7,1013.25,0.20000006778552237,1.0
302.1,1013.25,0.2000000677855224,1.0
302.1,1013.25,0.2000000677855224,1.0
302.1,1013.25,0.2000000677855224,1.0
302.0,1013.25,0.20000006778552232,1.0
301.5,1013.25,0.2000000677855223,1.0
302.3,1013.25,0.20000006778552232,1.0
302.4,1013.25,0.20000006778552232,1.0
302.7,1013.25,0.2000000677855223,1.0
303.1,1013.25,0.2000000677855223,1.0
303.2,1013.25,0.20000006778552232,1.0
303.6,1013.25,0.2000000677855223,1.0
303.7,1013.25,0.2000000677855223,1.0
303.7,1013.25,0.2000000677855223,1.0
303.9,1013.25,0.20000006778552235,1.0
303.9,1013.25,0.20000006778552235,1.0
303.9,1013.25,0.20000006778552235,1.0
304.0,1013.25,0.20000006778552232,1.0
303.9,1013.25,0.20000006778552235,1.0
304.3,1013.25,0.20000006778552235,1.0
304.1,1013.25,0.20000006778552232,1.0
303.7,1013.25,0.2000000677855223,1.0
303.7,1013.25,0.2000000677855223,1.0
303.7,1013.25,0.2000000677855223,1.0
303.8,1013.25,0.20000006778552223,1.0
303.9,1013.25,0.20000006778552235,1.0
303.7,1013.25,0.2000000677855223,1.0
304.2,1013.25,0.20000006778552232,1.0
304.5,1013.25,0.2000000677855223,1.0
304.3,1013.25,0.20000006778552235,1.0
305.1,1013.25,0.20000006778552232,1.0
305.0,1013.25,0.20000006778552223,1.0
304.9,1013.25,0.20000006778552235,1.0
304.9,1013.25,0.20000006778552235,1.0
304.8,1013.25,0.2000000677855223,1.0
305.1,1013.25,0.20000006778552232,1.0
304.3,1013.25,0.20000006778552235,1.0
304.4,1013.25,0.20000006778552226,1.0
305.3,1013.25,0.20000006778552223,1.0
305.2,1013.25,0.2000000677855223,1.0
305.1,1013.25,0.20000006778552232,1.0
304.4,1013.25,0.20000006778552226,1.0
303.7,1013.25,0.2000000677855223,1.0
303.7,1013.25,0.2000000677855223,1.0
303.5,1013.25,0.20000006778552223,1.0
303.3,1013.25,0.20000006778552232,1.0
302.9,1013.25,0.20000006778552232,1.0
303.0,1013.25,0.2000000677855223,1.0
303.9,1013.25,0.20000006778552235,1.0
304.6,1013.25,0.20000006778552226,1.0
304.7,1013.25,0.20000006778552226,1.0
304.8,1013.25,0.2000000677855223,1.0
304.8,1013.25,0.2000000677855223,1.0
304.8,1013.25,0.2000000677855223,1.0
306.0,1013.25,0.2000000677855223,1.0
306.2,1013.25,0.20000006778552232,1.0
306.5,1013.25,0.2000000677855223,1.0
306.7,1013.25,0.2000000677855223,1.0
307.2,1013.25,0.2000000677855223,1.0
306.7,1013.25,0.2000000677855223,1.0
306.8,1013.25,0.20000006778552235,1.0
306.9,1013.25,0.20000006778552235,1.0
307.0,1013.25,0.2000000677855223,1.0
307.0,1013.25,0.2000000677855223,1.0
307.1,1013.25,0.20000006778552226,1.0
306.4,1013.25,0.20000006778552223,1.0
306.2,1013.25,0.20000006778552232,1.0
305.3,1013.25,0.20000006778552223,1.0
304.3,1013.25,0.20000006778552235,1.0
304.3,1013.25,0.20000006778552235,1.0
304.1,1013.25,0.20000006778552232,1.0
304.0,1013.25,0.20000006778552232,1.0
304.2,1013.25,0.20000006778552232,1.0
304.2,1013.25,0.20000006778552232,1.0
