# tendency to change, top row gives equation number (where number 0 is the first equation), 3rd column from end is gas-particle partitioning, 2nd column from end is gas-wall partitioning, final column is dilution (molecules/cm3/s (air))
4.900000000000000000e+01,5.000000000000000000e+01,5.100000000000000000e+01,5.200000000000000000e+01,5.300000000000000000e+01,5.400000000000000000e+01,0.000000000000000000e+00,0.000000000000000000e+00,0.000000000000000000e+00
0.000000000000000000e+00,0.000000000000000000e+00,0.000000000000000000e+00,0.000000000000000000e+00,0.000000000000000000e+00,0.000000000000000000e+00,0.000000000000000000e+00,0.000000000000000000e+00,-3.553396438046414256e+08
-1.960897959618802965e+08,-7.353367348570510745e+07,-1.458417857466484606e+08,-2.193754592323535681e+08,-5.907205103351643085e+08,-1.946222393912602797e+02,0.000000000000000000e+00,0.000000000000000000e+00,-1.764701599919198751e+08
-7.247428138253699541e+08,-2.717785551845136881e+08,-5.390274677826188803e+08,-8.108060229671324492e+08,-2.183287726648926735e+09,-2.759863565539448587e+02,0.000000000000000000e+00,0.000000000000000000e+00,-1.725523556578893661e+08
-8.311576085886614323e+08,-3.116841032207480073e+08,-6.181734713878169060e+08,-9.298575746085648537e+08,-2.503862295873342514e+09,-3.443186292815562410e+02,0.000000000000000000e+00,0.000000000000000000e+00,-1.678338468158609867e+08
-8.050028550870901346e+08,-3.018760706576587558e+08,-5.987208734710232019e+08,-9.005969441286820173e+08,-2.425071100949858665e+09,-4.079875536845444230e+02,0.000000000000000000e+00,0.000000000000000000e+00,-1.631717870735772550e+08
-7.637497004154959917e+08,-2.864061376558109522e+08,-5.680388396840251684e+08,-8.544449773398360014e+08,-2.300795972501681328e+09,-4.590430277201929812e+02,0.000000000000000000e+00,0.000000000000000000e+00,-1.587384508708953261e+08
-7.185733669800730944e+08,-2.694650126175273657e+08,-5.344389416914293170e+08,-8.039039543089566231e+08,-2.164702268027470112e+09,-5.157803924185059259e+02,0.000000000000000000e+00,0.000000000000000000e+00,-1.545468516105408072e+08
-6.683139086030764580e+08,-2.506177157261536717e+08,-4.970584695235381126e+08,-7.476761852496917248e+08,-2.013295649666767836e+09,-5.726612487461601404e+02,0.000000000000000000e+00,0.000000000000000000e+00,-1.506143939169909060e+08
-6.206594150916889906e+08,-2.327472806593833566e+08,-4.616154399744436741e+08,-6.943627206338269711e+08,-1.869736487963712931e+09,-6.264773707328045020e+02,0.000000000000000000e+00,0.000000000000000000e+00,-1.469383624464315176e+08
-6.006741129041864872e+08,-2.252527923390699327e+08,-4.467513714724887013e+08,-6.720041638115586042e+08,-1.809530765123861790e+09,-6.848905408869339908e+02,0.000000000000000000e+00,0.000000000000000000e+00,-1.434711768183787763e+08
-5.751545599485837221e+08,-2.156829599807188809e+08,-4.277712039617590904e+08,-6.434541639424779415e+08,-1.732653111845108271e+09,-6.786088293972292149e+02,0.000000000000000000e+00,0.000000000000000000e+00,-1.401352622953008115e+08
-5.448746606735314131e+08,-2.043279977525742650e+08,-4.052505288759389520e+08,-6.095785266285130978e+08,-1.641434915279013157e+09,-7.282293720298316657e+02,0.000000000000000000e+00,0.000000000000000000e+00,-1.369618955535800457e+08
-5.238291223622165322e+08,-1.964359208858312070e+08,-3.895979097568985224e+08,-5.860338306427297592e+08,-1.578035231116177320e+09,-8.006865488058404026e+02,0.000000000000000000e+00,0.000000000000000000e+00,-1.338948146998212785e+08
-4.949430889926486015e+08,-1.856036583722432256e+08,-3.681139224382823706e+08,-5.537175808105255365e+08,-1.491016055590353727e+09,-8.580678620680060931e+02,0.000000000000000000e+00,0.000000000000000000e+00,-1.309948426426463872e+08
-4.706743616994382739e+08,-1.765028856372893453e+08,-3.500640565139572024e+08,-5.265669421512465477e+08,-1.417906514619557858e+09,-8.950491486506808769e+02,0.000000000000000000e+00,0.000000000000000000e+00,-1.282484120342584103e+08
-4.531775408233850002e+08,-1.699415778087693751e+08,-3.370507959873926044e+08,-5.069923737961619496e+08,-1.365197341730447292e+09,-9.471031883272086134e+02,0.000000000000000000e+00,0.000000000000000000e+00,-1.256034339911285937e+08
-4.333673182833994627e+08,-1.625127443562747836e+08,-3.223169429732783437e+08,-4.848296873295531273e+08,-1.305519046328740835e+09,-9.915566425087973812e+02,0.000000000000000000e+00,0.000000000000000000e+00,-1.230662568235248327e+08
-4.074819168825702071e+08,-1.528057188309638202e+08,-3.030646756814115644e+08,-4.558703945123753548e+08,-1.227539274608742714e+09,-1.028177556608453415e+03,0.000000000000000000e+00,0.000000000000000000e+00,-1.206545946018630415e+08
-3.959566152874366045e+08,-1.484837307327887118e+08,-2.944927326200309992e+08,-4.429764633528196812e+08,-1.192819303553402662e+09,-1.059419660569902362e+03,0.000000000000000000e+00,0.000000000000000000e+00,-1.183461848545759618e+08
-3.840236870914462209e+08,-1.440088826592923403e+08,-2.856176172742631435e+08,-4.296264999335554242e+08,-1.156871357362981796e+09,-1.087138542910081469e+03,0.000000000000000000e+00,0.000000000000000000e+00,-1.161105585865390301e+08
-3.691355125261671543e+08,-1.384258171973126829e+08,-2.745445374413368106e+08,-4.129703546386494637e+08,-1.112020731485078573e+09,-1.071033286123716607e+03,0.000000000000000000e+00,0.000000000000000000e+00,-1.139525433722878695e+08
-3.495079495412005186e+08,-1.310654810779501945e+08,-2.599465374712678790e+08,-3.910120185492180586e+08,-1.052892697992866516e+09,-1.078925965361134331e+03,0.000000000000000000e+00,0.000000000000000000e+00,-1.119156000926140696e+08
-3.384034470427340865e+08,-1.269012926410252899e+08,-2.516875637380334735e+08,-3.785888563790587187e+08,-1.019440384216236472e+09,-1.129122507003005467e+03,0.000000000000000000e+00,0.000000000000000000e+00,-1.099215928686470240e+08
-3.242433210616567135e+08,-1.215912453981212527e+08,-2.411559700396071374e+08,-3.627472154377284050e+08,-9.767830046982407570e+08,-1.120023284864084417e+03,0.000000000000000000e+00,0.000000000000000000e+00,-1.080311491800592989e+08
-3.219374582407888770e+08,-1.207265468402958214e+08,-2.394409845665867031e+08,-3.601675314068825245e+08,-9.698365929503763914e+08,-1.160927370639294168e+03,0.000000000000000000e+00,0.000000000000000000e+00,-1.061486301565191150e+08
-3.148885999269404411e+08,-1.180832249726026505e+08,-2.341983961956619322e+08,-3.522816211682645679e+08,-9.486019072799079418e+08,-1.183125891389998515e+03,0.000000000000000000e+00,0.000000000000000000e+00,-1.043057691374794096e+08
-3.073682155883097649e+08,-1.152630808456161618e+08,-2.286051103438054025e+08,-3.438681911894215345e+08,-9.259467494597831964e+08,-1.196900182148805015e+03,0.000000000000000000e+00,0.000000000000000000e+00,-1.025067251148051471e+08
-2.914663800609508157e+08,-1.092998925228565484e+08,-2.167781201703321338e+08,-3.260780126931886673e+08,-8.780424699336142540e+08,-1.205898994126723665e+03,0.000000000000000000e+00,0.000000000000000000e+00,-1.007730367009947747e+08
-2.869802131885142922e+08,-1.076175799456928521e+08,-2.134415335589574873e+08,-3.210591135046503544e+08,-8.645278922303992510e+08,-1.241423937254464590e+03,0.000000000000000000e+00,0.000000000000000000e+00,-9.909672431865753233e+07
-2.740004887898799181e+08,-1.027501832962049693e+08,-2.037878635374732018e+08,-3.065380468336781263e+08,-8.254264724795132875e+08,-1.251512140663028504e+03,0.000000000000000000e+00,0.000000000000000000e+00,-9.746541109408120811e+07
-2.668480231740227640e+08,-1.000680086902585328e+08,-1.984682172356794178e+08,-2.985362259259379506e+08,-8.038796698117434978e+08,-1.245088463334046082e+03,0.000000000000000000e+00,0.000000000000000000e+00,-9.590077723365341127e+07
-2.476796881176805198e+08,-9.287988304413019121e+07,-1.842117680375248790e+08,-2.770916510816550851e+08,-7.461350604545125961e+08,-1.269070416166422547e+03,0.000000000000000000e+00,0.000000000000000000e+00,-9.443951945632587373e+07
-2.234617244876752496e+08,-8.379814668287821114e+07,-1.661996575877084732e+08,-2.499978042705866694e+08,-6.731784450191216469e+08,-1.290090542468904459e+03,0.000000000000000000e+00,0.000000000000000000e+00,-9.311527020506535470e+07
-2.304119330332199037e+08,-8.640447488745746017e+07,-1.713688751934573054e+08,-2.577733500809147358e+08,-6.941159482625749111e+08,-1.332212286794278953e+03,0.000000000000000000e+00,0.000000000000000000e+00,-9.175889364745615423e+07
-2.380383038940898478e+08,-8.926436396028369665e+07,-1.770409885212293267e+08,-2.663053524815129936e+08,-7.170903904809457064e+08,-1.325027750597636441e+03,0.000000000000000000e+00,0.000000000000000000e+00,-9.037210077327951789e+07
-2.435869484187600017e+08,-9.134510565703499317e+07,-1.811677928864527345e+08,-2.725128985434877276e+08,-7.338056821115144491e+08,-1.328407795993175341e+03,0.000000000000000000e+00,0.000000000000000000e+00,-8.895604529376816750e+07
-2.401786100690866113e+08,-9.006697877590747178e+07,-1.786328412388831675e+08,-2.686998200147905946e+08,-7.235380628331233263e+08,-1.349251917451231748e+03,0.000000000000000000e+00,0.000000000000000000e+00,-8.754711307028555870e+07
-2.347015112119447589e+08,-8.801306670447927713e+07,-1.745592489638839066e+08,-2.625723156683631539e+08,-7.070383025259835720e+08,-1.355491667800418782e+03,0.000000000000000000e+00,0.000000000000000000e+00,-8.616690236183628440e+07
-2.301430214113365412e+08,-8.630363302925120294e+07,-1.711688721746815443e+08,-2.574725052039327323e+08,-6.933058520016512871e+08,-1.381574358503791700e+03,0.000000000000000000e+00,0.000000000000000000e+00,-8.481606180392681062e+07
-2.218314744671499431e+08,-8.318680292518122494e+07,-1.649871591349427700e+08,-2.481739620601239800e+08,-6.682673168322892189e+08,-1.392044497755746761e+03,0.000000000000000000e+00,0.000000000000000000e+00,-8.350125685690556467e+07
-2.162783572946416140e+08,-8.110438398549060524e+07,-1.608570282378897071e+08,-2.419614122233802974e+08,-6.515385513501079082e+08,-1.381286250719941563e+03,0.000000000000000000e+00,0.000000000000000000e+00,-8.222749266215898097e+07
-2.090609646981022656e+08,-7.839786176178835332e+07,-1.554890924942135513e+08,-2.338869542560018897e+08,-6.297961561530330181e+08,-1.399499944060100916e+03,0.000000000000000000e+00,0.000000000000000000e+00,-8.099186446373730898e+07
-2.011676122395648062e+08,-7.543785458983680606e+07,-1.496184116031763256e+08,-2.250562661930131018e+08,-6.060174318716889620e+08,-1.412186258594001629e+03,0.000000000000000000e+00,0.000000000000000000e+00,-7.980364579507669806e+07
-1.917088157375631332e+08,-7.189080590158617496e+07,-1.425834317048125863e+08,-2.144742376063987315e+08,-5.775228074094089270e+08,-1.427945893317126774e+03,0.000000000000000000e+00,0.000000000000000000e+00,-7.866823234731066227e+07
-1.796086297282568514e+08,-6.735323614809632301e+07,-1.335839183603910357e+08,-2.009371545084873438e+08,-5.410709970563737154e+08,-1.465614379115906104e+03,0.000000000000000000e+00,0.000000000000000000e+00,-7.759409786198839545e+07
-1.677597983193854094e+08,-6.290992436976952106e+07,-1.247713500000428855e+08,-1.876812743698123991e+08,-5.053763924371485114e+08,-1.492713552198015577e+03,0.000000000000000000e+00,0.000000000000000000e+00,-7.658296951565679908e+07
-1.630705592419733703e+08,-6.115145971574000269e+07,-1.212837284362176806e+08,-1.824351881519576609e+08,-4.912500597164447308e+08,-1.536693873917618248e+03,0.000000000000000000e+00,0.000000000000000000e+00,-7.560689336130374670e+07
-1.554712705407020152e+08,-5.830172645276324451e+07,-1.156317574646471143e+08,-1.739334839174103439e+08,-4.683572025038647652e+08,-1.547419457663329240e+03,0.000000000000000000e+00,0.000000000000000000e+00,-7.466619268434014916e+07
-1.501093841882240772e+08,-5.629101907058402151e+07,-1.116438544899916500e+08,-1.679348735605756640e+08,-4.522045198670250177e+08,-1.544285848999527161e+03,0.000000000000000000e+00,0.000000000000000000e+00,-7.375722261739556491e+07
-1.483520441207065284e+08,-5.563201654526494443e+07,-1.103368328147754818e+08,-1.659688493600404263e+08,-4.469105329136283994e+08,-1.563805557033574132e+03,0.000000000000000000e+00,0.000000000000000000e+00,-7.286891428058715165e+07
-1.460497097807331979e+08,-5.476864116777495295e+07,-1.086244716494203210e+08,-1.633931128171952665e+08,-4.399747507144587636e+08,-1.568236255153244656e+03,0.000000000000000000e+00,0.000000000000000000e+00,-7.199633171673378348e+07
-1.428318754899645746e+08,-5.356195330873671174e+07,-1.062312073956611454e+08,-1.597931607043978274e+08,-4.302810249135182500e+08,-1.590197350298675019e+03,0.000000000000000000e+00,0.000000000000000000e+00,-7.114046780147491395e+07
-1.409947869962921739e+08,-5.287304512360956520e+07,-1.048648728284922987e+08,-1.577379179521018565e+08,-4.247467958263301849e+08,-1.604264907843245510e+03,0.000000000000000000e+00,0.000000000000000000e+00,-7.029628885322523117e+07
-1.386418955120980442e+08,-5.199071081703676283e+07,-1.031149097871229202e+08,-1.551056206041596830e+08,-4.176587102301953435e+08,-1.600272697538615148e+03,0.000000000000000000e+00,0.000000000000000000e+00,-6.946795336782355607e+07
-1.377710575790818036e+08,-5.166414659215568006e+07,-1.024672240744420886e+08,-1.541313706665977538e+08,-4.150353109569839239e+08,-1.635555828497287848e+03,0.000000000000000000e+00,0.000000000000000000e+00,-6.864231393923984468e+07
-1.358880117033874691e+08,-5.095800438877030462e+07,-1.010667087043944299e+08,-1.520247130931647122e+08,-4.093626352564547658e+08,-1.657840044532405273e+03,0.000000000000000000e+00,0.000000000000000000e+00,-6.782836719680672884e+07
-1.329165502223512083e+08,-4.984370633338169754e+07,-9.885668422787371278e+07,-1.487003905612553954e+08,-4.004111075448330045e+08,-1.650087289858026224e+03,0.000000000000000000e+00,0.000000000000000000e+00,-6.703119493478717655e+07
-1.335477218328002542e+08,-5.008039568730009347e+07,-9.932611811314518750e+07,-1.494065138004452884e+08,-4.023125120213107467e+08,-1.704033203123590965e+03,0.000000000000000000e+00,0.000000000000000000e+00,-6.623939958434308320e+07
-1.298783120885778964e+08,-4.870436703321670741e+07,-9.659699461587980390e+07,-1.453013616490965188e+08,-3.912584151668409109e+08,-1.698387720872374075e+03,0.000000000000000000e+00,0.000000000000000000e+00,-6.545855396208056808e+07
-1.279254583562996835e+08,-4.797204688361237943e+07,-9.514455965249788761e+07,-1.431166065361102521e+08,-3.853754432983527780e+08,-1.695553061538443444e+03,0.000000000000000000e+00,0.000000000000000000e+00,-6.469107591759520769e+07
-1.267365354972988963e+08,-4.752620081148708612e+07,-9.426029827611605823e+07,-1.417864990876031220e+08,-3.817938131856129169e+08,-1.689514316774982262e+03,0.000000000000000000e+00,0.000000000000000000e+00,-6.393311528764271736e+07
-1.252428950922017545e+08,-4.696608565957565606e+07,-9.314940322482505441e+07,-1.401154888844006956e+08,-3.772942214652577639e+08,-1.682948312026402846e+03,0.000000000000000000e+00,0.000000000000000000e+00,-6.318440640795686841e+07
-1.241997387337724268e+08,-4.657490202516465634e+07,-9.237355568324324489e+07,-1.389484577084078789e+08,-3.741517129354894161e+08,-1.699314996125798643e+03,0.000000000000000000e+00,0.000000000000000000e+00,-6.243932091751723737e+07
-1.217440551615587622e+08,-4.565402068558453023e+07,-9.054714102640932798e+07,-1.362011617119938433e+08,-3.667539661741957068e+08,-1.648879042718962182e+03,0.000000000000000000e+00,0.000000000000000000e+00,-6.171429941494202614e+07
-1.203617237998491675e+08,-4.513564642494343221e+07,-8.951903207613781095e+07,-1.346546785010812283e+08,-3.625896929470455647e+08,-1.650326941797453173e+03,0.000000000000000000e+00,0.000000000000000000e+00,-6.099383665588751435e+07
-1.196012162068326175e+08,-4.485045607756222785e+07,-8.895340455383175611e+07,-1.338038606313939691e+08,-3.602986638230832219e+08,-1.696803348385061327e+03,0.000000000000000000e+00,0.000000000000000000e+00,-6.027616281359510124e+07
-1.165296443630832732e+08,-4.369861663615622371e+07,-8.666892299504317343e+07,-1.303675396311993897e+08,-3.510455536437883377e+08,-1.681571531436411078e+03,0.000000000000000000e+00,0.000000000000000000e+00,-5.957560911777656525e+07
-1.142647201750072092e+08,-4.284927006562770158e+07,-8.498438563016161323e+07,-1.278336556957892925e+08,-3.442224695272092223e+08,-1.668255308375110872e+03,0.000000000000000000e+00,0.000000000000000000e+00,-5.888915529915349185e+07
-1.036373348527539372e+08,-3.886400056978272647e+07,-7.708026779673573375e+07,-1.159442683665184528e+08,-3.122074712439212203e+08,-1.617707602206071897e+03,0.000000000000000000e+00,0.000000000000000000e+00,-5.823318946627207845e+07
-1.005718470335672200e+08,-3.771444263758770376e+07,-7.480031123121561110e+07,-1.125147538688033074e+08,-3.029726891886212230e+08,-1.562802961817143341e+03,0.000000000000000000e+00,0.000000000000000000e+00,-5.761353778301461041e+07
-1.015577376521179229e+08,-3.808415161954422295e+07,-7.553356737876270711e+07,-1.136177189983069152e+08,-3.059426846770052314e+08,-1.546973730431045851e+03,0.000000000000000000e+00,0.000000000000000000e+00,-5.700343977624747157e+07
-9.880029517600467801e+07,-3.705011069100175053e+07,-7.348271953715346754e+07,-1.105328302281552255e+08,-2.976358892177140713e+08,-1.528048445935813334e+03,0.000000000000000000e+00,0.000000000000000000e+00,-5.640647876415695995e+07
-9.346755564492389560e+07,-3.505033336684645712e+07,-6.951649451091215014e+07,-1.045668278777585924e+08,-2.815710113803331852e+08,-1.524000592239219486e+03,0.000000000000000000e+00,0.000000000000000000e+00,-5.583729296994188428e+07
-8.931290260436853766e+07,-3.349233847663819790e+07,-6.642647131199909747e+07,-9.991880978863729537e+07,-2.690551190956602097e+08,-1.505490031896719984e+03,0.000000000000000000e+00,0.000000000000000000e+00,-5.529266161472275108e+07
-8.832769762948587537e+07,-3.312288661105720326e+07,-6.569372511193011701e+07,-9.881661172298730910e+07,-2.660871891088261902e+08,-1.502805202022296953e+03,0.000000000000000000e+00,0.000000000000000000e+00,-5.475488272690249234e+07
-9.161683269600768387e+07,-3.435631226100287586e+07,-6.814001931765571237e+07,-1.024963315786585808e+08,-2.759957084967231154e+08,-1.523385264224478078e+03,0.000000000000000000e+00,0.000000000000000000e+00,-5.420413127556050569e+07
-9.405117826168760657e+07,-3.526919184813284874e+07,-6.995056383213016391e+07,-1.052197556802629977e+08,-2.833291745133339167e+08,-1.528382076485001562e+03,0.000000000000000000e+00,0.000000000000000000e+00,-5.364243153692723811e+07
-9.444646535512305796e+07,-3.541742450817114860e+07,-7.024455860787276924e+07,-1.056619831160439104e+08,-2.845199768823081851e+08,-1.504511296890693302e+03,0.000000000000000000e+00,0.000000000000000000e+00,-5.307733728987340629e+07
-9.432051119778370857e+07,-3.537019169916889071e+07,-7.015088020335163176e+07,-1.055210719025205076e+08,-2.841405399833233953e+08,-1.486822879738689608e+03,0.000000000000000000e+00,0.000000000000000000e+00,-5.251267767940330505e+07
-9.217684889592754841e+07,-3.456631833597283065e+07,-6.855653136634612083e+07,-1.031228497023189366e+08,-2.776827572989817262e+08,-1.470714336867565407e+03,0.000000000000000000e+00,0.000000000000000000e+00,-5.195321258502472192e+07
-9.054726116636522114e+07,-3.395522293738695979e+07,-6.734452549248413742e+07,-1.012997484298710823e+08,-2.727736242636752129e+08,-1.450144545360924894e+03,0.000000000000000000e+00,0.000000000000000000e+00,-5.140590059991337359e+07
-8.973011760208821297e+07,-3.364879410078307986e+07,-6.673677496655309945e+07,-1.003855690673361719e+08,-2.703119792762907147e+08,-1.493826295123739555e+03,0.000000000000000000e+00,0.000000000000000000e+00,-5.085806683792645484e+07
-8.773044215816347301e+07,-3.289891580931130052e+07,-6.524951635513407737e+07,-9.814843216444537044e+07,-2.642879570014674366e+08,-1.492634803903871216e+03,0.000000000000000000e+00,0.000000000000000000e+00,-5.032629969285258651e+07
-8.600031840856832266e+07,-3.225011940321312100e+07,-6.396273681637268513e+07,-9.621285621958580613e+07,-2.590759592058120668e+08,-1.498703799554163425e+03,0.000000000000000000e+00,0.000000000000000000e+00,-4.980463082335346192e+07
-8.428299406436140835e+07,-3.160612277413552999e+07,-6.268547683536879718e+07,-9.429159960950432718e+07,-2.539025196188887358e+08,-1.501113979352417118e+03,0.000000000000000000e+00,0.000000000000000000e+00,-4.929329532143112272e+07
-8.288794387991362810e+07,-3.108297895496761054e+07,-6.164790826068576425e+07,-9.273088721565335989e+07,-2.496999309382398129e+08,-1.520615596071939081e+03,0.000000000000000000e+00,0.000000000000000000e+00,-4.878994420965051651e+07
-8.097954380879722536e+07,-3.036732892829895765e+07,-6.022853570779293031e+07,-9.059586463609187305e+07,-2.439508757240016162e+08,-1.489187203861420357e+03,0.000000000000000000e+00,0.000000000000000000e+00,-4.829783889985934645e+07
-8.012483264153262973e+07,-3.004681224057473242e+07,-5.959284427713988721e+07,-8.963965651771461964e+07,-2.413760583326170146e+08,-1.489472702424008048e+03,0.000000000000000000e+00,0.000000000000000000e+00,-4.781211748799012601e+07
-7.907953437544175982e+07,-2.965482539079065621e+07,-5.881540369173480570e+07,-8.847022908252546191e+07,-2.382270973060182929e+08,-1.488764478935149327e+03,0.000000000000000000e+00,0.000000000000000000e+00,-4.733249576179876179e+07
-7.815794980527123809e+07,-2.930923117697671428e+07,-5.812997516767048091e+07,-8.743920634464718401e+07,-2.354508237883796096e+08,-1.488078175870331506e+03,0.000000000000000000e+00,0.000000000000000000e+00,-4.685916756177458912e+07
-7.749555238874572515e+07,-2.906083214577964321e+07,-5.763731708912962675e+07,-8.669814923490926623e+07,-2.334553515710964501e+08,-1.474385391789942105e+03,0.000000000000000000e+00,0.000000000000000000e+00,-4.638992963419090211e+07
-8.049607310593153536e+07,-3.018602741472432390e+07,-5.986895437253656983e+07,-9.005498178726089001e+07,-2.424944202316187322e+08,-1.448936230745249986e+03,0.000000000000000000e+00,0.000000000000000000e+00,-4.590615774121349305e+07
-7.604497116319087148e+07,-2.851686418619657680e+07,-5.655844730262321234e+07,-8.507531148881977797e+07,-2.290854756291124821e+08,-1.419018437543623349e+03,0.000000000000000000e+00,0.000000000000000000e+00,-4.544559254091127962e+07
-6.915579936251419783e+07,-2.593342476094282418e+07,-5.143462577586993575e+07,-7.736805053681275249e+07,-2.083318455795740187e+08,-1.434456669905533090e+03,0.000000000000000000e+00,0.000000000000000000e+00,-4.501905935251122713e+07
-6.572867432859276235e+07,-2.464825287322228402e+07,-4.888570153189086914e+07,-7.353395440511314571e+07,-1.980076314148856997e+08,-1.397712391456383330e+03,0.000000000000000000e+00,0.000000000000000000e+00,-4.461505832486356050e+07
-6.600337307177554816e+07,-2.475126490191582963e+07,-4.909000872213306278e+07,-7.384127362404888868e+07,-1.988351613787238300e+08,-1.333278820039766970e+03,0.000000000000000000e+00,0.000000000000000000e+00,-4.421411306993925571e+07
-6.537880468174021691e+07,-2.451705175565258041e+07,-4.862548598204428703e+07,-7.314253773769685626e+07,-1.969536491037423909e+08,-1.323897252900382455e+03,0.000000000000000000e+00,0.000000000000000000e+00,-4.381395522197709233e+07
-7.075703726750902832e+07,-2.653388897531588376e+07,-5.262554646770983934e+07,-7.915943544302572310e+07,-2.131555747683709264e+08,-1.289221642944762380e+03,0.000000000000000000e+00,0.000000000000000000e+00,-4.339921719479456544e+07
-8.044550055761247873e+07,-3.016706270910467580e+07,-5.983134103972427547e+07,-8.999840374882894754e+07,-2.423420704298075736e+08,-1.241969756336004139e+03,0.000000000000000000e+00,0.000000000000000000e+00,-4.294897690087767690e+07
-9.028363239588689804e+07,-3.385636214845758677e+07,-6.714845159444087744e+07,-1.010048137428984642e+08,-2.719794425926092863e+08,-1.209477418623589756e+03,0.000000000000000000e+00,0.000000000000000000e+00,-4.245111925692579895e+07
-9.226094871202516556e+07,-3.459785576700942963e+07,-6.861908060456870496e+07,-1.032169363715781420e+08,-2.779361079949758053e+08,-1.174586663472573719e+03,0.000000000000000000e+00,0.000000000000000000e+00,-4.190764936391792446e+07
