number_of_size_bins,0
number_of_components,136
factor_for_multiplying_ppb_to_get_molec/cm3_with_time,[[252024034.18656287], [252024034.18656287], [249538928.10311833], [248440754.0796449], [248104796.33241072], [248272661.55320397], [248188700.5584278], [248020948.81759748], [247937157.95651045], [247519051.45068166], [247519051.45068166], [247185580.17893934], [246355819.92321953], [245778294.55836266], [245613784.3210411], [245121572.32841384], [244794525.53411305], [244712900.15047383], [244386942.24151546], [244061851.53018656], [244061851.53018656], [244224288.70258602], [243575833.90350842], [243980713.94656613], [243414257.8942856], [243172295.41128924], [243091748.11237863], [243252896.105824], [242930813.48933163], [242930813.48933163], [242930813.48933163], [243011254.15605], [243414257.8942856], [242770091.81318918], [242689810.69817168], [242449285.61323783], [242129326.1469056], [242049468.18973318], [241730562.43454245], [241650967.25428745], [241650967.25428745], [241491934.04122114], [241491934.04122114], [241491934.04122114], [241412495.90502334], [241491934.04122114], [241174494.75887972], [241333110.01357147], [241650967.25428745], [241650967.25428745], [241650967.25428745], [241571424.47375607], [241491934.04122114], [241650967.25428745], [241253776.3153422], [241016087.86577043], [241174494.75887972], [240542113.25836474], [240620979.52500686], [240699897.52419516], [240699897.52419516], [240778867.30684745], [240542113.25836474], [241174494.75887972], [241095265.29279602], [240384535.71938127], [240463298.67341775], [240542113.25836474], [241095265.29279602], [241650967.25428745], [241650967.25428745], [241810210.06631663], [241969662.89194557], [242289200.2480261], [242209236.81560096], [241491934.04122114], [240936962.42654988], [240857888.92394844], [240778867.30684745], [240778867.30684745], [240778867.30684745], [239834636.4546637], [239677984.1774236], [239443389.0868747], [239287247.326792], [238897782.40601268], [239287247.326792], [239209252.78724605], [239131309.07503128], [239053416.14047912], [239053416.14047912], [238975573.93398595], [239521536.40707278], [239677984.1774236], [240384535.71938127], [241174494.75887972], [241174494.75887972], [241333110.01357147], [241412495.90502334], [241253776.3153422], [241253776.3153422]]
simulation_computer_time(s),390.5680320262909
seed_name,['core']
wall_on_flag_0forNO_>0forYES,0
space_mode,lin
index_of_water,134
index_of_seed_components,[135]
size_structure_0_for_moving_centre_1_for_full_moving,0
output_by_sim_sch_ext,/Users/user/Documents/GitHub/PyCHAM/PyCHAM/output/guaiacol-MCM-model/guaiacol/inputs/guaiacol-MCM-model.fac
output_by_sim_mv_ext,/Users/user/Documents/GitHub/PyCHAM/PyCHAM/output/guaiacol-MCM-model/guaiacol/inputs/mod_var_EUPHORE.txt
