# the total concentration (ug/m3) of injected (through initial gas-phase concentration, instantaneous and/or continuous gas-phase influx) components, with component index (relative to all components) in the first row and its cumulative injected concentrations in following rows
1.300000000000000000e+01,1.000000000000000000e+00,2.100000000000000000e+01,3.500000000000000000e+01,2.000000000000000000e+00,3.000000000000000000e+00,3.700000000000000000e+01
2.154478512438809791e-04,3.475058426898962605e-01,2.210389096211907045e+01,6.071963273893192514e-02,4.420213763014582131e-01,8.105557811153081271e-01,3.141436289677929788e-02
2.154478512438809791e-04,3.475058426898962605e-01,2.210389096211907045e+01,6.071963273893192514e-02,4.420213763014582131e-01,8.105557811153081271e-01,3.141436289677929788e-02
2.154478512438809791e-04,3.475058426898962605e-01,2.210389096211907045e+01,6.071963273893192514e-02,4.420213763014582131e-01,8.105557811153081271e-01,3.141436289677929788e-02
2.154478512438809791e-04,3.475058426898962605e-01,2.210389096211907045e+01,6.071963273893192514e-02,4.420213763014582131e-01,8.105557811153081271e-01,3.141436289677929788e-02
2.154478512438809791e-04,3.475058426898962605e-01,2.210389096211907045e+01,6.071963273893192514e-02,4.420213763014582131e-01,8.105557811153081271e-01,3.141436289677929788e-02
2.154478512438809791e-04,3.475058426898962605e-01,2.210389096211907045e+01,6.071963273893192514e-02,4.420213763014582131e-01,8.105557811153081271e-01,3.141436289677929788e-02
2.154478512438809791e-04,3.475058426898962605e-01,2.210389096211907045e+01,6.071963273893192514e-02,4.420213763014582131e-01,8.105557811153081271e-01,3.141436289677929788e-02
2.154478512438809791e-04,3.475058426898962605e-01,2.210389096211907045e+01,6.071963273893192514e-02,4.420213763014582131e-01,8.105557811153081271e-01,3.141436289677929788e-02
2.154478512438809791e-04,3.475058426898962605e-01,2.210389096211907045e+01,6.071963273893192514e-02,4.420213763014582131e-01,8.105557811153081271e-01,3.141436289677929788e-02
2.154478512438809791e-04,3.475058426898962605e-01,2.210389096211907045e+01,6.071963273893192514e-02,4.420213763014582131e-01,8.105557811153081271e-01,3.141436289677929788e-02
2.154478512438809791e-04,3.475058426898962605e-01,2.210389096211907045e+01,6.071963273893192514e-02,4.420213763014582131e-01,8.105557811153081271e-01,3.141436289677929788e-02
2.154478512438809791e-04,3.475058426898962605e-01,2.210389096211907045e+01,6.071963273893192514e-02,4.420213763014582131e-01,8.105557811153081271e-01,3.141436289677929788e-02
2.154478512438809791e-04,3.475058426898962605e-01,2.210389096211907045e+01,6.071963273893192514e-02,4.420213763014582131e-01,8.105557811153081271e-01,3.141436289677929788e-02
2.154478512438809791e-04,3.475058426898962605e-01,2.210389096211907045e+01,6.071963273893192514e-02,4.420213763014582131e-01,8.105557811153081271e-01,3.141436289677929788e-02
2.154478512438809791e-04,3.475058426898962605e-01,2.210389096211907045e+01,6.071963273893192514e-02,4.420213763014582131e-01,8.105557811153081271e-01,3.141436289677929788e-02
2.154478512438809791e-04,3.475058426898962605e-01,2.210389096211907045e+01,6.071963273893192514e-02,4.420213763014582131e-01,8.105557811153081271e-01,3.141436289677929788e-02
2.154478512438809791e-04,3.475058426898962605e-01,2.210389096211907045e+01,6.071963273893192514e-02,4.420213763014582131e-01,8.105557811153081271e-01,3.141436289677929788e-02
2.154478512438809791e-04,3.475058426898962605e-01,2.210389096211907045e+01,6.071963273893192514e-02,4.420213763014582131e-01,8.105557811153081271e-01,3.141436289677929788e-02
2.154478512438809791e-04,3.475058426898962605e-01,2.210389096211907045e+01,6.071963273893192514e-02,4.420213763014582131e-01,8.105557811153081271e-01,3.141436289677929788e-02
2.154478512438809791e-04,3.475058426898962605e-01,2.210389096211907045e+01,6.071963273893192514e-02,4.420213763014582131e-01,8.105557811153081271e-01,3.141436289677929788e-02
2.154478512438809791e-04,3.475058426898962605e-01,2.210389096211907045e+01,6.071963273893192514e-02,4.420213763014582131e-01,8.105557811153081271e-01,3.141436289677929788e-02
2.154478512438809791e-04,3.475058426898962605e-01,2.210389096211907045e+01,6.071963273893192514e-02,4.420213763014582131e-01,8.105557811153081271e-01,3.141436289677929788e-02
2.154478512438809791e-04,3.475058426898962605e-01,2.210389096211907045e+01,6.071963273893192514e-02,4.420213763014582131e-01,8.105557811153081271e-01,3.141436289677929788e-02
2.154478512438809791e-04,3.475058426898962605e-01,2.210389096211907045e+01,6.071963273893192514e-02,4.420213763014582131e-01,8.105557811153081271e-01,3.141436289677929788e-02
2.154478512438809791e-04,3.475058426898962605e-01,2.210389096211907045e+01,6.071963273893192514e-02,4.420213763014582131e-01,8.105557811153081271e-01,3.141436289677929788e-02
2.154478512438809791e-04,3.475058426898962605e-01,2.210389096211907045e+01,6.071963273893192514e-02,4.420213763014582131e-01,8.105557811153081271e-01,3.141436289677929788e-02
2.154478512438809791e-04,3.475058426898962605e-01,2.210389096211907045e+01,6.071963273893192514e-02,4.420213763014582131e-01,8.105557811153081271e-01,3.141436289677929788e-02
2.154478512438809791e-04,3.475058426898962605e-01,2.210389096211907045e+01,6.071963273893192514e-02,4.420213763014582131e-01,8.105557811153081271e-01,3.141436289677929788e-02
2.154478512438809791e-04,3.475058426898962605e-01,2.210389096211907045e+01,6.071963273893192514e-02,4.420213763014582131e-01,8.105557811153081271e-01,3.141436289677929788e-02
2.154478512438809791e-04,3.475058426898962605e-01,2.210389096211907045e+01,6.071963273893192514e-02,4.420213763014582131e-01,8.105557811153081271e-01,3.141436289677929788e-02
2.154478512438809791e-04,3.475058426898962605e-01,2.210389096211907045e+01,6.071963273893192514e-02,4.420213763014582131e-01,8.105557811153081271e-01,3.141436289677929788e-02
2.154478512438809791e-04,3.475058426898962605e-01,2.210389096211907045e+01,6.071963273893192514e-02,4.420213763014582131e-01,8.105557811153081271e-01,3.141436289677929788e-02
2.154478512438809791e-04,3.475058426898962605e-01,2.210389096211907045e+01,6.071963273893192514e-02,4.420213763014582131e-01,8.105557811153081271e-01,3.141436289677929788e-02
2.154478512438809791e-04,3.475058426898962605e-01,2.210389096211907045e+01,6.071963273893192514e-02,4.420213763014582131e-01,8.105557811153081271e-01,3.141436289677929788e-02
2.154478512438809791e-04,3.475058426898962605e-01,2.210389096211907045e+01,6.071963273893192514e-02,4.420213763014582131e-01,8.105557811153081271e-01,3.141436289677929788e-02
2.154478512438809791e-04,3.475058426898962605e-01,2.210389096211907045e+01,6.071963273893192514e-02,4.420213763014582131e-01,8.105557811153081271e-01,3.141436289677929788e-02
2.154478512438809791e-04,3.475058426898962605e-01,2.210389096211907045e+01,6.071963273893192514e-02,4.420213763014582131e-01,8.105557811153081271e-01,3.141436289677929788e-02
2.154478512438809791e-04,3.475058426898962605e-01,2.210389096211907045e+01,6.071963273893192514e-02,4.420213763014582131e-01,8.105557811153081271e-01,3.141436289677929788e-02
2.154478512438809791e-04,3.475058426898962605e-01,2.210389096211907045e+01,6.071963273893192514e-02,4.420213763014582131e-01,8.105557811153081271e-01,3.141436289677929788e-02
2.154478512438809791e-04,3.475058426898962605e-01,2.210389096211907045e+01,6.071963273893192514e-02,4.420213763014582131e-01,8.105557811153081271e-01,3.141436289677929788e-02
2.154478512438809791e-04,3.475058426898962605e-01,2.210389096211907045e+01,6.071963273893192514e-02,4.420213763014582131e-01,8.105557811153081271e-01,3.141436289677929788e-02
2.154478512438809791e-04,3.475058426898962605e-01,2.210389096211907045e+01,6.071963273893192514e-02,4.420213763014582131e-01,8.105557811153081271e-01,3.141436289677929788e-02
2.154478512438809791e-04,3.475058426898962605e-01,2.210389096211907045e+01,6.071963273893192514e-02,4.420213763014582131e-01,8.105557811153081271e-01,3.141436289677929788e-02
2.154478512438809791e-04,3.475058426898962605e-01,2.210389096211907045e+01,6.071963273893192514e-02,4.420213763014582131e-01,8.105557811153081271e-01,3.141436289677929788e-02
2.154478512438809791e-04,3.475058426898962605e-01,2.210389096211907045e+01,6.071963273893192514e-02,4.420213763014582131e-01,8.105557811153081271e-01,3.141436289677929788e-02
2.154478512438809791e-04,3.475058426898962605e-01,2.210389096211907045e+01,6.071963273893192514e-02,4.420213763014582131e-01,8.105557811153081271e-01,3.141436289677929788e-02
2.154478512438809791e-04,3.475058426898962605e-01,2.210389096211907045e+01,6.071963273893192514e-02,4.420213763014582131e-01,8.105557811153081271e-01,3.141436289677929788e-02
2.154478512438809791e-04,3.475058426898962605e-01,2.210389096211907045e+01,6.071963273893192514e-02,4.420213763014582131e-01,8.105557811153081271e-01,3.141436289677929788e-02
2.154478512438809791e-04,3.475058426898962605e-01,2.210389096211907045e+01,6.071963273893192514e-02,4.420213763014582131e-01,8.105557811153081271e-01,3.141436289677929788e-02
2.154478512438809791e-04,3.475058426898962605e-01,2.210389096211907045e+01,6.071963273893192514e-02,4.420213763014582131e-01,8.105557811153081271e-01,3.141436289677929788e-02
2.154478512438809791e-04,3.475058426898962605e-01,2.210389096211907045e+01,6.071963273893192514e-02,4.420213763014582131e-01,8.105557811153081271e-01,3.141436289677929788e-02
2.154478512438809791e-04,3.475058426898962605e-01,2.210389096211907045e+01,6.071963273893192514e-02,4.420213763014582131e-01,8.105557811153081271e-01,3.141436289677929788e-02
2.154478512438809791e-04,3.475058426898962605e-01,2.210389096211907045e+01,6.071963273893192514e-02,4.420213763014582131e-01,8.105557811153081271e-01,3.141436289677929788e-02
2.154478512438809791e-04,3.475058426898962605e-01,2.210389096211907045e+01,6.071963273893192514e-02,4.420213763014582131e-01,8.105557811153081271e-01,3.141436289677929788e-02
2.154478512438809791e-04,3.475058426898962605e-01,2.210389096211907045e+01,6.071963273893192514e-02,4.420213763014582131e-01,8.105557811153081271e-01,3.141436289677929788e-02
2.154478512438809791e-04,3.475058426898962605e-01,2.210389096211907045e+01,6.071963273893192514e-02,4.420213763014582131e-01,8.105557811153081271e-01,3.141436289677929788e-02
2.154478512438809791e-04,3.475058426898962605e-01,2.210389096211907045e+01,6.071963273893192514e-02,4.420213763014582131e-01,8.105557811153081271e-01,3.141436289677929788e-02
2.154478512438809791e-04,3.475058426898962605e-01,2.210389096211907045e+01,6.071963273893192514e-02,4.420213763014582131e-01,8.105557811153081271e-01,3.141436289677929788e-02
2.154478512438809791e-04,3.475058426898962605e-01,2.210389096211907045e+01,6.071963273893192514e-02,4.420213763014582131e-01,8.105557811153081271e-01,3.141436289677929788e-02
2.154478512438809791e-04,3.475058426898962605e-01,2.210389096211907045e+01,6.071963273893192514e-02,4.420213763014582131e-01,8.105557811153081271e-01,3.141436289677929788e-02
2.154478512438809791e-04,3.475058426898962605e-01,2.210389096211907045e+01,6.071963273893192514e-02,4.420213763014582131e-01,8.105557811153081271e-01,3.141436289677929788e-02
2.154478512438809791e-04,3.475058426898962605e-01,2.210389096211907045e+01,6.071963273893192514e-02,4.420213763014582131e-01,8.105557811153081271e-01,3.141436289677929788e-02
2.154478512438809791e-04,3.475058426898962605e-01,2.210389096211907045e+01,6.071963273893192514e-02,4.420213763014582131e-01,8.105557811153081271e-01,3.141436289677929788e-02
2.154478512438809791e-04,3.475058426898962605e-01,2.210389096211907045e+01,6.071963273893192514e-02,4.420213763014582131e-01,8.105557811153081271e-01,3.141436289677929788e-02
2.154478512438809791e-04,3.475058426898962605e-01,2.210389096211907045e+01,6.071963273893192514e-02,4.420213763014582131e-01,8.105557811153081271e-01,3.141436289677929788e-02
2.154478512438809791e-04,3.475058426898962605e-01,2.210389096211907045e+01,6.071963273893192514e-02,4.420213763014582131e-01,8.105557811153081271e-01,3.141436289677929788e-02
2.154478512438809791e-04,3.475058426898962605e-01,2.210389096211907045e+01,6.071963273893192514e-02,4.420213763014582131e-01,8.105557811153081271e-01,3.141436289677929788e-02
2.154478512438809791e-04,3.475058426898962605e-01,2.210389096211907045e+01,6.071963273893192514e-02,4.420213763014582131e-01,8.105557811153081271e-01,3.141436289677929788e-02
2.154478512438809791e-04,3.475058426898962605e-01,2.210389096211907045e+01,6.071963273893192514e-02,4.420213763014582131e-01,8.105557811153081271e-01,3.141436289677929788e-02
2.154478512438809791e-04,3.475058426898962605e-01,2.210389096211907045e+01,6.071963273893192514e-02,4.420213763014582131e-01,8.105557811153081271e-01,3.141436289677929788e-02
2.154478512438809791e-04,3.475058426898962605e-01,2.210389096211907045e+01,6.071963273893192514e-02,4.420213763014582131e-01,8.105557811153081271e-01,3.141436289677929788e-02
2.154478512438809791e-04,3.475058426898962605e-01,2.210389096211907045e+01,6.071963273893192514e-02,4.420213763014582131e-01,8.105557811153081271e-01,3.141436289677929788e-02
2.154478512438809791e-04,3.475058426898962605e-01,2.210389096211907045e+01,6.071963273893192514e-02,4.420213763014582131e-01,8.105557811153081271e-01,3.141436289677929788e-02
2.154478512438809791e-04,3.475058426898962605e-01,2.210389096211907045e+01,6.071963273893192514e-02,4.420213763014582131e-01,8.105557811153081271e-01,3.141436289677929788e-02
2.154478512438809791e-04,3.475058426898962605e-01,2.210389096211907045e+01,6.071963273893192514e-02,4.420213763014582131e-01,8.105557811153081271e-01,3.141436289677929788e-02
2.154478512438809791e-04,3.475058426898962605e-01,2.210389096211907045e+01,6.071963273893192514e-02,4.420213763014582131e-01,8.105557811153081271e-01,3.141436289677929788e-02
2.154478512438809791e-04,3.475058426898962605e-01,2.210389096211907045e+01,6.071963273893192514e-02,4.420213763014582131e-01,8.105557811153081271e-01,3.141436289677929788e-02
2.154478512438809791e-04,3.475058426898962605e-01,2.210389096211907045e+01,6.071963273893192514e-02,4.420213763014582131e-01,8.105557811153081271e-01,3.141436289677929788e-02
2.154478512438809791e-04,3.475058426898962605e-01,2.210389096211907045e+01,6.071963273893192514e-02,4.420213763014582131e-01,8.105557811153081271e-01,3.141436289677929788e-02
2.154478512438809791e-04,3.475058426898962605e-01,2.210389096211907045e+01,6.071963273893192514e-02,4.420213763014582131e-01,8.105557811153081271e-01,3.141436289677929788e-02
2.154478512438809791e-04,3.475058426898962605e-01,2.210389096211907045e+01,6.071963273893192514e-02,4.420213763014582131e-01,8.105557811153081271e-01,3.141436289677929788e-02
2.154478512438809791e-04,3.475058426898962605e-01,2.210389096211907045e+01,6.071963273893192514e-02,4.420213763014582131e-01,8.105557811153081271e-01,3.141436289677929788e-02
2.154478512438809791e-04,3.475058426898962605e-01,2.210389096211907045e+01,6.071963273893192514e-02,4.420213763014582131e-01,8.105557811153081271e-01,3.141436289677929788e-02
2.154478512438809791e-04,3.475058426898962605e-01,2.210389096211907045e+01,6.071963273893192514e-02,4.420213763014582131e-01,8.105557811153081271e-01,3.141436289677929788e-02
2.154478512438809791e-04,3.475058426898962605e-01,2.210389096211907045e+01,6.071963273893192514e-02,4.420213763014582131e-01,8.105557811153081271e-01,3.141436289677929788e-02
2.154478512438809791e-04,3.475058426898962605e-01,2.210389096211907045e+01,6.071963273893192514e-02,4.420213763014582131e-01,8.105557811153081271e-01,3.141436289677929788e-02
2.154478512438809791e-04,3.475058426898962605e-01,2.210389096211907045e+01,6.071963273893192514e-02,4.420213763014582131e-01,8.105557811153081271e-01,3.141436289677929788e-02
2.154478512438809791e-04,3.475058426898962605e-01,2.210389096211907045e+01,6.071963273893192514e-02,4.420213763014582131e-01,8.105557811153081271e-01,3.141436289677929788e-02
2.154478512438809791e-04,3.475058426898962605e-01,2.210389096211907045e+01,6.071963273893192514e-02,4.420213763014582131e-01,8.105557811153081271e-01,3.141436289677929788e-02
2.154478512438809791e-04,3.475058426898962605e-01,2.210389096211907045e+01,6.071963273893192514e-02,4.420213763014582131e-01,8.105557811153081271e-01,3.141436289677929788e-02
2.154478512438809791e-04,3.475058426898962605e-01,2.210389096211907045e+01,6.071963273893192514e-02,4.420213763014582131e-01,8.105557811153081271e-01,3.141436289677929788e-02
2.154478512438809791e-04,3.475058426898962605e-01,2.210389096211907045e+01,6.071963273893192514e-02,4.420213763014582131e-01,8.105557811153081271e-01,3.141436289677929788e-02
2.154478512438809791e-04,3.475058426898962605e-01,2.210389096211907045e+01,6.071963273893192514e-02,4.420213763014582131e-01,8.105557811153081271e-01,3.141436289677929788e-02
2.154478512438809791e-04,3.475058426898962605e-01,2.210389096211907045e+01,6.071963273893192514e-02,4.420213763014582131e-01,8.105557811153081271e-01,3.141436289677929788e-02
2.154478512438809791e-04,3.475058426898962605e-01,2.210389096211907045e+01,6.071963273893192514e-02,4.420213763014582131e-01,8.105557811153081271e-01,3.141436289677929788e-02
2.154478512438809791e-04,3.475058426898962605e-01,2.210389096211907045e+01,6.071963273893192514e-02,4.420213763014582131e-01,8.105557811153081271e-01,3.141436289677929788e-02
2.154478512438809791e-04,3.475058426898962605e-01,2.210389096211907045e+01,6.071963273893192514e-02,4.420213763014582131e-01,8.105557811153081271e-01,3.141436289677929788e-02
2.154478512438809791e-04,3.475058426898962605e-01,2.210389096211907045e+01,6.071963273893192514e-02,4.420213763014582131e-01,8.105557811153081271e-01,3.141436289677929788e-02
2.154478512438809791e-04,3.475058426898962605e-01,2.210389096211907045e+01,6.071963273893192514e-02,4.420213763014582131e-01,8.105557811153081271e-01,3.141436289677929788e-02
2.154478512438809791e-04,3.475058426898962605e-01,2.210389096211907045e+01,6.071963273893192514e-02,4.420213763014582131e-01,8.105557811153081271e-01,3.141436289677929788e-02
2.154478512438809791e-04,3.475058426898962605e-01,2.210389096211907045e+01,6.071963273893192514e-02,4.420213763014582131e-01,8.105557811153081271e-01,3.141436289677929788e-02
