# particle number concentration assuming water not removed from particles (#/cc (air)), with time changing with rows (corresponding times given in the time output file) and size bin changing with columns with size bin numbers given in the second row of the header
# 
0.000000000000000000e+00,0.000000000000000000e+00,0.000000000000000000e+00,0.000000000000000000e+00,0.000000000000000000e+00,0.000000000000000000e+00,0.000000000000000000e+00,0.000000000000000000e+00,0.000000000000000000e+00,0.000000000000000000e+00,0.000000000000000000e+00,0.000000000000000000e+00,0.000000000000000000e+00,0.000000000000000000e+00,0.000000000000000000e+00,0.000000000000000000e+00,0.000000000000000000e+00,0.000000000000000000e+00,0.000000000000000000e+00,0.000000000000000000e+00,0.000000000000000000e+00,0.000000000000000000e+00,0.000000000000000000e+00,0.000000000000000000e+00
0.000000000000000000e+00,0.000000000000000000e+00,0.000000000000000000e+00,0.000000000000000000e+00,0.000000000000000000e+00,0.000000000000000000e+00,0.000000000000000000e+00,0.000000000000000000e+00,0.000000000000000000e+00,0.000000000000000000e+00,0.000000000000000000e+00,0.000000000000000000e+00,0.000000000000000000e+00,0.000000000000000000e+00,0.000000000000000000e+00,0.000000000000000000e+00,0.000000000000000000e+00,0.000000000000000000e+00,0.000000000000000000e+00,0.000000000000000000e+00,0.000000000000000000e+00,0.000000000000000000e+00,0.000000000000000000e+00,0.000000000000000000e+00
0.000000000000000000e+00,0.000000000000000000e+00,0.000000000000000000e+00,0.000000000000000000e+00,0.000000000000000000e+00,0.000000000000000000e+00,0.000000000000000000e+00,0.000000000000000000e+00,0.000000000000000000e+00,0.000000000000000000e+00,0.000000000000000000e+00,0.000000000000000000e+00,0.000000000000000000e+00,0.000000000000000000e+00,0.000000000000000000e+00,0.000000000000000000e+00,0.000000000000000000e+00,0.000000000000000000e+00,0.000000000000000000e+00,0.000000000000000000e+00,0.000000000000000000e+00,0.000000000000000000e+00,0.000000000000000000e+00,0.000000000000000000e+00
0.000000000000000000e+00,0.000000000000000000e+00,3.999999999999992724e+03,0.000000000000000000e+00,0.000000000000000000e+00,0.000000000000000000e+00,0.000000000000000000e+00,3.979803429654844876e+03,1.370139682015823479e-01,0.000000000000000000e+00,3.977626912786823141e+03,3.977010972480718465e+03,6.265088267311017534e-01,7.955427107914308181e+03,7.953399278066809529e+03,1.619692404913934958e+00,1.174048864258906051e-04,0.000000000000000000e+00,0.000000000000000000e+00,0.000000000000000000e+00,0.000000000000000000e+00,0.000000000000000000e+00,0.000000000000000000e+00,0.000000000000000000e+00
3.984902311792400724e+03,0.000000000000000000e+00,0.000000000000000000e+00,3.729939287925025383e+03,0.000000000000000000e+00,1.694760471441614014e+00,0.000000000000000000e+00,0.000000000000000000e+00,0.000000000000000000e+00,0.000000000000000000e+00,3.913195475550501214e+03,1.691099741522248179e+00,3.917431069778464007e+03,3.926510804941034621e+03,3.937297808440226163e+03,7.888312762294524873e+03,7.914312448400627545e+03,5.306371261808044970e+00,7.213276187273130399e-03,0.000000000000000000e+00,0.000000000000000000e+00,0.000000000000000000e+00,0.000000000000000000e+00,0.000000000000000000e+00
1.506025773322471650e+01,3.247228666127604356e+03,1.619203283180780994e+00,0.000000000000000000e+00,0.000000000000000000e+00,0.000000000000000000e+00,0.000000000000000000e+00,3.597706104999349009e+03,3.161978840480279551e+00,2.060264769676307950e-03,0.000000000000000000e+00,3.849165769962764898e+03,3.867062720247762172e+03,3.881813317291828298e+03,3.903393319441118365e+03,7.827023871864631474e+03,7.872013236969581158e+03,2.029439696554722516e+01,4.026776557533273682e-02,2.608318072202493027e-08,0.000000000000000000e+00,0.000000000000000000e+00,0.000000000000000000e+00,0.000000000000000000e+00
0.000000000000000000e+00,1.183857594262170920e+01,2.135385060738546848e-05,0.000000000000000000e+00,0.000000000000000000e+00,3.076404099497896368e+03,2.683482823063819023e+00,1.615514205172229219e-03,0.000000000000000000e+00,3.507269761670768730e+03,1.366370258843780938e+00,5.384812329422861707e-04,3.792184625378600231e+03,3.819111803576498914e+03,7.703417893533430288e+03,7.764016461360098219e+03,7.827279979306867972e+03,4.602828693887190070e+01,1.250252677989455441e-01,3.437448530550019336e-07,0.000000000000000000e+00,0.000000000000000000e+00,0.000000000000000000e+00,0.000000000000000000e+00
0.000000000000000000e+00,0.000000000000000000e+00,0.000000000000000000e+00,0.000000000000000000e+00,1.110533689865642870e+01,2.025540707385348543e-05,1.516025241540481844e-05,2.968270803474692002e+03,3.639617653617498227e+00,2.190736999379619843e-03,3.431008286123981634e+03,2.583676740764660362e+00,3.736975904597370118e+03,3.775656162673218205e+03,7.625388327979650967e+03,7.693058748492475388e+03,7.789046413166108323e+03,7.594981475423915640e+01,2.773312304610980883e-01,2.465310216364002198e-04,0.000000000000000000e+00,0.000000000000000000e+00,0.000000000000000000e+00,0.000000000000000000e+00
0.000000000000000000e+00,0.000000000000000000e+00,0.000000000000000000e+00,0.000000000000000000e+00,0.000000000000000000e+00,0.000000000000000000e+00,1.065397174552525783e+01,3.417029375677386311e-05,2.885343579236316145e+03,3.557565171508959789e+00,3.363319582076895131e+03,4.793229762755887080e+00,1.160706762375591561e+00,7.415215288184165729e+03,7.543280636576559118e+03,7.628306733328198789e+03,7.746378571426947019e+03,1.111794927315184225e+02,5.419678803534983658e+00,3.695966558158715175e-03,0.000000000000000000e+00,0.000000000000000000e+00,0.000000000000000000e+00,0.000000000000000000e+00
0.000000000000000000e+00,0.000000000000000000e+00,0.000000000000000000e+00,0.000000000000000000e+00,0.000000000000000000e+00,0.000000000000000000e+00,0.000000000000000000e+00,0.000000000000000000e+00,1.031545126075688223e+01,2.815780864355768244e+03,3.486573172042929603e+00,3.302282407873305601e+03,8.957599851121337053e+00,7.317257059621745611e+03,1.021851749715521507e+01,7.480832525147067827e+03,1.525318536310448508e+04,1.480464644668132053e+02,5.879103515799124047e+00,3.793399779598936872e-03,0.000000000000000000e+00,0.000000000000000000e+00,0.000000000000000000e+00,0.000000000000000000e+00
0.000000000000000000e+00,0.000000000000000000e+00,0.000000000000000000e+00,0.000000000000000000e+00,0.000000000000000000e+00,0.000000000000000000e+00,0.000000000000000000e+00,0.000000000000000000e+00,0.000000000000000000e+00,1.003624634061663201e+01,2.758018034001040633e+03,3.246026808907599843e+03,1.069247996802772604e+01,7.224805470701333434e+03,1.940123923056916055e+01,7.411378158384367453e+03,1.514306426163107062e+04,1.837642536911273794e+02,6.460365822863931129e+00,3.932476444673375232e-03,0.000000000000000000e+00,0.000000000000000000e+00,0.000000000000000000e+00,0.000000000000000000e+00
0.000000000000000000e+00,0.000000000000000000e+00,0.000000000000000000e+00,0.000000000000000000e+00,0.000000000000000000e+00,0.000000000000000000e+00,0.000000000000000000e+00,0.000000000000000000e+00,0.000000000000000000e+00,9.793725733003277867e+00,2.702586895791990628e+03,5.728528759788439721e-03,3.205718926518627995e+03,9.712642569984508700e-01,7.162879045802415021e+03,7.343716692153763688e+03,1.501374259916613482e+04,2.378174969311541531e+02,7.188366417206950132e+00,7.319213025313984176e-03,0.000000000000000000e+00,0.000000000000000000e+00,0.000000000000000000e+00,0.000000000000000000e+00
0.000000000000000000e+00,0.000000000000000000e+00,0.000000000000000000e+00,0.000000000000000000e+00,0.000000000000000000e+00,0.000000000000000000e+00,0.000000000000000000e+00,0.000000000000000000e+00,0.000000000000000000e+00,0.000000000000000000e+00,9.576366689314685487e+00,2.651487357434088608e+03,3.155879287072444640e+03,3.526587006228199428e+00,7.084130493130314790e+03,7.271019247859720963e+03,1.488902934414782248e+04,2.733673616783086686e+02,2.615849223318237904e+01,5.118696482946831494e-02,3.826746181226081460e-08,0.000000000000000000e+00,0.000000000000000000e+00,0.000000000000000000e+00
0.000000000000000000e+00,0.000000000000000000e+00,0.000000000000000000e+00,0.000000000000000000e+00,0.000000000000000000e+00,0.000000000000000000e+00,0.000000000000000000e+00,0.000000000000000000e+00,0.000000000000000000e+00,0.000000000000000000e+00,9.377528654853731993e+00,2.603761867430718212e+03,3.108454675206991851e+03,5.928576685003035251e+00,7.003704380080173905e+03,7.204038664313346089e+03,1.476676802530009445e+04,3.075955223849464915e+02,4.489356502619682487e+01,5.872421553823439083e-02,3.032273191890814825e-07,0.000000000000000000e+00,0.000000000000000000e+00,0.000000000000000000e+00
0.000000000000000000e+00,0.000000000000000000e+00,0.000000000000000000e+00,0.000000000000000000e+00,0.000000000000000000e+00,0.000000000000000000e+00,0.000000000000000000e+00,0.000000000000000000e+00,0.000000000000000000e+00,0.000000000000000000e+00,9.193023903437573807e+00,2.558774334319395621e+03,3.062451530820236712e+03,7.976575662350341211e+00,6.926360300478608224e+03,7.138464160942665330e+03,1.464676994303283391e+04,3.406048221089317849e+02,6.334665538014461106e+01,6.890410112908650075e-02,7.731752169395717758e-07,0.000000000000000000e+00,0.000000000000000000e+00,0.000000000000000000e+00
0.000000000000000000e+00,0.000000000000000000e+00,0.000000000000000000e+00,0.000000000000000000e+00,0.000000000000000000e+00,0.000000000000000000e+00,0.000000000000000000e+00,0.000000000000000000e+00,0.000000000000000000e+00,0.000000000000000000e+00,0.000000000000000000e+00,2.525093257137474211e+03,3.018255341449973457e+03,9.908409720246220687e+00,6.847598653827519229e+03,7.072643771974014271e+03,1.451830847952394470e+04,3.865008173196515600e+02,8.155017038422809605e+01,8.242597969783582723e-02,1.519017339225340081e-06,0.000000000000000000e+00,0.000000000000000000e+00,0.000000000000000000e+00
0.000000000000000000e+00,0.000000000000000000e+00,0.000000000000000000e+00,0.000000000000000000e+00,0.000000000000000000e+00,0.000000000000000000e+00,0.000000000000000000e+00,0.000000000000000000e+00,0.000000000000000000e+00,0.000000000000000000e+00,0.000000000000000000e+00,0.000000000000000000e+00,5.460817764932640785e+03,1.248391659761412953e+01,6.770123739095794008e+03,7.000003925852622160e+03,1.439016665903984358e+04,4.394290125529259399e+02,9.932993955933420693e+01,2.992280651905646627e-01,3.759563410947691813e-06,0.000000000000000000e+00,0.000000000000000000e+00,0.000000000000000000e+00
0.000000000000000000e+00,0.000000000000000000e+00,0.000000000000000000e+00,0.000000000000000000e+00,0.000000000000000000e+00,0.000000000000000000e+00,0.000000000000000000e+00,0.000000000000000000e+00,0.000000000000000000e+00,0.000000000000000000e+00,0.000000000000000000e+00,0.000000000000000000e+00,5.381273805945665117e+03,1.233079278764821396e+01,6.697115031855912093e+03,6.928927558104439413e+03,1.426448586536313996e+04,4.902553435115769389e+02,1.168903373644967303e+02,5.569687316396008114e-01,9.970905428215329650e-06,0.000000000000000000e+00,0.000000000000000000e+00,0.000000000000000000e+00
0.000000000000000000e+00,0.000000000000000000e+00,0.000000000000000000e+00,0.000000000000000000e+00,0.000000000000000000e+00,0.000000000000000000e+00,0.000000000000000000e+00,0.000000000000000000e+00,0.000000000000000000e+00,0.000000000000000000e+00,0.000000000000000000e+00,0.000000000000000000e+00,5.304402131412611197e+03,0.000000000000000000e+00,6.637885821271847817e+03,6.859307481784044285e+03,1.414111591510589642e+04,5.391344403924975950e+02,1.342353597981953328e+02,8.548005027929330701e-01,2.197420021760648138e-05,0.000000000000000000e+00,0.000000000000000000e+00,0.000000000000000000e+00
0.000000000000000000e+00,0.000000000000000000e+00,0.000000000000000000e+00,0.000000000000000000e+00,0.000000000000000000e+00,0.000000000000000000e+00,0.000000000000000000e+00,0.000000000000000000e+00,0.000000000000000000e+00,0.000000000000000000e+00,0.000000000000000000e+00,0.000000000000000000e+00,5.229943765402727877e+03,0.000000000000000000e+00,6.567828430892601318e+03,6.791054550736752390e+03,1.401990248526167852e+04,5.862013625675806452e+02,1.513662320275898026e+02,1.191885983250841052e+00,4.183445570716160818e-05,0.000000000000000000e+00,0.000000000000000000e+00,0.000000000000000000e+00
0.000000000000000000e+00,0.000000000000000000e+00,0.000000000000000000e+00,0.000000000000000000e+00,0.000000000000000000e+00,0.000000000000000000e+00,0.000000000000000000e+00,0.000000000000000000e+00,0.000000000000000000e+00,0.000000000000000000e+00,0.000000000000000000e+00,0.000000000000000000e+00,0.000000000000000000e+00,5.157684400572597951e+03,6.499181147153662096e+03,6.724090460466671175e+03,1.390072500493462940e+04,6.315701477860656041e+02,1.682849814818045502e+02,1.567394636088344839e+00,7.184527728569456895e-05,0.000000000000000000e+00,0.000000000000000000e+00,0.000000000000000000e+00
0.000000000000000000e+00,0.000000000000000000e+00,0.000000000000000000e+00,0.000000000000000000e+00,0.000000000000000000e+00,0.000000000000000000e+00,0.000000000000000000e+00,0.000000000000000000e+00,0.000000000000000000e+00,0.000000000000000000e+00,0.000000000000000000e+00,0.000000000000000000e+00,0.000000000000000000e+00,5.087444137516316914e+03,6.431863383002428236e+03,6.658346713430447380e+03,1.378347864437733369e+04,6.753399439913165452e+02,1.849934197497163950e+02,1.980502901521929315e+00,1.145145981389277055e-04,0.000000000000000000e+00,0.000000000000000000e+00,0.000000000000000000e+00
0.000000000000000000e+00,0.000000000000000000e+00,0.000000000000000000e+00,0.000000000000000000e+00,0.000000000000000000e+00,0.000000000000000000e+00,0.000000000000000000e+00,0.000000000000000000e+00,0.000000000000000000e+00,0.000000000000000000e+00,0.000000000000000000e+00,0.000000000000000000e+00,0.000000000000000000e+00,5.019070141748848073e+03,6.365804320979039403e+03,6.593762855050613325e+03,1.366807132708426798e+04,7.175979573157766254e+02,2.014931882988805683e+02,2.430393333812820522e+00,1.725508772045989097e-04,0.000000000000000000e+00,0.000000000000000000e+00,0.000000000000000000e+00
0.000000000000000000e+00,0.000000000000000000e+00,0.000000000000000000e+00,0.000000000000000000e+00,0.000000000000000000e+00,0.000000000000000000e+00,0.000000000000000000e+00,0.000000000000000000e+00,0.000000000000000000e+00,0.000000000000000000e+00,0.000000000000000000e+00,0.000000000000000000e+00,0.000000000000000000e+00,4.952440982773685391e+03,2.135002958609653501e+00,1.281862917604158247e+04,2.726506696221648696e+01,1.429721043189186821e+04,2.162076180049098468e+02,2.874270681276168915e+00,2.480038626956809007e-04,0.000000000000000000e+00,0.000000000000000000e+00,0.000000000000000000e+00
0.000000000000000000e+00,0.000000000000000000e+00,0.000000000000000000e+00,0.000000000000000000e+00,0.000000000000000000e+00,0.000000000000000000e+00,0.000000000000000000e+00,0.000000000000000000e+00,0.000000000000000000e+00,0.000000000000000000e+00,0.000000000000000000e+00,0.000000000000000000e+00,0.000000000000000000e+00,4.887431552254337475e+03,4.172094373140774692e+00,1.268036385460569181e+04,5.345079969822135268e+01,1.420971586858042974e+04,2.307202031152717439e+02,3.346422990959997623e+00,3.426087166790974122e-04,0.000000000000000000e+00,0.000000000000000000e+00,0.000000000000000000e+00
0.000000000000000000e+00,0.000000000000000000e+00,0.000000000000000000e+00,0.000000000000000000e+00,0.000000000000000000e+00,0.000000000000000000e+00,0.000000000000000000e+00,0.000000000000000000e+00,0.000000000000000000e+00,0.000000000000000000e+00,0.000000000000000000e+00,0.000000000000000000e+00,0.000000000000000000e+00,4.823942329561769839e+03,6.126889178314186779e+00,1.254465618489465851e+04,7.872494872663807541e+01,1.412312461593563785e+04,2.450040604619056808e+02,3.845615745314100664e+00,4.589470316667205920e-04,0.000000000000000000e+00,0.000000000000000000e+00,0.000000000000000000e+00
0.000000000000000000e+00,0.000000000000000000e+00,0.000000000000000000e+00,0.000000000000000000e+00,0.000000000000000000e+00,0.000000000000000000e+00,0.000000000000000000e+00,0.000000000000000000e+00,0.000000000000000000e+00,0.000000000000000000e+00,0.000000000000000000e+00,0.000000000000000000e+00,0.000000000000000000e+00,4.761885873006168367e+03,8.003535085070375033e+00,1.241139918307150947e+04,1.031297873448484381e+02,1.403740844524091881e+04,2.590632689456439266e+02,4.371035611436756341e+00,5.996730285716967692e-04,0.000000000000000000e+00,0.000000000000000000e+00,0.000000000000000000e+00
0.000000000000000000e+00,0.000000000000000000e+00,0.000000000000000000e+00,0.000000000000000000e+00,0.000000000000000000e+00,0.000000000000000000e+00,0.000000000000000000e+00,0.000000000000000000e+00,0.000000000000000000e+00,0.000000000000000000e+00,0.000000000000000000e+00,0.000000000000000000e+00,0.000000000000000000e+00,4.701184426103774058e+03,9.805831379920164181e+00,1.228049518125185932e+04,1.265741829220086743e+02,1.395264858322602595e+04,2.729026966499094442e+02,4.921891307430199092e+00,7.675167487090964451e-04,0.000000000000000000e+00,0.000000000000000000e+00,0.000000000000000000e+00
0.000000000000000000e+00,0.000000000000000000e+00,0.000000000000000000e+00,0.000000000000000000e+00,0.000000000000000000e+00,0.000000000000000000e+00,0.000000000000000000e+00,0.000000000000000000e+00,0.000000000000000000e+00,0.000000000000000000e+00,0.000000000000000000e+00,0.000000000000000000e+00,0.000000000000000000e+00,4.641768513810467084e+03,1.153727174046930060e+01,1.215185477444918251e+04,1.361990154480455431e+02,1.388175735278120919e+04,2.865250959754836231e+02,5.497401974676533243e+00,9.652748517972092792e-04,0.000000000000000000e+00,0.000000000000000000e+00,0.000000000000000000e+00
0.000000000000000000e+00,0.000000000000000000e+00,0.000000000000000000e+00,0.000000000000000000e+00,0.000000000000000000e+00,0.000000000000000000e+00,0.000000000000000000e+00,0.000000000000000000e+00,0.000000000000000000e+00,0.000000000000000000e+00,0.000000000000000000e+00,0.000000000000000000e+00,0.000000000000000000e+00,4.583575216982681923e+03,1.320108819080176765e+01,1.202539506881308625e+04,1.454544894952478842e+02,1.381127447837225372e+04,2.999345328209826107e+02,6.096830596697657256e+00,1.195802198931196969e-03,0.000000000000000000e+00,0.000000000000000000e+00,0.000000000000000000e+00
0.000000000000000000e+00,0.000000000000000000e+00,0.000000000000000000e+00,0.000000000000000000e+00,0.000000000000000000e+00,0.000000000000000000e+00,0.000000000000000000e+00,0.000000000000000000e+00,0.000000000000000000e+00,0.000000000000000000e+00,0.000000000000000000e+00,0.000000000000000000e+00,0.000000000000000000e+00,4.526547993519850024e+03,1.480027175213866464e+01,1.190103992776341329e+04,1.543574343802162048e+02,1.374119319037996138e+04,3.131344034532802993e+02,6.719444345738231128e+00,1.462004603349039821e-03,0.000000000000000000e+00,0.000000000000000000e+00,0.000000000000000000e+00
0.000000000000000000e+00,0.000000000000000000e+00,0.000000000000000000e+00,0.000000000000000000e+00,0.000000000000000000e+00,0.000000000000000000e+00,0.000000000000000000e+00,0.000000000000000000e+00,0.000000000000000000e+00,0.000000000000000000e+00,0.000000000000000000e+00,0.000000000000000000e+00,0.000000000000000000e+00,4.470636282453981948e+03,1.633759431940120521e+01,1.177871963864784084e+04,1.629233179611680384e+02,1.367150964485582699e+04,3.261259229737459009e+02,7.364523734812310707e+00,1.766829357994636899e-03,0.000000000000000000e+00,0.000000000000000000e+00,0.000000000000000000e+00
0.000000000000000000e+00,0.000000000000000000e+00,0.000000000000000000e+00,0.000000000000000000e+00,0.000000000000000000e+00,0.000000000000000000e+00,0.000000000000000000e+00,0.000000000000000000e+00,0.000000000000000000e+00,0.000000000000000000e+00,0.000000000000000000e+00,0.000000000000000000e+00,0.000000000000000000e+00,4.415793320878113263e+03,1.781565187038233233e+01,1.165836861064555706e+04,1.711665777105658890e+02,1.360221650151736503e+04,3.389140030228316505e+02,8.031366427037418987e+00,2.113258927667835147e-03,0.000000000000000000e+00,0.000000000000000000e+00,0.000000000000000000e+00
0.000000000000000000e+00,0.000000000000000000e+00,0.000000000000000000e+00,0.000000000000000000e+00,0.000000000000000000e+00,0.000000000000000000e+00,0.000000000000000000e+00,0.000000000000000000e+00,0.000000000000000000e+00,0.000000000000000000e+00,0.000000000000000000e+00,0.000000000000000000e+00,0.000000000000000000e+00,4.361975719312640649e+03,1.923688070674685591e+01,1.153992498901920226e+04,1.791007217567169505e+02,1.353330848377399889e+04,3.515016663222393731e+02,8.719288632543060302e+00,2.504305587229496439e-03,0.000000000000000000e+00,0.000000000000000000e+00,0.000000000000000000e+00
0.000000000000000000e+00,0.000000000000000000e+00,0.000000000000000000e+00,0.000000000000000000e+00,0.000000000000000000e+00,0.000000000000000000e+00,0.000000000000000000e+00,0.000000000000000000e+00,0.000000000000000000e+00,0.000000000000000000e+00,0.000000000000000000e+00,0.000000000000000000e+00,0.000000000000000000e+00,4.309144684363648594e+03,1.904159688724072907e+01,1.142489271562016984e+04,1.867375938571906033e+02,1.346478274693592357e+04,3.638917834923807959e+02,9.427618999588869286e+00,2.943003003405144681e-03,0.000000000000000000e+00,0.000000000000000000e+00,0.000000000000000000e+00
0.000000000000000000e+00,0.000000000000000000e+00,0.000000000000000000e+00,0.000000000000000000e+00,0.000000000000000000e+00,0.000000000000000000e+00,0.000000000000000000e+00,0.000000000000000000e+00,0.000000000000000000e+00,0.000000000000000000e+00,0.000000000000000000e+00,0.000000000000000000e+00,0.000000000000000000e+00,4.257263374701861721e+03,1.884927216564596719e+01,1.131159936556307184e+04,1.940880024639871522e+02,1.339663635027474265e+04,3.760871804245129510e+02,1.015570289529030745e+01,3.432401447074000505e-03,0.000000000000000000e+00,0.000000000000000000e+00,0.000000000000000000e+00
0.000000000000000000e+00,0.000000000000000000e+00,0.000000000000000000e+00,0.000000000000000000e+00,0.000000000000000000e+00,0.000000000000000000e+00,0.000000000000000000e+00,0.000000000000000000e+00,0.000000000000000000e+00,0.000000000000000000e+00,0.000000000000000000e+00,0.000000000000000000e+00,0.000000000000000000e+00,4.206298632336312949e+03,1.865982193441098502e+01,1.119999709954432001e+04,2.011630410511610023e+02,1.332886536324183544e+04,3.880905555397840203e+02,1.090289719044124617e+01,3.975560404255970223e-03,0.000000000000000000e+00,0.000000000000000000e+00,0.000000000000000000e+00
0.000000000000000000e+00,0.000000000000000000e+00,0.000000000000000000e+00,0.000000000000000000e+00,0.000000000000000000e+00,0.000000000000000000e+00,0.000000000000000000e+00,0.000000000000000000e+00,0.000000000000000000e+00,0.000000000000000000e+00,0.000000000000000000e+00,0.000000000000000000e+00,0.000000000000000000e+00,4.156218547638349264e+03,0.000000000000000000e+00,1.110848831577464807e+04,2.079533586955134297e+02,1.326150258942894834e+04,3.999045996663799087e+02,1.166857555559222170e+01,4.575544917685215110e-03,0.000000000000000000e+00,0.000000000000000000e+00,0.000000000000000000e+00
0.000000000000000000e+00,0.000000000000000000e+00,0.000000000000000000e+00,0.000000000000000000e+00,0.000000000000000000e+00,0.000000000000000000e+00,0.000000000000000000e+00,0.000000000000000000e+00,0.000000000000000000e+00,0.000000000000000000e+00,0.000000000000000000e+00,0.000000000000000000e+00,0.000000000000000000e+00,4.106994135831185304e+03,0.000000000000000000e+00,1.099992484753923236e+04,2.144892827971276859e+02,1.319450652449294103e+04,4.115318946728028209e+02,1.245212264874421138e+01,5.235418470227719973e-03,0.000000000000000000e+00,0.000000000000000000e+00,0.000000000000000000e+00
0.000000000000000000e+00,0.000000000000000000e+00,0.000000000000000000e+00,0.000000000000000000e+00,0.000000000000000000e+00,0.000000000000000000e+00,0.000000000000000000e+00,0.000000000000000000e+00,0.000000000000000000e+00,0.000000000000000000e+00,0.000000000000000000e+00,0.000000000000000000e+00,0.000000000000000000e+00,4.058598232980091780e+03,0.000000000000000000e+00,1.089292556237170538e+04,2.207801578023103843e+02,1.310395799774611442e+04,4.468440341891960088e+02,1.327646756948528939e+01,5.978988399311945673e-03,0.000000000000000000e+00,0.000000000000000000e+00,0.000000000000000000e+00
0.000000000000000000e+00,0.000000000000000000e+00,0.000000000000000000e+00,0.000000000000000000e+00,0.000000000000000000e+00,0.000000000000000000e+00,0.000000000000000000e+00,0.000000000000000000e+00,0.000000000000000000e+00,0.000000000000000000e+00,0.000000000000000000e+00,0.000000000000000000e+00,0.000000000000000000e+00,4.011005400333559464e+03,0.000000000000000000e+00,1.078745125574588565e+04,2.268348298089663331e+02,1.301430372368579083e+04,4.813922383754947418e+02,1.416352015057804081e+01,6.837420626536330065e-03,1.131435176104089586e-08,0.000000000000000000e+00,0.000000000000000000e+00
0.000000000000000000e+00,0.000000000000000000e+00,0.000000000000000000e+00,0.000000000000000000e+00,0.000000000000000000e+00,0.000000000000000000e+00,0.000000000000000000e+00,0.000000000000000000e+00,0.000000000000000000e+00,0.000000000000000000e+00,0.000000000000000000e+00,0.000000000000000000e+00,0.000000000000000000e+00,3.964191693348209355e+03,0.000000000000000000e+00,1.068346487615238038e+04,2.326617033958081038e+02,1.292552791965880715e+04,5.151935961676125544e+02,1.511092165934783438e+01,7.821475530810750865e-03,2.509479356393015190e-08,0.000000000000000000e+00,0.000000000000000000e+00
0.000000000000000000e+00,0.000000000000000000e+00,0.000000000000000000e+00,0.000000000000000000e+00,0.000000000000000000e+00,0.000000000000000000e+00,0.000000000000000000e+00,0.000000000000000000e+00,0.000000000000000000e+00,0.000000000000000000e+00,0.000000000000000000e+00,0.000000000000000000e+00,0.000000000000000000e+00,3.918134664941722349e+03,0.000000000000000000e+00,1.058093122259890151e+04,2.382687574054923232e+02,1.283761551104427781e+04,5.482646057342740278e+02,1.611638099215944564e+01,8.942349181373069819e-03,4.188029813804663470e-08,0.000000000000000000e+00,0.000000000000000000e+00
0.000000000000000000e+00,0.000000000000000000e+00,0.000000000000000000e+00,0.000000000000000000e+00,0.000000000000000000e+00,0.000000000000000000e+00,0.000000000000000000e+00,0.000000000000000000e+00,0.000000000000000000e+00,0.000000000000000000e+00,0.000000000000000000e+00,0.000000000000000000e+00,0.000000000000000000e+00,3.872812953625833416e+03,0.000000000000000000e+00,1.047981647439087283e+04,2.436636049580188796e+02,1.275055190574512199e+04,5.806212663119379158e+02,1.717767383041629614e+01,1.021160728239618384e-02,6.230396888990631692e-08,0.000000000000000000e+00,0.000000000000000000e+00
0.000000000000000000e+00,0.000000000000000000e+00,0.000000000000000000e+00,0.000000000000000000e+00,0.000000000000000000e+00,0.000000000000000000e+00,0.000000000000000000e+00,0.000000000000000000e+00,0.000000000000000000e+00,0.000000000000000000e+00,0.000000000000000000e+00,0.000000000000000000e+00,0.000000000000000000e+00,3.828206488092262589e+03,0.000000000000000000e+00,1.038008844007400694e+04,2.488534899812747767e+02,1.266432314290870454e+04,6.122790424917976679e+02,1.829263950452324039e+01,1.164112252538913872e-02,8.710458483211987130e-08,0.000000000000000000e+00,0.000000000000000000e+00
0.000000000000000000e+00,0.000000000000000000e+00,0.000000000000000000e+00,0.000000000000000000e+00,0.000000000000000000e+00,0.000000000000000000e+00,0.000000000000000000e+00,0.000000000000000000e+00,0.000000000000000000e+00,0.000000000000000000e+00,0.000000000000000000e+00,0.000000000000000000e+00,0.000000000000000000e+00,3.784296264329473615e+03,0.000000000000000000e+00,1.028171630482554065e+04,2.538453252698202505e+02,1.257891577906409839e+04,6.432529176636543298e+02,1.945917939667201324e+01,1.324301705550349866e-02,1.171386813655857018e-07,0.000000000000000000e+00,0.000000000000000000e+00
0.000000000000000000e+00,0.000000000000000000e+00,0.000000000000000000e+00,0.000000000000000000e+00,0.000000000000000000e+00,0.000000000000000000e+00,0.000000000000000000e+00,0.000000000000000000e+00,0.000000000000000000e+00,0.000000000000000000e+00,0.000000000000000000e+00,0.000000000000000000e+00,0.000000000000000000e+00,3.741064292425024178e+03,0.000000000000000000e+00,1.018467057743431360e+04,2.586457122202571668e+02,1.249431687751561003e+04,6.735574119112584413e+02,2.067525477626450225e+01,1.502960863286042538e-02,1.533930968379628721e-07,0.000000000000000000e+00,0.000000000000000000e+00
0.000000000000000000e+00,0.000000000000000000e+00,0.000000000000000000e+00,0.000000000000000000e+00,0.000000000000000000e+00,0.000000000000000000e+00,0.000000000000000000e+00,0.000000000000000000e+00,0.000000000000000000e+00,0.000000000000000000e+00,0.000000000000000000e+00,0.000000000000000000e+00,0.000000000000000000e+00,3.698493351010454262e+03,0.000000000000000000e+00,1.008892280124866193e+04,2.632609766480791791e+02,1.241051386811622615e+04,7.032066398923141151e+02,2.193888574618593168e+01,1.701336152648265029e-02,1.969979378536654117e-07,0.000000000000000000e+00,0.000000000000000000e+00
0.000000000000000000e+00,0.000000000000000000e+00,0.000000000000000000e+00,0.000000000000000000e+00,0.000000000000000000e+00,0.000000000000000000e+00,0.000000000000000000e+00,0.000000000000000000e+00,0.000000000000000000e+00,0.000000000000000000e+00,0.000000000000000000e+00,0.000000000000000000e+00,0.000000000000000000e+00,3.656567108854899743e+03,0.000000000000000000e+00,9.994445703224484532e+03,2.676971694238268924e+02,1.232749464003204776e+04,7.322142931357765292e+02,2.324814850774327724e+01,1.920683964199136964e-02,2.492398690654111946e-07,0.000000000000000000e+00,0.000000000000000000e+00
0.000000000000000000e+00,0.000000000000000000e+00,0.000000000000000000e+00,0.000000000000000000e+00,0.000000000000000000e+00,0.000000000000000000e+00,0.000000000000000000e+00,0.000000000000000000e+00,0.000000000000000000e+00,0.000000000000000000e+00,0.000000000000000000e+00,0.000000000000000000e+00,0.000000000000000000e+00,3.615269976583987955e+03,0.000000000000000000e+00,9.901213018971840938e+03,2.719600912881276145e+02,1.224524746011674506e+04,7.605936778212618492e+02,2.460117401106731094e+01,2.162266401374219812e-02,3.115756876511914254e-07,0.000000000000000000e+00,0.000000000000000000e+00
0.000000000000000000e+00,0.000000000000000000e+00,0.000000000000000000e+00,0.000000000000000000e+00,0.000000000000000000e+00,0.000000000000000000e+00,0.000000000000000000e+00,0.000000000000000000e+00,0.000000000000000000e+00,0.000000000000000000e+00,0.000000000000000000e+00,0.000000000000000000e+00,0.000000000000000000e+00,3.574587057658856338e+03,0.000000000000000000e+00,9.809199438280431423e+03,2.760553074950429391e+02,1.216376095533967236e+04,7.883577312516878237e+02,2.599614622662149799e+01,2.427347315491779067e-02,3.856460980888504169e-07,0.000000000000000000e+00,0.000000000000000000e+00
0.000000000000000000e+00,0.000000000000000000e+00,0.000000000000000000e+00,0.000000000000000000e+00,0.000000000000000000e+00,0.000000000000000000e+00,0.000000000000000000e+00,0.000000000000000000e+00,0.000000000000000000e+00,0.000000000000000000e+00,0.000000000000000000e+00,0.000000000000000000e+00,0.000000000000000000e+00,3.534504134647158935e+03,0.000000000000000000e+00,9.718380588829661065e+03,2.799881586162005078e+02,1.208302411402043617e+04,8.155190319019021672e+02,2.743130030945199849e+01,2.717188616699792170e-02,4.732896172173925001e-07,0.000000000000000000e+00,0.000000000000000000e+00
0.000000000000000000e+00,0.000000000000000000e+00,0.000000000000000000e+00,0.000000000000000000e+00,0.000000000000000000e+00,0.000000000000000000e+00,0.000000000000000000e+00,0.000000000000000000e+00,0.000000000000000000e+00,0.000000000000000000e+00,0.000000000000000000e+00,0.000000000000000000e+00,0.000000000000000000e+00,3.495007607684654886e+03,0.000000000000000000e+00,9.628732963860597010e+03,2.837637748990965747e+02,1.200302625653203177e+04,8.420898184676599385e+02,2.890492110642061618e+01,3.033046888651072179e-02,5.765565479726875754e-07,0.000000000000000000e+00,0.000000000000000000e+00
0.000000000000000000e+00,0.000000000000000000e+00,0.000000000000000000e+00,0.000000000000000000e+00,0.000000000000000000e+00,0.000000000000000000e+00,0.000000000000000000e+00,0.000000000000000000e+00,0.000000000000000000e+00,0.000000000000000000e+00,0.000000000000000000e+00,0.000000000000000000e+00,0.000000000000000000e+00,3.456084365769919259e+03,0.000000000000000000e+00,9.540233767644140244e+03,2.873870951364335156e+02,1.192375695946661472e+04,8.680820214952434526e+02,3.041534225112092216e+01,3.376170341723290502e-02,6.977229689804068577e-07,0.000000000000000000e+00,0.000000000000000000e+00
0.000000000000000000e+00,0.000000000000000000e+00,0.000000000000000000e+00,0.000000000000000000e+00,0.000000000000000000e+00,0.000000000000000000e+00,0.000000000000000000e+00,0.000000000000000000e+00,0.000000000000000000e+00,0.000000000000000000e+00,0.000000000000000000e+00,0.000000000000000000e+00,0.000000000000000000e+00,3.417721831469134941e+03,0.000000000000000000e+00,9.452860969303434103e+03,2.908628703932050712e+02,1.184520609297720512e+04,8.935072605996660968e+02,3.196094424579315785e+01,3.747795892573613230e-02,8.393046360473823218e-07,0.000000000000000000e+00,0.000000000000000000e+00
0.000000000000000000e+00,0.000000000000000000e+00,0.000000000000000000e+00,0.000000000000000000e+00,0.000000000000000000e+00,0.000000000000000000e+00,0.000000000000000000e+00,0.000000000000000000e+00,0.000000000000000000e+00,0.000000000000000000e+00,0.000000000000000000e+00,0.000000000000000000e+00,0.000000000000000000e+00,3.379907956056011244e+03,0.000000000000000000e+00,9.366593295858327110e+03,2.941956717535554731e+02,1.176736382455938292e+04,9.183768518851950375e+02,3.354015286987609556e+01,4.149146489959294054e-02,1.004070752443403370e-06,0.000000000000000000e+00,0.000000000000000000e+00
0.000000000000000000e+00,0.000000000000000000e+00,0.000000000000000000e+00,0.000000000000000000e+00,0.000000000000000000e+00,0.000000000000000000e+00,0.000000000000000000e+00,0.000000000000000000e+00,0.000000000000000000e+00,0.000000000000000000e+00,0.000000000000000000e+00,0.000000000000000000e+00,0.000000000000000000e+00,3.342631111276038155e+03,0.000000000000000000e+00,9.281410099703140077e+03,2.973899056476343503e+02,1.169022055257724242e+04,9.427018349044124079e+02,3.515143841385687296e+01,4.581428770621913393e-02,1.195057576136583696e-06,0.000000000000000000e+00,0.000000000000000000e+00
0.000000000000000000e+00,0.000000000000000000e+00,0.000000000000000000e+00,0.000000000000000000e+00,0.000000000000000000e+00,0.000000000000000000e+00,0.000000000000000000e+00,0.000000000000000000e+00,0.000000000000000000e+00,0.000000000000000000e+00,0.000000000000000000e+00,0.000000000000000000e+00,0.000000000000000000e+00,3.305880126266857587e+03,0.000000000000000000e+00,9.197291405991196370e+03,3.004498173324773802e+02,1.161376694026318728e+04,9.664929705590654976e+02,3.679331391571417242e+01,5.045830774585426809e-02,1.415581743496171145e-06,0.000000000000000000e+00,0.000000000000000000e+00
0.000000000000000000e+00,0.000000000000000000e+00,0.000000000000000000e+00,0.000000000000000000e+00,0.000000000000000000e+00,0.000000000000000000e+00,0.000000000000000000e+00,0.000000000000000000e+00,0.000000000000000000e+00,0.000000000000000000e+00,0.000000000000000000e+00,0.000000000000000000e+00,0.000000000000000000e+00,3.269644200526164241e+03,0.000000000000000000e+00,9.114217801768721984e+03,3.033795033149281153e+02,1.153799385870291371e+04,9.897607638487838813e+02,3.846433444855114914e+01,5.543520005879572915e-02,1.669253330955637346e-06,0.000000000000000000e+00,0.000000000000000000e+00
0.000000000000000000e+00,0.000000000000000000e+00,0.000000000000000000e+00,0.000000000000000000e+00,0.000000000000000000e+00,0.000000000000000000e+00,0.000000000000000000e+00,0.000000000000000000e+00,0.000000000000000000e+00,0.000000000000000000e+00,0.000000000000000000e+00,0.000000000000000000e+00,0.000000000000000000e+00,3.233912922882307157e+03,0.000000000000000000e+00,9.032170460807397831e+03,3.061829154842308753e+02,1.146289240735495878e+04,1.012515464903309862e+03,4.016309560540786094e+01,6.075641544976174285e-02,1.959988527745752655e-06,0.000000000000000000e+00,0.000000000000000000e+00
0.000000000000000000e+00,0.000000000000000000e+00,0.000000000000000000e+00,0.000000000000000000e+00,0.000000000000000000e+00,0.000000000000000000e+00,0.000000000000000000e+00,0.000000000000000000e+00,0.000000000000000000e+00,0.000000000000000000e+00,0.000000000000000000e+00,0.000000000000000000e+00,0.000000000000000000e+00,3.198676283581278312e+03,0.000000000000000000e+00,8.951131155589109767e+03,3.088638655872506433e+02,1.138845392594462828e+04,1.034767072325119670e+03,4.188823208534157061e+01,6.643316323119762001e-02,2.292021895482744986e-06,0.000000000000000000e+00,0.000000000000000000e+00
0.000000000000000000e+00,0.000000000000000000e+00,0.000000000000000000e+00,0.000000000000000000e+00,0.000000000000000000e+00,0.000000000000000000e+00,0.000000000000000000e+00,0.000000000000000000e+00,0.000000000000000000e+00,0.000000000000000000e+00,0.000000000000000000e+00,0.000000000000000000e+00,0.000000000000000000e+00,3.163924551259174677e+03,0.000000000000000000e+00,8.871082105635250628e+03,3.114260390071411848e+02,1.131466991398335813e+04,1.056525360924397319e+03,4.363841746469947935e+01,7.247639774498999821e-02,2.669918257349561708e-06,0.000000000000000000e+00,0.000000000000000000e+00
0.000000000000000000e+00,0.000000000000000000e+00,0.000000000000000000e+00,0.000000000000000000e+00,0.000000000000000000e+00,0.000000000000000000e+00,0.000000000000000000e+00,0.000000000000000000e+00,0.000000000000000000e+00,0.000000000000000000e+00,0.000000000000000000e+00,0.000000000000000000e+00,0.000000000000000000e+00,3.129648321786777615e+03,0.000000000000000000e+00,8.792006036571498043e+03,3.138729957729343596e+02,1.124153206896533266e+04,1.077799877010748560e+03,4.541236260135693925e+01,7.889680393609364850e-02,3.098584020322846523e-06,0.000000000000000000e+00,0.000000000000000000e+00
0.000000000000000000e+00,0.000000000000000000e+00,0.000000000000000000e+00,0.000000000000000000e+00,0.000000000000000000e+00,0.000000000000000000e+00,0.000000000000000000e+00,0.000000000000000000e+00,0.000000000000000000e+00,0.000000000000000000e+00,0.000000000000000000e+00,0.000000000000000000e+00,0.000000000000000000e+00,3.095838501849041222e+03,0.000000000000000000e+00,8.713886158109960888e+03,3.162081761422837758e+02,1.116903227830115975e+04,1.098599946118545404e+03,4.720881461134172952e+01,8.570478518988228211e-02,3.583277994856234337e-06,0.000000000000000000e+00,0.000000000000000000e+00
0.000000000000000000e+00,0.000000000000000000e+00,0.000000000000000000e+00,0.000000000000000000e+00,0.000000000000000000e+00,0.000000000000000000e+00,0.000000000000000000e+00,0.000000000000000000e+00,0.000000000000000000e+00,0.000000000000000000e+00,0.000000000000000000e+00,0.000000000000000000e+00,0.000000000000000000e+00,3.062486275470228975e+03,0.000000000000000000e+00,8.636706121200359121e+03,3.184349070312173922e+02,1.109716259908416032e+04,1.118934683528624191e+03,4.902655605143225870e+01,9.291045290104647802e-02,4.129621672481478170e-06,0.000000000000000000e+00,0.000000000000000000e+00
0.000000000000000000e+00,0.000000000000000000e+00,0.000000000000000000e+00,0.000000000000000000e+00,0.000000000000000000e+00,0.000000000000000000e+00,0.000000000000000000e+00,0.000000000000000000e+00,0.000000000000000000e+00,0.000000000000000000e+00,0.000000000000000000e+00,0.000000000000000000e+00,0.000000000000000000e+00,3.029583096491894139e+03,0.000000000000000000e+00,8.560450007109209764e+03,3.205564064083034737e+02,1.102591525576979257e+04,1.138812999830328863e+03,5.086440391600194033e+01,1.005236168719391421e-01,4.743608897478772006e-06,0.000000000000000000e+00,0.000000000000000000e+00
0.000000000000000000e+00,0.000000000000000000e+00,0.000000000000000000e+00,0.000000000000000000e+00,0.000000000000000000e+00,0.000000000000000000e+00,0.000000000000000000e+00,0.000000000000000000e+00,0.000000000000000000e+00,0.000000000000000000e+00,0.000000000000000000e+00,0.000000000000000000e+00,0.000000000000000000e+00,2.997120674039560981e+03,0.000000000000000000e+00,8.485102308188830648e+03,3.225757879720628694e+02,1.095528263300131948e+04,1.158243607560844112e+03,5.272120873049231449e+01,1.085537770122665946e-01,5.431614925782460709e-06,0.000000000000000000e+00,0.000000000000000000e+00
0.000000000000000000e+00,0.000000000000000000e+00,0.000000000000000000e+00,0.000000000000000000e+00,0.000000000000000000e+00,0.000000000000000000e+00,0.000000000000000000e+00,0.000000000000000000e+00,0.000000000000000000e+00,0.000000000000000000e+00,0.000000000000000000e+00,0.000000000000000000e+00,0.000000000000000000e+00,2.965090984152232977e+03,0.000000000000000000e+00,8.410647940197364733e+03,3.244960639932586446e+02,1.088525728623780560e+04,1.177235023272723083e+03,5.459585342801164387e+01,1.170101154861078047e-01,6.200404804860953957e-06,0.000000000000000000e+00,0.000000000000000000e+00
0.000000000000000000e+00,0.000000000000000000e+00,0.000000000000000000e+00,0.000000000000000000e+00,0.000000000000000000e+00,0.000000000000000000e+00,0.000000000000000000e+00,0.000000000000000000e+00,0.000000000000000000e+00,0.000000000000000000e+00,0.000000000000000000e+00,0.000000000000000000e+00,0.000000000000000000e+00,2.933486191789503209e+03,0.000000000000000000e+00,8.337072145130225181e+03,3.263201535337726114e+02,1.081583188918527412e+04,1.195795584845930080e+03,5.648725314558377875e+01,1.259014922078234011e-01,7.057141218580347131e-06,0.000000000000000000e+00,0.000000000000000000e+00
0.000000000000000000e+00,0.000000000000000000e+00,0.000000000000000000e+00,0.000000000000000000e+00,0.000000000000000000e+00,0.000000000000000000e+00,0.000000000000000000e+00,0.000000000000000000e+00,0.000000000000000000e+00,0.000000000000000000e+00,0.000000000000000000e+00,0.000000000000000000e+00,0.000000000000000000e+00,2.902298724542374202e+03,0.000000000000000000e+00,8.264360579730731843e+03,3.280508810467323997e+02,1.074699928795204323e+04,1.213933442482471492e+03,5.839435355825867191e+01,1.352364374858875395e-01,8.009391443994727020e-06,0.000000000000000000e+00,0.000000000000000000e+00
0.000000000000000000e+00,0.000000000000000000e+00,0.000000000000000000e+00,0.000000000000000000e+00,0.000000000000000000e+00,0.000000000000000000e+00,0.000000000000000000e+00,0.000000000000000000e+00,0.000000000000000000e+00,0.000000000000000000e+00,0.000000000000000000e+00,0.000000000000000000e+00,0.000000000000000000e+00,2.871521185986503951e+03,0.000000000000000000e+00,8.192499207721000857e+03,3.296909847049448103e+02,1.067875244185510019e+04,1.231656577114876882e+03,6.031613084046855988e+01,1.450231497551809079e-01,9.065133848498931841e-06,0.000000000000000000e+00,0.000000000000000000e+00
0.000000000000000000e+00,0.000000000000000000e+00,0.000000000000000000e+00,0.000000000000000000e+00,0.000000000000000000e+00,0.000000000000000000e+00,0.000000000000000000e+00,0.000000000000000000e+00,0.000000000000000000e+00,0.000000000000000000e+00,0.000000000000000000e+00,0.000000000000000000e+00,0.000000000000000000e+00,2.841146381872485563e+03,0.000000000000000000e+00,8.121474329622765254e+03,3.312431175858624783e+02,1.061108444321538082e+04,1.248972799359028386e+03,6.225159054272381809e+01,1.552694913096897833e-01,1.023276352668288106e-05,0.000000000000000000e+00,0.000000000000000000e+00
0.000000000000000000e+00,0.000000000000000000e+00,0.000000000000000000e+00,0.000000000000000000e+00,0.000000000000000000e+00,0.000000000000000000e+00,0.000000000000000000e+00,0.000000000000000000e+00,0.000000000000000000e+00,0.000000000000000000e+00,0.000000000000000000e+00,0.000000000000000000e+00,0.000000000000000000e+00,2.811167312791084441e+03,0.000000000000000000e+00,8.051272572825909265e+03,3.327098508967913517e+02,1.054398851458282479e+04,1.265889754019567818e+03,6.419976680461472540e+01,1.659829855555515765e-01,1.152109725768639167e-05,0.000000000000000000e+00,0.000000000000000000e+00
0.000000000000000000e+00,0.000000000000000000e+00,0.000000000000000000e+00,0.000000000000000000e+00,0.000000000000000000e+00,0.000000000000000000e+00,0.000000000000000000e+00,0.000000000000000000e+00,0.000000000000000000e+00,0.000000000000000000e+00,0.000000000000000000e+00,0.000000000000000000e+00,0.000000000000000000e+00,2.781577177127249342e+03,0.000000000000000000e+00,7.981880892542388210e+03,3.340936764416624669e+02,1.047745801161216332e+04,1.282414923088201022e+03,6.615972150414874875e+01,1.771708147092376784e-01,1.293937771695531785e-05,0.000000000000000000e+00,0.000000000000000000e+00
0.000000000000000000e+00,0.000000000000000000e+00,0.000000000000000000e+00,0.000000000000000000e+00,0.000000000000000000e+00,0.000000000000000000e+00,0.000000000000000000e+00,0.000000000000000000e+00,0.000000000000000000e+00,0.000000000000000000e+00,0.000000000000000000e+00,0.000000000000000000e+00,0.000000000000000000e+00,2.752369327624517155e+03,0.000000000000000000e+00,7.913286517785109936e+03,3.353970115743161955e+02,1.041148639428038223e+04,1.298555635854495449e+03,6.813054391915053998e+01,1.888398197913381538e-01,1.449727708702410877e-05,0.000000000000000000e+00,0.000000000000000000e+00
0.000000000000000000e+00,0.000000000000000000e+00,0.000000000000000000e+00,0.000000000000000000e+00,0.000000000000000000e+00,0.000000000000000000e+00,0.000000000000000000e+00,0.000000000000000000e+00,0.000000000000000000e+00,0.000000000000000000e+00,0.000000000000000000e+00,0.000000000000000000e+00,0.000000000000000000e+00,2.723537295147045825e+03,0.000000000000000000e+00,7.845476978163087551e+03,3.366222002180170989e+02,1.034606724462131024e+04,1.314319068155639570e+03,7.011134970580545200e+01,2.009964990648315519e-01,1.620489978512323993e-05,0.000000000000000000e+00,0.000000000000000000e+00
0.000000000000000000e+00,0.000000000000000000e+00,0.000000000000000000e+00,0.000000000000000000e+00,0.000000000000000000e+00,0.000000000000000000e+00,0.000000000000000000e+00,0.000000000000000000e+00,0.000000000000000000e+00,0.000000000000000000e+00,0.000000000000000000e+00,0.000000000000000000e+00,0.000000000000000000e+00,2.695074760538847386e+03,0.000000000000000000e+00,7.778440068034225988e+03,3.377715166722512095e+02,1.028119424803693801e+04,1.329712249811283755e+03,7.210128045709794264e+01,2.136470088808723744e-01,1.807278460589789045e-05,0.000000000000000000e+00,0.000000000000000000e+00
0.000000000000000000e+00,0.000000000000000000e+00,0.000000000000000000e+00,0.000000000000000000e+00,0.000000000000000000e+00,0.000000000000000000e+00,0.000000000000000000e+00,0.000000000000000000e+00,0.000000000000000000e+00,0.000000000000000000e+00,0.000000000000000000e+00,0.000000000000000000e+00,0.000000000000000000e+00,2.666975566453321335e+03,0.000000000000000000e+00,7.712163859041975229e+03,3.388471671479957195e+02,1.021686120265617865e+04,1.344742065657566172e+03,7.409950284584932945e+01,2.267971636199610230e-01,2.011190602758533834e-05,0.000000000000000000e+00,0.000000000000000000e+00
0.000000000000000000e+00,0.000000000000000000e+00,0.000000000000000000e+00,0.000000000000000000e+00,0.000000000000000000e+00,0.000000000000000000e+00,0.000000000000000000e+00,0.000000000000000000e+00,0.000000000000000000e+00,0.000000000000000000e+00,0.000000000000000000e+00,0.000000000000000000e+00,0.000000000000000000e+00,2.639233712318963626e+03,0.000000000000000000e+00,7.646636692966794726e+03,3.398512921972355230e+02,1.015306201743633574e+04,1.359415259137590056e+03,7.610520795794745652e+01,2.404524366463347551e-01,2.233367483335631777e-05,0.000000000000000000e+00,0.000000000000000000e+00
0.000000000000000000e+00,0.000000000000000000e+00,0.000000000000000000e+00,0.000000000000000000e+00,0.000000000000000000e+00,0.000000000000000000e+00,0.000000000000000000e+00,0.000000000000000000e+00,0.000000000000000000e+00,0.000000000000000000e+00,0.000000000000000000e+00,0.000000000000000000e+00,0.000000000000000000e+00,2.611843325039113552e+03,0.000000000000000000e+00,7.581847143334476641e+03,3.407859701285968868e+02,1.008979069111779245e+04,1.373738439638080536e+03,7.811761096209870914e+01,2.546179630668480298e-01,2.474993816230973976e-05,0.000000000000000000e+00,0.000000000000000000e+00
0.000000000000000000e+00,0.000000000000000000e+00,0.000000000000000000e+00,0.000000000000000000e+00,0.000000000000000000e+00,0.000000000000000000e+00,0.000000000000000000e+00,0.000000000000000000e+00,0.000000000000000000e+00,0.000000000000000000e+00,0.000000000000000000e+00,0.000000000000000000e+00,0.000000000000000000e+00,2.584798675636047847e+03,0.000000000000000000e+00,7.517784035063647025e+03,3.416532181204871677e+02,1.002704132593856957e+04,1.387718082440035232e+03,8.013595023621653013e+01,2.692985407935679643e-01,2.737297866175284532e-05,0.000000000000000000e+00,0.000000000000000000e+00
0.000000000000000000e+00,0.000000000000000000e+00,0.000000000000000000e+00,0.000000000000000000e+00,0.000000000000000000e+00,0.000000000000000000e+00,0.000000000000000000e+00,0.000000000000000000e+00,0.000000000000000000e+00,0.000000000000000000e+00,0.000000000000000000e+00,0.000000000000000000e+00,0.000000000000000000e+00,2.558094167323681631e+03,0.000000000000000000e+00,7.454436427916411048e+03,3.424549946407323660e+02,9.964808119494640778e+03,1.401360533179745744e+03,8.215948686351953256e+01,2.844986333434421644e-01,3.021551307493408888e-05,0.000000000000000000e+00,0.000000000000000000e+00
0.000000000000000000e+00,0.000000000000000000e+00,0.000000000000000000e+00,0.000000000000000000e+00,0.000000000000000000e+00,0.000000000000000000e+00,0.000000000000000000e+00,0.000000000000000000e+00,0.000000000000000000e+00,0.000000000000000000e+00,0.000000000000000000e+00,0.000000000000000000e+00,0.000000000000000000e+00,2.531724326528671099e+03,0.000000000000000000e+00,7.391793604088183201e+03,3.431932016304347144e+02,9.903085359093502120e+03,1.414672011658344900e+03,8.418750410964278785e+01,3.002223729386785389e-01,3.329069015574945262e-05,0.000000000000000000e+00,0.000000000000000000e+00
0.000000000000000000e+00,0.000000000000000000e+00,0.000000000000000000e+00,0.000000000000000000e+00,0.000000000000000000e+00,0.000000000000000000e+00,0.000000000000000000e+00,0.000000000000000000e+00,0.000000000000000000e+00,0.000000000000000000e+00,0.000000000000000000e+00,0.000000000000000000e+00,0.000000000000000000e+00,2.505683805250272144e+03,0.000000000000000000e+00,7.329845069437704296e+03,3.438696860807031612e+02,9.841867424048050452e+03,1.427658613937482642e+03,8.621930678296483563e+01,3.164735633985988339e-01,3.661208786173943732e-05,0.000000000000000000e+00,0.000000000000000000e+00
0.000000000000000000e+00,0.000000000000000000e+00,0.000000000000000000e+00,0.000000000000000000e+00,0.000000000000000000e+00,0.000000000000000000e+00,0.000000000000000000e+00,0.000000000000000000e+00,0.000000000000000000e+00,0.000000000000000000e+00,0.000000000000000000e+00,0.000000000000000000e+00,0.000000000000000000e+00,2.479967380526087254e+03,0.000000000000000000e+00,7.268580551806446238e+03,3.444862417371626293e+02,9.781148786420028046e+03,1.440326314781402289e+03,8.825422063348581503e+01,3.332556833796886941e-01,4.019370989288122695e-05,0.000000000000000000e+00,0.000000000000000000e+00
0.000000000000000000e+00,0.000000000000000000e+00,0.000000000000000000e+00,0.000000000000000000e+00,0.000000000000000000e+00,0.000000000000000000e+00,0.000000000000000000e+00,0.000000000000000000e+00,0.000000000000000000e+00,0.000000000000000000e+00,0.000000000000000000e+00,0.000000000000000000e+00,0.000000000000000000e+00,2.454569933972511535e+03,0.000000000000000000e+00,7.207989974189857094e+03,3.450446115417489068e+02,9.720923996374698618e+03,1.452680972936927446e+03,9.029159203441504644e+01,3.505718912032557144e-01,4.404998176824242507e-05,0.000000000000000000e+00,0.000000000000000000e+00
0.000000000000000000e+00,0.000000000000000000e+00,0.000000000000000000e+00,0.000000000000000000e+00,0.000000000000000000e+00,0.000000000000000000e+00,0.000000000000000000e+00,0.000000000000000000e+00,0.000000000000000000e+00,0.000000000000000000e+00,0.000000000000000000e+00,0.000000000000000000e+00,0.000000000000000000e+00,2.429486457960790176e+03,0.000000000000000000e+00,7.148063460816152656e+03,3.455464888437368813e+02,9.661187687195975741e+03,1.464728332454109932e+03,9.233078734333335547e+01,3.684250284635766648e-01,4.819574611592036454e-05,0.000000000000000000e+00,0.000000000000000000e+00
0.000000000000000000e+00,0.000000000000000000e+00,0.000000000000000000e+00,0.000000000000000000e+00,0.000000000000000000e+00,0.000000000000000000e+00,0.000000000000000000e+00,0.000000000000000000e+00,0.000000000000000000e+00,0.000000000000000000e+00,0.000000000000000000e+00,0.000000000000000000e+00,0.000000000000000000e+00,2.404712055281747780e+03,0.000000000000000000e+00,7.088791335804853588e+03,3.459935188991071300e+02,9.601934576026153081e+03,1.476474024887650785e+03,9.437119234738092644e+01,3.868176241219875022e-01,5.264625738530692592e-05,0.000000000000000000e+00,0.000000000000000000e+00
0.000000000000000000e+00,0.000000000000000000e+00,0.000000000000000000e+00,0.000000000000000000e+00,0.000000000000000000e+00,0.000000000000000000e+00,0.000000000000000000e+00,0.000000000000000000e+00,0.000000000000000000e+00,0.000000000000000000e+00,0.000000000000000000e+00,0.000000000000000000e+00,0.000000000000000000e+00,2.380241932968287983e+03,0.000000000000000000e+00,7.030164113990637816e+03,3.463873005203826665e+02,9.543159459615837477e+03,1.487923572336381312e+03,9.641221180985056094e+01,4.057518992634280841e-01,5.741717604233452792e-05,0.000000000000000000e+00,0.000000000000000000e+00
0.000000000000000000e+00,0.000000000000000000e+00,0.000000000000000000e+00,0.000000000000000000e+00,0.000000000000000000e+00,0.000000000000000000e+00,0.000000000000000000e+00,0.000000000000000000e+00,0.000000000000000000e+00,0.000000000000000000e+00,0.000000000000000000e+00,0.000000000000000000e+00,0.000000000000000000e+00,2.356071395887862764e+03,0.000000000000000000e+00,6.972172491804246420e+03,3.467293876770222028e+02,9.484857210132127875e+03,1.499082390385932513e+03,9.845326903159534027e+01,4.252297721043160617e-01,6.252456222398039749e-05,0.000000000000000000e+00,0.000000000000000000e+00
0.000000000000000000e+00,0.000000000000000000e+00,0.000000000000000000e+00,0.000000000000000000e+00,0.000000000000000000e+00,0.000000000000000000e+00,0.000000000000000000e+00,0.000000000000000000e+00,0.000000000000000000e+00,0.000000000000000000e+00,0.000000000000000000e+00,0.000000000000000000e+00,0.000000000000000000e+00,2.332195851394847978e+03,0.000000000000000000e+00,6.914807351791678229e+03,3.470212906264347339e+02,9.427022779161363360e+03,1.509955789501995241e+03,1.004938052786755378e+02,4.452528623983385558e-01,6.798486873643611896e-05,0.000000000000000000e+00,0.000000000000000000e+00
0.000000000000000000e+00,0.000000000000000000e+00,0.000000000000000000e+00,0.000000000000000000e+00,0.000000000000000000e+00,0.000000000000000000e+00,0.000000000000000000e+00,0.000000000000000000e+00,0.000000000000000000e+00,0.000000000000000000e+00,0.000000000000000000e+00,0.000000000000000000e+00,0.000000000000000000e+00,2.308610794220742264e+03,0.000000000000000000e+00,6.858059742737566012e+03,3.472644777295432164e+02,9.369651186861723545e+03,1.520548979035075263e+03,1.025332794901761275e+02,4.658224974628523696e-01,7.381493376680013717e-05,0.000000000000000000e+00,0.000000000000000000e+00
0.000000000000000000e+00,0.000000000000000000e+00,0.000000000000000000e+00,0.000000000000000000e+00,0.000000000000000000e+00,0.000000000000000000e+00,0.000000000000000000e+00,0.000000000000000000e+00,0.000000000000000000e+00,0.000000000000000000e+00,0.000000000000000000e+00,0.000000000000000000e+00,0.000000000000000000e+00,2.285311813166262709e+03,0.000000000000000000e+00,6.801920886696719208e+03,3.474603764031207902e+02,9.312737527370813041e+03,1.530867068229635379e+03,1.045711677061780307e+02,4.869397167860960995e-01,8.003197286055535955e-05,0.000000000000000000e+00,0.000000000000000000e+00
0.000000000000000000e+00,0.000000000000000000e+00,0.000000000000000000e+00,0.000000000000000000e+00,0.000000000000000000e+00,0.000000000000000000e+00,0.000000000000000000e+00,0.000000000000000000e+00,0.000000000000000000e+00,0.000000000000000000e+00,0.000000000000000000e+00,0.000000000000000000e+00,0.000000000000000000e+00,2.262294583612933820e+03,0.000000000000000000e+00,6.746382168587438173e+03,3.476103745550895496e+02,9.256276963600912495e+03,1.540915069086910762e+03,1.066069626991587000e+02,5.086052778060329294e-01,8.665357059151115860e-05,0.000000000000000000e+00,0.000000000000000000e+00
0.000000000000000000e+00,0.000000000000000000e+00,0.000000000000000000e+00,0.000000000000000000e+00,0.000000000000000000e+00,0.000000000000000000e+00,0.000000000000000000e+00,0.000000000000000000e+00,0.000000000000000000e+00,0.000000000000000000e+00,0.000000000000000000e+00,0.000000000000000000e+00,0.000000000000000000e+00,2.239554866916536412e+03,0.000000000000000000e+00,6.691435134421820294e+03,3.477158217328635601e+02,9.200264727275703990e+03,1.550697898249367881e+03,1.086401735221005538e+02,5.308196612810853754e-01,9.369767169878766310e-05,0.000000000000000000e+00,0.000000000000000000e+00
0.000000000000000000e+00,0.000000000000000000e+00,0.000000000000000000e+00,0.000000000000000000e+00,0.000000000000000000e+00,0.000000000000000000e+00,0.000000000000000000e+00,0.000000000000000000e+00,0.000000000000000000e+00,0.000000000000000000e+00,0.000000000000000000e+00,0.000000000000000000e+00,0.000000000000000000e+00,2.217088509530517968e+03,0.000000000000000000e+00,6.637071489029183795e+03,3.477780302405345196e+02,9.144696118562837000e+03,1.560220378911631997e+03,1.106703250744829177e+02,5.535830767801726005e-01,1.011825717938623072e-04,0.000000000000000000e+00,0.000000000000000000e+00
0.000000000000000000e+00,0.000000000000000000e+00,0.000000000000000000e+00,0.000000000000000000e+00,0.000000000000000000e+00,0.000000000000000000e+00,0.000000000000000000e+00,0.000000000000000000e+00,0.000000000000000000e+00,0.000000000000000000e+00,0.000000000000000000e+00,0.000000000000000000e+00,0.000000000000000000e+00,2.194891438444817595e+03,0.000000000000000000e+00,6.583283089308104536e+03,3.477982763395871189e+02,9.089566502957453849e+03,1.569487243147377740e+03,1.126969577305394949e+02,5.768954685746368050e-01,1.091269077209930415e-04,0.000000000000000000e+00,0.000000000000000000e+00
0.000000000000000000e+00,0.000000000000000000e+00,0.000000000000000000e+00,0.000000000000000000e+00,0.000000000000000000e+00,0.000000000000000000e+00,0.000000000000000000e+00,0.000000000000000000e+00,0.000000000000000000e+00,0.000000000000000000e+00,0.000000000000000000e+00,0.000000000000000000e+00,0.000000000000000000e+00,2.172959662666424720e+03,0.000000000000000000e+00,6.530061945080167789e+03,3.477778012283579869e+02,9.034871312809700612e+03,1.578503133426107524e+03,1.147196268913629353e+02,6.007565210553046375e-01,1.175496474278031096e-04,0.000000000000000000e+00,0.000000000000000000e+00
0.000000000000000000e+00,0.000000000000000000e+00,0.000000000000000000e+00,0.000000000000000000e+00,0.000000000000000000e+00,0.000000000000000000e+00,0.000000000000000000e+00,0.000000000000000000e+00,0.000000000000000000e+00,0.000000000000000000e+00,0.000000000000000000e+00,0.000000000000000000e+00,0.000000000000000000e+00,2.151289263737031888e+03,0.000000000000000000e+00,6.477400206282047293e+03,3.477178123094478224e+02,8.980606040400638449e+03,1.587272605446415355e+03,1.167379027068052011e+02,6.251656652520800606e-01,1.264700796859651835e-04,0.000000000000000000e+00,0.000000000000000000e+00
0.000000000000000000e+00,0.000000000000000000e+00,0.000000000000000000e+00,0.000000000000000000e+00,0.000000000000000000e+00,0.000000000000000000e+00,0.000000000000000000e+00,0.000000000000000000e+00,0.000000000000000000e+00,0.000000000000000000e+00,0.000000000000000000e+00,0.000000000000000000e+00,0.000000000000000000e+00,2.129876398524377237e+03,0.000000000000000000e+00,6.425290165360182982e+03,3.476194840438089386e+02,8.926766240300259597e+03,1.595800129402044831e+03,1.187513696332203637e+02,6.501220842978271408e-01,1.359078032581657370e-04,0.000000000000000000e+00,0.000000000000000000e+00
0.000000000000000000e+00,0.000000000000000000e+00,0.000000000000000000e+00,0.000000000000000000e+00,0.000000000000000000e+00,0.000000000000000000e+00,0.000000000000000000e+00,0.000000000000000000e+00,0.000000000000000000e+00,0.000000000000000000e+00,0.000000000000000000e+00,0.000000000000000000e+00,0.000000000000000000e+00,2.108717296567664107e+03,0.000000000000000000e+00,6.373724253090252205e+03,3.474839589520436220e+02,8.873347527705111133e+03,1.604090091879932743e+03,1.207596260761823572e+02,6.756247193957581887e-01,1.458827158372677816e-04,0.000000000000000000e+00,0.000000000000000000e+00
0.000000000000000000e+00,0.000000000000000000e+00,0.000000000000000000e+00,0.000000000000000000e+00,0.000000000000000000e+00,0.000000000000000000e+00,0.000000000000000000e+00,0.000000000000000000e+00,0.000000000000000000e+00,0.000000000000000000e+00,0.000000000000000000e+00,0.000000000000000000e+00,0.000000000000000000e+00,2.087808258227743408e+03,0.000000000000000000e+00,6.322695035286041275e+03,3.473123485522332885e+02,8.820345577253841839e+03,1.612146797631111895e+03,1.227622840339215173e+02,7.016722757631002061e-01,1.564150026814490019e-04,0.000000000000000000e+00,0.000000000000000000e+00
0.000000000000000000e+00,0.000000000000000000e+00,0.000000000000000000e+00,0.000000000000000000e+00,0.000000000000000000e+00,0.000000000000000000e+00,0.000000000000000000e+00,0.000000000000000000e+00,0.000000000000000000e+00,0.000000000000000000e+00,0.000000000000000000e+00,0.000000000000000000e+00,0.000000000000000000e+00,2.067145653258291532e+03,0.000000000000000000e+00,6.272195210089235843e+03,3.471057342592282566e+02,8.767756122181614046e+03,1.619974471252469584e+03,1.247589687435342540e+02,7.282632285461739796e-01,1.675251249657934839e-04,0.000000000000000000e+00,0.000000000000000000e+00
0.000000000000000000e+00,0.000000000000000000e+00,0.000000000000000000e+00,0.000000000000000000e+00,0.000000000000000000e+00,0.000000000000000000e+00,0.000000000000000000e+00,0.000000000000000000e+00,0.000000000000000000e+00,0.000000000000000000e+00,0.000000000000000000e+00,0.000000000000000000e+00,0.000000000000000000e+00,2.046725918172706088e+03,0.000000000000000000e+00,6.222217603801549558e+03,3.468651682861621453e+02,8.715574952549372028e+03,1.627577258968936349e+03,1.267493183542046324e+02,7.553958288777313790e-01,1.792338079148968178e-04,0.000000000000000000e+00,0.000000000000000000e+00
0.000000000000000000e+00,0.000000000000000000e+00,0.000000000000000000e+00,0.000000000000000000e+00,0.000000000000000000e+00,0.000000000000000000e+00,0.000000000000000000e+00,0.000000000000000000e+00,0.000000000000000000e+00,0.000000000000000000e+00,0.000000000000000000e+00,0.000000000000000000e+00,0.000000000000000000e+00,2.026545555217368701e+03,0.000000000000000000e+00,6.172755168667387807e+03,3.465916744726804382e+02,8.663797914633101755e+03,1.634959230198653586e+03,1.287329835869743988e+02,7.830681097785946454e-01,1.915620286697441977e-04,0.000000000000000000e+00,0.000000000000000000e+00
0.000000000000000000e+00,0.000000000000000000e+00,0.000000000000000000e+00,0.000000000000000000e+00,0.000000000000000000e+00,0.000000000000000000e+00,0.000000000000000000e+00,0.000000000000000000e+00,0.000000000000000000e+00,0.000000000000000000e+00,0.000000000000000000e+00,0.000000000000000000e+00,0.000000000000000000e+00,2.006601130227808653e+03,0.000000000000000000e+00,6.123800979403289602e+03,3.462862491207087601e+02,8.612420909539250715e+03,1.642124379201414740e+03,1.307096274180278499e+02,8.112778921633752027e-01,2.045310039737450092e-04,0.000000000000000000e+00,0.000000000000000000e+00
0.000000000000000000e+00,0.000000000000000000e+00,0.000000000000000000e+00,0.000000000000000000e+00,0.000000000000000000e+00,0.000000000000000000e+00,0.000000000000000000e+00,0.000000000000000000e+00,0.000000000000000000e+00,0.000000000000000000e+00,0.000000000000000000e+00,0.000000000000000000e+00,0.000000000000000000e+00,1.986889272410920057e+03,0.000000000000000000e+00,6.075348232036233640e+03,3.459498617549913888e+02,8.561439893197977653e+03,1.649076626489708815e+03,1.326789247434150525e+02,8.400227906242058173e-01,2.181621776160822315e-04,0.000000000000000000e+00,0.000000000000000000e+00
0.000000000000000000e+00,0.000000000000000000e+00,0.000000000000000000e+00,0.000000000000000000e+00,0.000000000000000000e+00,0.000000000000000000e+00,0.000000000000000000e+00,0.000000000000000000e+00,0.000000000000000000e+00,0.000000000000000000e+00,0.000000000000000000e+00,0.000000000000000000e+00,0.000000000000000000e+00,1.967406670465810066e+03,0.000000000000000000e+00,6.027390238272031638e+03,3.455834559434825906e+02,8.510850873580042389e+03,1.655819820604688630e+03,1.346405621065744356e+02,8.693002196227266332e-01,2.324772078208464188e-04,0.000000000000000000e+00,0.000000000000000000e+00
0.000000000000000000e+00,0.000000000000000000e+00,0.000000000000000000e+00,0.000000000000000000e+00,0.000000000000000000e+00,0.000000000000000000e+00,0.000000000000000000e+00,0.000000000000000000e+00,0.000000000000000000e+00,0.000000000000000000e+00,0.000000000000000000e+00,0.000000000000000000e+00,0.000000000000000000e+00,1.948150071787144498e+03,0.000000000000000000e+00,5.979920423653205944e+03,3.451879500175091380e+02,8.460649910221991377e+03,1.662357739518373364e+03,1.365942373887735641e+02,8.991073993191293079e-01,2.474979544059026219e-04,0.000000000000000000e+00,0.000000000000000000e+00
0.000000000000000000e+00,0.000000000000000000e+00,0.000000000000000000e+00,0.000000000000000000e+00,0.000000000000000000e+00,0.000000000000000000e+00,0.000000000000000000e+00,0.000000000000000000e+00,0.000000000000000000e+00,0.000000000000000000e+00,0.000000000000000000e+00,0.000000000000000000e+00,0.000000000000000000e+00,1.929116282025905548e+03,0.000000000000000000e+00,5.932932326265068696e+03,3.447642377707484798e+02,8.410833114083035980e+03,1.668694091965538519e+03,1.385396595002305560e+02,9.294413613027298071e-01,2.632464657935444348e-04,0.000000000000000000e+00,0.000000000000000000e+00
0.000000000000000000e+00,0.000000000000000000e+00,0.000000000000000000e+00,0.000000000000000000e+00,0.000000000000000000e+00,0.000000000000000000e+00,0.000000000000000000e+00,0.000000000000000000e+00,0.000000000000000000e+00,0.000000000000000000e+00,0.000000000000000000e+00,0.000000000000000000e+00,0.000000000000000000e+00,1.910302163309766001e+03,0.000000000000000000e+00,5.886419593717148018e+03,3.443131891606773820e+02,8.361396646300714565e+03,1.674832518900083869e+03,1.404765481007699748e+02,9.602989544562595681e-01,2.797449659563912196e-04,0.000000000000000000e+00,0.000000000000000000e+00
0.000000000000000000e+00,0.000000000000000000e+00,0.000000000000000000e+00,0.000000000000000000e+00,0.000000000000000000e+00,0.000000000000000000e+00,0.000000000000000000e+00,0.000000000000000000e+00,0.000000000000000000e+00,0.000000000000000000e+00,0.000000000000000000e+00,0.000000000000000000e+00,0.000000000000000000e+00,1.891704633804835566e+03,0.000000000000000000e+00,5.840375981835173661e+03,3.438356509648923520e+02,8.312336717987062002e+03,1.680776594779013749e+03,1.424046333069301795e+02,9.916768506041727660e-01,2.970158412235625713e-04,0.000000000000000000e+00,0.000000000000000000e+00
0.000000000000000000e+00,0.000000000000000000e+00,0.000000000000000000e+00,0.000000000000000000e+00,0.000000000000000000e+00,0.000000000000000000e+00,0.000000000000000000e+00,0.000000000000000000e+00,0.000000000000000000e+00,0.000000000000000000e+00,0.000000000000000000e+00,0.000000000000000000e+00,0.000000000000000000e+00,1.873320664506906269e+03,0.000000000000000000e+00,5.794795349938973231e+03,3.433324474671798043e+02,8.263649587899346443e+03,1.686529829103333896e+03,1.443236554491485322e+02,1.023571550479771552e+00,3.150816271235225329e-04,0.000000000000000000e+00,0.000000000000000000e+00
0.000000000000000000e+00,0.000000000000000000e+00,0.000000000000000000e+00,0.000000000000000000e+00,0.000000000000000000e+00,0.000000000000000000e+00,0.000000000000000000e+00,0.000000000000000000e+00,0.000000000000000000e+00,0.000000000000000000e+00,0.000000000000000000e+00,0.000000000000000000e+00,0.000000000000000000e+00,1.855147279057284095e+03,0.000000000000000000e+00,5.749671659889780130e+03,3.428043810662451847e+02,8.215331562416593442e+03,1.692095667613676142e+03,1.462333647895875970e+02,1.055979389257902357e+00,3.339649950642069385e-04,0.000000000000000000e+00,0.000000000000000000e+00
0.000000000000000000e+00,0.000000000000000000e+00,0.000000000000000000e+00,0.000000000000000000e+00,0.000000000000000000e+00,0.000000000000000000e+00,0.000000000000000000e+00,0.000000000000000000e+00,0.000000000000000000e+00,0.000000000000000000e+00,0.000000000000000000e+00,0.000000000000000000e+00,0.000000000000000000e+00,1.837181552678319349e+03,0.000000000000000000e+00,5.704998974052366066e+03,3.422522328833005645e+02,8.167378994825853624e+03,1.697477493555379624e+03,1.481335212605786467e+02,1.088896542141418067e+00,3.536887390049715352e-04,0.000000000000000000e+00,0.000000000000000000e+00
0.000000000000000000e+00,0.000000000000000000e+00,0.000000000000000000e+00,0.000000000000000000e+00,0.000000000000000000e+00,0.000000000000000000e+00,0.000000000000000000e+00,0.000000000000000000e+00,0.000000000000000000e+00,0.000000000000000000e+00,0.000000000000000000e+00,0.000000000000000000e+00,0.000000000000000000e+00,1.819420611063038677e+03,0.000000000000000000e+00,5.660771453202208249e+03,3.416767633516349747e+02,8.119788284558079795e+03,1.702678628924912800e+03,1.500238942108391029e+02,1.122319029895544551e+00,3.742757621084586198e-04,0.000000000000000000e+00,0.000000000000000000e+00
0.000000000000000000e+00,0.000000000000000000e+00,0.000000000000000000e+00,0.000000000000000000e+00,0.000000000000000000e+00,0.000000000000000000e+00,0.000000000000000000e+00,0.000000000000000000e+00,0.000000000000000000e+00,0.000000000000000000e+00,0.000000000000000000e+00,0.000000000000000000e+00,0.000000000000000000e+00,1.801861628995018918e+03,0.000000000000000000e+00,5.616983354156283895e+03,3.410787127945785642e+02,8.072555876237191114e+03,1.707702335711293699e+03,1.519042621618168312e+02,1.156242724358925500e+00,3.957490634039112802e-04,0.000000000000000000e+00,0.000000000000000000e+00
0.000000000000000000e+00,0.000000000000000000e+00,0.000000000000000000e+00,0.000000000000000000e+00,0.000000000000000000e+00,0.000000000000000000e+00,0.000000000000000000e+00,0.000000000000000000e+00,0.000000000000000000e+00,0.000000000000000000e+00,0.000000000000000000e+00,0.000000000000000000e+00,0.000000000000000000e+00,1.784501829435776926e+03,0.000000000000000000e+00,5.573629027951717035e+03,3.404588019762854856e+02,8.025678259050186170e+03,1.712551817072416952e+03,1.537744125640796824e+02,1.190663353828965043e+00,4.181317244397275245e-04,0.000000000000000000e+00,0.000000000000000000e+00
0.000000000000000000e+00,0.000000000000000000e+00,0.000000000000000000e+00,0.000000000000000000e+00,0.000000000000000000e+00,0.000000000000000000e+00,0.000000000000000000e+00,0.000000000000000000e+00,0.000000000000000000e+00,0.000000000000000000e+00,0.000000000000000000e+00,0.000000000000000000e+00,0.000000000000000000e+00,1.767338482704481748e+03,0.000000000000000000e+00,5.530702918181103996e+03,3.398177326371207414e+02,7.979151966192846885e+03,1.717230218475140873e+03,1.556341415580269256e+02,1.225576508365022965e+00,4.414468959594059654e-04,0.000000000000000000e+00,0.000000000000000000e+00
0.000000000000000000e+00,0.000000000000000000e+00,0.000000000000000000e+00,0.000000000000000000e+00,0.000000000000000000e+00,0.000000000000000000e+00,0.000000000000000000e+00,0.000000000000000000e+00,0.000000000000000000e+00,0.000000000000000000e+00,0.000000000000000000e+00,0.000000000000000000e+00,0.000000000000000000e+00,1.750368904781634456e+03,0.000000000000000000e+00,5.488199558262165738e+03,3.391561880244578902e+02,7.932973573653986023e+03,1.721740628895837290e+03,1.574832537545136688e+02,1.260977645149611082e+00,4.657177846609673725e-04,0.000000000000000000e+00,0.000000000000000000e+00
0.000000000000000000e+00,0.000000000000000000e+00,0.000000000000000000e+00,0.000000000000000000e+00,0.000000000000000000e+00,0.000000000000000000e+00,0.000000000000000000e+00,0.000000000000000000e+00,0.000000000000000000e+00,0.000000000000000000e+00,0.000000000000000000e+00,0.000000000000000000e+00,0.000000000000000000e+00,1.733590456460084624e+03,0.000000000000000000e+00,5.446113569751519208e+03,3.384748333945127001e+02,7.887139699627684422e+03,1.726086081917880392e+03,1.593215620085540820e+02,1.296862093659519433e+00,4.909676399720208292e-04,0.000000000000000000e+00,0.000000000000000000e+00
0.000000000000000000e+00,0.000000000000000000e+00,0.000000000000000000e+00,0.000000000000000000e+00,0.000000000000000000e+00,0.000000000000000000e+00,0.000000000000000000e+00,0.000000000000000000e+00,0.000000000000000000e+00,0.000000000000000000e+00,0.000000000000000000e+00,0.000000000000000000e+00,0.000000000000000000e+00,1.717000542783683841e+03,0.000000000000000000e+00,5.404439661035366044e+03,3.377743164972897603e+02,7.841647004129930792e+03,1.730269556778024707e+03,1.611488871941358241e+02,1.333225060721716648e+00,5.172197408812378387e-04,0.000000000000000000e+00,0.000000000000000000e+00
0.000000000000000000e+00,0.000000000000000000e+00,0.000000000000000000e+00,0.000000000000000000e+00,0.000000000000000000e+00,0.000000000000000000e+00,0.000000000000000000e+00,0.000000000000000000e+00,0.000000000000000000e+00,0.000000000000000000e+00,0.000000000000000000e+00,0.000000000000000000e+00,0.000000000000000000e+00,1.700596611910595129e+03,0.000000000000000000e+00,5.363172625326687012e+03,3.370552680547254454e+02,7.796492188185514351e+03,1.734293979446911408e+03,1.629650579937501504e+02,1.370061635574965520e+00,5.444973828770243709e-04,0.000000000000000000e+00,0.000000000000000000e+00
0.000000000000000000e+00,0.000000000000000000e+00,0.000000000000000000e+00,0.000000000000000000e+00,0.000000000000000000e+00,0.000000000000000000e+00,0.000000000000000000e+00,0.000000000000000000e+00,0.000000000000000000e+00,0.000000000000000000e+00,0.000000000000000000e+00,0.000000000000000000e+00,0.000000000000000000e+00,1.684376154249861202e+03,0.000000000000000000e+00,5.322307339006854818e+03,3.363183022210789659e+02,7.751671993211822155e+03,1.738162223663156055e+03,1.647699106893054761e+02,1.407366794815343658e+00,5.728238649665567950e-04,0.000000000000000000e+00,0.000000000000000000e+00
0.000000000000000000e+00,0.000000000000000000e+00,0.000000000000000000e+00,0.000000000000000000e+00,0.000000000000000000e+00,0.000000000000000000e+00,0.000000000000000000e+00,0.000000000000000000e+00,0.000000000000000000e+00,0.000000000000000000e+00,0.000000000000000000e+00,0.000000000000000000e+00,0.000000000000000000e+00,1.668336701589433005e+03,0.000000000000000000e+00,5.281838759972341904e+03,3.355640170302152683e+02,7.707183200392076287e+03,1.741877111947086405e+03,1.665632889585571945e+02,1.445135407265152772e+00,6.022224768015935637e-04,0.000000000000000000e+00,0.000000000000000000e+00
0.000000000000000000e+00,0.000000000000000000e+00,0.000000000000000000e+00,0.000000000000000000e+00,0.000000000000000000e+00,0.000000000000000000e+00,0.000000000000000000e+00,0.000000000000000000e+00,0.000000000000000000e+00,0.000000000000000000e+00,0.000000000000000000e+00,0.000000000000000000e+00,0.000000000000000000e+00,1.652475826241419554e+03,0.000000000000000000e+00,5.241761926015108656e+03,3.347929948297083911e+02,7.663022630057344031e+03,1.745441416592872883e+03,1.683450436765699294e+02,1.483362238759740714e+00,6.327164859202892132e-04,0.000000000000000000e+00,0.000000000000000000e+00
0.000000000000000000e+00,0.000000000000000000e+00,0.000000000000000000e+00,0.000000000000000000e+00,0.000000000000000000e+00,0.000000000000000000e+00,0.000000000000000000e+00,0.000000000000000000e+00,0.000000000000000000e+00,0.000000000000000000e+00,0.000000000000000000e+00,0.000000000000000000e+00,0.000000000000000000e+00,1.636791140480743934e+03,0.000000000000000000e+00,5.202071953562456656e+03,3.340058026992639952e+02,7.619187141265401806e+03,1.748857860615025629e+03,1.701150327179077806e+02,1.522041956811481134e+00,6.643291251024370514e-04,0.000000000000000000e+00,0.000000000000000000e+00
0.000000000000000000e+00,0.000000000000000000e+00,0.000000000000000000e+00,0.000000000000000000e+00,0.000000000000000000e+00,0.000000000000000000e+00,0.000000000000000000e+00,0.000000000000000000e+00,0.000000000000000000e+00,0.000000000000000000e+00,0.000000000000000000e+00,0.000000000000000000e+00,0.000000000000000000e+00,1.621280295128881789e+03,0.000000000000000000e+00,5.162764035418676940e+03,3.332029928664802014e+02,7.575673630792253789e+03,1.752129118752176964e+03,1.718731207767874025e+02,1.561169135313984713e+00,6.970835799027820783e-04,0.000000000000000000e+00,0.000000000000000000e+00
0.000000000000000000e+00,0.000000000000000000e+00,0.000000000000000000e+00,0.000000000000000000e+00,0.000000000000000000e+00,0.000000000000000000e+00,0.000000000000000000e+00,0.000000000000000000e+00,0.000000000000000000e+00,0.000000000000000000e+00,0.000000000000000000e+00,0.000000000000000000e+00,0.000000000000000000e+00,1.605940979101163975e+03,0.000000000000000000e+00,5.123833439664296748e+03,3.323851030997273597e+02,7.532479032785588061e+03,1.755257818364437071e+03,1.736191791774955959e+02,1.600738259029054422e+00,7.310029762890303236e-04,0.000000000000000000e+00,0.000000000000000000e+00
0.000000000000000000e+00,0.000000000000000000e+00,0.000000000000000000e+00,0.000000000000000000e+00,0.000000000000000000e+00,0.000000000000000000e+00,0.000000000000000000e+00,0.000000000000000000e+00,0.000000000000000000e+00,0.000000000000000000e+00,0.000000000000000000e+00,0.000000000000000000e+00,0.000000000000000000e+00,1.590770918639581851e+03,0.000000000000000000e+00,5.085275508191446534e+03,3.315526570935271025e+02,7.489600318197994056e+03,1.758246540342200660e+03,1.753530856944112770e+02,1.640743728033223992e+00,7.661103684489096967e-04,0.000000000000000000e+00,0.000000000000000000e+00
0.000000000000000000e+00,0.000000000000000000e+00,0.000000000000000000e+00,0.000000000000000000e+00,0.000000000000000000e+00,0.000000000000000000e+00,0.000000000000000000e+00,0.000000000000000000e+00,0.000000000000000000e+00,0.000000000000000000e+00,0.000000000000000000e+00,0.000000000000000000e+00,0.000000000000000000e+00,1.575767876625209055e+03,0.000000000000000000e+00,5.047085655344162660e+03,3.307061648421446876e+02,7.447034494267884838e+03,1.761097819989467098e+03,1.770747243754949523e+02,1.681179862071238151e+00,8.024287267609310536e-04,0.000000000000000000e+00,0.000000000000000000e+00
0.000000000000000000e+00,0.000000000000000000e+00,0.000000000000000000e+00,0.000000000000000000e+00,0.000000000000000000e+00,0.000000000000000000e+00,0.000000000000000000e+00,0.000000000000000000e+00,0.000000000000000000e+00,0.000000000000000000e+00,0.000000000000000000e+00,0.000000000000000000e+00,0.000000000000000000e+00,1.560929651812584552e+03,0.000000000000000000e+00,5.009259366480752760e+03,3.298461230035740641e+02,7.404778603955277504e+03,1.763814147898616284e+03,1.787839853715036043e+02,1.722040904832077945e+00,8.399809259369569276e-04,0.000000000000000000e+00,0.000000000000000000e+00
0.000000000000000000e+00,0.000000000000000000e+00,0.000000000000000000e+00,0.000000000000000000e+00,0.000000000000000000e+00,0.000000000000000000e+00,0.000000000000000000e+00,0.000000000000000000e+00,0.000000000000000000e+00,0.000000000000000000e+00,0.000000000000000000e+00,0.000000000000000000e+00,0.000000000000000000e+00,1.546254078078319708e+03,0.000000000000000000e+00,4.971792196564599180e+03,3.289730152527736777e+02,7.362829725373584552e+03,1.766397970803392127e+03,1.804807647693947388e+02,1.763321028146908942e+00,8.787897333546482127e-04,0.000000000000000000e+00,0.000000000000000000e+00
0.000000000000000000e+00,0.000000000000000000e+00,0.000000000000000000e+00,0.000000000000000000e+00,0.000000000000000000e+00,0.000000000000000000e+00,0.000000000000000000e+00,0.000000000000000000e+00,0.000000000000000000e+00,0.000000000000000000e+00,0.000000000000000000e+00,0.000000000000000000e+00,0.000000000000000000e+00,1.531739023813882568e+03,0.000000000000000000e+00,4.934679768931885519e+03,3.280873126236027701e+02,7.321184971319672513e+03,1.768851692404909954e+03,1.821649644279640654e+02,1.805014336078727410e+00,9.188777975675542281e-04,0.000000000000000000e+00,0.000000000000000000e+00
0.000000000000000000e+00,0.000000000000000000e+00,0.000000000000000000e+00,0.000000000000000000e+00,0.000000000000000000e+00,0.000000000000000000e+00,0.000000000000000000e+00,0.000000000000000000e+00,0.000000000000000000e+00,0.000000000000000000e+00,0.000000000000000000e+00,0.000000000000000000e+00,0.000000000000000000e+00,1.517382391103964210e+03,0.000000000000000000e+00,4.897917773830837177e+03,3.271894738436091075e+02,7.279841488680298426e+03,1.771177674202019944e+03,1.838364918208190488e+02,1.847114868951137856e+00,9.602676370119408089e-04,0.000000000000000000e+00,0.000000000000000000e+00
0.000000000000000000e+00,0.000000000000000000e+00,0.000000000000000000e+00,0.000000000000000000e+00,0.000000000000000000e+00,0.000000000000000000e+00,0.000000000000000000e+00,0.000000000000000000e+00,0.000000000000000000e+00,0.000000000000000000e+00,0.000000000000000000e+00,0.000000000000000000e+00,0.000000000000000000e+00,1.503182115293808465e+03,0.000000000000000000e+00,4.861501967405072719e+03,3.262799456548870580e+02,7.238796458051486297e+03,1.773378236267097009e+03,1.854952598778493780e+02,1.889616607255377945e+00,1.002981628917789169e-03,0.000000000000000000e+00,0.000000000000000000e+00
0.000000000000000000e+00,0.000000000000000000e+00,0.000000000000000000e+00,0.000000000000000000e+00,0.000000000000000000e+00,0.000000000000000000e+00,0.000000000000000000e+00,0.000000000000000000e+00,0.000000000000000000e+00,0.000000000000000000e+00,0.000000000000000000e+00,0.000000000000000000e+00,0.000000000000000000e+00,1.489136164051541755e+03,0.000000000000000000e+00,4.825428170130129729e+03,3.253591631318481063e+02,7.198047093081528146e+03,1.775455658055600679e+03,1.871411868379431382e+02,1.932513475523539803e+00,1.047041998425846630e-03,0.000000000000000000e+00,0.000000000000000000e+00
0.000000000000000000e+00,0.000000000000000000e+00,0.000000000000000000e+00,0.000000000000000000e+00,0.000000000000000000e+00,0.000000000000000000e+00,0.000000000000000000e+00,0.000000000000000000e+00,0.000000000000000000e+00,0.000000000000000000e+00,0.000000000000000000e+00,0.000000000000000000e+00,0.000000000000000000e+00,1.475242536858977246e+03,0.000000000000000000e+00,4.789692265740449329e+03,3.244275499854870191e+02,7.157590640062672719e+03,1.777412179160971846e+03,1.887741960994591182e+02,1.975799346069573303e+00,1.092470807910975866e-03,0.000000000000000000e+00,0.000000000000000000e+00
0.000000000000000000e+00,0.000000000000000000e+00,0.000000000000000000e+00,0.000000000000000000e+00,0.000000000000000000e+00,0.000000000000000000e+00,0.000000000000000000e+00,0.000000000000000000e+00,0.000000000000000000e+00,0.000000000000000000e+00,0.000000000000000000e+00,0.000000000000000000e+00,0.000000000000000000e+00,1.461499264611155468e+03,0.000000000000000000e+00,4.754290200273026130e+03,3.234855188575559737e+02,7.117424377557775188e+03,1.779250000042365855e+03,1.903942160730967998e+02,2.019468042644508632e+00,1.139289946535100876e-03,0.000000000000000000e+00,0.000000000000000000e+00
0.000000000000000000e+00,0.000000000000000000e+00,0.000000000000000000e+00,0.000000000000000000e+00,0.000000000000000000e+00,0.000000000000000000e+00,0.000000000000000000e+00,0.000000000000000000e+00,0.000000000000000000e+00,0.000000000000000000e+00,0.000000000000000000e+00,0.000000000000000000e+00,0.000000000000000000e+00,1.447904408807616846e+03,0.000000000000000000e+00,4.719217980686508781e+03,3.225334716119124323e+02,7.077545615829656526e+03,1.780971282779819148e+03,1.920011800441845082e+02,2.063513344039648700e+00,1.187521120008791726e-03,0.000000000000000000e+00,0.000000000000000000e+00
0.000000000000000000e+00,0.000000000000000000e+00,0.000000000000000000e+00,0.000000000000000000e+00,0.000000000000000000e+00,0.000000000000000000e+00,0.000000000000000000e+00,0.000000000000000000e+00,0.000000000000000000e+00,0.000000000000000000e+00,0.000000000000000000e+00,0.000000000000000000e+00,0.000000000000000000e+00,1.434456061024495057e+03,0.000000000000000000e+00,4.684471673793654190e+03,3.215717996143173423e+02,7.037951696412683305e+03,1.782578151787113711e+03,1.935950260346670291e+02,2.107928987584282154e+00,1.237185840586552642e-03,0.000000000000000000e+00,0.000000000000000000e+00
0.000000000000000000e+00,0.000000000000000000e+00,0.000000000000000000e+00,0.000000000000000000e+00,0.000000000000000000e+00,0.000000000000000000e+00,0.000000000000000000e+00,0.000000000000000000e+00,0.000000000000000000e+00,0.000000000000000000e+00,0.000000000000000000e+00,0.000000000000000000e+00,0.000000000000000000e+00,1.421152342359690920e+03,0.000000000000000000e+00,4.650047405174058440e+03,3.206008840048793331e+02,6.998639991669834671e+03,1.784072694513633678e+03,1.951756966690335275e+02,2.152708672564126235e+00,1.288305417292657249e-03,0.000000000000000000e+00,0.000000000000000000e+00
0.000000000000000000e+00,0.000000000000000000e+00,0.000000000000000000e+00,0.000000000000000000e+00,0.000000000000000000e+00,0.000000000000000000e+00,0.000000000000000000e+00,0.000000000000000000e+00,0.000000000000000000e+00,0.000000000000000000e+00,0.000000000000000000e+00,0.000000000000000000e+00,0.000000000000000000e+00,1.407991402878878034e+03,0.000000000000000000e+00,4.615941358099172248e+03,3.196210959631515607e+02,6.959607904353943923e+03,1.785456962133324851e+03,1.967431390436921106e+02,2.197846063556816887e+00,1.340900946378926518e-03,0.000000000000000000e+00,0.000000000000000000e+00
0.000000000000000000e+00,0.000000000000000000e+00,0.000000000000000000e+00,0.000000000000000000e+00,0.000000000000000000e+00,0.000000000000000000e+00,0.000000000000000000e+00,0.000000000000000000e+00,0.000000000000000000e+00,0.000000000000000000e+00,0.000000000000000000e+00,0.000000000000000000e+00,0.000000000000000000e+00,1.394971421145769909e+03,0.000000000000000000e+00,4.582149772549793852e+03,3.186327969646445695e+02,6.920852867199425418e+03,1.786732970211139900e+03,1.982973045986216221e+02,2.243334793684704120e+00,1.394993302028928314e-03,0.000000000000000000e+00,0.000000000000000000e+00
0.000000000000000000e+00,0.000000000000000000e+00,0.000000000000000000e+00,0.000000000000000000e+00,0.000000000000000000e+00,0.000000000000000000e+00,0.000000000000000000e+00,0.000000000000000000e+00,0.000000000000000000e+00,0.000000000000000000e+00,0.000000000000000000e+00,0.000000000000000000e+00,0.000000000000000000e+00,1.382090603537511242e+03,0.000000000000000000e+00,4.548668944035763161e+03,3.176363390340173396e+02,6.882372342444371498e+03,1.787902699381537786e+03,1.998381489951115384e+02,2.289168467790593464e+00,1.450603127275026201e-03,0.000000000000000000e+00,0.000000000000000000e+00
0.000000000000000000e+00,0.000000000000000000e+00,0.000000000000000000e+00,0.000000000000000000e+00,0.000000000000000000e+00,0.000000000000000000e+00,0.000000000000000000e+00,0.000000000000000000e+00,0.000000000000000000e+00,0.000000000000000000e+00,0.000000000000000000e+00,0.000000000000000000e+00,0.000000000000000000e+00,1.369347183817141968e+03,0.000000000000000000e+00,4.515495222679458493e+03,3.166320649873065918e+02,6.844163821447597911e+03,1.788968095985723949e+03,2.013656319933378995e+02,2.335340665527392279e+00,1.507750825184246430e-03,0.000000000000000000e+00,0.000000000000000000e+00
0.000000000000000000e+00,0.000000000000000000e+00,0.000000000000000000e+00,0.000000000000000000e+00,0.000000000000000000e+00,0.000000000000000000e+00,0.000000000000000000e+00,0.000000000000000000e+00,0.000000000000000000e+00,0.000000000000000000e+00,0.000000000000000000e+00,0.000000000000000000e+00,0.000000000000000000e+00,1.356739422629736737e+03,0.000000000000000000e+00,4.482625012234185306e+03,3.156203086689623660e+02,6.806224824281711335e+03,1.789931072705925999e+03,2.028797173340858535e+02,2.381844944369705619e+00,1.566456550278016438e-03,0.000000000000000000e+00,0.000000000000000000e+00
0.000000000000000000e+00,0.000000000000000000e+00,0.000000000000000000e+00,0.000000000000000000e+00,0.000000000000000000e+00,0.000000000000000000e+00,0.000000000000000000e+00,0.000000000000000000e+00,0.000000000000000000e+00,0.000000000000000000e+00,0.000000000000000000e+00,0.000000000000000000e+00,0.000000000000000000e+00,1.344265607021779715e+03,0.000000000000000000e+00,4.450054769132633737e+03,3.146013951819800241e+02,6.768552899331620210e+03,1.790793509184511549e+03,2.043803726232431472e+02,2.428674842549502166e+00,1.626740200203631885e-03,0.000000000000000000e+00,0.000000000000000000e+00
0.000000000000000000e+00,0.000000000000000000e+00,0.000000000000000000e+00,0.000000000000000000e+00,0.000000000000000000e+00,0.000000000000000000e+00,0.000000000000000000e+00,0.000000000000000000e+00,0.000000000000000000e+00,0.000000000000000000e+00,0.000000000000000000e+00,0.000000000000000000e+00,0.000000000000000000e+00,1.331924049954281827e+03,0.000000000000000000e+00,4.417781001545688014e+03,3.135756411125386194e+02,6.731145622907128200e+03,1.791557252634624092e+03,2.058675692193247357e+02,2.475823881907499135e+00,1.688621407640856576e-03,0.000000000000000000e+00,0.000000000000000000e+00
0.000000000000000000e+00,0.000000000000000000e+00,0.000000000000000000e+00,0.000000000000000000e+00,0.000000000000000000e+00,0.000000000000000000e+00,0.000000000000000000e+00,0.000000000000000000e+00,0.000000000000000000e+00,0.000000000000000000e+00,0.000000000000000000e+00,0.000000000000000000e+00,0.000000000000000000e+00,1.319713089820395226e+03,0.000000000000000000e+00,4.385800268447062081e+03,3.125433547478695573e+02,6.694000598841828833e+03,1.792224118435918626e+03,2.073412821238927393e+02,2.523285570678010625e+00,1.752119532470860922e-03,0.000000000000000000e+00,0.000000000000000000e+00
0.000000000000000000e+00,0.000000000000000000e+00,0.000000000000000000e+00,0.000000000000000000e+00,0.000000000000000000e+00,0.000000000000000000e+00,0.000000000000000000e+00,0.000000000000000000e+00,0.000000000000000000e+00,0.000000000000000000e+00,0.000000000000000000e+00,0.000000000000000000e+00,0.000000000000000000e+00,1.307631090006477052e+03,0.000000000000000000e+00,4.354109178731577231e+03,3.115048362879154524e+02,6.657115458115867114e+03,1.792795890715855194e+03,2.088014898742486594e+02,2.571053406193853252e+00,1.817253654194053323e-03,0.000000000000000000e+00,0.000000000000000000e+00
