# tendency to change, top row gives equation number (%/hour)
2.000000000000000000e+00,8.000000000000000000e+00,9.000000000000000000e+00,1.500000000000000000e+01,1.900000000000000000e+01,3.800000000000000000e+01,3.900000000000000000e+01,9.400000000000000000e+02,9.410000000000000000e+02,9.420000000000000000e+02,9.430000000000000000e+02,0.000000000000000000e+00,1.000000000000000000e+00,1.420000000000000000e+02,2.120000000000000000e+02,2.250000000000000000e+02,2.570000000000000000e+02,3.920000000000000000e+02,5.020000000000000000e+02,6.170000000000000000e+02,6.360000000000000000e+02,6.550000000000000000e+02,6.740000000000000000e+02,8.410000000000000000e+02,0.000000000000000000e+00,0.000000000000000000e+00
nan,nan,nan,nan,nan,nan,nan,nan,nan,nan,nan,nan,nan,nan,nan,nan,nan,nan,nan,nan,nan,nan,nan,nan,0.000000000000000000e+00,0.000000000000000000e+00
-2.095380171677059151e-05,-1.456575327427699449e+03,-5.489089519338786083e+00,-8.590013836277707315e-03,-1.348331261827050154e-02,-6.601691401022717898e+00,-5.673683854553082995e+00,-4.948205074993935426e+01,-3.298803383329290284e+01,0.000000000000000000e+00,0.000000000000000000e+00,2.825839910010285166e+03,8.032948170951477778e+02,6.593636492492522012e-07,8.009131810225271215e-05,2.002287061302275743e-05,5.004657404687068851e-07,3.456105711655110254e-05,1.013597750765103087e-10,7.370411621727247813e-13,2.481403454314579680e-07,2.499399451995810322e-08,6.060380902327927720e-11,7.802129542820478012e-15,0.000000000000000000e+00,0.000000000000000000e+00
-2.041559925641196261e-05,-1.511565779798937911e+03,-5.338293108122095454e+00,-1.391236021653381033e-02,-2.131158306608035499e-02,-6.601691401022717898e+00,-5.673683854553082995e+00,-4.929718890991421176e+01,-3.286479260660948398e+01,0.000000000000000000e+00,0.000000000000000000e+00,1.801131870028435969e+03,5.120034899972333733e+02,4.198142736179483425e-06,1.268026790082240739e-04,3.170118792202625447e-05,2.440608176364163170e-06,5.700582190268084997e-05,2.540667643056842550e-09,1.570408993941505958e-11,9.977098333248210232e-07,1.022594618411214984e-07,1.512898234037429890e-09,3.383988370377731876e-13,0.000000000000000000e+00,0.000000000000000000e+00
-2.066098995147552569e-05,-1.456625788070846966e+03,-5.397159210911571137e+00,-1.682618537416274637e-02,-2.672395144447746451e-02,-6.601691401022717898e+00,-5.673683854553082995e+00,-4.903772763557468295e+01,-3.269181842371645530e+01,0.000000000000000000e+00,0.000000000000000000e+00,1.508641584002949003e+03,4.288579692681075812e+02,1.096418320784984145e-05,1.626717829216936236e-04,4.067006336222403885e-05,5.852362200387975993e-06,7.250530385307284110e-05,1.360395451624307534e-08,7.988583591766908040e-11,2.204700524038257974e-06,2.263077947227656810e-07,7.892224007246855625e-09,2.674567730194533781e-12,0.000000000000000000e+00,0.000000000000000000e+00
-2.115434074003164349e-05,-1.368445316471164915e+03,-5.522954962229122522e+00,-1.863230917012991331e-02,-3.139738799844684486e-02,-6.601691401022718786e+00,-5.673683854553082995e+00,-4.877459844165252179e+01,-3.251639896110168593e+01,0.000000000000000000e+00,0.000000000000000000e+00,1.381116934346025118e+03,3.926068392028844301e+02,1.986954010467898403e-05,1.965981865246210834e-04,4.915463917555942862e-05,1.014079124304304797e-05,8.525068185459426962e-05,3.738887791120544248e-08,2.157609504459321948e-10,3.648042510272776684e-06,3.726340750231498679e-07,2.086826161376114144e-08,9.501063789950370774e-12,0.000000000000000000e+00,0.000000000000000000e+00
-2.174965110510319432e-05,-1.264416041028160407e+03,-5.675638133713052369e+00,-2.025340037913344812e-02,-3.677405089662817012e-02,-6.601691401022717898e+00,-5.673683854553082995e+00,-4.848724092885156978e+01,-3.232482728590105125e+01,0.000000000000000000e+00,0.000000000000000000e+00,1.286902551169891922e+03,3.658247396815676780e+02,3.244153475488415568e-05,2.377014776103738235e-04,5.943571078991672095e-05,1.595273822614916179e-05,9.912112749020562312e-05,8.360895954325985505e-08,4.793414976544788981e-10,5.513234381039635312e-06,5.583899386075574095e-07,4.442770923247367400e-08,2.607300368222560014e-11,0.000000000000000000e+00,0.000000000000000000e+00
-2.254800203749507257e-05,-1.123774625970340139e+03,-5.880257358105836829e+00,-2.231484635659698734e-02,-4.527050638415371087e-02,-6.601691401022718786e+00,-5.673683854553082995e+00,-4.809493450714242613e+01,-3.206328967142827935e+01,0.000000000000000000e+00,0.000000000000000000e+00,1.181546570891524880e+03,3.358754447452940894e+02,5.570194185466441757e-05,3.053159658973634075e-04,7.635102596797332421e-05,2.621918076794732403e-05,1.195512267103564826e-04,1.961969226163862213e-07,1.124382983337682703e-09,8.621899240160971182e-06,8.605129722352102516e-07,9.673802800277031199e-08,7.528917128115867622e-11,0.000000000000000000e+00,0.000000000000000000e+00
-2.319577867667155065e-05,-1.007041248212281062e+03,-6.045699455955690027e+00,-2.407409404300859049e-02,-5.412658512534501698e-02,-6.601691401022718786e+00,-5.673683854553082995e+00,-4.775347916447266527e+01,-3.183565277631511492e+01,0.000000000000000000e+00,0.000000000000000000e+00,1.099338155588048267e+03,3.125062532702371527e+02,8.321924010161299340e-05,3.781952183655070527e-04,9.458674550980523444e-05,3.783512092338111004e-05,1.391805110896489881e-04,3.607841890255827050e-07,2.074368197009703196e-09,1.193682165835852639e-05,1.174138148586260523e-06,1.656238305246385690e-07,1.583297869378439919e-10,0.000000000000000000e+00,0.000000000000000000e+00
-2.383119277229833033e-05,-8.889165184863982176e+02,-6.207153493821591539e+00,-2.594810291316197379e-02,-6.554523847364973621e-02,-6.601691401022717898e+00,-5.673683854553083883e+00,-4.738569628507196541e+01,-3.159046419004798523e+01,0.000000000000000000e+00,0.000000000000000000e+00,1.017296741316381258e+03,2.891845347828844410e+02,1.224574862612544304e-04,4.749076199039825282e-04,1.187901149724468252e-04,5.376070801319538791e-05,1.623490004323533450e-04,6.367496059278221332e-07,3.679950186091142830e-09,1.623984967965631356e-05,1.570554788756009459e-06,2.689613005768812104e-07,3.121525412935189294e-10,0.000000000000000000e+00,0.000000000000000000e+00
-2.443621146975694244e-05,-7.713782519314369210e+02,-6.359733007046775022e+00,-2.792406787107673885e-02,-8.046351725094451346e-02,-6.601691401022718786e+00,-5.673683854553082995e+00,-4.698948620137144161e+01,-3.132632413424763484e+01,0.000000000000000000e+00,0.000000000000000000e+00,9.354028531495465586e+02,2.659047531918782283e+02,1.785971245825987246e-04,6.049124933511214417e-04,1.513313681450437925e-04,7.569456077001531359e-05,1.895613886636169526e-04,1.092836901504226080e-06,6.355805026970782896e-09,2.184555302474138630e-05,2.072121230871340004e-06,4.190675521813672442e-07,5.868866153862315591e-10,0.000000000000000000e+00,0.000000000000000000e+00
-2.499037439262354152e-05,-6.567499628040935704e+02,-6.497927892316539555e+00,-2.995186803377453133e-02,-1.001079674377390316e-01,-6.601691401022718786e+00,-5.673683854553083883e+00,-4.656341226186287940e+01,-3.104227484124192316e+01,0.000000000000000000e+00,0.000000000000000000e+00,8.544165229705126876e+02,2.428829609601529285e+02,2.587125539388366669e-04,7.809888868566466436e-04,1.954136697546471899e-04,1.058663850322613290e-04,2.210521697435560002e-04,1.834299157741879068e-06,1.074187743688646353e-08,2.914066421093704706e-05,2.704786580699226913e-06,6.289003289331512622e-07,1.059362214229775522e-09,0.000000000000000000e+00,0.000000000000000000e+00
-2.567440018970631614e-05,-4.962773887599267937e+02,-6.664350374366096119e+00,-3.289177642646835126e-02,-1.418774518146050378e-01,-6.601691401022718786e+00,-5.673683854553082995e+00,-4.586609510992660432e+01,-3.057739673995107310e+01,0.000000000000000000e+00,0.000000000000000000e+00,7.367510820590802041e+02,2.094344848095612974e+02,4.440686777606788426e-04,1.168636658473081640e-03,2.924940141398069690e-04,1.726227474684308345e-04,2.756254349507606749e-04,3.835499606565846391e-06,2.269638873858765467e-08,4.422860020297203048e-05,3.958306316315011033e-06,1.077760506649088726e-06,2.397125984251757001e-09,0.000000000000000000e+00,0.000000000000000000e+00
-2.599495830608683389e-05,-4.015603280990673625e+02,-6.738145945997958464e+00,-3.458594885290951909e-02,-1.802571999422108995e-01,-6.601691401022718786e+00,-5.673683854553082995e+00,-4.536327808384057647e+01,-3.024218538922705690e+01,0.000000000000000000e+00,0.000000000000000000e+00,6.626110503024739273e+02,1.883588736122040928e+02,6.247438248551495481e-04,1.535763570373301643e-03,3.844666014363139748e-04,2.351335646441423419e-04,3.149826378234267792e-04,6.068092664373184973e-06,3.614413441005500148e-08,5.759947665841524131e-05,5.021265886921317547e-06,1.464853503919405076e-06,3.934510424725457125e-09,0.000000000000000000e+00,0.000000000000000000e+00
-2.618195148480963812e-05,-3.201374618428849317e+02,-6.775637785792770984e+00,-3.587736342919647242e-02,-2.278694800698717882e-01,-6.601691401022718786e+00,-5.673683854553082995e+00,-4.483325350637637285e+01,-2.988883567091758664e+01,0.000000000000000000e+00,0.000000000000000000e+00,5.934707966092072411e+02,1.687045374809536327e+02,8.554211351688652308e-04,2.001065431078901963e-03,5.010742706251938112e-04,3.123890792736516014e-04,3.536057741140644084e-04,9.239373680746069403e-06,5.537084023641510312e-08,7.364307211629471980e-05,6.248661207093989723e-06,1.896375097819205103e-06,6.165427020643023159e-09,0.000000000000000000e+00,0.000000000000000000e+00
-2.622369767123701494e-05,-2.540899292381663770e+02,-6.773909904224144185e+00,-3.668151292186327267e-02,-2.830918857375022135e-01,-6.601691401022718786e+00,-5.673683854553082995e+00,-4.428003310876327703e+01,-2.952002207250885135e+01,0.000000000000000000e+00,0.000000000000000000e+00,5.304129850888825786e+02,1.507792427775268038e+02,1.127025478581073674e-03,2.550513693435146022e-03,6.388302946590571985e-04,4.002924871788423071e-04,3.882511190957286065e-04,1.338967792433465664e-05,8.070725719912102325e-08,9.172033103928585039e-05,7.571499854370426092e-06,2.334600576254087046e-06,9.190609570778548509e-09,0.000000000000000000e+00,0.000000000000000000e+00
-2.612670336717269235e-05,-2.035681234321009185e+02,-6.734960170201031993e+00,-3.701864615486800958e-02,-3.412906991927447398e-01,-6.601691401022718786e+00,-5.673683854553082995e+00,-4.370872932942096156e+01,-2.913915288628064104e+01,0.000000000000000000e+00,0.000000000000000000e+00,4.743323622974083946e+02,1.348373369858093724e+02,1.415712658017641637e-03,3.138835901508931717e-03,7.864191455575488768e-04,4.902339786575617489e-04,4.161288797561926299e-04,1.830100453666124149e-05,1.109389162256148733e-07,1.104712580860006433e-04,8.869702020524368547e-06,2.740136148935019845e-06,1.299558939223233483e-08,0.000000000000000000e+00,0.000000000000000000e+00
-2.591269240915466227e-05,-1.667825194148563526e+02,-6.664838418823691768e+00,-3.702413622108381708e-02,-3.961618477599326282e-01,-6.601691401022718786e+00,-5.673683854553082995e+00,-4.312341693935435671e+01,-2.874894462623624491e+01,0.000000000000000000e+00,0.000000000000000000e+00,4.255187116642077854e+02,1.209611961548163492e+02,1.692442476855328393e-03,3.703714338192871589e-03,9.282428292405268521e-04,5.729159091770421501e-04,4.362544678571221991e-04,2.357053037709421576e-05,1.437292364030961358e-07,1.283008325233248297e-04,1.001425367895889284e-05,3.093884942292281366e-06,1.749953934081165701e-08,0.000000000000000000e+00,0.000000000000000000e+00
-2.561280513718318285e-05,-1.405188360343980207e+02,-6.572062539085406385e+00,-3.683744228039951413e-02,-4.425678343931930270e-01,-6.601691401022718786e+00,-5.673683854553082995e+00,-4.252735253196160414e+01,-2.835156835464106706e+01,0.000000000000000000e+00,0.000000000000000000e+00,3.837261298555192184e+02,1.090809179263790156e+02,1.935511212202814350e-03,4.195570005765699578e-03,1.051875492026527886e-03,6.425621201626619981e-04,4.491950146507658957e-04,2.878382685785907006e-05,1.766374830654646359e-07,1.440440573984315398e-04,1.092661994331866200e-05,3.393385210908731160e-06,2.257702370121551896e-08,0.000000000000000000e+00,0.000000000000000000e+00
-2.525482203389075827e-05,-1.215829833113673857e+02,-6.464190291421145318e+00,-3.655026181020919890e-02,-4.783551552403267904e-01,-6.601691401022718786e+00,-5.673683854553082995e+00,-4.192269899113681220e+01,-2.794846599409120813e+01,0.000000000000000000e+00,0.000000000000000000e+00,3.482160198613218540e+02,9.898654307811895592e+01,2.137034406826859856e-03,4.594522501238606366e-03,1.152320654243465473e-03,6.982549731438426758e-04,4.563852400500671876e-04,3.368051078804889099e-05,2.081190557902929100e-07,1.573294969426775980e-04,1.159963362293848039e-05,3.646486173643066856e-06,2.813931149380154830e-08,0.000000000000000000e+00,0.000000000000000000e+00
-2.485913636197502959e-05,-1.074448395753743455e+02,-6.346753251251242567e+00,-3.620728415231572878e-02,-5.039870082905563153e-01,-6.601691401022718786e+00,-5.673683854553082995e+00,-4.131118163486845418e+01,-2.754078775657897182e+01,0.000000000000000000e+00,0.000000000000000000e+00,3.180510906931388604e+02,9.041163012108755481e+01,2.299788417274859723e-03,4.905620755749028755e-03,1.230825984679747957e-03,7.421167183877527352e-04,4.594047427922116986e-04,3.816730395256427174e-05,2.376168216287742772e-07,1.684027639446760783e-04,1.207482958856915888e-05,3.862640809945138203e-06,3.414195067004642494e-08,0.000000000000000000e+00,0.000000000000000000e+00
-2.443872471838641600e-05,-9.641767687613931059e+01,-6.223256333672606111e+00,-3.583335308043603812e-02,-5.211535561690644469e-01,-6.601691401022717898e+00,-5.673683854553082995e+00,-4.069439276233810432e+01,-2.712959517489207428e+01,0.000000000000000000e+00,0.000000000000000000e+00,2.922885426614412836e+02,8.308817162093771458e+01,2.431291010448788457e-03,5.144832246200800423e-03,1.291377402405871665e-03,7.771451667721104720e-04,4.596618016956883937e-04,4.225800850977499826e-05,2.652089355114222727e-07,1.777529564496022052e-04,1.240700835131317802e-05,4.050674651062503915e-06,4.057228390723837674e-08,0.000000000000000000e+00,0.000000000000000000e+00
-2.400101228309633647e-05,-8.750390338007957780e+01,-6.095711086417352931e+00,-3.544371110323312618e-02,-5.314900326169097466e-01,-6.601691401022718786e+00,-5.673683854553082995e+00,-4.007363288239456978e+01,-2.671575525492971792e+01,0.000000000000000000e+00,0.000000000000000000e+00,2.701186504091676284e+02,7.678598886857348305e+01,2.538525722752335654e-03,5.327193835979719509e-03,1.337733127182319601e-03,8.058154209947608441e-04,4.581876890385650652e-04,4.599882006553447715e-05,2.911838467892067682e-07,1.858116490779693241e-04,1.263933468557764151e-05,4.218257315101965167e-06,4.746593736845624114e-08,0.000000000000000000e+00,0.000000000000000000e+00
-2.355110522567110455e-05,-8.004514711204953414e+01,-5.965465574222452716e+00,-3.504668876273930173e-02,-5.365586430162985199e-01,-6.601691401022718786e+00,-5.673683854553082995e+00,-3.945027084917784066e+01,-2.630018056611856281e+01,0.000000000000000000e+00,0.000000000000000000e+00,2.508528232564719929e+02,7.130933782263542753e+01,2.627611223678964422e-03,5.466129591624426659e-03,1.373246918517656307e-03,8.299705672024189004e-04,4.556712199863993716e-04,4.944163671317766847e-05,3.158335425511081970e-07,1.929318626440740931e-04,1.280582582494509643e-05,4.369987618497630439e-06,5.481489445856101668e-08,0.000000000000000000e+00,0.000000000000000000e+00
-2.309204403927217659e-05,-7.366700093395664339e+01,-5.833323487180399169e+00,-3.464898476489027684e-02,-5.373854184637751885e-01,-6.601691401022718786e+00,-5.673683854553082995e+00,-3.882542830783392418e+01,-2.588361887188927923e+01,0.000000000000000000e+00,0.000000000000000000e+00,2.339585839642808196e+02,6.650685243975574679e+01,2.702325085406480712e-03,5.570441174545890523e-03,1.400116939479742776e-03,8.507675733929487847e-04,4.525516719179556121e-04,5.262117808151474770e-05,3.393579387378264457e-07,1.993201665241893853e-04,1.292581394383948530e-05,4.509658097962916513e-06,6.263699388434073319e-08,0.000000000000000000e+00,0.000000000000000000e+00
-2.262607966236169176e-05,-6.810915222633340704e+01,-5.699870549837263489e+00,-3.425342358641293022e-02,-5.348042949388545075e-01,-6.601691401022718786e+00,-5.673683854553082995e+00,-3.820014303026756863e+01,-2.546676202017838619e+01,0.000000000000000000e+00,0.000000000000000000e+00,2.190160706487876610e+02,6.225917957683437720e+01,2.765504117867351955e-03,5.646779453799794825e-03,1.420003640020016996e-03,8.689952343900425417e-04,4.490990995037707871e-04,5.556685912000707846e-05,3.619200283407853329e-07,2.051272643356452402e-04,1.301293281677123958e-05,4.639790716122029305e-06,7.094574089049655232e-08,0.000000000000000000e+00,0.000000000000000000e+00
-2.215491807070577322e-05,-6.319392319082965770e+01,-5.565539909648778760e+00,-3.386217373437860889e-02,-5.294652471617542489e-01,-6.601691401022718786e+00,-5.673683854553082995e+00,-3.757535924150261053e+01,-2.505023949433507369e+01,0.000000000000000000e+00,0.000000000000000000e+00,2.056907514699090314e+02,5.847122266016218362e+01,2.819168430066831908e-03,5.700350478943828035e-03,1.434205313165418539e-03,8.851745061505239109e-04,4.454907236888237029e-04,5.830017141097517026e-05,3.836248375095200831e-07,2.104536337019282115e-04,1.307615666198474914e-05,4.762089242870374897e-06,7.974314202805951523e-08,0.000000000000000000e+00,0.000000000000000000e+00
-2.167988365145917469e-05,-5.879618181900839602e+01,-5.430668510288838569e+00,-3.347602537564624281e-02,-5.218678312407527553e-01,-6.601691401022718786e+00,-5.673683854553082995e+00,-3.695195282043055585e+01,-2.463463521362037412e+01,0.000000000000000000e+00,0.000000000000000000e+00,1.937224997599249718e+02,5.506903609811970313e+01,2.864740301599723662e-03,5.734902952159060853e-03,1.443656504466524952e-03,8.996686508251413444e-04,4.418397616929838827e-04,6.083801166245611904e-05,4.045576344167927371e-07,2.153695176968595064e-04,1.312141556025248778e-05,4.877953631900899760e-06,8.904604576082155656e-08,0.000000000000000000e+00,0.000000000000000000e+00
-2.120208479142063766e-05,-5.482291217971442165e+01,-5.295534181428086740e+00,-3.309534600644143537e-02,-5.124239047497828325e-01,-6.601691401022718786e+00,-5.673683854553082995e+00,-3.633074587810828859e+01,-2.422049725207219240e+01,0.000000000000000000e+00,0.000000000000000000e+00,1.829024838492196068e+02,5.199325580668590874e+01,2.903332688201022867e-03,5.753466981671745244e-03,1.449112172535164554e-03,9.127344315172001253e-04,4.382226619226899924e-04,6.319485865261787144e-05,4.247879698758540094e-07,2.199287078679681116e-04,1.315301946031826244e-05,4.988399112069832489e-06,9.887114611184909855e-08,0.000000000000000000e+00,0.000000000000000000e+00
-2.072247571338754182e-05,-5.120220905154300084e+01,-5.160369472514806155e+00,-3.272034015969196158e-02,-5.014748498147488798e-01,-6.601691401022718786e+00,-5.673683854553082995e+00,-3.571247026248751411e+01,-2.380831350832501059e+01,0.000000000000000000e+00,0.000000000000000000e+00,1.730596809426918412e+02,4.919526554103282479e+01,2.935752590677199667e-03,5.758414387861517970e-03,1.451161864925646803e-03,9.245312856123247269e-04,4.346838772755411097e-04,6.538068919961477835e-05,4.443483818449843272e-07,2.241665556918397736e-04,1.317380693918523494e-05,5.094095728495431929e-06,1.092235032747341930e-07,0.000000000000000000e+00,0.000000000000000000e+00
-2.024186142200472998e-05,-4.788016148407923112e+01,-5.025364229110435232e+00,-3.235153700945912064e-02,-4.893015395597200556e-01,-6.601691401022717898e+00,-5.673683854553082995e+00,-3.509775594686626476e+01,-2.339850396457751458e+01,0.000000000000000000e+00,0.000000000000000000e+00,1.640530649561868586e+02,4.663497615029396570e+01,2.962629638302058388e-03,5.751592273451020323e-03,1.450263588724388063e-03,9.351712495082101489e-04,4.312533502090603048e-04,6.740344541426491099e-05,4.632526069792190024e-07,2.281075269513614689e-04,1.318563362879080693e-05,5.195504443437171259e-06,1.200983732936462034e-07,0.000000000000000000e+00,0.000000000000000000e+00
-1.976106318267228248e-05,-4.481538208682890456e+01,-4.890747029207501484e+00,-3.198655707181577434e-02,-4.761058948826087378e-01,-6.601691401022717898e+00,-5.673683854553082995e+00,-3.448753602736449153e+01,-2.299169068490966694e+01,0.000000000000000000e+00,0.000000000000000000e+00,1.557858239266711280e+02,4.428486712707538686e+01,2.984312574705366011e-03,5.734609354421571839e-03,1.446819757668012761e-03,9.447867612785599157e-04,4.279630441179509462e-04,6.927103120395797762e-05,4.815780223606800489e-07,2.317786448125900168e-04,1.319013893115566011e-05,5.293558809260173365e-06,1.315952550139405278e-07,0.000000000000000000e+00,0.000000000000000000e+00
-1.928068799954662772e-05,-4.197465631565114563e+01,-4.756643423832239037e+00,-3.162766850278046771e-02,-4.621325217578267086e-01,-6.601691401022717898e+00,-5.673683854553082995e+00,-3.388224971041586286e+01,-2.258816647361057761e+01,0.000000000000000000e+00,0.000000000000000000e+00,1.481525740464009573e+02,4.211498126599317260e+01,3.001462081676209946e-03,5.708830380956253329e-03,1.441167030603866372e-03,9.534293109120023021e-04,4.248446621022074926e-04,7.099290037523450726e-05,4.993302933034536984e-07,2.352039321246232465e-04,1.318880380799814001e-05,5.388669791263066378e-06,1.436881461853864578e-07,0.000000000000000000e+00,0.000000000000000000e+00
-1.880130883306384008e-05,-3.932905685067233037e+01,-4.623182316720910734e+00,-3.127467823781749506e-02,-4.475382983660057268e-01,-6.601691401022717898e+00,-5.673683854553082995e+00,-3.328232743868874621e+01,-2.218821829245916533e+01,0.000000000000000000e+00,0.000000000000000000e+00,1.410720478048428674e+02,4.010221684434229417e+01,3.014252714561875199e-03,5.675059882154631120e-03,1.433502219828408641e-03,9.610840764117966652e-04,4.218856294694367428e-04,7.256979389123800284e-05,5.164727404165746731e-07,2.383825306377291057e-04,1.318168485990906007e-05,5.480637937029037521e-06,1.563614121590306397e-07,0.000000000000000000e+00,0.000000000000000000e+00
-1.832350446054236331e-05,-3.685638115772792389e+01,-4.490506991590756058e+00,-3.092700438590161374e-02,-4.324590930088140772e-01,-6.601691401022718786e+00,-5.673683854553082995e+00,-3.268832649452264860e+01,-2.179221766301510499e+01,0.000000000000000000e+00,0.000000000000000000e+00,1.344818584597711606e+02,3.822883933069805806e+01,3.022872044160334476e-03,5.634245246656822970e-03,1.424059773388257604e-03,9.678061106153853241e-04,4.191000555507078552e-04,7.400503340723549480e-05,5.330137246744285327e-07,2.413242750829071455e-04,1.316921398166905931e-05,5.569940211864908826e-06,1.696588888583300521e-07,0.000000000000000000e+00,0.000000000000000000e+00
-1.784751754483917917e-05,-3.453981883477437975e+01,-4.358643957262652080e+00,-3.058659125846742086e-02,-4.170419129968216398e-01,-6.601691401022717898e+00,-5.673683854553082995e+00,-3.210022343307679904e+01,-2.140014895538453388e+01,0.000000000000000000e+00,0.000000000000000000e+00,1.283157069608492407e+02,3.647600205107683990e+01,3.027678309150153187e-03,5.586782257983876655e-03,1.412933555905133238e-03,9.735469128868571914e-04,4.164972161480274757e-04,7.530310131910709643e-05,5.489066908806431816e-07,2.440364638681206109e-04,1.315157286415769999e-05,5.656585918581542467e-06,1.835098052171520508e-07,0.000000000000000000e+00,0.000000000000000000e+00
-1.737401707633321992e-05,-3.235968873949509828e+01,-4.227777661002744658e+00,-3.025054578020254167e-02,-4.013544273060054568e-01,-6.601691401022718786e+00,-5.673683854553082995e+00,-3.151874713997615984e+01,-2.101249809331743990e+01,0.000000000000000000e+00,0.000000000000000000e+00,1.225377086501925135e+02,3.483350415878889095e+01,3.028487011965897736e-03,5.533605074817992547e-03,1.400355650868964890e-03,9.783440520873265545e-04,4.140638965195122699e-04,7.646058608031821137e-05,5.641467924478199026e-07,2.465107445086298457e-04,1.312841835027275247e-05,5.740533031689566554e-06,1.980061048919309475e-07,0.000000000000000000e+00,0.000000000000000000e+00
-1.690368180615549990e-05,-3.030493522445630816e+01,-4.098095360583816849e+00,-2.991800447184000608e-02,-3.855017953159614041e-01,-6.601691401022717898e+00,-5.673683854553082995e+00,-3.094473776375101792e+01,-2.062982517583400721e+01,0.000000000000000000e+00,0.000000000000000000e+00,1.171165987498150116e+02,3.329245808945916707e+01,3.025496705213447015e-03,5.475632725931681329e-03,1.386555550822595904e-03,9.822707456881671784e-04,4.118544448911973048e-04,7.748363588969473100e-05,5.788073708509212734e-07,2.487688555861393316e-04,1.310073493727848303e-05,5.822770078808062290e-06,2.132872951653089426e-07,0.000000000000000000e+00,0.000000000000000000e+00
-1.643627715670963426e-05,-2.837424965432414226e+01,-3.969482203632942241e+00,-2.959395572999740098e-02,-3.696608825388597031e-01,-6.601691401022717898e+00,-5.673683854553082995e+00,-3.037757282159870797e+01,-2.025171521439914102e+01,0.000000000000000000e+00,0.000000000000000000e+00,1.119988314116126844e+02,3.183764249169169602e+01,3.019702811268332003e-03,5.412770672097901546e-03,1.371506465675330529e-03,9.853750387531904666e-04,4.099390997462798729e-04,7.839277294607207409e-05,5.929215543545581620e-07,2.508664351583769227e-04,1.307052032450913465e-05,5.904726849091584451e-06,2.292520314665153604e-07,0.000000000000000000e+00,0.000000000000000000e+00
-1.597290693763373656e-05,-2.654537823140262276e+01,-3.842259735110319596e+00,-2.927232436579519509e-02,-3.538001307306386511e-01,-6.601691401022718786e+00,-5.673683854553083883e+00,-2.981852346626895311e+01,-1.987901564417930800e+01,0.000000000000000000e+00,0.000000000000000000e+00,1.071736298201765720e+02,3.046599386569937451e+01,3.010189706954104552e-03,5.346572855778376938e-03,1.355594611021290535e-03,9.876174276301189110e-04,4.082528975331633039e-04,7.916768572476465943e-05,6.064243685988837557e-07,2.527447684750026044e-04,1.303561858863754926e-05,5.984977503010347040e-06,2.460875543678708260e-07,0.000000000000000000e+00,0.000000000000000000e+00
-1.551312302484986145e-05,-2.482510780731896460e+01,-3.716259129504485337e+00,-2.895891918349182553e-02,-3.381220760158726857e-01,-6.601691401022718786e+00,-5.673683854553082995e+00,-2.926678642107911799e+01,-1.951119094738607629e+01,0.000000000000000000e+00,0.000000000000000000e+00,1.025970058268774494e+02,2.916500780467473675e+01,2.998399912284442984e-03,5.276363846605830639e-03,1.338651400576404459e-03,9.891478642362712057e-04,4.069474550026371353e-04,7.984217230545135929e-05,6.194522468505458570e-07,2.545096199008280288e-04,1.299982735059343799e-05,6.066520793516347685e-06,2.637320685580831460e-07,0.000000000000000000e+00,0.000000000000000000e+00
-1.505768625259641745e-05,-2.319677757763998471e+01,-3.591691735134295627e+00,-2.864979690317327743e-02,-3.226018997980936165e-01,-6.601691401022718786e+00,-5.673683854553082995e+00,-2.872307187786251603e+01,-1.914871458524167736e+01,0.000000000000000000e+00,0.000000000000000000e+00,9.825597834327007263e+01,2.793099420535633115e+01,2.983661750248090948e-03,5.203574458081778979e-03,1.321031469859131275e-03,9.899162600193894563e-04,4.059499263990490108e-04,8.040003940870451963e-05,6.319240751060431469e-07,2.561092568592055873e-04,1.296124153928338473e-05,6.148009003856724688e-06,2.822996236614398648e-07,0.000000000000000000e+00,0.000000000000000000e+00
-1.460686331135969367e-05,-2.165794636085408698e+01,-3.468617949770457010e+00,-2.834555679971185668e-02,-3.073305411835072221e-01,-6.601691401022718786e+00,-5.673683854553082995e+00,-2.818753701819361623e+01,-1.879169134546241438e+01,0.000000000000000000e+00,0.000000000000000000e+00,9.413027957619301844e+01,2.675819159019446403e+01,2.966436957286943104e-03,5.128754248687704236e-03,1.302872613374599000e-03,9.900313072812483468e-04,4.053741129566259442e-04,8.085355727087676270e-05,6.439258950297944977e-07,2.575901043193538063e-04,1.292154888074815471e-05,6.231086538806530818e-06,3.019021325786882788e-07,0.000000000000000000e+00,0.000000000000000000e+00
-1.416095048935872851e-05,-2.020493925989638839e+01,-3.347107681327279316e+00,-2.804614839259047393e-02,-2.923756928420779833e-01,-6.601691401022718786e+00,-5.673683854553082995e+00,-2.766033861161116292e+01,-1.844022574107410861e+01,0.000000000000000000e+00,0.000000000000000000e+00,9.020268009603140058e+01,2.564170219004725482e+01,2.947104558470402605e-03,5.052181512266406584e-03,1.284245144133644087e-03,9.895914304899092965e-04,4.052615975669034793e-04,8.121318013822582493e-05,6.555397818368157235e-07,2.589907725815331573e-04,1.288222747002832732e-05,6.316992631663851792e-06,3.226612048652482638e-07,0.000000000000000000e+00,0.000000000000000000e+00
-1.372028311906916111e-05,-1.883375394582090223e+01,-3.227243050786593237e+00,-2.775118268977216224e-02,-2.777921175527809927e-01,-6.601691401022718786e+00,-5.673683854553082995e+00,-2.714165820722993416e+01,-1.809443880481995848e+01,0.000000000000000000e+00,0.000000000000000000e+00,8.645864982770601159e+01,2.457739557489218996e+01,2.925976359312838001e-03,4.974264569814684962e-03,1.265252071233106132e-03,9.886966245569608989e-04,4.056643481771444754e-04,8.148792187126640434e-05,6.668485624637037307e-07,2.603475368313162906e-04,1.284465028518751022e-05,6.406927366822306334e-06,3.447227466717434899e-07,0.000000000000000000e+00,0.000000000000000000e+00
-1.328513988268987754e-05,-1.754075458180680513e+01,-3.109088976929510473e+00,-2.746034421605112255e-02,-2.636271020120148356e-01,-6.601691401022717898e+00,-5.673683854553082995e+00,-2.663155777514086253e+01,-1.775437185009391428e+01,0.000000000000000000e+00,0.000000000000000000e+00,8.288444973060646248e+01,2.356136618020132190e+01,2.903370914363940201e-03,4.896222134743861455e-03,1.246199261975083255e-03,9.874657637367822375e-04,4.066696026246063226e-04,8.168695890161741479e-05,6.779342415383746855e-07,2.616924017840427234e-04,1.281016400855722789e-05,6.501957932873152093e-06,3.682259629518385828e-07,0.000000000000000000e+00,0.000000000000000000e+00
-1.285582739187043367e-05,-1.632258032720924490e+01,-2.992719682350674315e+00,-2.717314309248004822e-02,-2.499176352095950904e-01,-6.601691401022718786e+00,-5.673683854553082995e+00,-2.613012971908605309e+01,-1.742008647939070443e+01,0.000000000000000000e+00,0.000000000000000000e+00,7.946847547326339622e+01,2.259031527015733332e+01,2.879569365827155253e-03,4.818330994748737384e-03,1.227157356307032477e-03,9.859979311542417784e-04,4.083309107745773810e-04,8.181876336125633547e-05,6.888864415754754849e-07,2.630635418271054385e-04,1.278013678605704944e-05,6.603402181136152427e-06,3.933452531222542743e-07,0.000000000000000000e+00,0.000000000000000000e+00
-1.243263561754121436e-05,-1.517686184702771435e+01,-2.878205066798212641e+00,-2.688924745748902390e-02,-2.367081197766414957e-01,-6.601691401022718786e+00,-5.673683854553083883e+00,-2.563744490867297543e+01,-1.709162993911531458e+01,0.000000000000000000e+00,0.000000000000000000e+00,7.620031166153025026e+01,2.166128208533915256e+01,2.855026033182628178e-03,4.740592185687160162e-03,1.208129647143727338e-03,9.844457605696769250e-04,4.107127216594052828e-04,8.189697007317929967e-05,6.998473193403851388e-07,2.645204743781042573e-04,1.275672692970538102e-05,6.713187959238029384e-06,4.203036415710292706e-07,0.000000000000000000e+00,0.000000000000000000e+00
-1.201588266007821736e-05,-1.409839602196156427e+01,-2.765621546846131817e+00,-2.660772697163524617e-02,-2.240006249298697183e-01,-6.601691401022717898e+00,-5.673683854553082995e+00,-2.515349263228369736e+01,-1.676899508818913276e+01,0.000000000000000000e+00,0.000000000000000000e+00,7.307068503233419676e+01,2.077163053722049568e+01,2.829756164850504886e-03,4.664969552413792374e-03,1.189607352220134430e-03,9.828849813092364017e-04,4.139085440352972757e-04,8.192267202366072451e-05,7.108567313003207204e-07,2.660660500608940391e-04,1.274023583773755636e-05,6.831630059777150014e-06,4.492602056255123281e-07,0.000000000000000000e+00,0.000000000000000000e+00
-1.160588831485505762e-05,-1.308682282309363565e+01,-2.655049451899896162e+00,-2.632843056204141330e-02,-2.118373703892808824e-01,-6.601691401022717898e+00,-5.673683854553082995e+00,-2.467840033739707550e+01,-1.645226689159805034e+01,0.000000000000000000e+00,0.000000000000000000e+00,7.007198076829894262e+01,1.991919597970450795e+01,2.804326003011364376e-03,4.589259321766932589e-03,1.171044086480115161e-03,9.814602195557058355e-04,4.179236815304207520e-04,8.191326774796109074e-05,7.221203188570883392e-07,2.677924086554290357e-04,1.273359769422616525e-05,6.961643653607963228e-06,4.805402246379022122e-07,0.000000000000000000e+00,0.000000000000000000e+00
-1.120305100529678889e-05,-1.213711741812907086e+01,-2.546588125490911292e+00,-2.605045526451307131e-02,-2.002064048427003862e-01,-6.601691401022718786e+00,-5.673683854553082995e+00,-2.421219546487432339e+01,-1.614146364324954774e+01,0.000000000000000000e+00,0.000000000000000000e+00,6.719758085923365343e+01,1.910209712671161952e+01,2.778666078167811582e-03,4.515872063486705244e-03,1.153042578036357233e-03,9.802510183441253896e-04,4.228672395990466055e-04,8.186763323054821830e-05,7.336876833688401395e-07,2.696934485366008134e-04,1.273689372259144485e-05,7.103385088845656252e-06,5.143549403809162450e-07,0.000000000000000000e+00,0.000000000000000000e+00
-1.080767223874614473e-05,-1.124810730564476735e+01,-2.440311179887046933e+00,-2.577357601526688788e-02,-1.891331804660235927e-01,-6.601691401022717898e+00,-5.673683854553082995e+00,-2.375489397773142031e+01,-1.583659598515428080e+01,0.000000000000000000e+00,0.000000000000000000e+00,6.444101151902027880e+01,1.831849369039780129e+01,2.753254069457936049e-03,4.443721092096601481e-03,1.135335533346062530e-03,9.794145691172160932e-04,4.287943856054000696e-04,8.180079655870659146e-05,7.457633045040670801e-07,2.718502576971523212e-04,1.275278381105970136e-05,7.259565952034459916e-06,5.510643959834638233e-07,0.000000000000000000e+00,0.000000000000000000e+00
-1.042023102904018959e-05,-1.041537803050510469e+01,-2.336341349547079727e+00,-2.549696775000762430e-02,-1.785962525551044733e-01,-6.601691401022718786e+00,-5.673683854553082995e+00,-2.330659669783267773e+01,-1.553773113188845123e+01,0.000000000000000000e+00,0.000000000000000000e+00,6.179794319973861150e+01,1.756715492043201721e+01,2.727949766868484859e-03,4.373426381920125436e-03,1.118077647984187881e-03,9.789773573031276387e-04,4.357300951105738803e-04,8.170966222956621420e-05,7.584190836454201468e-07,2.742629976001114030e-04,1.278128052614419276e-05,7.430494820184702841e-06,5.909543045264276712e-07,0.000000000000000000e+00,0.000000000000000000e+00
-1.004092337468098586e-05,-9.637277818950131802e+00,-2.234720028500607913e+00,-2.522054721127747409e-02,-1.686052784755302236e-01,-6.601691401022717898e+00,-5.673683854553082995e+00,-2.286709439351887596e+01,-1.524472959567925479e+01,0.000000000000000000e+00,0.000000000000000000e+00,5.926190648026395991e+01,1.684624176979654919e+01,2.703118088757045130e-03,4.306008354507441689e-03,1.101527675570865891e-03,9.791248507216140842e-04,4.438285470961778295e-04,8.160584620115085986e-05,7.718298272777948886e-07,2.769907739248795480e-04,1.282443990658822892e-05,7.618612365092482507e-06,6.343784462450992215e-07,0.000000000000000000e+00,0.000000000000000000e+00
-9.670198229949736966e-06,-8.910777788646100817e+00,-2.135561846687704879e+00,-2.494384416560819356e-02,-1.591464243369737630e-01,-6.601691401022717898e+00,-5.673683854553082995e+00,-2.243646288489234308e+01,-1.495764192326156028e+01,0.000000000000000000e+00,0.000000000000000000e+00,5.682958767805094169e+01,1.615481226580399010e+01,2.678781346676890190e-03,4.240162426140180012e-03,1.085360557770966624e-03,9.798839051704697975e-04,4.530552142265966992e-04,8.149106228892009820e-05,7.861410054855858468e-07,2.800660944749084583e-04,1.288314490751150192e-05,7.824996610461847072e-06,6.817163484486634853e-07,0.000000000000000000e+00,0.000000000000000000e+00
-9.308472747307935689e-06,-8.232584812865169965e+00,-2.038970607326670237e+00,-2.466647689915647118e-02,-1.501953754428079213e-01,-6.601691401022717898e+00,-5.673683854553082995e+00,-2.201466731843762048e+01,-1.467644487895841365e+01,0.000000000000000000e+00,0.000000000000000000e+00,5.449761435813480404e+01,1.549190773435585911e+01,2.654755582350753953e-03,4.176458132062728021e-03,1.069717714465415626e-03,9.812821640626683863e-04,4.634766475178064013e-04,8.136056247541195729e-05,8.014368258081373322e-07,2.834923497933073723e-04,1.295727808311238753e-05,8.050446686987832888e-06,7.333245516960477854e-07,0.000000000000000000e+00,0.000000000000000000e+00
-8.956294282152708525e-06,-7.599803737586261931e+00,-1.945087057378808160e+00,-2.438817087193189195e-02,-1.417348913182767955e-01,-6.601691401022718786e+00,-5.673683854553082995e+00,-2.160180428038853861e+01,-1.440120285359235908e+01,0.000000000000000000e+00,0.000000000000000000e+00,5.226420910412988974e+01,1.485702291350672333e+01,2.630903212757256665e-03,4.114817366596649519e-03,1.054578886030869576e-03,9.833522214086124185e-04,4.751347440615646890e-04,8.121089915802398715e-05,8.178565622554942688e-07,2.872837856975953572e-04,1.304719323431207152e-05,8.295997828411810499e-06,7.896545736639358689e-07,0.000000000000000000e+00,0.000000000000000000e+00
-8.613887412391814033e-06,-7.011723116761126029e+00,-1.853960360060067147e+00,-2.410908966144278964e-02,-1.337748324323162208e-01,-6.601691401022717898e+00,-5.673683854553082995e+00,-2.119766096822112544e+01,-1.413177397881408837e+01,0.000000000000000000e+00,0.000000000000000000e+00,5.012526824244096701e+01,1.424899126168484287e+01,2.607704725211704242e-03,4.054650216610720601e-03,1.039801551753120109e-03,9.862941146805586420e-04,4.881071062209926077e-04,8.105756941156547213e-05,8.356924365869064654e-07,2.915267744574710405e-04,1.315576216946855130e-05,8.564665824534680271e-06,8.512431754930612873e-07,0.000000000000000000e+00,0.000000000000000000e+00
-8.281561075425892380e-06,-6.465578427644888215e+00,-1.765662766110311033e+00,-2.382913059455112406e-02,-1.262855658047722651e-01,-6.601691401022718786e+00,-5.673683854553083883e+00,-2.080204555377686404e+01,-1.386803036918457721e+01,0.000000000000000000e+00,0.000000000000000000e+00,4.807780479662255857e+01,1.366696367817190705e+01,2.584963641272914128e-03,3.996028295143580142e-03,1.025402283827131630e-03,9.900990536171924272e-04,5.023818993761337750e-04,8.089515824486933346e-05,8.550456815965430435e-07,2.962139284581146760e-04,1.328252053372013570e-05,8.856526164098267969e-06,9.184307177473900092e-07,0.000000000000000000e+00,0.000000000000000000e+00
-7.959890134885184805e-06,-5.958245319155251352e+00,-1.680341275729696493e+00,-2.354818908908424060e-02,-1.192436552883703732e-01,-6.601691401022718786e+00,-5.673683854553082995e+00,-2.041501016289702264e+01,-1.361000677526467939e+01,0.000000000000000000e+00,0.000000000000000000e+00,4.612137018384123621e+01,1.311081264538850277e+01,2.562408875166330858e-03,3.938936667870993405e-03,1.011375030926940383e-03,9.947677133513271441e-04,5.179550140076118669e-04,8.071581867064871706e-05,8.760662609776444431e-07,3.013376466271440197e-04,1.342715799989093187e-05,9.171796039381412726e-06,9.916954198625732209e-07,0.000000000000000000e+00,0.000000000000000000e+00
-7.649296520337679691e-06,-5.488009462802067695e+00,-1.598099463741852855e+00,-2.326635667898839521e-02,-1.126335714913454800e-01,-6.601691401022717898e+00,-5.673683854553083883e+00,-2.003646398558772646e+01,-1.335764265705848608e+01,0.000000000000000000e+00,0.000000000000000000e+00,4.425459837948875474e+01,1.258014984675520864e+01,2.539896763055056895e-03,3.882701289024405224e-03,9.975499291222616853e-04,1.000324715657189027e-03,5.348326338916617679e-04,8.051560076991638303e-05,8.989352928254539321e-07,3.069142526055406339e-04,1.358983711317623722e-05,9.511531460157042126e-06,1.071546094444851912e-06,0.000000000000000000e+00,0.000000000000000000e+00
-7.350212974298129551e-06,-5.053154820467786301e+00,-1.519043462844387626e+00,-2.298384401347561626e-02,-1.064509113136560409e-01,-6.601691401022718786e+00,-5.673683854553082995e+00,-1.966630544162441652e+01,-1.311087029441628005e+01,0.000000000000000000e+00,0.000000000000000000e+00,4.247652041640400711e+01,1.207469983627252752e+01,2.517588868136268459e-03,3.827825347921370077e-03,9.840544883699924982e-04,1.006913619571263340e-03,5.530741221336709854e-04,8.030013384282958769e-05,9.239534257589638562e-07,3.129758504853501731e-04,1.377208215113843904e-05,9.876955357893167650e-06,1.158576745425421491e-06,0.000000000000000000e+00,0.000000000000000000e+00
-7.063151706778986054e-06,-4.651741909437153488e+00,-1.443301073557687886e+00,-2.270078211773063348e-02,-1.006702036901645503e-01,-6.601691401022718786e+00,-5.673683854553082995e+00,-1.930449558298959900e+01,-1.286966372199306896e+01,0.000000000000000000e+00,0.000000000000000000e+00,4.078704964432113655e+01,1.159443798207464837e+01,2.495094278723202722e-03,3.772837221841712340e-03,9.705165574542786366e-04,1.014436074626558692e-03,5.724932380298084107e-04,8.005751436636652585e-05,9.512746637272158967e-07,3.194893231309974945e-04,1.397253314611078197e-05,1.026677199664861226e-05,1.253178497800949011e-06,0.000000000000000000e+00,0.000000000000000000e+00
-6.788394167289897664e-06,-4.282138062126595202e+00,-1.370935470843553050e+00,-2.241743132274784736e-02,-9.527493975143272453e-02,-6.601691401022717898e+00,-5.673683854553082995e+00,-1.895076904092786663e+01,-1.263384602728524442e+01,0.000000000000000000e+00,0.000000000000000000e+00,3.918470124844270686e+01,1.113894219937647989e+01,2.472307088281000542e-03,3.719298928806859337e-03,9.573253060297628103e-04,1.022946085488052890e-03,5.931755237478569722e-04,7.978475923100167007e-05,9.810709244135411781e-07,3.264412257293350318e-04,1.419094809853771910e-05,1.068124109675507683e-05,1.355771236593232925e-06,0.000000000000000000e+00,0.000000000000000000e+00
-6.526403952226867436e-06,-3.942828565757894310e+00,-1.302061094816157283e+00,-2.213409014858861920e-02,-9.026736754869252310e-02,-6.601691401022718786e+00,-5.673683854553082995e+00,-1.860506919191537278e+01,-1.240337946127691637e+01,0.000000000000000000e+00,0.000000000000000000e+00,3.766970819560352624e+01,1.070827871310826929e+01,2.449499581756400812e-03,3.666024272186732286e-03,9.441868108177921010e-04,1.032590318171715650e-03,6.149890826938246916e-04,7.949116310660495207e-05,1.013761449660196705e-06,3.338645544688133250e-04,1.442923961221964323e-05,1.112034808571734279e-05,1.466973236801682802e-06,0.000000000000000000e+00,0.000000000000000000e+00
-6.277579640432425234e-06,-3.632204343686443071e+00,-1.236773610246460375e+00,-2.185100242203582427e-02,-8.561817240415107999e-02,-6.601691401022718786e+00,-5.673683854553083883e+00,-1.826725839658641348e+01,-1.217817226439094469e+01,0.000000000000000000e+00,0.000000000000000000e+00,3.624206299603985570e+01,1.030244539417262928e+01,2.426151621019383142e-03,3.612455273660955101e-03,9.309553873378300162e-04,1.043189006348468331e-03,6.376960483599621813e-04,7.916043045301341069e-05,1.049422024509862079e-06,3.416709380252836684e-04,1.468456027628204618e-05,1.158062758855407670e-05,1.586907331216394491e-06,0.000000000000000000e+00,0.000000000000000000e+00
-6.042441391118763189e-06,-3.348655818555032582e+00,-1.175201977104031181e+00,-2.156853374146865815e-02,-8.132251467676966661e-02,-6.601691401022718786e+00,-5.673683854553082995e+00,-1.793731144078880746e+01,-1.195820762719253771e+01,0.000000000000000000e+00,0.000000000000000000e+00,3.490286450491910131e+01,9.921754611524921330e+00,2.402333144645943212e-03,3.558969462227602049e-03,9.177255283714345901e-04,1.054809742362993429e-03,6.611740900423396282e-04,7.879530338961965416e-05,1.088423423725751359e-06,3.498347580054153106e-04,1.495744986982828185e-05,1.206024654658919467e-05,1.716043084176697184e-06,0.000000000000000000e+00,0.000000000000000000e+00
-5.821158306754329860e-06,-3.091005031950346815e+00,-1.117379293729213297e+00,-2.128701512465248566e-02,-7.736354176687366968e-02,-6.601691401022718786e+00,-5.673683854553082995e+00,-1.761497600415451004e+01,-1.174331733610300610e+01,0.000000000000000000e+00,0.000000000000000000e+00,3.365114539652618930e+01,9.565931385775614970e+00,2.377883734849849714e-03,3.505085573012852677e-03,9.043745230222575548e-04,1.067366039568688968e-03,6.851819359064258022e-04,7.839117063171782305e-05,1.130901674597454669e-06,3.582945091666315954e-04,1.524640661073192741e-05,1.255602341142875034e-05,1.854433826154090617e-06,0.000000000000000000e+00,0.000000000000000000e+00
-5.613937899781367662e-06,-2.857765415297635059e+00,-1.063349805675032567e+00,-2.100679249636612511e-02,-7.372708192911744951e-02,-6.601691401022718786e+00,-5.673683854553082995e+00,-1.730007165419541337e+01,-1.153338110279694106e+01,0.000000000000000000e+00,0.000000000000000000e+00,3.248652089465589654e+01,9.234866337504350042e+00,2.352791527855952868e-03,3.450837450397351795e-03,8.909100442748616290e-04,1.080794286429036244e-03,7.094496077117650422e-04,7.794821610398599025e-05,1.177051738356782956e-06,3.669734406423997230e-04,1.555037284263074707e-05,1.306347472095284699e-05,2.002050914355517824e-06,0.000000000000000000e+00,0.000000000000000000e+00
-5.420729745156603947e-06,-2.647494017775454900e+00,-1.013088594143498389e+00,-2.072816170140170944e-02,-7.039362155120933162e-02,-6.601691401022718786e+00,-5.673683854553082995e+00,-1.699229373113779928e+01,-1.132819582075853404e+01,0.000000000000000000e+00,0.000000000000000000e+00,3.140724887748165983e+01,8.928064237866390584e+00,2.326947185274537682e-03,3.395956514709161898e-03,8.772631669715425830e-04,1.094949509259577009e-03,7.336563183671537770e-04,7.746348737792825817e-05,1.226881751444520387e-06,3.757758636102848603e-04,1.586717408882759811e-05,1.357740303685253127e-05,2.158535778810111352e-06,0.000000000000000000e+00,0.000000000000000000e+00
-5.241810771515827549e-06,-2.458584300732421735e+00,-9.666599653402826453e-01,-2.045153191568213624e-02,-6.735812779661679017e-02,-6.601691401022718786e+00,-5.673683854553082995e+00,-1.669161627539207515e+01,-1.112774418359471618e+01,0.000000000000000000e+00,0.000000000000000000e+00,3.041395056405374930e+01,8.645701679329562239e+00,2.300569221983607415e-03,3.340984488667531754e-03,8.635711161817481848e-04,1.109835481768964120e-03,7.575612656196322120e-04,7.694482550104717196e-05,1.280711525746530858e-06,3.846419090758753062e-04,1.619725487821992355e-05,1.409360472278414840e-05,2.323967073961592030e-06,0.000000000000000000e+00,0.000000000000000000e+00
-5.077146789481919670e-06,-2.289712131967150732e+00,-9.240445715915825975e-01,-2.017724190147861946e-02,-6.460234789022641089e-02,-6.601691401022718786e+00,-5.673683854553082995e+00,-1.639786674413030454e+01,-1.093191116275353458e+01,0.000000000000000000e+00,0.000000000000000000e+00,2.950548828032616555e+01,8.387455257987832979e+00,2.273534262736322080e-03,3.285705810176618811e-03,8.497778942697808589e-04,1.125241049209956988e-03,7.808054185040549542e-04,7.638888233096644237e-05,1.338519634528136524e-06,3.934578286572884553e-04,1.653831639849303426e-05,1.460602903091461015e-05,2.497840422095054806e-06,0.000000000000000000e+00,0.000000000000000000e+00
-4.926577746829277373e-06,-2.139561323840767137e+00,-8.851900329608596296e-01,-1.990563750676577204e-02,-6.211190103452867567e-02,-6.601691401022717898e+00,-5.673683854553082995e+00,-1.611086944888842964e+01,-1.074057963259228643e+01,0.000000000000000000e+00,0.000000000000000000e+00,2.868016718310888891e+01,8.152843184782486929e+00,2.245966488202111398e-03,3.230252999096070929e-03,8.359175937673948842e-04,1.141020293313684941e-03,8.030852364882103481e-04,7.580056704216123133e-05,1.400333177867781155e-06,4.021311891368574507e-04,1.688934898023566365e-05,1.510900086633066902e-05,2.679654559746406661e-06,0.000000000000000000e+00,0.000000000000000000e+00
-4.790050477556536140e-06,-2.006823412420299046e+00,-8.500731004401734792e-01,-1.963715725363400499e-02,-5.988113098433030246e-02,-6.601691401022718786e+00,-5.673683854553082995e+00,-1.583060086610347739e+01,-1.055373391073565159e+01,0.000000000000000000e+00,0.000000000000000000e+00,2.793713288080952850e+01,7.941622583839522242e+00,2.218233286406571213e-03,3.175211907547902113e-03,8.221405376359837598e-04,1.157148193034781940e-03,8.241944578023206736e-04,7.519304593214968179e-05,1.466401929667744406e-06,4.106159089888860854e-04,1.725165102085373311e-05,1.559869620745941854e-05,2.869315963487656972e-06,0.000000000000000000e+00,0.000000000000000000e+00
-4.666754704147323547e-06,-1.890268120932158569e+00,-8.184692381630932490e-01,-1.937192179326361827e-02,-5.787143851490601093e-02,-6.601691401022718786e+00,-5.673683854553082995e+00,-1.555663389543327746e+01,-1.037108926362218675e+01,0.000000000000000000e+00,0.000000000000000000e+00,2.727107245197076679e+01,7.752283163562031731e+00,2.189901072888646681e-03,3.119252644015480577e-03,8.081088923016411943e-04,1.173069158406865207e-03,8.435874103685621827e-04,7.455252560601262563e-05,1.535998751502121355e-06,4.186998885333273425e-04,1.761869646853340531e-05,1.606435534183471326e-05,3.064871967799384945e-06,0.000000000000000000e+00,0.000000000000000000e+00
-4.556219583236919444e-06,-1.788193729280148192e+00,-7.902457537747854532e-01,-1.911028256868953223e-02,-5.608454064460995786e-02,-6.601691401022717898e+00,-5.673683854553082995e+00,-1.528881729881291207e+01,-1.019254486587527531e+01,0.000000000000000000e+00,0.000000000000000000e+00,2.667891534595107572e+01,7.583952065792963104e+00,2.161944796121130670e-03,3.065360232301374364e-03,7.945812435887035030e-04,1.189101014354869640e-03,8.615794346678346156e-04,7.391283778236457981e-05,1.609520810349297226e-06,4.265155334069550309e-04,1.799728328343816767e-05,1.651137777291999324e-05,3.267124136412745090e-06,0.000000000000000000e+00,0.000000000000000000e+00
-4.457873822191087491e-06,-1.699537916046743868e+00,-7.652438502830375411e-01,-1.885252798117699469e-02,-5.450601190860814016e-02,-6.601691401022717898e+00,-5.673683854553082995e+00,-1.502703776578922223e+01,-1.001802517719281660e+01,0.000000000000000000e+00,0.000000000000000000e+00,2.615708098403402460e+01,7.435611447902616966e+00,2.134482385091346444e-03,3.012465200713416568e-03,7.812916892491407646e-04,1.205080213558269676e-03,8.778944927930294132e-04,7.327897210495351230e-05,1.686821761769983384e-06,4.339812285888502725e-04,1.838656093364350778e-05,1.693394766401345669e-05,3.475265327054158975e-06,0.000000000000000000e+00,0.000000000000000000e+00
-4.370967446899621858e-06,-1.623081393838667008e+00,-7.432580163653059735e-01,-1.859888194310552190e-02,-5.311520644071811986e-02,-6.601691401022718786e+00,-5.673683854553082995e+00,-1.477111731269476458e+01,-9.847411541796510903e+00,0.000000000000000000e+00,0.000000000000000000e+00,2.570099070704656086e+01,7.305959745294246410e+00,2.107705986043124837e-03,2.960989470508134432e-03,7.683484672868848286e-04,1.220841005277595705e-03,8.924548677946191402e-04,7.265844438127772812e-05,1.767699115129221546e-06,4.410657660618946710e-04,1.878684433528511876e-05,1.732994489077838927e-05,3.688738783662774179e-06,0.000000000000000000e+00,0.000000000000000000e+00
-4.294659788961684755e-06,-1.557682019695941111e+00,-7.240595678683784397e-01,-1.834954571167414158e-02,-5.189726254805859806e-02,-6.601691401022718786e+00,-5.673683854553082995e+00,-1.452087921391387937e+01,-9.680586142609252320e+00,0.000000000000000000e+00,0.000000000000000000e+00,2.530558502084255679e+01,7.193558707552350384e+00,2.081919590080407063e-03,2.911100369014435561e-03,7.557978095511058399e-04,1.236353739054585473e-03,9.052786284524862604e-04,7.206266232170196117e-05,1.852033987632425244e-06,4.477754307032344992e-04,1.919964003890775475e-05,1.769860993400540077e-05,3.907211354409520889e-06,0.000000000000000000e+00,0.000000000000000000e+00
-4.228069145292927290e-06,-1.502166760564521475e+00,-7.074098093532913412e-01,-1.810470007914713811e-02,-5.083973932380492916e-02,-6.601691401022718786e+00,-5.673683854553082995e+00,-1.427615127369228887e+01,-9.517434182461524728e+00,0.000000000000000000e+00,0.000000000000000000e+00,2.496560209072982062e+01,7.096912565393719063e+00,2.057530462759637590e-03,2.863823373640522751e-03,7.439020931651072008e-04,1.251724441428871386e-03,9.166078629134573243e-04,7.150667847971209942e-05,1.939835936497079975e-06,4.542009991998825920e-04,1.962868786656129022e-05,1.804411227900704385e-05,4.131030448050891689e-06,0.000000000000000000e+00,0.000000000000000000e+00
-4.170274913265558025e-06,-1.455511506861445703e+00,-6.930605974446452100e-01,-1.786448668290058217e-02,-4.993093779688823758e-02,-6.601691401022717898e+00,-5.673683854553082995e+00,-1.403676445380175331e+01,-9.357842969201170646e+00,0.000000000000000000e+00,0.000000000000000000e+00,2.467557462543670965e+01,7.014467144880019767e+00,2.034885175368170238e-03,2.819479937286302126e-03,7.327470765140315029e-04,1.267073170400158030e-03,9.266351292920504620e-04,7.100357522677290946e-05,2.031132285215888403e-06,4.604162768700007804e-04,2.007729815770003124e-05,1.836932047765337336e-05,4.360480187003101229e-06,0.000000000000000000e+00,0.000000000000000000e+00
-4.120823746324823536e-06,-1.417121959885290439e+00,-6.808855138918755712e-01,-1.762950121532290415e-02,-4.918178394486209110e-02,-6.601691401022717898e+00,-5.673683854553082995e+00,-1.380300277630891159e+01,-9.202001850872608912e+00,0.000000000000000000e+00,0.000000000000000000e+00,2.443270750942371095e+01,6.945427885138166779e+00,2.014957623883150816e-03,2.779485964199109819e-03,7.226995483618619273e-04,1.282969235842575844e-03,9.358483508747043747e-04,7.058861804327542112e-05,2.127074750214329432e-06,4.666535919015723849e-04,2.055713588701176648e-05,1.868360951482902728e-05,4.598051586067573323e-06,0.000000000000000000e+00,0.000000000000000000e+00
-4.078231601965081330e-06,-1.385809332017214901e+00,-6.704911324053662858e-01,-1.739930615857773755e-02,-4.854272154335174255e-02,-6.601691401022718786e+00,-5.673683854553082995e+00,-1.357424087841751437e+01,-9.049493918945010762e+00,0.000000000000000000e+00,0.000000000000000000e+00,2.422829635338921861e+01,6.887320410041201768e+00,1.996823864413832614e-03,2.742145397435293095e-03,7.133252059940328174e-04,1.298741070732325337e-03,9.439355691597971134e-04,7.023068585716062606e-05,2.226159649345408198e-06,4.727196239728386471e-04,2.105835697850518088e-05,1.897944618093761395e-05,4.841070656833302095e-06,0.000000000000000000e+00,0.000000000000000000e+00
-4.041625758957834205e-06,-1.360672111921580330e+00,-6.616443122683464129e-01,-1.717398448037040296e-02,-4.801342854256283876e-02,-6.601691401022718786e+00,-5.673683854553082995e+00,-1.335033437725463301e+01,-8.900222918169752973e+00,0.000000000000000000e+00,0.000000000000000000e+00,2.405717991538518064e+01,6.838677545566997473e+00,1.981088545824623119e-03,2.708464082544576046e-03,7.048846450905764654e-04,1.314852314669651698e-03,9.513666365508125335e-04,6.995199159966455677e-05,2.328906125304667944e-06,4.788139395616791347e-04,2.158859445444051374e-05,1.926588826145402420e-05,5.091195065535588938e-06,0.000000000000000000e+00,0.000000000000000000e+00
-4.010235375839270155e-06,-1.341055780083006077e+00,-6.541389463500033585e-01,-1.695364076835754671e-02,-4.758840648750372465e-02,-6.601691401022717898e+00,-5.673683854553082995e+00,-1.313120664266744697e+01,-8.754137761778297389e+00,0.000000000000000000e+00,0.000000000000000000e+00,2.391477412050927853e+01,6.798196187602274954e+00,1.968003202774303712e-03,2.678707573824939611e-03,6.974485862162021349e-04,1.331564450427768142e-03,9.584387141635631810e-04,6.976266117029890346e-05,2.435680876243954288e-06,4.850570666564494584e-04,2.215268986876490440e-05,1.954849860548550915e-05,5.349634485675769705e-06,0.000000000000000000e+00,0.000000000000000000e+00
-3.983285596667677421e-06,-1.326304967573163074e+00,-6.477687982051194560e-01,-1.673828334577807941e-02,-4.725738111767929794e-02,-6.601691401022718786e+00,-5.673683854553082995e+00,-1.291672950816273335e+01,-8.611153005441822827e+00,0.000000000000000000e+00,0.000000000000000000e+00,2.379648441825777283e+01,6.764570254159350426e+00,1.957631351280142169e-03,2.652929188572294116e-03,6.910322563353771394e-04,1.349015535068877293e-03,9.653513976181085036e-04,6.966611563136691516e-05,2.546615360204840227e-06,4.915253874566576130e-04,2.275361876944841325e-05,1.983110787691870882e-05,5.617241891835271686e-06,0.000000000000000000e+00,0.000000000000000000e+00
-3.959980193585029384e-06,-1.315727858235178793e+00,-6.423235509800842014e-01,-1.652776913080765755e-02,-4.700785689337007994e-02,-6.601691401022718786e+00,-5.673683854553082995e+00,-1.270666457722373366e+01,-8.471109718149156365e+00,0.000000000000000000e+00,0.000000000000000000e+00,2.369763804544928121e+01,6.736471429917949116e+00,1.949906088507327067e-03,2.630949149494632867e-03,6.855908666168221682e-04,1.367262590489530917e-03,9.722402954767678110e-04,6.966110778161499560e-05,2.661687767013190903e-06,4.982588318273312037e-04,2.339219939172795733e-05,2.011608924752362565e-05,5.894317368456177161e-06,0.000000000000000000e+00,0.000000000000000000e+00
-3.939737156018378338e-06,-1.308870566991056306e+00,-6.376484605309000742e-01,-1.632213784630618877e-02,-4.683524495433535884e-02,-6.601691401022718786e+00,-5.673683854553082995e+00,-1.250095472654278694e+01,-8.333969817695191296e+00,0.000000000000000000e+00,0.000000000000000000e+00,2.361476264841127914e+01,6.712912637125230120e+00,1.944907434529999715e-03,2.612841170854044749e-03,6.811447446606555762e-04,1.386513029568057880e-03,9.793202107435056494e-04,6.975170546005410581e-05,2.781251461638310429e-06,5.053484166132262041e-04,2.407225083214348002e-05,2.040786547848546530e-05,6.182125669434385080e-06,0.000000000000000000e+00,0.000000000000000000e+00
-3.921836829741203760e-06,-1.305048003157663228e+00,-6.335556600815628325e-01,-1.612104982802989653e-02,-4.672632649537730720e-02,-6.601691401022717898e+00,-5.673683854553082995e+00,-1.229924350791256771e+01,-8.199495671941711805e+00,0.000000000000000000e+00,0.000000000000000000e+00,2.354371030806211706e+01,6.692714756649843721e+00,1.942464135262409429e-03,2.598325143617599003e-03,6.776229804678550288e-04,1.406785209580812797e-03,9.866756473436741164e-04,6.993275560726316747e-05,2.905133154028431218e-06,5.128144068212621160e-04,2.479346976377375653e-05,2.070807155048129462e-05,6.480832064797906850e-06,0.000000000000000000e+00,0.000000000000000000e+00
-3.905860900037854106e-06,-1.303937546237989187e+00,-6.299343499283904801e-01,-1.592451981853949469e-02,-4.667852441676812597e-02,-6.601691401022718786e+00,-5.673683854553082995e+00,-1.210149174132999050e+01,-8.067661160886659744e+00,0.000000000000000000e+00,0.000000000000000000e+00,2.348198631514488710e+01,6.675168623401040335e+00,1.942559984749693850e-03,2.587340335386682007e-03,6.750106289272852274e-04,1.428236894574317663e-03,9.944649180985880646e-04,7.020480412990824377e-05,3.033642375086999321e-06,5.207224200288738166e-04,2.555851839903880565e-05,2.102007491003363946e-05,6.791492318204822294e-06,0.000000000000000000e+00,0.000000000000000000e+00
-3.891376313495814621e-06,-1.305156724985124139e+00,-6.266710233164561883e-01,-1.573242071456863733e-02,-4.668419615120624616e-02,-6.601691401022718786e+00,-5.673683854553082995e+00,-1.190756347800488513e+01,-7.938375652003255567e+00,0.000000000000000000e+00,0.000000000000000000e+00,2.342705705934761440e+01,6.659554013977292186e+00,1.945081629489423675e-03,2.579664394540457338e-03,6.732512502181257691e-04,1.450899848405227000e-03,1.002736694338679600e-03,7.056467779326506022e-05,3.166822872961450442e-06,5.290895595324487510e-04,2.636822376542364939e-05,2.134497274358912295e-05,7.114645240583731303e-06,0.000000000000000000e+00,0.000000000000000000e+00
-3.878030077706510730e-06,-1.308386864418244810e+00,-6.236731728332913782e-01,-1.554467266139120292e-02,-4.673840681676566522e-02,-6.601691401022717898e+00,-5.673683854553083883e+00,-1.171736216158739907e+01,-7.811574774391600862e+00,0.000000000000000000e+00,0.000000000000000000e+00,2.337685115323012752e+01,6.645282099977893431e+00,1.949944243465135101e-03,2.575174750078005736e-03,6.723134579472415549e-04,1.474841209339070990e-03,1.011569512623430173e-03,7.101034707411919996e-05,3.304888533575229519e-06,5.379481839010072765e-04,2.722387328598586324e-05,2.168464971152425357e-05,7.450992843177677741e-06,0.000000000000000000e+00,0.000000000000000000e+00
-3.865563318734053170e-06,-1.313414353178653293e+00,-6.208725477835498330e-01,-1.536126784499736338e-02,-4.683559242884328261e-02,-6.601691401022718786e+00,-5.673683854553082995e+00,-1.153087095627644487e+01,-7.687247304184298358e+00,0.000000000000000000e+00,0.000000000000000000e+00,2.332982369126875355e+01,6.631913714769344104e+00,1.956991240456919506e-03,2.573578745622370247e-03,6.721220510431377476e-04,1.500045692196055012e-03,1.020961838287957630e-03,7.153706097563330480e-05,3.447921822699567706e-06,5.472946493114435153e-04,2.812572770637283791e-05,2.203917036134685935e-05,7.800965629926869275e-06,0.000000000000000000e+00,0.000000000000000000e+00
-3.853652837735660782e-06,-1.319871656982852359e+00,-6.181858474392466496e-01,-1.518198327893738667e-02,-4.697051939574441171e-02,-6.601691401022718786e+00,-5.673683854553082995e+00,-1.134789569024374956e+01,-7.565263793495834221e+00,0.000000000000000000e+00,0.000000000000000000e+00,2.328414120612243821e+01,6.618927662933899114e+00,1.966150567438377812e-03,2.574786582333435728e-03,6.726542977340518913e-04,1.526576488969565550e-03,1.030973495848188162e-03,7.214293265328346194e-05,3.596014567741231724e-06,5.571560275454773498e-04,2.907481393020005329e-05,2.241012134025461712e-05,8.165190283444283804e-06,0.000000000000000000e+00,0.000000000000000000e+00
-3.842129414318949620e-06,-1.327594609029395079e+00,-6.155688311171310101e-01,-1.500679051153645284e-02,-4.713857193217071972e-02,-6.601691401022718786e+00,-5.673683854553083883e+00,-1.116841597581373513e+01,-7.445610650542490383e+00,0.000000000000000000e+00,0.000000000000000000e+00,2.323880897467824624e+01,6.606041176888643562e+00,1.977212662309743400e-03,2.578452678996376660e-03,6.738208385225158501e-04,1.554384669554827398e-03,1.041578513094988190e-03,7.282114524502108805e-05,3.749147651865659182e-06,5.675151739517086047e-04,3.007037088328150257e-05,2.279705738974101251e-05,8.543827816050101516e-06,0.000000000000000000e+00,0.000000000000000000e+00
-3.830783343197150365e-06,-1.336309945600134386e+00,-6.129679028616146219e-01,-1.483551025695850623e-02,-4.733513934717427374e-02,-6.601691401022718786e+00,-5.673683854553082995e+00,-1.099228804184957120e+01,-7.328192027899713246e+00,0.000000000000000000e+00,0.000000000000000000e+00,2.319265816312937645e+01,6.592921995016159720e+00,1.990073191463774711e-03,2.584423797978999474e-03,6.755823129621798097e-04,1.583482154088290076e-03,1.052788892961841654e-03,7.356851729911386133e-05,3.907365159436678932e-06,5.783774683049117040e-04,3.111264790814040397e-05,2.320049345487444655e-05,8.937273381405877720e-06,0.000000000000000000e+00,0.000000000000000000e+00
-3.819522609793353697e-06,-1.345884542188902966e+00,-6.103592981886949431e-01,-1.466811213085481361e-02,-4.755630730283892660e-02,-6.601691401022717898e+00,-5.673683854553083883e+00,-1.081949998855689188e+01,-7.212999992371262437e+00,0.000000000000000000e+00,0.000000000000000000e+00,2.314516373836595875e+01,6.579420867398059869e+00,2.004533509633770697e-03,2.592414747831148485e-03,6.778644857166739399e-04,1.613806328608174273e-03,1.064565684210526516e-03,7.437841529641113676e-05,4.070602211818543961e-06,5.897218686953833956e-04,3.220061035847706775e-05,2.361981194136694273e-05,9.345595708479150480e-06,0.000000000000000000e+00,0.000000000000000000e+00
-3.808084494259264808e-06,-1.355887310505920373e+00,-6.076773961074578567e-01,-1.450419789699822215e-02,-4.780312989217069125e-02,-6.601691401022718786e+00,-5.673683854553082995e+00,-1.064971671191217339e+01,-7.099811141274782855e+00,0.000000000000000000e+00,0.000000000000000000e+00,2.309494004911869069e+01,6.565143898230485497e+00,2.020765429221842852e-03,2.602783781489855473e-03,6.807605510973208617e-04,1.645650620424855392e-03,1.077116900406925376e-03,7.525766642442253778e-05,4.239321341759630608e-06,6.016601855328803554e-04,3.333901176382603844e-05,2.406032455347696200e-05,9.770478033938117076e-06,0.000000000000000000e+00,0.000000000000000000e+00
-3.796473540945592150e-06,-1.366345601176857993e+00,-6.049236179529372537e-01,-1.434375373321879199e-02,-4.806673263819474101e-02,-6.601691401022718786e+00,-5.673683854553082995e+00,-1.048296694534728069e+01,-6.988644630231521937e+00,0.000000000000000000e+00,0.000000000000000000e+00,2.304203140481945056e+01,6.550103683250663167e+00,2.038236541840255951e-03,2.614554092439922307e-03,6.840182113303208602e-04,1.678649367983346425e-03,1.090180096583005104e-03,7.618712245888055446e-05,4.412746102132334352e-06,6.140443555923932092e-04,3.452069152234159489e-05,2.451556959122282883e-05,1.021013220174037128e-05,0.000000000000000000e+00,0.000000000000000000e+00
-3.784862114483628672e-06,-1.377451781451213719e+00,-6.021414639110951317e-01,-1.418703707717505411e-02,-4.833330317202103044e-02,-6.601691401022717898e+00,-5.673683854553082995e+00,-1.031951896928952728e+01,-6.879679312859686036e+00,0.000000000000000000e+00,0.000000000000000000e+00,2.298738432865313541e+01,6.534569288362155781e+00,2.056280227738494035e-03,2.626693944631992243e-03,6.873685541978862001e-04,1.712158003827439316e-03,1.103319480158423613e-03,7.714239569845868748e-05,4.589798575906159338e-06,6.266421495459193304e-04,3.573506509776873088e-05,2.497553738646989140e-05,1.066174563613677960e-05,0.000000000000000000e+00,0.000000000000000000e+00
-3.772900792770660040e-06,-1.388494374980272283e+00,-5.992440065260964399e-01,-1.403349474286670617e-02,-4.862296904414568910e-02,-6.601691401022718786e+00,-5.673683854553082995e+00,-1.015885715505455167e+01,-6.772571436703033854e+00,0.000000000000000000e+00,0.000000000000000000e+00,2.292916906293596213e+01,6.518020572682697633e+00,2.076049202862934734e-03,2.641293547294438354e-03,6.913528385000050017e-04,1.747378393156340769e-03,1.117342215188726765e-03,7.816674593461732086e-05,4.772938082707018765e-06,6.399096731867040012e-04,3.700414576047150289e-05,2.546058001775665670e-05,1.113209203562477205e-05,0.000000000000000000e+00,0.000000000000000000e+00
-3.760714817992495306e-06,-1.399703311155598540e+00,-5.962638117399038373e-01,-1.388317661843685956e-02,-4.891948714778373425e-02,-6.601691401022718786e+00,-5.673683854553082995e+00,-1.000109234782231482e+01,-6.667394898548210769e+00,0.000000000000000000e+00,0.000000000000000000e+00,2.286813084696134979e+01,6.500669383620836683e+00,2.096493857905648486e-03,2.656466836890398683e-03,6.954833956794124073e-04,1.783467765251217163e-03,1.131681252626289078e-03,7.922129566421250645e-05,4.960123203829173840e-06,6.535159831950481833e-04,3.831055329302709435e-05,2.595627485306980158e-05,1.161625386873725240e-05,0.000000000000000000e+00,0.000000000000000000e+00
-3.748295940632564480e-06,-1.410924360342431960e+00,-5.931998739218525829e-01,-1.373597645338980357e-02,-4.922206746354081119e-02,-6.601691401022717898e+00,-5.673683854553082995e+00,-9.846149240459590501e+00,-6.564099493639727001e+00,0.000000000000000000e+00,0.000000000000000000e+00,2.280429335173605310e+01,6.482522450077587983e+00,2.117696360630722842e-03,2.672472909091882457e-03,6.998262733464064543e-04,1.820499161265198623e-03,1.146378577008603855e-03,8.030933456002629564e-05,5.151660427789368501e-06,6.674960339990916895e-04,3.965654518214393749e-05,2.646433010005254014e-05,1.211512650457858180e-05,0.000000000000000000e+00,0.000000000000000000e+00
-3.735653733900410699e-06,-1.422079059087127728e+00,-5.900557669189775423e-01,-1.359179325795622888e-02,-4.952999547023671095e-02,-6.601691401022717898e+00,-5.673683854553082995e+00,-9.693962382294628810e+00,-6.462641588196421871e+00,0.000000000000000000e+00,0.000000000000000000e+00,2.273778300509992079e+01,6.463615711395492625e+00,2.139551862349147772e-03,2.689163173232732035e-03,7.043427729063583267e-04,1.858450307753897008e-03,1.161415594729569255e-03,8.142710150134392871e-05,5.347425965538634916e-06,6.818390222993207577e-04,4.104117631004900086e-05,2.698442274211309929e-05,1.262864417511218479e-05,0.000000000000000000e+00,0.000000000000000000e+00
-3.722806194152185966e-06,-1.433101130786725186e+00,-5.868372396719212514e-01,-1.345052612343562888e-02,-4.984179435118316071e-02,-6.601691401022717898e+00,-5.673683854553082995e+00,-9.544466864490654956e+00,-6.362977909660435749e+00,0.000000000000000000e+00,0.000000000000000000e+00,2.266877574923707428e+01,6.443999182242436952e+00,2.161954922981160904e-03,2.706397084563277097e-03,7.089961922638040931e-04,1.897272069493685090e-03,1.176755334822910531e-03,8.257075533180397028e-05,5.547269466468932061e-06,6.965256236269027528e-04,4.246324507725156647e-05,2.751583010993346239e-05,1.315663207247905202e-05,0.000000000000000000e+00,0.000000000000000000e+00
-3.709778209947073975e-06,-1.443938250311728622e+00,-5.835517957203795181e-01,-1.331207807703633193e-02,-5.015623648635905013e-02,-6.601691401022718786e+00,-5.673683854553082995e+00,-9.397599911673884421e+00,-6.265066607782590502e+00,0.000000000000000000e+00,0.000000000000000000e+00,2.259748664603661439e+01,6.423733997752179015e+00,2.184808217073944212e-03,2.724047448511477797e-03,7.137532776215340736e-04,1.936916625198751825e-03,1.192362050881700525e-03,8.373671097815257153e-05,5.751037364768259822e-06,7.115370905346357112e-04,4.392156081974683829e-05,2.805784394197938624e-05,1.369889833871150761e-05,0.000000000000000000e+00,0.000000000000000000e+00
-3.696599588883486799e-06,-1.454550492385337623e+00,-5.802081709095294748e-01,-1.317635643726743251e-02,-5.047233017802452149e-02,-6.601691401022717898e+00,-5.673683854553082995e+00,-9.253300902660429372e+00,-6.168867268440288321e+00,0.000000000000000000e+00,0.000000000000000000e+00,2.252415759342109425e+01,6.402888921674130707e+00,2.208024734701896381e-03,2.742003138713136699e-03,7.185849387150650743e-04,1.977338831204813671e-03,1.208202011746827920e-03,8.492172987061032932e-05,5.958580857453163813e-06,7.268558133793543135e-04,4.541499669281775186e-05,2.860979169065595778e-05,1.425525096630526636e-05,0.000000000000000000e+00,0.000000000000000000e+00
-3.683303407245653668e-06,-1.464909295594002847e+00,-5.768158976681098116e-01,-1.304327304849693669e-02,-5.078931623253990502e-02,-6.601691401022718786e+00,-5.673683854553082995e+00,-9.111511399210721507e+00,-6.074340932807147375e+00,0.000000000000000000e+00,0.000000000000000000e+00,2.244904708104493096e+01,6.381537434250021512e+00,2.231528165927363413e-03,2.760169167576590876e-03,7.234662743280573152e-04,2.018497229090573941e-03,1.224244178225005050e-03,8.612294218358206184e-05,6.169759865615514477e-06,7.424657125417522593e-04,4.694251719788242064e-05,2.917105388096445087e-05,1.482550794760156185e-05,0.000000000000000000e+00,0.000000000000000000e+00
-3.669924636317677389e-06,-1.474996349223657743e+00,-5.733849435903944913e-01,-1.291274439490885245e-02,-5.110664775127652520e-02,-6.601691401022717898e+00,-5.673683854553082995e+00,-8.972175156577204547e+00,-5.981450104384804511e+00,0.000000000000000000e+00,0.000000000000000000e+00,2.237242171063397578e+01,6.359755321720903964e+00,2.255252775909618798e-03,2.778467027107828745e-03,7.283766574672880575e-04,2.060354514317072790e-03,1.240460621441695065e-03,8.733784976864245010e-05,6.384445855042091843e-06,7.583525430861379158e-04,4.850319914006524346e-05,2.974108023352891567e-05,1.540950582178184387e-05,0.000000000000000000e+00,0.000000000000000000e+00
-3.656603173234530541e-06,-1.484958602613328571e+00,-5.699519401341111013e-01,-1.278481193167217179e-02,-5.141798165364311335e-02,-6.601691401022717898e+00,-5.673683854553082995e+00,-8.835360405541120343e+00,-5.890240270360747488e+00,0.000000000000000000e+00,0.000000000000000000e+00,2.229513626418030015e+01,6.337785570938773816e+00,2.278797686910224388e-03,2.796163043106799327e-03,7.331262655819760759e-04,2.102483057536402768e-03,1.256561985723244354e-03,8.855092950027623798e-05,6.601598353361785442e-06,7.743414641551674311e-04,5.008778550205086541e-05,3.031208049607066567e-05,1.600445193942570698e-05,0.000000000000000000e+00,0.000000000000000000e+00
-3.643231308965056586e-06,-1.494543372640049883e+00,-5.664902658398072166e-01,-1.265926154481307117e-02,-5.173457313034433847e-02,-6.601691401022718786e+00,-5.673683854553082995e+00,-8.700860012476372418e+00,-5.800573341650915538e+00,0.000000000000000000e+00,0.000000000000000000e+00,2.221663918815030314e+01,6.315471393087208618e+00,2.302778018905723024e-03,2.814466870302302724e-03,7.380271684062326846e-04,2.145561363688282871e-03,1.272991951436039338e-03,8.978596222755037327e-05,6.822902452392503564e-06,7.907101313171555242e-04,5.171121770650917199e-05,3.089650872186345979e-05,1.661515380561588676e-05,0.000000000000000000e+00,0.000000000000000000e+00
-3.629866204166203513e-06,-1.503843229296032868e+00,-5.630154120983067445e-01,-1.253603581696067192e-02,-5.205225206228078494e-02,-6.601691401022717898e+00,-5.673683854553082995e+00,-8.568645437062151871e+00,-5.712430291374769098e+00,0.000000000000000000e+00,0.000000000000000000e+00,2.213731465665831522e+01,6.292921996431621423e+00,2.326873235926465999e-03,2.832762817596975752e-03,7.429205610466458774e-04,2.189306483634732760e-03,1.289562717050592253e-03,9.103056325793432700e-05,7.047503251261774589e-06,8.073395993386968525e-04,5.336648566812569444e-05,3.148905282951386489e-05,1.723946369091695728e-05,0.000000000000000000e+00,0.000000000000000000e+00
-3.616381716708218189e-06,-1.512642672858033333e+00,-5.594959398755130486e-01,-1.241489035204973619e-02,-5.237849027460480394e-02,-6.601691401022717898e+00,-5.673683854553082995e+00,-8.438493957921981092e+00,-5.625662638614652877e+00,0.000000000000000000e+00,0.000000000000000000e+00,2.205649843356499673e+01,6.269948560138185023e+00,2.351558578285226683e-03,2.851903116531942766e-03,7.480271270898671259e-04,2.234261874028562172e-03,1.306611246535901560e-03,9.230334398430455544e-05,7.276780035616649346e-06,8.244467818409652879e-04,5.506604374224063507e-05,3.209916999944121288e-05,1.788140130276252222e-05,0.000000000000000000e+00,0.000000000000000000e+00
-3.603050751318771993e-06,-1.521402456277143544e+00,-5.560025305509469495e-01,-1.229597912293676869e-02,-5.269185550313450206e-02,-6.601691401022717898e+00,-5.673683854553082995e+00,-8.310608468930510639e+00,-5.540405645953674352e+00,0.000000000000000000e+00,0.000000000000000000e+00,2.197580544169182204e+01,6.247010154491778877e+00,2.375582557939050644e-03,2.869601966166398458e-03,7.527559818778170337e-04,2.279045277643968088e-03,1.323260354290176338e-03,9.355527502545986579e-05,7.507060830256928052e-06,8.414750069339553117e-04,5.677837532408092796e-05,3.270233489395510981e-05,1.853091050334841386e-05,0.000000000000000000e+00,0.000000000000000000e+00
-3.589818155966132792e-06,-1.529871991078456395e+00,-5.525216201837981345e-01,-1.217919850231434162e-02,-5.300642932056114087e-02,-6.601691401022718786e+00,-5.673683854553082995e+00,-8.184864409660713491e+00,-5.456576273107143216e+00,0.000000000000000000e+00,0.000000000000000000e+00,2.189496011971950296e+01,6.224028446328942366e+00,2.399771968007937024e-03,2.887533418389994812e-03,7.575381607854624012e-04,2.324508958439161239e-03,1.340050255795913496e-03,9.481866213750305631e-05,7.740825187685703302e-06,8.587819724430672359e-04,5.852439463785514060e-05,3.331459383455785483e-05,1.919485814426808467e-05,0.000000000000000000e+00,0.000000000000000000e+00
-3.576710145736223092e-06,-1.538123318919682792e+00,-5.490605086002154911e-01,-1.206449063075167201e-02,-5.332216639282310461e-02,-6.601691401022717898e+00,-5.673683854553082995e+00,-8.061220335380101076e+00,-5.374146890253401310e+00,0.000000000000000000e+00,0.000000000000000000e+00,2.181415366569400405e+01,6.201057787065273885e+00,2.423986627215030283e-03,2.905336446709325029e-03,7.622812907355464929e-04,2.370559522294747763e-03,1.356910379660902126e-03,9.608797518441961538e-05,7.977650195750325227e-06,8.763164359907381178e-04,6.030078369134001491e-05,3.393342870722948777e-05,1.987221871437330181e-05,0.000000000000000000e+00,0.000000000000000000e+00
-3.563811883288936586e-06,-1.546273574998224376e+00,-5.456415511729101331e-01,-1.195186320013094314e-02,-5.363554010348406398e-02,-6.601691401022717898e+00,-5.673683854553082995e+00,-7.939698968784449029e+00,-5.293132645856299057e+00,0.000000000000000000e+00,0.000000000000000000e+00,2.173391236478835253e+01,6.178247782540194244e+00,2.448020026757450392e-03,2.922667976945152266e-03,7.668963315157821493e-04,2.416930660334061596e-03,1.373673417866147451e-03,9.735496043022768783e-05,8.216883910289011372e-06,8.939748972402814919e-04,6.210194874423961777e-05,3.455431309704156735e-05,2.056123630691823533e-05,0.000000000000000000e+00,0.000000000000000000e+00
-3.551061190862181507e-06,-1.554201215945685499e+00,-5.422492164839334272e-01,-1.184120348646370419e-02,-5.395262642178856594e-02,-6.601691401022718786e+00,-5.673683854553082995e+00,-7.820182493993153905e+00,-5.213454995995435937e+00,0.000000000000000000e+00,0.000000000000000000e+00,2.165390954370290544e+01,6.155505570108672941e+00,2.472228515754717505e-03,2.940183665989669522e-03,7.715526711500781147e-04,2.464020197049724119e-03,1.390584360207888304e-03,9.863371313530550327e-05,8.459664866452132535e-06,9.119193032374960615e-04,6.393754207494452366e-05,3.518435290407008947e-05,2.126508625182138660e-05,0.000000000000000000e+00,0.000000000000000000e+00
-3.538473219368979017e-06,-1.561967690497539252e+00,-5.388878376991335095e-01,-1.173245288726286473e-02,-5.427222402670445894e-02,-6.601691401022717898e+00,-5.673683854553082995e+00,-7.702629404779375299e+00,-5.135086269852917162e+00,0.000000000000000000e+00,0.000000000000000000e+00,2.157426445815051252e+01,6.132865050309691313e+00,2.496501903710796662e-03,2.957629322389732779e-03,7.761851212489067307e-04,2.511726663790507953e-03,1.407572282655567084e-03,9.991985813894600093e-05,8.705639193392922812e-06,9.301029415195326191e-04,6.580488679278014051e-05,3.582131321628291500e-05,2.198292843533460847e-05,0.000000000000000000e+00,0.000000000000000000e+00
-3.526048907523553875e-06,-1.569586915092401336e+00,-5.355580604118861388e-01,-1.162554718403325214e-02,-5.459390001138071657e-02,-6.601691401022718786e+00,-5.673683854553082995e+00,-7.586988490289718889e+00,-5.057992326859812593e+00,0.000000000000000000e+00,0.000000000000000000e+00,2.149501187706083627e+01,6.110336106824526325e+00,2.520842865454680278e-03,2.974998103493353176e-03,7.807920323213137989e-04,2.560038916277815498e-03,1.424625281666392143e-03,1.012134876496142467e-04,8.954814341509040164e-06,9.485215038182856148e-04,6.770420514165293325e-05,3.646491846002656814e-05,2.271486780897816052e-05,0.000000000000000000e+00,0.000000000000000000e+00
-3.513806114529693829e-06,-1.577088715228002203e+00,-5.322648435676931022e-01,-1.152045109808812369e-02,-5.491732241641378298e-02,-6.601691401022718786e+00,-5.673683854553083883e+00,-7.473228267877887632e+00,-4.982152178585258717e+00,0.000000000000000000e+00,0.000000000000000000e+00,2.141628200108183577e+01,6.087955751482935440e+00,2.545223151949453557e-03,2.992259873367847812e-03,7.853654092665803693e-04,2.608918350186286220e-03,1.441720550881725070e-03,1.025134573169425063e-04,9.207105126454443841e-06,9.671620913323582692e-04,6.963480884570902936e-05,3.711463580011750783e-05,2.346072122518800651e-05,0.000000000000000000e+00,0.000000000000000000e+00
-3.501753887731542749e-06,-1.584493409989681023e+00,-5.290108419084468272e-01,-1.141712276914951842e-02,-5.524283624902627532e-02,-6.601691401022717898e+00,-5.673683854553082995e+00,-7.361312952735158177e+00,-4.907541968490106044e+00,0.000000000000000000e+00,0.000000000000000000e+00,2.133815156479682429e+01,6.065745797443145015e+00,2.569656013418139453e-03,3.009428352402897851e-03,7.899088535037370601e-04,2.658372903083216707e-03,1.458858312933453399e-03,1.038202771244831161e-04,9.462560942194349830e-06,9.860273065820936936e-04,7.159718171717010539e-05,3.777050900655585706e-05,2.422069544879834681e-05,0.000000000000000000e+00,0.000000000000000000e+00
-3.489899027604664422e-06,-1.591819977535991359e+00,-5.257981038392972595e-01,-1.131552302337977128e-02,-5.557077729789347553e-02,-6.601691401022718786e+00,-5.673683854553082995e+00,-7.251207712950498596e+00,-4.834138475300333582e+00,0.000000000000000000e+00,0.000000000000000000e+00,2.126068235425430686e+01,6.043723808478798531e+00,2.594153099820414171e-03,3.026515569705785173e-03,7.944255170414305824e-04,2.708410439450495161e-03,1.476039617659190241e-03,1.051344010090043637e-04,9.721229139417911786e-06,1.005119978968021729e-03,7.359177732804960542e-05,3.843259899148533264e-05,2.499498655723800082e-05,0.000000000000000000e+00,0.000000000000000000e+00
-3.478246233449228478e-06,-1.599085661515659451e+00,-5.226281124215790275e-01,-1.121561425721709013e-02,-5.590148407814674730e-02,-6.601691401022718786e+00,-5.673683854553082995e+00,-7.142878564634881577e+00,-4.761919043089921644e+00,0.000000000000000000e+00,0.000000000000000000e+00,2.118392226315894789e+01,6.021903399219866060e+00,2.618728753132189280e-03,3.043536052928188206e-03,7.989192134024945000e-04,2.759042615892958773e-03,1.493267411965634728e-03,1.064564032436316810e-04,9.983171623971648920e-06,1.024444317845425115e-03,7.561917373523234563e-05,3.910101815753615429e-05,2.578383494299163784e-05,0.000000000000000000e+00,0.000000000000000000e+00
-3.466787940083814203e-06,-1.606289344676063990e+00,-5.194991767178057662e-01,-1.111735137896903425e-02,-5.623553388271117226e-02,-6.601691401022717898e+00,-5.673683854553082995e+00,-7.036282387628095769e+00,-4.690854925085396587e+00,0.000000000000000000e+00,0.000000000000000000e+00,2.110784675910484509e+01,6.000277595897434146e+00,2.643419450861369223e-03,3.060556347951954442e-03,8.034071110901417657e-04,2.810308574936595371e-03,1.510563929499866105e-03,1.077877519927047495e-04,1.024852510904392684e-05,1.044017481850493699e-03,7.768059036263139528e-05,3.977649906086709472e-05,2.658768360242027404e-05,0.000000000000000000e+00,0.000000000000000000e+00
-3.455522628593080313e-06,-1.613445532681119898e+00,-5.164111513474907156e-01,-1.102069354386717506e-02,-5.657308036129375661e-02,-6.601691401022718786e+00,-5.673683854553082995e+00,-6.931383435814083782e+00,-4.620922290542722521e+00,0.000000000000000000e+00,0.000000000000000000e+00,2.103246550206455368e+01,5.978849144529017501e+00,2.668231805550649264e-03,3.077562127826428528e-03,8.078857037122604955e-04,2.862217172085167963e-03,1.527928346399269740e-03,1.091287313954907376e-04,1.051732853298956978e-05,1.063840842264323966e-03,7.977646862179196873e-05,4.045897846003949742e-05,2.740672829886877846e-05,0.000000000000000000e+00,0.000000000000000000e+00
-3.444435074310575611e-06,-1.620550170989678795e+00,-5.133603567113143029e-01,-1.092558638673438859e-02,-5.691439974725321510e-02,-6.601691401022718786e+00,-5.673683854553082995e+00,-6.828135098320371910e+00,-4.552090065546914310e+00,0.000000000000000000e+00,0.000000000000000000e+00,2.095770802975346214e+01,5.957598014967889988e+00,2.693198121732546732e-03,3.094578066861518231e-03,8.123616396556233334e-04,2.914807659359419222e-03,1.545376612403327916e-03,1.104806779384863945e-04,1.078971266537880912e-05,1.083927770018834873e-03,8.190808797217498448e-05,4.114889020346490435e-05,2.824144052092061719e-05,0.000000000000000000e+00,0.000000000000000000e+00
-3.433377199707933204e-06,-1.627402197934713524e+00,-5.103089077001560225e-01,-1.083186289405821401e-02,-5.726341527369111645e-02,-6.601691401022717898e+00,-5.673683854553082995e+00,-6.726373360047302796e+00,-4.484248906698201864e+00,0.000000000000000000e+00,0.000000000000000000e+00,2.088273279805515514e+01,5.936284983461608711e+00,2.718701463326152635e-03,3.111965523483663058e-03,8.169311016797656429e-04,2.968552936032658237e-03,1.563134807388098096e-03,1.118594262521289040e-04,1.106718638940885536e-05,1.104430732754814286e-03,8.408730429811529360e-05,4.185173053696278095e-05,2.909577526290473411e-05,0.000000000000000000e+00,0.000000000000000000e+00
-3.422704904090980515e-06,-1.634539573629413933e+00,-5.073488225291602483e-01,-1.073979332012652867e-02,-5.760692019666409369e-02,-6.601691401022717898e+00,-5.673683854553083883e+00,-6.626369644591474817e+00,-4.417579763060983211e+00,0.000000000000000000e+00,0.000000000000000000e+00,2.080962975780757063e+01,5.915504155383994878e+00,2.743573518577751072e-03,3.128642353630578434e-03,8.213059087855877289e-04,3.022068769022871141e-03,1.580553443277680353e-03,1.132168550298033561e-04,1.134519846923995478e-05,1.124914688541016816e-03,8.627927422872980364e-05,4.255203080133818002e-05,2.995819396478397926e-05,0.000000000000000000e+00,0.000000000000000000e+00
-3.412196800221050566e-06,-1.641588049930650994e+00,-5.044230552700050829e-01,-1.064917841046660041e-02,-5.795715799064002360e-02,-6.601691401022717898e+00,-5.673683854553082995e+00,-6.527921658273058370e+00,-4.351947772182038321e+00,0.000000000000000000e+00,0.000000000000000000e+00,2.073711608842533849e+01,5.894890866366115922e+00,2.768878883259547757e-03,3.145569753881923003e-03,8.257420809146845354e-04,3.076519065761767775e-03,1.598146157647869960e-03,1.145967380289368586e-04,1.162794959047611868e-05,1.145731957213281822e-03,8.851534156096454542e-05,4.326180118368711344e-05,3.083927324236962887e-05,0.000000000000000000e+00,0.000000000000000000e+00
-3.401860492477141105e-06,-1.648600468591500778e+00,-5.015337920210610756e-01,-1.055999695963668120e-02,-5.831317470182673102e-02,-6.601691401022717898e+00,-5.673683854553082995e+00,-6.431004161982594169e+00,-4.287336107988395817e+00,0.000000000000000000e+00,0.000000000000000000e+00,2.066525202384373472e+01,5.874462238966065009e+00,2.794412201617423736e-03,3.162632805852209905e-03,8.302078791919135147e-04,3.131761546761127526e-03,1.615876790281037256e-03,1.159907112971392772e-04,1.191465938301679346e-05,1.166859076753676457e-03,9.079061168643668073e-05,4.398087655689922483e-05,3.173741648147024682e-05,0.000000000000000000e+00,0.000000000000000000e+00
-3.391705269838331820e-06,-1.655616056987543105e+00,-4.986836227040153946e-01,-1.047222214673038630e-02,-5.867305034834695981e-02,-6.601691401022718786e+00,-5.673683854553082995e+00,-6.335598659151811418e+00,-4.223732439434541241e+00,0.000000000000000000e+00,0.000000000000000000e+00,2.059410573018166701e+01,5.854237650604985355e+00,2.820096553352228422e-03,3.179668788586439282e-03,8.346614690763426523e-04,3.187677466775366928e-03,1.633672049337242917e-03,1.173956181960195724e-04,1.220503038418717833e-05,1.188245904954754028e-03,9.310257975255794964e-05,4.470696634902236982e-05,3.265180213867932763e-05,0.000000000000000000e+00,0.000000000000000000e+00
-3.381726223411748749e-06,-1.662628214286316242e+00,-4.958714608673688296e-01,-1.038582402563877419e-02,-5.903684579159523133e-02,-6.601691401022717898e+00,-5.673683854553083883e+00,-6.241676011000706126e+00,-4.161117340667138009e+00,0.000000000000000000e+00,0.000000000000000000e+00,2.052366168364653376e+01,5.834212688371128941e+00,2.845952116820479622e-03,3.196733114040444402e-03,8.391169581138681853e-04,3.244286717448458153e-03,1.651543204710870542e-03,1.188123138513097823e-04,1.249916323190110312e-05,1.209903985753558227e-03,9.545222790988377570e-05,4.544061094406545768e-05,3.358282009487240750e-05,0.000000000000000000e+00,0.000000000000000000e+00
-3.371919188725530306e-06,-1.669637697385215391e+00,-4.930964070586896786e-01,-1.030077437066362171e-02,-5.940475951980606767e-02,-6.601691401022718786e+00,-5.673683854553082995e+00,-6.149208623484449632e+00,-4.099472415656300939e+00,0.000000000000000000e+00,0.000000000000000000e+00,2.045390821847886187e+01,5.814384036066684303e+00,2.871987645424899614e-03,3.213834123189005052e-03,8.435765157154800475e-04,3.301606313564952981e-03,1.669496275643110031e-03,1.202411916265928925e-04,1.279711659713577156e-05,1.231839715445434214e-03,9.784016203758489987e-05,4.618203234840304895e-05,3.453073472301179013e-05,0.000000000000000000e+00,0.000000000000000000e+00
-3.362277228481029123e-06,-1.676639597773109447e+00,-4.903568437041103678e-01,-1.021704312227411128e-02,-5.977686540625180844e-02,-6.601691401022718786e+00,-5.673683854553082995e+00,-6.058167072358295435e+00,-4.038778048238863327e+00,0.000000000000000000e+00,0.000000000000000000e+00,2.038481719408508752e+01,5.794743694231781816e+00,2.898212825018446192e-03,3.230988174418771269e-03,8.480443383224121326e-04,3.359651406907401393e-03,1.687537664775637554e-03,1.216826793806176181e-04,1.309894951422311600e-05,1.254059848699279984e-03,1.002669816207266980e-04,4.693149728561000404e-05,3.549580125229981808e-05,0.000000000000000000e+00,0.000000000000000000e+00
-3.352795562798448514e-06,-1.683633606345945388e+00,-4.876517082968915284e-01,-1.013460204235261397e-02,-6.015313264065771937e-02,-6.601691401022718786e+00,-5.673683854553082995e+00,-5.968524222356853315e+00,-3.979016148237902506e+00,0.000000000000000000e+00,0.000000000000000000e+00,2.031637277531591224e+01,5.775287161446041928e+00,2.924628436501735228e-03,3.248188861673698049e-03,8.525187971769928458e-04,3.418428054642105775e-03,1.705667224702805095e-03,1.231368418795330546e-04,1.340468701565389564e-05,1.276566296116378842e-03,1.027330183848644389e-04,4.768903040797238128e-05,3.647818750207138346e-05,0.000000000000000000e+00,0.000000000000000000e+00
-3.343470265259456220e-06,-1.690619037790143775e+00,-4.849801560275401324e-01,-1.005342396877430267e-02,-6.053347703101612937e-02,-6.601691401022717898e+00,-5.673683854553082995e+00,-5.880254138173665268e+00,-3.920169425449109735e+00,0.000000000000000000e+00,0.000000000000000000e+00,2.024856377523374817e+01,5.756011257625216260e+00,2.951233671455712367e-03,3.265430963382257371e-03,8.569985352349539969e-04,3.477939004078779619e-03,1.723883422730980268e-03,1.246036773104837263e-04,1.371434773075381978e-05,1.299360146114021761e-03,1.052385484614731077e-04,4.845463612658059723e-05,3.747804287553997411e-05,0.000000000000000000e+00,0.000000000000000000e+00
-3.334297606927949995e-06,-1.697594292665980609e+00,-4.823413898708655001e-01,-9.973482899869967264e-03,-6.091783681980624671e-02,-6.601691401022718786e+00,-5.673683854553082995e+00,-5.793331527607400666e+00,-3.862221018404934370e+00,0.000000000000000000e+00,0.000000000000000000e+00,2.018137981521731916e+01,5.736913032463221818e+00,2.978027923462700250e-03,3.282711584716887111e-03,8.614827808129177974e-04,3.538187546322993718e-03,1.742185348280259061e-03,1.260831890559865290e-04,1.402794973511546211e-05,1.322442861631560650e-03,1.077838411639654075e-04,4.922834375847988294e-05,3.849551393251312691e-05,0.000000000000000000e+00,0.000000000000000000e+00
-3.325274108134083882e-06,-1.704557500933340908e+00,-4.797346740425513234e-01,-9.894753639690554922e-03,-6.130616089595199852e-02,-6.601691401022718786e+00,-5.673683854553083883e+00,-5.707731737820992635e+00,-3.805154491880662793e+00,0.000000000000000000e+00,0.000000000000000000e+00,2.011481163675493988e+01,5.717989854064874145e+00,3.005010298721120122e-03,3.300027636669896573e-03,8.659707094279922406e-04,3.599177069293046406e-03,1.760572149698775256e-03,1.275753675864838997e-04,1.434550949043677892e-05,1.345815916264511518e-03,1.103691537095678331e-04,5.001018425704762543e-05,3.953074328706799218e-05,0.000000000000000000e+00,0.000000000000000000e+00
-3.316396551547409872e-06,-1.711506689487673594e+00,-4.771593374037009228e-01,-9.817211737159286036e-03,-6.169839678753259726e-02,-6.601691401022717898e+00,-5.673683854553082995e+00,-5.623430734148808341e+00,-3.748953822765872967e+00,0.000000000000000000e+00,0.000000000000000000e+00,2.004885118301481128e+01,5.699239432133685668e+00,3.032179350994371886e-03,3.317375451037183308e-03,8.704613441933309543e-04,3.660910393738884671e-03,1.779042704174935586e-03,1.290801790512715078e-04,1.466704048156655844e-05,1.369480555388839478e-03,1.129947189643422671e-04,5.080018038215271118e-05,4.058386496964813331e-05,0.000000000000000000e+00,0.000000000000000000e+00
-3.307648912303512101e-06,-1.718424060663934272e+00,-4.746114036665612379e-01,-9.740818518020600419e-03,-6.209471203190922162e-02,-6.601691401022718786e+00,-5.673683854553082995e+00,-5.540394264140545921e+00,-3.693596176093697725e+00,0.000000000000000000e+00,0.000000000000000000e+00,1.998341590519144617e+01,5.680638300716264411e+00,3.059560206723865687e-03,3.334773159961574446e-03,8.749595403459254706e-04,3.723431729402579271e-03,1.797614106273659473e-03,1.305987327832599599e-04,1.499267977287334638e-05,1.393452098061425618e-03,1.156618997123529623e-04,5.159884926990776564e-05,4.165540716260886559e-05,0.000000000000000000e+00,0.000000000000000000e+00
-3.299042823873964892e-06,-1.725324105850997825e+00,-4.720940392520870943e-01,-9.665567655262118779e-03,-6.249449350171294715e-02,-6.601691401022718786e+00,-5.673683854553082995e+00,-5.458610235231186714e+00,-3.639073490154124624e+00,0.000000000000000000e+00,0.000000000000000000e+00,1.991858392509682218e+01,5.662208667315044686e+00,3.087102947591837884e-03,3.352177059677822167e-03,8.794536370096907481e-04,3.786675185900876053e-03,1.816256110842095301e-03,1.321289204077540200e-04,1.532221342420025554e-05,1.417708921732678843e-03,1.183689328233958408e-04,5.240542698907172178e-05,4.274479631269516885e-05,0.000000000000000000e+00,0.000000000000000000e+00
-3.290575944507606384e-06,-1.732205182564281243e+00,-4.696067867027389209e-01,-9.591434905472612932e-03,-6.289791748012944772e-02,-6.601691401022717898e+00,-5.673683854553082995e+00,-5.378056645334719832e+00,-3.585371096889813813e+00,0.000000000000000000e+00,0.000000000000000000e+00,1.985435117870460786e+01,5.643949376658885519e+00,3.114819225689197807e-03,3.369592655615713875e-03,8.839451260996722837e-04,3.850659127339799495e-03,1.834972916008270139e-03,1.336712571584415424e-04,1.565571310598445757e-05,1.442256700143332900e-03,1.211165463360473223e-04,5.322006778750212186e-05,4.385234779567156847e-05,0.000000000000000000e+00,0.000000000000000000e+00
-3.282246254122436458e-06,-1.739065835561436790e+00,-4.671492691389350638e-01,-9.518399106509502910e-03,-6.330500851847561949e-02,-6.601691401022717898e+00,-5.673683854553082995e+00,-5.298712006328097246e+00,-3.532474670885398460e+00,0.000000000000000000e+00,0.000000000000000000e+00,1.979071517116815215e+01,5.625859719543639947e+00,3.142708598060764674e-03,3.387017619953875541e-03,8.884333802645533488e-04,3.915388017156640373e-03,1.853764242045720856e-03,1.352257451223271955e-04,1.599319422717219159e-05,1.467097149908867110e-03,1.239049793638945728e-04,5.404281397988044196e-05,4.497819723897367736e-05,0.000000000000000000e+00,0.000000000000000000e+00
-3.274051914753845744e-06,-1.745905069690031564e+00,-4.647211531475162749e-01,-9.446439601474730316e-03,-6.371574243291507067e-02,-6.601691401022718786e+00,-5.673683854553083883e+00,-5.220555339621695268e+00,-3.480370226414464252e+00,0.000000000000000000e+00,0.000000000000000000e+00,1.972767413676518089e+01,5.607939194031619223e+00,3.170768885550066894e-03,3.404447764489788430e-03,8.929172843354809576e-04,3.980863141465697079e-03,1.872628362590849152e-03,1.367923111358681013e-04,1.633466304593972308e-05,1.492230869706997380e-03,1.267343940781363713e-04,5.487366579925015891e-05,4.612245167091127398e-05,0.000000000000000000e+00,0.000000000000000000e+00
-3.265991219213375394e-06,-1.752722084959476900e+00,-4.623221353780848641e-01,-9.375536312539733963e-03,-6.413008689782906391e-02,-6.601691401022718786e+00,-5.673683854553082995e+00,-5.143566157152513085e+00,-3.429044104768342649e+00,0.000000000000000000e+00,0.000000000000000000e+00,1.966522673753098260e+01,5.590187419782767009e+00,3.198997483147309352e-03,3.421878520849352522e-03,8.973956230636609367e-04,4.047084948073792487e-03,1.891563201470105324e-03,1.383708625092030479e-04,1.668012297031550947e-05,1.517658151399465952e-03,1.296049270986097024e-04,5.571261257244430551e-05,4.728520826549873114e-05,0.000000000000000000e+00,0.000000000000000000e+00
-3.258086848142319668e-06,-1.759564681717609380e+00,-4.599582094772951546e-01,-9.305690183502957763e-03,-6.454732135099634782e-02,-6.601691401022718786e+00,-5.673683854553082995e+00,-5.067744111902531046e+00,-3.378496074601688104e+00,0.000000000000000000e+00,0.000000000000000000e+00,1.960351278479723902e+01,5.572644140633136622e+00,3.227322809898197902e-03,3.439167305439225913e-03,9.018317363462705983e-04,4.113942726757208873e-03,1.910507703259310035e-03,1.399582897918381268e-04,1.702921822274769523e-05,1.543329680090300667e-03,1.325133885779560363e-04,5.655746226383085904e-05,4.846537573301190095e-05,0.000000000000000000e+00,0.000000000000000000e+00
-3.250312576525460191e-06,-1.766370100527371978e+00,-4.576227074002863215e-01,-9.236865161491029236e-03,-6.496854510903773972e-02,-6.601691401022717898e+00,-5.673683854553082995e+00,-4.993051298407729099e+00,-3.328700865605153325e+00,0.000000000000000000e+00,0.000000000000000000e+00,1.954238675649924772e+01,5.555267989370126891e+00,3.255847411701004532e-03,3.456542493354703392e-03,9.062840608473570316e-04,4.181589313593998304e-03,1.929543759520450149e-03,1.415590669514467240e-04,1.738249376519266035e-05,1.569317507662692244e-03,1.354648490174301340e-04,5.741147873384080789e-05,4.966482545794743557e-05,0.000000000000000000e+00,0.000000000000000000e+00
-3.242666672902573437e-06,-1.773151184891867294e+00,-4.553153088053695230e-01,-9.169042241644559041e-03,-6.539380886060777720e-02,-6.601691401022717898e+00,-5.673683854553082995e+00,-4.919468466188357425e+00,-3.279645644125571469e+00,0.000000000000000000e+00,0.000000000000000000e+00,1.948184623963122775e+01,5.538058280054301008e+00,3.284551239385636451e-03,3.473928115571404702e-03,9.107332945801552412e-04,4.250015429389243996e-03,1.948658976052030896e-03,1.431723592639565874e-04,1.773986762574771998e-05,1.595611310295595676e-03,1.384586295980627798e-04,5.827400861845620039e-05,5.088335920818538670e-05,0.000000000000000000e+00,0.000000000000000000e+00
-3.235139312081920410e-06,-1.779894452820927286e+00,-4.530335992331626649e-01,-9.102195799423295347e-03,-6.582280255886546749e-02,-6.601691401022718786e+00,-5.673683854553082995e+00,-4.846970188474277741e+00,-3.231313458982852715e+00,0.000000000000000000e+00,0.000000000000000000e+00,1.942184169949346995e+01,5.521000931573910364e+00,3.313436722546702490e-03,3.491334484513991445e-03,9.151820387355453232e-04,4.319222480207475512e-03,1.967854086493999247e-03,1.447982814981044674e-04,1.810135725381645323e-05,1.622213459632257772e-03,1.414949919544097098e-04,5.914517257632681541e-05,5.212109668507032101e-05,0.000000000000000000e+00,0.000000000000000000e+00
-3.227729963261620932e-06,-1.786603023216486230e+00,-4.507775700691962206e-01,-9.036307462211966984e-03,-6.625532157077913820e-02,-6.601691401022717898e+00,-5.673683854553083883e+00,-4.775538247745965137e+00,-3.183692165163976906e+00,0.000000000000000000e+00,0.000000000000000000e+00,1.936237759009290826e+01,5.504097210058958467e+00,3.342488879680126281e-03,3.508732220763232431e-03,9.196227062865905584e-04,4.389197187263228425e-03,1.987119285740791136e-03,1.464362160417888206e-04,1.846690651934160986e-05,1.649117810967129028e-03,1.445735868789784927e-04,6.002466305688343293e-05,5.337796097944689751e-05,0.000000000000000000e+00,0.000000000000000000e+00
-3.220438337132653148e-06,-1.793277402827525124e+00,-4.485472705891212497e-01,-8.971360016462754175e-03,-6.669116991187359900e-02,-6.601691401022718786e+00,-5.673683854553082995e+00,-4.705155020987033865e+00,-3.136770013991356354e+00,0.000000000000000000e+00,0.000000000000000000e+00,1.930345941428300094e+01,5.487348679792561690e+00,3.371697288793592227e-03,3.526107600429567723e-03,9.240516966061347072e-04,4.459926408062513808e-03,2.006446452577424159e-03,1.480857232006730425e-04,1.883647321790072099e-05,1.676319557937566707e-03,1.476941570789850721e-04,6.091227641601483533e-05,5.465390228931678231e-05,0.000000000000000000e+00,0.000000000000000000e+00
