# tendency to change, top row gives equation number (%/hour)
6.000000000000000000e+00,7.000000000000000000e+00,1.400000000000000000e+01,3.800000000000000000e+01,0.000000000000000000e+00,0.000000000000000000e+00
0.000000000000000000e+00,0.000000000000000000e+00,0.000000000000000000e+00,1.485189995288689435e+07,0.000000000000000000e+00,0.000000000000000000e+00
-4.088293896067021415e+06,-1.176525280865755677e+07,-1.630170489294249797e+06,1.748683413664442301e+07,0.000000000000000000e+00,0.000000000000000000e+00
-4.306709765433259308e+06,-1.239380789443272911e+07,-1.717261856423437363e+06,1.841989976172490790e+07,0.000000000000000000e+00,0.000000000000000000e+00
-4.465565865704271942e+06,-1.285096245019592717e+07,-1.780604300310677849e+06,1.909812515101448819e+07,0.000000000000000000e+00,0.000000000000000000e+00
-4.617936632025090046e+06,-1.328945357436336577e+07,-1.841360775505942293e+06,1.974853045852554217e+07,0.000000000000000000e+00,0.000000000000000000e+00
-4.771818279740024358e+06,-1.373229269845878892e+07,-1.902719701093504205e+06,2.040531439974414185e+07,0.000000000000000000e+00,0.000000000000000000e+00
-4.928004285223402083e+06,-1.418176328115199506e+07,-1.964997468654366210e+06,2.107186853807466477e+07,0.000000000000000000e+00,0.000000000000000000e+00
-5.086150705946157686e+06,-1.463687552794459462e+07,-2.028056934192731511e+06,2.174672033789854869e+07,0.000000000000000000e+00,0.000000000000000000e+00
-5.245763911694161594e+06,-1.509620887455944717e+07,-2.091701267092173919e+06,2.242775764944029227e+07,0.000000000000000000e+00,0.000000000000000000e+00
-5.406351334491750225e+06,-1.555834581361903623e+07,-2.155734060294318479e+06,2.311287338674415648e+07,0.000000000000000000e+00,0.000000000000000000e+00
-5.567451558728897944e+06,-1.602195848772371374e+07,-2.219971328466923907e+06,2.380009415740432590e+07,0.000000000000000000e+00,0.000000000000000000e+00
-5.728628730716775171e+06,-1.648579260132452473e+07,-2.284239278864351567e+06,2.448755632373318076e+07,0.000000000000000000e+00,0.000000000000000000e+00
-5.889482079310360365e+06,-1.694869481907927990e+07,-2.348378107590358704e+06,2.517354666268631071e+07,0.000000000000000000e+00,0.000000000000000000e+00
-6.049636608293000609e+06,-1.740958598048646376e+07,-2.412238288270001300e+06,2.585646253756473586e+07,0.000000000000000000e+00,0.000000000000000000e+00
-6.208750332805301994e+06,-1.786748192481062934e+07,-2.475683457510690670e+06,2.653484279053081572e+07,0.000000000000000000e+00,0.000000000000000000e+00
-6.366509023227220401e+06,-1.832147836507686228e+07,-2.538588319072361104e+06,2.720734523640387878e+07,0.000000000000000000e+00,0.000000000000000000e+00
-6.522620699882430024e+06,-1.877073504498406500e+07,-2.600836448680262081e+06,2.787272310024136305e+07,0.000000000000000000e+00,0.000000000000000000e+00
-6.676808538013743237e+06,-1.921445532091149315e+07,-2.662317464947597589e+06,2.852979467104396224e+07,0.000000000000000000e+00,0.000000000000000000e+00
-6.828839522415181622e+06,-1.965196862394303828e+07,-2.722938455152827315e+06,2.917756571451876312e+07,0.000000000000000000e+00,0.000000000000000000e+00
-6.978490660162078217e+06,-2.008263322718726099e+07,-2.782610502869110089e+06,2.981508506079325825e+07,0.000000000000000000e+00,0.000000000000000000e+00
-7.125553863994912244e+06,-2.050585029913233966e+07,-2.841250635169770103e+06,3.044146545415828377e+07,0.000000000000000000e+00,0.000000000000000000e+00
-7.269846583790167235e+06,-2.092109449879056588e+07,-2.898786061831858475e+06,3.105592895003414899e+07,0.000000000000000000e+00,0.000000000000000000e+00
-7.411199313430938870e+06,-2.132787802309085429e+07,-2.955149193812964484e+06,3.165775351530016214e+07,0.000000000000000000e+00,0.000000000000000000e+00
-7.549454906496156007e+06,-2.172574863757578284e+07,-3.010277370388432872e+06,3.224627008846810833e+07,0.000000000000000000e+00,0.000000000000000000e+00
-7.684455816186842509e+06,-2.211425295558424294e+07,-3.064107771186513361e+06,3.282080806461522728e+07,0.000000000000000000e+00,0.000000000000000000e+00
-7.816096784368789755e+06,-2.249308806627112627e+07,-3.116598425471123308e+06,3.338092032075607032e+07,0.000000000000000000e+00,0.000000000000000000e+00
-7.944255771583742462e+06,-2.286190276565855742e+07,-3.167700671103864908e+06,3.392608818067215383e+07,0.000000000000000000e+00,0.000000000000000000e+00
-8.068831878401269205e+06,-2.322040668633718416e+07,-3.217374275342656299e+06,3.445588337215664238e+07,0.000000000000000000e+00,0.000000000000000000e+00
-8.189734759620959871e+06,-2.356833983375918865e+07,-3.265583213849888649e+06,3.496992279792442918e+07,0.000000000000000000e+00,0.000000000000000000e+00
-8.306886617385220714e+06,-2.390547832199908048e+07,-3.312296465428259224e+06,3.546787703200151026e+07,0.000000000000000000e+00,0.000000000000000000e+00
-8.420186959417019039e+06,-2.423153295534964278e+07,-3.357473959684448317e+06,3.594931984145508707e+07,0.000000000000000000e+00,0.000000000000000000e+00
-8.529609028664696962e+06,-2.454642673262525722e+07,-3.401105027484314516e+06,3.641413989066789299e+07,0.000000000000000000e+00,0.000000000000000000e+00
-8.635104360441859812e+06,-2.485002018261806294e+07,-3.443170343969236594e+06,3.686213320754171908e+07,0.000000000000000000e+00,0.000000000000000000e+00
-8.736610224485354498e+06,-2.514213278078078106e+07,-3.483644896009931341e+06,3.729303498129669577e+07,0.000000000000000000e+00,0.000000000000000000e+00
-8.834125476100120693e+06,-2.542276123292100057e+07,-3.522528227169519756e+06,3.770684333971619606e+07,0.000000000000000000e+00,0.000000000000000000e+00
-8.927612327169789001e+06,-2.569179679276127368e+07,-3.559805269775832538e+06,3.810340001950503141e+07,0.000000000000000000e+00,0.000000000000000000e+00
-9.017047398598659784e+06,-2.594917218016511574e+07,-3.595466701624340843e+06,3.848260829743687809e+07,0.000000000000000000e+00,0.000000000000000000e+00
-9.102400163284555078e+06,-2.619479954453181848e+07,-3.629500350307102781e+06,3.884434097687241435e+07,0.000000000000000000e+00,0.000000000000000000e+00
-9.183722639950953424e+06,-2.642882858484292775e+07,-3.661926957823117264e+06,3.918882314040037990e+07,0.000000000000000000e+00,0.000000000000000000e+00
-9.261020121642788872e+06,-2.665127453337218612e+07,-3.692748634726534598e+06,3.951608044351889938e+07,0.000000000000000000e+00,0.000000000000000000e+00
-9.334325664751544595e+06,-2.686223251948472485e+07,-3.721978561956703663e+06,3.982625699862500280e+07,0.000000000000000000e+00,0.000000000000000000e+00
-9.403661710400275886e+06,-2.706176712402836978e+07,-3.749625687709980179e+06,4.011945159951446205e+07,0.000000000000000000e+00,0.000000000000000000e+00
-9.469069347645530477e+06,-2.724999659269442782e+07,-3.775706395878796931e+06,4.039584257601822913e+07,0.000000000000000000e+00,0.000000000000000000e+00
-9.530542270337527618e+06,-2.742690277770577744e+07,-3.800218171942539047e+06,4.065540604127610475e+07,0.000000000000000000e+00,0.000000000000000000e+00
-9.588236204388979822e+06,-2.759293382559457049e+07,-3.823223110210907180e+06,4.089880927516140789e+07,0.000000000000000000e+00,0.000000000000000000e+00
-9.642149789412403479e+06,-2.774808582145079970e+07,-3.844720668241603300e+06,4.112604938034456223e+07,0.000000000000000000e+00,0.000000000000000000e+00
-9.692348494600756094e+06,-2.789254717188756540e+07,-3.864736951287584379e+06,4.133740849539972097e+07,0.000000000000000000e+00,0.000000000000000000e+00
-9.738902327609008178e+06,-2.802651934426026046e+07,-3.883299874272792134e+06,4.153318804943595082e+07,0.000000000000000000e+00,0.000000000000000000e+00
-9.781888077155794948e+06,-2.815022332040397078e+07,-3.900440056009426713e+06,4.171371831910082698e+07,0.000000000000000000e+00,0.000000000000000000e+00
-9.821386977031990886e+06,-2.826389287413991615e+07,-3.916189887742342893e+06,4.187934845810160786e+07,0.000000000000000000e+00,0.000000000000000000e+00
-9.857426927006881684e+06,-2.836760829515547678e+07,-3.930560494254077785e+06,4.203020013176666945e+07,0.000000000000000000e+00,0.000000000000000000e+00
-9.890213436543848366e+06,-2.846196099660557881e+07,-3.943633820598239545e+06,4.216715222752802819e+07,0.000000000000000000e+00,0.000000000000000000e+00
-9.919779443304499611e+06,-2.854704576617563516e+07,-3.955423000371702947e+06,4.229034769338764250e+07,0.000000000000000000e+00,0.000000000000000000e+00
-9.946217817579349503e+06,-2.862312986509346589e+07,-3.965965064769088291e+06,4.240018494003228098e+07,0.000000000000000000e+00,0.000000000000000000e+00
-9.969591823957182467e+06,-2.869039535558350757e+07,-3.975285239977229852e+06,4.249693608317403495e+07,0.000000000000000000e+00,0.000000000000000000e+00
-9.990069118953865021e+06,-2.874932471795277670e+07,-3.983450377526728436e+06,4.258131813314190507e+07,0.000000000000000000e+00,0.000000000000000000e+00
-1.000768327508865669e+07,-2.880001456687394902e+07,-3.990473864158250391e+06,4.265347644081998616e+07,0.000000000000000000e+00,0.000000000000000000e+00
-1.002259393621133268e+07,-2.884292432388072461e+07,-3.996419356423725374e+06,4.271409361773619056e+07,0.000000000000000000e+00,0.000000000000000000e+00
-1.003486924353623018e+07,-2.887825008510359377e+07,-4.001314025020646863e+06,4.276346216264931858e+07,0.000000000000000000e+00,0.000000000000000000e+00
-1.004461010857932270e+07,-2.890628225273157656e+07,-4.005198107510099187e+06,4.280201414618672431e+07,0.000000000000000000e+00,0.000000000000000000e+00
-1.005191600392315723e+07,-2.892730708800491318e+07,-4.008111267691378016e+06,4.283017540025013685e+07,0.000000000000000000e+00,0.000000000000000000e+00
-1.005688457025444880e+07,-2.894160558035167679e+07,-4.010092438911765814e+06,4.284836384538672119e+07,0.000000000000000000e+00,0.000000000000000000e+00
-1.005961261161559075e+07,-2.894945631151295081e+07,-4.011180220914127305e+06,4.285699373305757344e+07,0.000000000000000000e+00,0.000000000000000000e+00
-1.006019530859847367e+07,-2.895113319127960876e+07,-4.011412566105017439e+06,4.285647229454191774e+07,0.000000000000000000e+00,0.000000000000000000e+00
-1.005872589643088728e+07,-2.894690453109243140e+07,-4.010826651194517966e+06,4.284719837153682113e+07,0.000000000000000000e+00,0.000000000000000000e+00
-1.005529514835037477e+07,-2.893703155730038881e+07,-4.009458671196202748e+06,4.282956021796836704e+07,0.000000000000000000e+00,0.000000000000000000e+00
-1.004999145562505536e+07,-2.892176864144376665e+07,-4.007343871334721334e+06,4.280393584391321242e+07,0.000000000000000000e+00,0.000000000000000000e+00
-1.004290011603013612e+07,-2.890136125263873860e+07,-4.004516263332194183e+06,4.277068998835253716e+07,0.000000000000000000e+00,0.000000000000000000e+00
-1.003410336994150281e+07,-2.887604606144715101e+07,-4.001008639800211880e+06,4.273017427695257962e+07,0.000000000000000000e+00,0.000000000000000000e+00
-1.002368005778630450e+07,-2.884604995409110934e+07,-3.996852437651326880e+06,4.268272576746473461e+07,0.000000000000000000e+00,0.000000000000000000e+00
-1.001170562118247151e+07,-2.881159003573228791e+07,-3.992077738553428557e+06,4.262866695916350931e+07,0.000000000000000000e+00,0.000000000000000000e+00
-9.998251669571034610e+06,-2.877287238333056495e+07,-3.986713096128270496e+06,4.256830395236408710e+07,0.000000000000000000e+00,0.000000000000000000e+00
-9.983386053700581193e+06,-2.873009225711691007e+07,-3.980785565252735745e+06,4.250192676657938212e+07,0.000000000000000000e+00,0.000000000000000000e+00
-9.967155694602394477e+06,-2.868338468598334491e+07,-3.974313855266825296e+06,4.242973624947732687e+07,0.000000000000000000e+00,0.000000000000000000e+00
-9.949638804424554110e+06,-2.863297474809653312e+07,-3.967329152562454343e+06,4.235206639440236986e+07,0.000000000000000000e+00,0.000000000000000000e+00
-9.930907516741167754e+06,-2.857907002876146883e+07,-3.959860219754734077e+06,4.226922523332791030e+07,0.000000000000000000e+00,0.000000000000000000e+00
-9.910995637851618230e+06,-2.852176781542101502e+07,-3.951920536802055314e+06,4.218135759464693069e+07,0.000000000000000000e+00,0.000000000000000000e+00
-9.889951263450361788e+06,-2.846120651740156114e+07,-3.943529281430813018e+06,4.208866908375302702e+07,0.000000000000000000e+00,0.000000000000000000e+00
-9.867818862012797967e+06,-2.839751410565343872e+07,-3.934704185046368279e+06,4.199134981811115891e+07,0.000000000000000000e+00,0.000000000000000000e+00
-9.844639562218433246e+06,-2.833080893989451230e+07,-3.925461647340449505e+06,4.188957565561330318e+07,0.000000000000000000e+00,0.000000000000000000e+00
-9.820450526899021119e+06,-2.826119796696416289e+07,-3.915816486658596899e+06,4.178350553583814949e+07,0.000000000000000000e+00,0.000000000000000000e+00
-9.795286037504166365e+06,-2.818877984168797359e+07,-3.905782372421086766e+06,4.167328609983990341e+07,0.000000000000000000e+00,0.000000000000000000e+00
-9.769177509288525209e+06,-2.811364497058330849e+07,-3.895371831178690307e+06,4.155905175908991694e+07,0.000000000000000000e+00,0.000000000000000000e+00
-9.742153463916227221e+06,-2.803587543302056566e+07,-3.884596235688931309e+06,4.144092458330353349e+07,0.000000000000000000e+00,0.000000000000000000e+00
-9.714232843683388084e+06,-2.795552574095711485e+07,-3.873463139022336341e+06,4.131898586729097366e+07,0.000000000000000000e+00,0.000000000000000000e+00
-9.685452486696535721e+06,-2.787270190674121678e+07,-3.861987230043176096e+06,4.119339300167508423e+07,0.000000000000000000e+00,0.000000000000000000e+00
-9.655828121163330972e+06,-2.778744919285742939e+07,-3.850174780233060010e+06,4.106421356019995362e+07,0.000000000000000000e+00,0.000000000000000000e+00
-9.625381457864677534e+06,-2.769983007838198915e+07,-3.838034446570969187e+06,4.093154054394640028e+07,0.000000000000000000e+00,0.000000000000000000e+00
-9.594123329756665975e+06,-2.760987573829162866e+07,-3.825570548600894399e+06,4.079542067878572643e+07,0.000000000000000000e+00,0.000000000000000000e+00
-9.562076512562971562e+06,-2.751765171634463593e+07,-3.812792167938186787e+06,4.065595146182929724e+07,0.000000000000000000e+00,0.000000000000000000e+00
-9.529256138332767412e+06,-2.742320155940641463e+07,-3.799705338351609651e+06,4.051319787049045414e+07,0.000000000000000000e+00,0.000000000000000000e+00
-9.495675412239579484e+06,-2.732656326919818670e+07,-3.786315325285559520e+06,4.036721667800761014e+07,0.000000000000000000e+00,0.000000000000000000e+00
-9.461346749515026808e+06,-2.722777257415397093e+07,-3.772627079202190973e+06,4.021806128951676935e+07,0.000000000000000000e+00,0.000000000000000000e+00
-9.426281856649549678e+06,-2.712686316309922189e+07,-3.758645267959472258e+06,4.006578208851772547e+07,0.000000000000000000e+00,0.000000000000000000e+00
-9.390492399908212945e+06,-2.702386860909922794e+07,-3.744374543375869282e+06,3.991042927933305502e+07,0.000000000000000000e+00,0.000000000000000000e+00
-9.353986679572509602e+06,-2.691881279862413183e+07,-3.729818215114111546e+06,3.975203875355847925e+07,0.000000000000000000e+00,0.000000000000000000e+00
-9.316775237089406699e+06,-2.681172606774852052e+07,-3.714980486481543630e+06,3.959065592290941626e+07,0.000000000000000000e+00,0.000000000000000000e+00
-9.278866634315798059e+06,-2.670263305570172146e+07,-3.699864771441740450e+06,3.942631778118117154e+07,0.000000000000000000e+00,0.000000000000000000e+00
-9.240270103393033147e+06,-2.659156033065122366e+07,-3.684474751228185836e+06,3.925906416625370830e+07,0.000000000000000000e+00,0.000000000000000000e+00
-9.200993991576535627e+06,-2.647853191424829885e+07,-3.668813754234043881e+06,3.908893115207147598e+07,0.000000000000000000e+00,0.000000000000000000e+00
-9.161046199248120189e+06,-2.636357054213566706e+07,-3.652884930665638763e+06,3.891595291093140841e+07,0.000000000000000000e+00,0.000000000000000000e+00
-9.120434417013883591e+06,-2.624669834626550600e+07,-3.636691347083111759e+06,3.874016272144756466e+07,0.000000000000000000e+00,0.000000000000000000e+00
-9.079166286820201203e+06,-2.612793731855750084e+07,-3.620236050643975381e+06,3.856159365330276638e+07,0.000000000000000000e+00,0.000000000000000000e+00
-9.037249098891418427e+06,-2.600730843874908984e+07,-3.603521948259741999e+06,3.838027728033857048e+07,0.000000000000000000e+00,0.000000000000000000e+00
-8.994690079680059105e+06,-2.588483250305575505e+07,-3.586551921413480304e+06,3.819624490406595170e+07,0.000000000000000000e+00,0.000000000000000000e+00
-8.951496385871021077e+06,-2.576053010691638663e+07,-3.569328823769045994e+06,3.800952752841114253e+07,0.000000000000000000e+00,0.000000000000000000e+00
-8.907675005666842684e+06,-2.563442136091296375e+07,-3.551855441809466574e+06,3.782015544081216305e+07,0.000000000000000000e+00,0.000000000000000000e+00
-8.863232607916206121e+06,-2.550652545659401268e+07,-3.534134434678286314e+06,3.762815757211288065e+07,0.000000000000000000e+00,0.000000000000000000e+00
-8.818176474035026506e+06,-2.537686334834813327e+07,-3.516168705774733331e+06,3.743356545330840349e+07,0.000000000000000000e+00,0.000000000000000000e+00
-8.772513321802200750e+06,-2.524545436853476241e+07,-3.497960933752836194e+06,3.723640822189990431e+07,0.000000000000000000e+00,0.000000000000000000e+00
-8.726250039718745276e+06,-2.511231834081578255e+07,-3.479513865340534132e+06,3.703671573989253491e+07,0.000000000000000000e+00,0.000000000000000000e+00
-8.679393537068786100e+06,-2.497747514866253734e+07,-3.460830255552846473e+06,3.683451795725241303e+07,0.000000000000000000e+00,0.000000000000000000e+00
-8.631950734850598499e+06,-2.484094470925722271e+07,-3.441912864075704012e+06,3.662984487349061668e+07,0.000000000000000000e+00,0.000000000000000000e+00
-8.583928603425076231e+06,-2.470274708183729276e+07,-3.422764470277937595e+06,3.642272669749815017e+07,0.000000000000000000e+00,0.000000000000000000e+00
-8.535334162221727893e+06,-2.456290246684939787e+07,-3.403387873094047885e+06,3.621319384631323069e+07,0.000000000000000000e+00,0.000000000000000000e+00
-8.486174490304712206e+06,-2.442143123635622114e+07,-3.383785895237319637e+06,3.600127698996282369e+07,0.000000000000000000e+00,0.000000000000000000e+00
-8.436456741329994053e+06,-2.427835397708000988e+07,-3.363961389163846150e+06,3.578700711490429193e+07,0.000000000000000000e+00,0.000000000000000000e+00
-8.386188128314762376e+06,-2.413369144657217711e+07,-3.343917230999478605e+06,3.557041545938996971e+07,0.000000000000000000e+00,0.000000000000000000e+00
-8.335375953814968467e+06,-2.398746466005792841e+07,-3.323656332572846673e+06,3.535153364144871384e+07,0.000000000000000000e+00,0.000000000000000000e+00
-8.284027857376669534e+06,-2.383969560254934430e+07,-3.303181740084357560e+06,3.513039470819544047e+07,0.000000000000000000e+00,0.000000000000000000e+00
-8.232150813708106987e+06,-2.369040434579464793e+07,-3.282496234636308625e+06,3.490702888717617840e+07,0.000000000000000000e+00,0.000000000000000000e+00
-8.179752662021269090e+06,-2.353961344940261170e+07,-3.261602942044105381e+06,3.468147007212617248e+07,0.000000000000000000e+00,0.000000000000000000e+00
-8.126841066855485551e+06,-2.338734497031072155e+07,-3.240504918473999016e+06,3.445375141571404785e+07,0.000000000000000000e+00,0.000000000000000000e+00
-8.073423795106109232e+06,-2.323362126001563668e+07,-3.219205260905785486e+06,3.422390650435809791e+07,0.000000000000000000e+00,0.000000000000000000e+00
-8.019508717530132271e+06,-2.307846496890604123e+07,-3.197707107733157929e+06,3.399196936450735480e+07,0.000000000000000000e+00,0.000000000000000000e+00
-7.965103809349712916e+06,-2.292189904799947515e+07,-3.176013639004355762e+06,3.375797446508783847e+07,0.000000000000000000e+00,0.000000000000000000e+00
-7.910216865050330758e+06,-2.276394592819119245e+07,-3.154127962700490374e+06,3.352195550875936821e+07,0.000000000000000000e+00,0.000000000000000000e+00
-7.854856653418330476e+06,-2.260463084421011060e+07,-3.132053575296397787e+06,3.328395032673994824e+07,0.000000000000000000e+00,0.000000000000000000e+00
-7.799031143149784766e+06,-2.244397672829305381e+07,-3.109793654238099232e+06,3.304399335881688818e+07,0.000000000000000000e+00,0.000000000000000000e+00
-7.742748772541248240e+06,-2.228200786408859491e+07,-3.087351564220592380e+06,3.280212103423092887e+07,0.000000000000000000e+00,0.000000000000000000e+00
-7.686018039397639222e+06,-2.211874870649791136e+07,-3.064730693667302374e+06,3.255837003357962519e+07,0.000000000000000000e+00,0.000000000000000000e+00
-7.628847558198569342e+06,-2.195422404618747160e+07,-3.041934477524639107e+06,3.231277753091852739e+07,0.000000000000000000e+00,0.000000000000000000e+00
-7.571246083497140557e+06,-2.178845907692590728e+07,-3.018966406592059415e+06,3.206538129269702733e+07,0.000000000000000000e+00,0.000000000000000000e+00
-7.513222436112094671e+06,-2.162147918318044767e+07,-2.995829998091850430e+06,3.181621936498313025e+07,0.000000000000000000e+00,0.000000000000000000e+00
-7.454785568649973720e+06,-2.145331012867600843e+07,-2.972528821795500349e+06,3.156533035084258765e+07,0.000000000000000000e+00,0.000000000000000000e+00
-7.395944520939853974e+06,-2.128397792814565450e+07,-2.949066482253700960e+06,3.131275322144843638e+07,0.000000000000000000e+00,0.000000000000000000e+00
-7.336708459999890998e+06,-2.111350896234596893e+07,-2.925446634732645936e+06,3.105852748515767232e+07,0.000000000000000000e+00,0.000000000000000000e+00
-7.277086649476332590e+06,-2.094192989010892808e+07,-2.901672973028114066e+06,3.080269305793987587e+07,0.000000000000000000e+00,0.000000000000000000e+00
-7.217088458411661908e+06,-2.076926767357477173e+07,-2.877749232961688191e+06,3.054529030034157634e+07,0.000000000000000000e+00,0.000000000000000000e+00
-7.156723359955127351e+06,-2.059554957448119670e+07,-2.853679191866586916e+06,3.028636001185776666e+07,0.000000000000000000e+00,0.000000000000000000e+00
-7.096000929698884487e+06,-2.042080314937510341e+07,-2.829466667924219742e+06,3.002594342371766269e+07,0.000000000000000000e+00,0.000000000000000000e+00
-7.034930844631153159e+06,-2.024505624660001323e+07,-2.805115519746766891e+06,2.976408219427930936e+07,0.000000000000000000e+00,0.000000000000000000e+00
-6.973522881445691921e+06,-2.006833700143108889e+07,-2.780629645703095943e+06,2.950081840169904754e+07,0.000000000000000000e+00,0.000000000000000000e+00
-6.911786925969243981e+06,-1.989067386320533976e+07,-2.756012987677872647e+06,2.923619458362733200e+07,0.000000000000000000e+00,0.000000000000000000e+00
-6.849733165896658786e+06,-1.971209614997291192e+07,-2.731269607922961004e+06,2.897025455215118080e+07,0.000000000000000000e+00,0.000000000000000000e+00
-6.787371359769662842e+06,-1.953263194477121904e+07,-2.706403397569268476e+06,2.870304030167618021e+07,0.000000000000000000e+00,0.000000000000000000e+00
-6.724711570508838631e+06,-1.935231020657622069e+07,-2.681418369116040878e+06,2.843459511172427237e+07,0.000000000000000000e+00,0.000000000000000000e+00
-6.661764327979103662e+06,-1.917116123813179135e+07,-2.656318721252383664e+06,2.816496423351201788e+07,0.000000000000000000e+00,0.000000000000000000e+00
-6.598539900410709903e+06,-1.898921458925206959e+07,-2.631108548342928756e+06,2.789419180883259326e+07,0.000000000000000000e+00,0.000000000000000000e+00
-6.535048716760434210e+06,-1.880650027228845283e+07,-2.605792008840567898e+06,2.762232265601402894e+07,0.000000000000000000e+00,0.000000000000000000e+00
-6.471301295935858972e+06,-1.862304855845190212e+07,-2.580373297065268736e+06,2.734940197041038424e+07,0.000000000000000000e+00,0.000000000000000000e+00
-6.407308317040987313e+06,-1.843889017996508628e+07,-2.554856671213882044e+06,2.707547562102938071e+07,0.000000000000000000e+00,0.000000000000000000e+00
-6.343080383801718242e+06,-1.825405565212829411e+07,-2.529246359426917974e+06,2.680058915477642417e+07,0.000000000000000000e+00,0.000000000000000000e+00
-6.278628310136327520e+06,-1.806857609513141960e+07,-2.503546673657209612e+06,2.652478900310548022e+07,0.000000000000000000e+00,0.000000000000000000e+00
-6.213962952050632797e+06,-1.788248275028346851e+07,-2.477761942639619578e+06,2.624812177136561647e+07,0.000000000000000000e+00,0.000000000000000000e+00
-6.149095174212309532e+06,-1.769580688382047042e+07,-2.451896498562847264e+06,2.597063409751489758e+07,0.000000000000000000e+00,0.000000000000000000e+00
-6.084036142134449445e+06,-1.750858062774848565e+07,-2.425954793575003278e+06,2.569237388596373796e+07,0.000000000000000000e+00,0.000000000000000000e+00
-6.018796774837868288e+06,-1.732083540472047403e+07,-2.399941181537613273e+06,2.541338799565900117e+07,0.000000000000000000e+00,0.000000000000000000e+00
-5.953388299260401167e+06,-1.713260352351005003e+07,-2.373860139091353398e+06,2.513372458136205748e+07,0.000000000000000000e+00,0.000000000000000000e+00
-5.887821577849545516e+06,-1.694391624396401271e+07,-2.347715997539646458e+06,2.485343025439000502e+07,0.000000000000000000e+00,0.000000000000000000e+00
-5.822108653401628137e+06,-1.675480822272568941e+07,-2.321513558839417528e+06,2.457255660376220196e+07,0.000000000000000000e+00,0.000000000000000000e+00
-5.756260825702413917e+06,-1.656531197820973955e+07,-2.295257328678797930e+06,2.429115207612609863e+07,0.000000000000000000e+00,0.000000000000000000e+00
-5.690288893093364313e+06,-1.637545858577925153e+07,-2.268951612799506169e+06,2.400926299719032645e+07,0.000000000000000000e+00,0.000000000000000000e+00
-5.624204103503474966e+06,-1.618528041461597942e+07,-2.242600896212253720e+06,2.372693758537046984e+07,0.000000000000000000e+00,0.000000000000000000e+00
-5.558019232452078722e+06,-1.599481422998645157e+07,-2.216210273040684406e+06,2.344423049747570604e+07,0.000000000000000000e+00,0.000000000000000000e+00
-5.491744854647312313e+06,-1.580409046368391626e+07,-2.189783959854735993e+06,2.316118709943658486e+07,0.000000000000000000e+00,0.000000000000000000e+00
-5.425392910655045882e+06,-1.561314347815386765e+07,-2.163326717847855296e+06,2.287785851318328083e+07,0.000000000000000000e+00,0.000000000000000000e+00
-5.358974837951499969e+06,-1.542200618805523962e+07,-2.136843107611008454e+06,2.259429373240687326e+07,0.000000000000000000e+00,0.000000000000000000e+00
-5.292503190981103107e+06,-1.523071472244732454e+07,-2.110338135116205551e+06,2.231054645345104858e+07,0.000000000000000000e+00,0.000000000000000000e+00
-5.225988886489663273e+06,-1.503930049743609130e+07,-2.083816153317835415e+06,2.202666346103570238e+07,0.000000000000000000e+00,0.000000000000000000e+00
-5.159444025310864672e+06,-1.484779833668420278e+07,-2.057281987314696657e+06,2.174269652505574748e+07,0.000000000000000000e+00,0.000000000000000000e+00
-5.092880547883971594e+06,-1.465624260227280296e+07,-2.030740398249753984e+06,2.145869673153139278e+07,0.000000000000000000e+00,0.000000000000000000e+00
-5.026310088529570960e+06,-1.446466677533764951e+07,-2.004196025203896454e+06,2.117471386909518018e+07,0.000000000000000000e+00,0.000000000000000000e+00
-4.959745091121183708e+06,-1.427310666673813574e+07,-1.977653830059977714e+06,2.089080112919620797e+07,0.000000000000000000e+00,0.000000000000000000e+00
-4.893197255924227647e+06,-1.408159594738543406e+07,-1.951118478193797870e+06,2.060700856215335429e+07,0.000000000000000000e+00,0.000000000000000000e+00
-4.826678595282083377e+06,-1.389016918628564849e+07,-1.924594759419440525e+06,2.032338752472347021e+07,0.000000000000000000e+00,0.000000000000000000e+00
-4.760201136555437930e+06,-1.369886099566156045e+07,-1.898087469539007405e+06,2.003998942819254100e+07,0.000000000000000000e+00,0.000000000000000000e+00
-4.693776936112519354e+06,-1.350770607121356763e+07,-1.871601415921095759e+06,1.975686579699760303e+07,0.000000000000000000e+00,0.000000000000000000e+00
-4.627418063551489264e+06,-1.331673914671504498e+07,-1.845141411209620535e+06,1.947406820199507102e+07,0.000000000000000000e+00,0.000000000000000000e+00
-4.561136598845286295e+06,-1.312599498579579592e+07,-1.818712272185345413e+06,1.919164824815636501e+07,0.000000000000000000e+00,0.000000000000000000e+00
-4.494944671516072936e+06,-1.293550849467790686e+07,-1.792318835386342602e+06,1.890965773907545209e+07,0.000000000000000000e+00,0.000000000000000000e+00
-4.428854437137758359e+06,-1.274531465455493517e+07,-1.765965947738585062e+06,1.862814857767011970e+07,0.000000000000000000e+00,0.000000000000000000e+00
-4.362877909001369961e+06,-1.255544803716011718e+07,-1.739658399434021907e+06,1.834717205789094046e+07,0.000000000000000000e+00,0.000000000000000000e+00
-4.297027221248692833e+06,-1.236594356200985424e+07,-1.713401028852759860e+06,1.806677997132438421e+07,0.000000000000000000e+00,0.000000000000000000e+00
-4.231314612738749944e+06,-1.217683644997478649e+07,-1.687198716129961656e+06,1.778702453856478259e+07,0.000000000000000000e+00,0.000000000000000000e+00
-4.165752166809976567e+06,-1.198816147436992265e+07,-1.661056279388352996e+06,1.750795731469783559e+07,0.000000000000000000e+00,0.000000000000000000e+00
-4.100352275485844817e+06,-1.179995429684108868e+07,-1.634978659836047096e+06,1.722963114016388357e+07,0.000000000000000000e+00,0.000000000000000000e+00
-4.035126487789980136e+06,-1.161224815305726789e+07,-1.608970462542535504e+06,1.695209530067639425e+07,0.000000000000000000e+00,0.000000000000000000e+00
-3.970087220733512659e+06,-1.142507877657352947e+07,-1.583036638679535128e+06,1.667540271703927033e+07,0.000000000000000000e+00,0.000000000000000000e+00
-3.905246566394685302e+06,-1.123848096585621126e+07,-1.557182009854692034e+06,1.639960493143428862e+07,0.000000000000000000e+00,0.000000000000000000e+00
-3.840616323317733593e+06,-1.105248867464230582e+07,-1.531411280631600413e+06,1.612475224021052755e+07,0.000000000000000000e+00,0.000000000000000000e+00
-3.776209068310540635e+06,-1.086713809634844214e+07,-1.505729465899498900e+06,1.585089819368764758e+07,0.000000000000000000e+00,0.000000000000000000e+00
-3.712036809175151866e+06,-1.068246378691172227e+07,-1.480141353661655216e+06,1.557809393807976134e+07,0.000000000000000000e+00,0.000000000000000000e+00
-3.648111081665233243e+06,-1.049849894381297193e+07,-1.454651543696284061e+06,1.530638862436940894e+07,0.000000000000000000e+00,0.000000000000000000e+00
-3.584443924505437259e+06,-1.031527821197807789e+07,-1.429264836336765671e+06,1.503583349996616505e+07,0.000000000000000000e+00,0.000000000000000000e+00
-3.521047610412864015e+06,-1.013283690971413627e+07,-1.403986125218868023e+06,1.476648077771362476e+07,0.000000000000000000e+00,0.000000000000000000e+00
-3.457933870169408619e+06,-9.951208795752335340e+06,-1.378820087886561640e+06,1.449838038080698811e+07,0.000000000000000000e+00,0.000000000000000000e+00
-3.395114723791043274e+06,-9.770428461178900674e+06,-1.353771517213307787e+06,1.423158342889256217e+07,0.000000000000000000e+00,0.000000000000000000e+00
-3.332601417501718737e+06,-9.590528270268825814e+06,-1.328844897529946640e+06,1.396613778104935214e+07,0.000000000000000000e+00,0.000000000000000000e+00
-3.270406372059589252e+06,-9.411543967360334471e+06,-1.304045181502287509e+06,1.370209620201120526e+07,0.000000000000000000e+00,0.000000000000000000e+00
-3.208541031874421053e+06,-9.233508487065654248e+06,-1.279376932485985104e+06,1.343950734598373435e+07,0.000000000000000000e+00,0.000000000000000000e+00
-3.147017295813280158e+06,-9.056456071829853579e+06,-1.254844895047462080e+06,1.317842175261557475e+07,0.000000000000000000e+00,0.000000000000000000e+00
-3.085846028803987894e+06,-8.880417988637601957e+06,-1.230453401479150401e+06,1.291888561256903224e+07,0.000000000000000000e+00,0.000000000000000000e+00
-3.025039488950086292e+06,-8.705429513741243631e+06,-1.206207339589792537e+06,1.266095093077139929e+07,0.000000000000000000e+00,0.000000000000000000e+00
-2.964608883321452886e+06,-8.531522898738557473e+06,-1.182111178097893251e+06,1.240466529057334550e+07,0.000000000000000000e+00,0.000000000000000000e+00
-2.904565596047780477e+06,-8.358730904768360779e+06,-1.158169456322968937e+06,1.215007699595020153e+07,0.000000000000000000e+00,0.000000000000000000e+00
-2.844920934569239151e+06,-8.187086072273096070e+06,-1.134386683005277533e+06,1.189723400835863873e+07,0.000000000000000000e+00,0.000000000000000000e+00
-2.785686124665505253e+06,-8.016620706693425775e+06,-1.110767334323687945e+06,1.164618392537233606e+07,0.000000000000000000e+00,0.000000000000000000e+00
-2.726872306799114682e+06,-7.847366867945164442e+06,-1.087315852437625173e+06,1.139697396480656788e+07,0.000000000000000000e+00,0.000000000000000000e+00
-2.668490532015689183e+06,-7.679356358620996587e+06,-1.064036643852322595e+06,1.114965094697617181e+07,0.000000000000000000e+00,0.000000000000000000e+00
-2.610551757706816308e+06,-7.512620711796923541e+06,-1.040934077729308163e+06,1.090426127636882290e+07,0.000000000000000000e+00,0.000000000000000000e+00
-2.553066843295034952e+06,-7.347191178614565171e+06,-1.018012484165831120e+06,1.066085092297986895e+07,0.000000000000000000e+00,0.000000000000000000e+00
-2.496046545837020967e+06,-7.183098715628046542e+06,-9.952761524416721659e+05,1.041946540329387411e+07,0.000000000000000000e+00,0.000000000000000000e+00
-2.439501730327181984e+06,-7.020374590013656765e+06,-9.727294148758130614e+05,1.018015065720766410e+07,0.000000000000000000e+00,0.000000000000000000e+00
-2.383442284842331894e+06,-6.859047257583637722e+06,-9.503762142501149792e+05,9.942948520192211494e+06,0.000000000000000000e+00,0.000000000000000000e+00
-2.327879291250158567e+06,-6.699148609630119987e+06,-9.282209693598338636e+05,9.707905781016122550e+06,0.000000000000000000e+00,0.000000000000000000e+00
-2.272822830481042154e+06,-6.540707656957481988e+06,-9.062676998854592675e+05,9.475065022349813953e+06,0.000000000000000000e+00,0.000000000000000000e+00
-2.218283078498998191e+06,-6.383753683856983669e+06,-8.845204634012898896e+05,9.244469193561958149e+06,0.000000000000000000e+00,0.000000000000000000e+00
-2.164270083754659630e+06,-6.228315607663105242e+06,-8.629832666368078208e+05,9.016160681248048320e+06,0.000000000000000000e+00,0.000000000000000000e+00
-2.110793756973060779e+06,-6.074421949364920147e+06,-8.416600614046494011e+05,8.790181265870928764e+06,0.000000000000000000e+00,0.000000000000000000e+00
-2.057863877580370987e+06,-5.922100852100893855e+06,-8.205547471632065717e+05,8.566572147698938847e+06,0.000000000000000000e+00,0.000000000000000000e+00
-2.005490071101615205e+06,-5.771380016114261001e+06,-7.996711620041723363e+05,8.345373851821451448e+06,0.000000000000000000e+00,0.000000000000000000e+00
-1.953681817158959573e+06,-5.622286721770414151e+06,-7.790130858417840209e+05,8.126626260600603186e+06,0.000000000000000000e+00,0.000000000000000000e+00
-1.902448440695564263e+06,-5.474847804300990887e+06,-7.585842369134142064e+05,7.910368576230429113e+06,0.000000000000000000e+00,0.000000000000000000e+00
-1.851799106851044809e+06,-5.329089639056527987e+06,-7.383882697362065082e+05,7.696639298487165943e+06,0.000000000000000000e+00,0.000000000000000000e+00
-1.801742815717705525e+06,-5.185038126415998675e+06,-7.184287730161710642e+05,7.485476201962704770e+06,0.000000000000000000e+00,0.000000000000000000e+00
-1.752288397005482111e+06,-5.042718676433634013e+06,-6.987092675208776491e+05,7.276916312895148993e+06,0.000000000000000000e+00,0.000000000000000000e+00
-1.703444504618189763e+06,-4.902156193230509758e+06,-6.792332039167842595e+05,7.070995885607902892e+06,0.000000000000000000e+00,0.000000000000000000e+00
-1.655219610136359697e+06,-4.763375056239504367e+06,-6.600039601705758832e+05,6.867750374387046322e+06,0.000000000000000000e+00,0.000000000000000000e+00
-1.607622002133204369e+06,-4.626399118236802518e+06,-6.410248412764122477e+05,6.667214429535519332e+06,0.000000000000000000e+00,0.000000000000000000e+00
-1.560659771827849094e+06,-4.491251664054891095e+06,-6.222990735352822812e+05,6.469421836708064191e+06,0.000000000000000000e+00,0.000000000000000000e+00
-1.514340809830369661e+06,-4.357955401215470396e+06,-6.038298032571176300e+05,6.274405502274723724e+06,0.000000000000000000e+00,0.000000000000000000e+00
-1.468672813572682673e+06,-4.226532481313993223e+06,-5.856200997237928677e+05,6.082197482881492004e+06,0.000000000000000000e+00,0.000000000000000000e+00
-1.423663259888429195e+06,-4.097004421110318508e+06,-5.676729442556007998e+05,5.892828870559928007e+06,0.000000000000000000e+00,0.000000000000000000e+00
-1.379319412523211911e+06,-3.969392124141599983e+06,-5.499912332058919128e+05,5.706329822580397129e+06,0.000000000000000000e+00,0.000000000000000000e+00
-1.335648312526023248e+06,-3.843715853070830926e+06,-5.325777741297422908e+05,5.522729520318238996e+06,0.000000000000000000e+00,0.000000000000000000e+00
-1.292656773306487128e+06,-3.719995215462622698e+06,-5.154352838130738237e+05,5.342056147410625592e+06,0.000000000000000000e+00,0.000000000000000000e+00
-1.250351370813808637e+06,-3.598249135520278011e+06,-4.985663843565976131e+05,5.164336847710778005e+06,0.000000000000000000e+00,0.000000000000000000e+00
-1.208738439020408317e+06,-3.478495841088640969e+06,-4.819736013749546255e+05,4.989597705150225200e+06,0.000000000000000000e+00,0.000000000000000000e+00
-1.167824064026604872e+06,-3.360752846688606776e+06,-4.656593616460103658e+05,4.817863717846108600e+06,0.000000000000000000e+00,0.000000000000000000e+00
-1.127614137737685814e+06,-3.245037107988478616e+06,-4.496260145141048124e+05,4.649159017776200548e+06,0.000000000000000000e+00,0.000000000000000000e+00
-1.088114037474606419e+06,-3.131364099790725857e+06,-4.338757041376953712e+05,4.483505548163416795e+06,0.000000000000000000e+00,0.000000000000000000e+00
-1.049329259987740079e+06,-3.019749640590645373e+06,-4.184106222966474015e+05,4.320925675756989978e+06,0.000000000000000000e+00,0.000000000000000000e+00
-1.011264766179967555e+06,-2.910208006826778408e+06,-4.032327471064491547e+05,4.161439487370897084e+06,0.000000000000000000e+00,0.000000000000000000e+00
-9.739252786343258340e+05,-2.802752789103117771e+06,-3.883439616546907346e+05,4.005066015003631357e+06,0.000000000000000000e+00,0.000000000000000000e+00
-9.373152504183540586e+05,-2.697396802414549049e+06,-3.737460415620770073e+05,3.851823105099550448e+06,0.000000000000000000e+00,0.000000000000000000e+00
-9.014388309192543384e+05,-2.594151987827608828e+06,-3.594406413595044869e+05,3.701727275938384235e+06,0.000000000000000000e+00,0.000000000000000000e+00
-8.662998587210674305e+05,-2.493029391982488334e+06,-3.454292916478993720e+05,3.554793686401154380e+06,0.000000000000000000e+00,0.000000000000000000e+00
-8.319018598320862511e+05,-2.394039161991901696e+06,-3.317133983914146083e+05,3.411036126620119903e+06,0.000000000000000000e+00,0.000000000000000000e+00
-7.982480333522129804e+05,-2.297190504194743931e+06,-3.182942372024168726e+05,3.270466957008609083e+06,0.000000000000000000e+00,0.000000000000000000e+00
-7.653412505338308401e+05,-2.202491681453477126e+06,-3.051729529670180636e+05,3.133097102195210289e+06,0.000000000000000000e+00,0.000000000000000000e+00
-7.331840411354547832e+05,-2.109949973882796243e+06,-2.923505544037154759e+05,2.998935992790000979e+06,0.000000000000000000e+00,0.000000000000000000e+00
-7.017785865408097161e+05,-2.019571659047781490e+06,-2.798279113196866820e+05,2.867991534859813284e+06,0.000000000000000000e+00,0.000000000000000000e+00
-6.711267119751608698e+05,-1.931361989564125659e+06,-2.676057515071205562e+05,2.740270075638186652e+06,0.000000000000000000e+00,0.000000000000000000e+00
-6.412298733746145153e+05,-1.845325155310736503e+06,-2.556846555074691132e+05,2.615776347357920371e+06,0.000000000000000000e+00,0.000000000000000000e+00
-6.120891543328489643e+05,-1.761464274643068668e+06,-2.440650553939839592e+05,2.494513452209766489e+06,0.000000000000000000e+00,0.000000000000000000e+00
-5.837052507297446718e+05,-1.679781350157540292e+06,-2.327472286425201746e+05,2.376482796971101314e+06,0.000000000000000000e+00,0.000000000000000000e+00
-5.560784640006350819e+05,-1.600277249321852345e+06,-2.217312954477109888e+05,2.261684062891240232e+06,0.000000000000000000e+00,0.000000000000000000e+00
-5.292086926941307029e+05,-1.522951680180173134e+06,-2.110172153567256173e+05,2.150115168530739378e+06,0.000000000000000000e+00,0.000000000000000000e+00
-5.030954159787530079e+05,-1.447803143888687715e+06,-2.006047806926875492e+05,2.041772199872264871e+06,0.000000000000000000e+00,0.000000000000000000e+00
-4.777377097059551161e+05,-1.374828980941607384e+06,-1.904936229596601333e+05,1.936649472577590495e+06,0.000000000000000000e+00,0.000000000000000000e+00
-4.531341867127020378e+05,-1.304025199374506483e+06,-1.806831890388361062e+05,1.834739286750164116e+06,0.000000000000000000e+00,0.000000000000000000e+00
-4.292830326234582462e+05,-1.235386577794939047e+06,-1.711727554642588366e+05,1.736032069330965867e+06,0.000000000000000000e+00,0.000000000000000000e+00
-4.061819741140314145e+05,-1.168906574052433949e+06,-1.619614157683149097e+05,1.640516242387031438e+06,0.000000000000000000e+00,0.000000000000000000e+00
-3.838282746863257489e+05,-1.104577313079120358e+06,-1.530480787969549419e+05,1.548178203036241001e+06,0.000000000000000000e+00,0.000000000000000000e+00
-3.622187209258257062e+05,-1.042389547341646394e+06,-1.444314632299885270e+05,1.459002264890094055e+06,0.000000000000000000e+00,0.000000000000000000e+00
-3.413496078286354314e+05,-9.823326146154761082e+05,-1.361100917303731549e+05,1.372970595926066162e+06,0.000000000000000000e+00,0.000000000000000000e+00
-3.212167377378387609e+05,-9.243944349239543080e+05,-1.280822905200969690e+05,1.290063211258527124e+06,0.000000000000000000e+00,0.000000000000000000e+00
-3.018154095943830907e+05,-8.685614796046048868e+05,-1.203461850940654986e+05,1.210257926848297706e+06,0.000000000000000000e+00,0.000000000000000000e+00
-2.831404072847373318e+05,-8.148187377761333482e+05,-1.128996955738347315e+05,1.133530309731842019e+06,0.000000000000000000e+00,0.000000000000000000e+00
-2.651859526592089678e+05,-7.631495811349911382e+05,-1.057405179740868480e+05,1.059853487259383081e+06,0.000000000000000000e+00,0.000000000000000000e+00
-2.479457549948107044e+05,-7.135359062991377432e+05,-9.886614392550427874e+04,9.891983428580716718e+05,0.000000000000000000e+00,0.000000000000000000e+00
-2.314129619223106129e+05,-6.659579935863778228e+05,-9.227384110737139417e+04,9.215333171752811177e+05,0.000000000000000000e+00,0.000000000000000000e+00
-2.155801549014152260e+05,-6.203944939928866224e+05,-8.596065144334452634e+04,8.568243882733765058e+05,0.000000000000000000e+00,0.000000000000000000e+00
-2.004393907402334735e+05,-5.768225486775235040e+05,-7.992340765696536982e+04,7.950352346379832597e+05,0.000000000000000000e+00,0.000000000000000000e+00
-1.859820876680671936e+05,-5.352174611032054527e+05,-7.415868784420896554e+04,7.361267808294390561e+05,0.000000000000000000e+00,0.000000000000000000e+00
-1.721990919157266908e+05,-4.955528886410987470e+05,-6.866284202178692794e+04,6.800574618060637731e+05,0.000000000000000000e+00,0.000000000000000000e+00
-1.590806574240048649e+05,-4.578007841758599388e+05,-6.343198403608351509e+04,6.267831417819411727e+05,0.000000000000000000e+00,0.000000000000000000e+00
-1.466164184325197421e+05,-4.219313172220719280e+05,-5.846198063320274377e+04,5.762570064383596182e+05,0.000000000000000000e+00,0.000000000000000000e+00
-1.347953939159293659e+05,-3.879128866907398333e+05,-5.374845322786926408e+04,5.284295820185091579e+05,0.000000000000000000e+00,0.000000000000000000e+00
-1.236059880535624397e+05,-3.557121222407899913e+05,-4.928677809068935312e+04,4.832487393077761517e+05,0.000000000000000000e+00,0.000000000000000000e+00
-1.130359999009090097e+05,-3.252939121115923626e+05,-4.507209020457095903e+04,4.406597342537364457e+05,0.000000000000000000e+00,0.000000000000000000e+00
-1.030725463075874723e+05,-2.966211812970281462e+05,-4.109925252895506856e+04,4.006049117061403231e+05,0.000000000000000000e+00,0.000000000000000000e+00
-9.370216056366692646e+04,-2.696551754289268865e+05,-3.736289533415118058e+04,3.630240968219398637e+05,0.000000000000000000e+00,0.000000000000000000e+00
-8.491072030394501053e+04,-2.443552533006908488e+05,-3.385738745381529588e+04,3.278543216308869887e+05,0.000000000000000000e+00,0.000000000000000000e+00
-7.668346306967393321e+04,-2.206789316506806936e+05,-3.057684249004846788e+04,2.950298963674501283e+05,0.000000000000000000e+00,0.000000000000000000e+00
-6.900502557827287819e+04,-1.985819981722156226e+05,-2.751513447184209508e+04,2.644825730690879864e+05,0.000000000000000000e+00,0.000000000000000000e+00
-6.185938538975335541e+04,-1.780183436417739431e+05,-2.466587459508871325e+04,2.361413361238715297e+05,0.000000000000000000e+00,0.000000000000000000e+00
-5.522993241033149388e+04,-1.589401676914000418e+05,-2.202243973400547839e+04,2.099326953935533529e+05,0.000000000000000000e+00,0.000000000000000000e+00
-4.909944748823012924e+04,-1.412979172119096911e+05,-1.957796390640240861e+04,1.857806253424456227e+05,0.000000000000000000e+00,0.000000000000000000e+00
-4.345012691956439812e+04,-1.250403568756917084e+05,-1.732534804518426972e+04,1.636066843390720023e+05,0.000000000000000000e+00,0.000000000000000000e+00
-3.826360349477691489e+04,-1.101146297039363271e+05,-1.525726839042764550e+04,1.433301245919142093e+05,0.000000000000000000e+00,0.000000000000000000e+00
-3.352097045807186078e+04,-9.646632601686412818e+04,-1.336618604299021172e+04,1.248680178135464812e+05,0.000000000000000000e+00,0.000000000000000000e+00
-2.920281419964771339e+04,-8.403957751511844981e+04,-1.164436000024504028e+04,1.081354188729333691e+05,0.000000000000000000e+00,0.000000000000000000e+00
-2.528924984593651243e+04,-7.277715970101323910e+04,-1.008386134736900203e+04,9.304554587976029143e+04,0.000000000000000000e+00,0.000000000000000000e+00
-2.175996414172393270e+04,-6.262061528428539896e+04,-8.676590356203178089e+03,7.950999364085085108e+04,0.000000000000000000e+00,0.000000000000000000e+00
-1.859426595226054997e+04,-5.351039951658422797e+04,-7.414296622516365460e+03,6.743898193976319453e+04,0.000000000000000000e+00,0.000000000000000000e+00
-1.577114346505884532e+04,-4.538604480625211727e+04,-6.288601874708108880e+03,5.674163554344433214e+04,0.000000000000000000e+00,0.000000000000000000e+00
-1.326933112409807109e+04,-3.818635334093472920e+04,-5.291026663222001844e+03,4.732630716371643211e+04,0.000000000000000000e+00,0.000000000000000000e+00
-1.106738322034482007e+04,-3.184960886567260604e+04,-4.413019704105126948e+03,3.910093224479358469e+04,0.000000000000000000e+00,0.000000000000000000e+00
-9.143758552420471460e+03,-2.631382031855469177e+04,-3.645991636689174811e+03,3.197343134240456857e+04,0.000000000000000000e+00,0.000000000000000000e+00
-7.476913085436231995e+03,-2.151698848342163546e+04,-2.981351970469088428e+03,2.585214857382494301e+04,0.000000000000000000e+00,0.000000000000000000e+00
-6.045404480555150258e+03,-1.739740680403287115e+04,-2.410550765327532645e+03,2.064633892078584540e+04,0.000000000000000000e+00,0.000000000000000000e+00
-4.828003369608271896e+03,-1.389398160908554200e+04,-1.925123001289136937e+03,1.626668508740206198e+04,0.000000000000000000e+00,0.000000000000000000e+00
-3.803816416444647530e+03,-1.094658625698260221e+04,-1.516737648129056424e+03,1.262585947814220890e+04,0.000000000000000000e+00,0.000000000000000000e+00
-2.952416326015095819e+03,-8.496435274722258328e+03,-1.177249505327994484e+03,9.639111726611907216e+03,0.000000000000000000e+00,0.000000000000000000e+00
-2.253979645091913426e+03,-6.486480919482278296e+03,-8.987541488721115002e+02,7.224881023471207300e+03,0.000000000000000000e+00,0.000000000000000000e+00
-1.689429965084369087e+03,-4.861825286303552275e+03,-6.736450320901305986e+02,5.305420249719826643e+03,0.000000000000000000e+00,0.000000000000000000e+00
-1.240583476091960847e+03,-3.570139182143039761e+03,-4.946715240253949446e+02,3.807415741859241280e+03,0.000000000000000000e+00,0.000000000000000000e+00
-8.902937935216167489e+02,-2.562078906518240728e+03,-3.549966577493271984e+02,2.662585234188944924e+03,0.000000000000000000e+00,0.000000000000000000e+00
-6.225921322682517030e+02,-1.791689643414291368e+03,-2.482530235575431732e+02,1.808232434871298665e+03,0.000000000000000000e+00,0.000000000000000000e+00
-4.228161296344958373e+02,-1.216776186641944832e+03,-1.685941359526144083e+02,1.187727315952723075e+03,0.000000000000000000e+00,0.000000000000000000e+00
-2.777226933519473846e+02,-7.992276927865400467e+02,-1.107394307794742332e+02,7.508870825721950268e+02,0.000000000000000000e+00,0.000000000000000000e+00
-1.755766401857437700e+02,-5.052727645307511466e+02,-7.000960907325685412e+01,4.542223598048219060e+02,0.000000000000000000e+00,0.000000000000000000e+00
-1.062082321854574047e+02,-3.056450279234088612e+02,-4.234957912282293790e+01,2.610191729520639683e+02,0.000000000000000000e+00,0.000000000000000000e+00
-6.103229853270882899e+01,-1.756381610484413045e+02,-2.433608113583320431e+01,1.412298455186669344e+02,0.000000000000000000e+00,0.000000000000000000e+00
-3.302261742895322527e+01,-9.503217046821789893e+01,-1.316747224648425707e+01,7.115513689606697767e+01,0.000000000000000000e+00,0.000000000000000000e+00
-1.663753429934068606e+01,-4.787933600682740831e+01,-6.634067442044153218e+00,3.291535819874962243e+01,0.000000000000000000e+00,0.000000000000000000e+00
-7.696246478745647046e+00,-2.214818401076581011e+01,-3.068809192033747912e+00,1.372893957770281759e+01,0.000000000000000000e+00,0.000000000000000000e+00
-3.210073546949103740e+00,-9.237918744191263798e+00,-1.279988009114196634e+00,5.042192001191195594e+00,0.000000000000000000e+00,0.000000000000000000e+00
-1.178948648822581324e+00,-3.392767069697848470e+00,-4.700951899648840304e-01,1.579715470996813531e+00,0.000000000000000000e+00,0.000000000000000000e+00
-3.693616643046225279e-01,-1.062945441019035320e+00,-1.472796477780750346e-01,4.042801505728824685e-01,0.000000000000000000e+00,0.000000000000000000e+00
-9.452632042475671292e-02,-2.720269347414845384e-01,-3.769152168004620551e-02,7.951462061119850266e-02,0.000000000000000000e+00,0.000000000000000000e+00
-1.859151382253304563e-02,-5.350247946415418593e-02,-7.413199235494164624e-03,1.099989219533091186e-02,0.000000000000000000e+00,0.000000000000000000e+00
-2.571898405730229341e-03,-7.401384467664850857e-03,-1.025521400630640149e-03,9.360680241475070971e-04,0.000000000000000000e+00,0.000000000000000000e+00
-2.188622130513560502e-04,-6.298395693344406880e-04,-8.726934266667568175e-05,3.960265189483212653e-05,0.000000000000000000e+00,0.000000000000000000e+00
-9.259471281500882277e-06,-2.664681729612531052e-05,-3.692131048624321890e-06,5.809144618850887225e-07,0.000000000000000000e+00,0.000000000000000000e+00
-1.358229852868843251e-07,-3.908700792435821919e-07,-5.415819606206123442e-08,1.522201018433777941e-09,0.000000000000000000e+00,0.000000000000000000e+00
-3.559039253418387382e-10,-1.024216889414075926e-09,-1.419134951805671807e-10,1.809913095692201477e-13,0.000000000000000000e+00,0.000000000000000000e+00
-4.231735132657416502e-14,-1.217804661814761679e-13,-1.687366394672404665e-14,3.357039168226872825e-20,0.000000000000000000e+00,0.000000000000000000e+00
-7.849052562438246011e-21,-2.258792788707416959e-20,-3.129739246123043765e-21,1.395830208037410086e-34,0.000000000000000000e+00,0.000000000000000000e+00
-3.263574303358620799e-35,-9.391882705837443183e-35,-1.301320955441175779e-35,4.086054052223674061e-88,0.000000000000000000e+00,0.000000000000000000e+00
-9.553557104788164381e-89,-2.749313464668213066e-88,-3.809395130569097991e-89,0.000000000000000000e+00,0.000000000000000000e+00,0.000000000000000000e+00
1.325106503749568685e-172,3.813378737279124622e-172,5.283743225169090844e-173,0.000000000000000000e+00,0.000000000000000000e+00,0.000000000000000000e+00
-2.065983518357975281e-32,-5.945467476148127956e-32,-8.237923810309807386e-33,0.000000000000000000e+00,0.000000000000000000e+00,0.000000000000000000e+00
-2.065983518357975281e-32,-5.945467476148127956e-32,-8.237923810309807386e-33,0.000000000000000000e+00,0.000000000000000000e+00,0.000000000000000000e+00
-2.065983518357975281e-32,-5.945467476148127956e-32,-8.237923810309807386e-33,0.000000000000000000e+00,0.000000000000000000e+00,0.000000000000000000e+00
-2.065983518357975281e-32,-5.945467476148127956e-32,-8.237923810309807386e-33,0.000000000000000000e+00,0.000000000000000000e+00,0.000000000000000000e+00
-2.065983518357975281e-32,-5.945467476148127956e-32,-8.237923810309807386e-33,0.000000000000000000e+00,0.000000000000000000e+00,0.000000000000000000e+00
-2.065983518357975281e-32,-5.945467476148127956e-32,-8.237923810309807386e-33,0.000000000000000000e+00,0.000000000000000000e+00,0.000000000000000000e+00
-2.065983518357975281e-32,-5.945467476148127956e-32,-8.237923810309807386e-33,0.000000000000000000e+00,0.000000000000000000e+00,0.000000000000000000e+00
-2.065983518357975281e-32,-5.945467476148127956e-32,-8.237923810309807386e-33,0.000000000000000000e+00,0.000000000000000000e+00,0.000000000000000000e+00
-2.065983518357975281e-32,-5.945467476148127956e-32,-8.237923810309807386e-33,0.000000000000000000e+00,0.000000000000000000e+00,0.000000000000000000e+00
-2.065983518357975281e-32,-5.945467476148127956e-32,-8.237923810309807386e-33,0.000000000000000000e+00,0.000000000000000000e+00,0.000000000000000000e+00
-2.065983518357975281e-32,-5.945467476148127956e-32,-8.237923810309807386e-33,0.000000000000000000e+00,0.000000000000000000e+00,0.000000000000000000e+00
-2.065983518357975281e-32,-5.945467476148127956e-32,-8.237923810309807386e-33,0.000000000000000000e+00,0.000000000000000000e+00,0.000000000000000000e+00
-2.065983518357975281e-32,-5.945467476148127956e-32,-8.237923810309807386e-33,0.000000000000000000e+00,0.000000000000000000e+00,0.000000000000000000e+00
-2.065983518357975281e-32,-5.945467476148127956e-32,-8.237923810309807386e-33,0.000000000000000000e+00,0.000000000000000000e+00,0.000000000000000000e+00
-2.065983518357975281e-32,-5.945467476148127956e-32,-8.237923810309807386e-33,0.000000000000000000e+00,0.000000000000000000e+00,0.000000000000000000e+00
-2.065983518357975281e-32,-5.945467476148127956e-32,-8.237923810309807386e-33,0.000000000000000000e+00,0.000000000000000000e+00,0.000000000000000000e+00
-2.065983518357975281e-32,-5.945467476148127956e-32,-8.237923810309807386e-33,0.000000000000000000e+00,0.000000000000000000e+00,0.000000000000000000e+00
-2.065983518357975281e-32,-5.945467476148127956e-32,-8.237923810309807386e-33,0.000000000000000000e+00,0.000000000000000000e+00,0.000000000000000000e+00
-2.065983518357975281e-32,-5.945467476148127956e-32,-8.237923810309807386e-33,0.000000000000000000e+00,0.000000000000000000e+00,0.000000000000000000e+00
-2.065983518357975281e-32,-5.945467476148127956e-32,-8.237923810309807386e-33,0.000000000000000000e+00,0.000000000000000000e+00,0.000000000000000000e+00
-2.065983518357975281e-32,-5.945467476148127956e-32,-8.237923810309807386e-33,0.000000000000000000e+00,0.000000000000000000e+00,0.000000000000000000e+00
-2.065983518357975281e-32,-5.945467476148127956e-32,-8.237923810309807386e-33,0.000000000000000000e+00,0.000000000000000000e+00,0.000000000000000000e+00
-2.065983518357975281e-32,-5.945467476148127956e-32,-8.237923810309807386e-33,0.000000000000000000e+00,0.000000000000000000e+00,0.000000000000000000e+00
-2.065983518357975281e-32,-5.945467476148127956e-32,-8.237923810309807386e-33,0.000000000000000000e+00,0.000000000000000000e+00,0.000000000000000000e+00
-2.065983518357975281e-32,-5.945467476148127956e-32,-8.237923810309807386e-33,0.000000000000000000e+00,0.000000000000000000e+00,0.000000000000000000e+00
-2.065983518357975281e-32,-5.945467476148127956e-32,-8.237923810309807386e-33,0.000000000000000000e+00,0.000000000000000000e+00,0.000000000000000000e+00
-2.065983518357975281e-32,-5.945467476148127956e-32,-8.237923810309807386e-33,0.000000000000000000e+00,0.000000000000000000e+00,0.000000000000000000e+00
-2.065983518357975281e-32,-5.945467476148127956e-32,-8.237923810309807386e-33,0.000000000000000000e+00,0.000000000000000000e+00,0.000000000000000000e+00
-2.065983518357975281e-32,-5.945467476148127956e-32,-8.237923810309807386e-33,0.000000000000000000e+00,0.000000000000000000e+00,0.000000000000000000e+00
-2.065983518357975281e-32,-5.945467476148127956e-32,-8.237923810309807386e-33,0.000000000000000000e+00,0.000000000000000000e+00,0.000000000000000000e+00
-2.065983518357975281e-32,-5.945467476148127956e-32,-8.237923810309807386e-33,0.000000000000000000e+00,0.000000000000000000e+00,0.000000000000000000e+00
-2.065983518357975281e-32,-5.945467476148127956e-32,-8.237923810309807386e-33,0.000000000000000000e+00,0.000000000000000000e+00,0.000000000000000000e+00
-2.065983518357975281e-32,-5.945467476148127956e-32,-8.237923810309807386e-33,0.000000000000000000e+00,0.000000000000000000e+00,0.000000000000000000e+00
-2.065983518357975281e-32,-5.945467476148127956e-32,-8.237923810309807386e-33,0.000000000000000000e+00,0.000000000000000000e+00,0.000000000000000000e+00
-2.065983518357975281e-32,-5.945467476148127956e-32,-8.237923810309807386e-33,0.000000000000000000e+00,0.000000000000000000e+00,0.000000000000000000e+00
-2.065983518357975281e-32,-5.945467476148127956e-32,-8.237923810309807386e-33,0.000000000000000000e+00,0.000000000000000000e+00,0.000000000000000000e+00
-2.065983518357975281e-32,-5.945467476148127956e-32,-8.237923810309807386e-33,0.000000000000000000e+00,0.000000000000000000e+00,0.000000000000000000e+00
-2.065983518357975281e-32,-5.945467476148127956e-32,-8.237923810309807386e-33,0.000000000000000000e+00,0.000000000000000000e+00,0.000000000000000000e+00
-2.065983518357975281e-32,-5.945467476148127956e-32,-8.237923810309807386e-33,0.000000000000000000e+00,0.000000000000000000e+00,0.000000000000000000e+00
-2.065983518357975281e-32,-5.945467476148127956e-32,-8.237923810309807386e-33,0.000000000000000000e+00,0.000000000000000000e+00,0.000000000000000000e+00
-2.065983518357975281e-32,-5.945467476148127956e-32,-8.237923810309807386e-33,0.000000000000000000e+00,0.000000000000000000e+00,0.000000000000000000e+00
-2.065983518357975281e-32,-5.945467476148127956e-32,-8.237923810309807386e-33,0.000000000000000000e+00,0.000000000000000000e+00,0.000000000000000000e+00
-2.065983518357975281e-32,-5.945467476148127956e-32,-8.237923810309807386e-33,0.000000000000000000e+00,0.000000000000000000e+00,0.000000000000000000e+00
-2.065983518357975281e-32,-5.945467476148127956e-32,-8.237923810309807386e-33,0.000000000000000000e+00,0.000000000000000000e+00,0.000000000000000000e+00
-2.065983518357975281e-32,-5.945467476148127956e-32,-8.237923810309807386e-33,0.000000000000000000e+00,0.000000000000000000e+00,0.000000000000000000e+00
-2.065983518357975281e-32,-5.945467476148127956e-32,-8.237923810309807386e-33,0.000000000000000000e+00,0.000000000000000000e+00,0.000000000000000000e+00
-2.065983518357975281e-32,-5.945467476148127956e-32,-8.237923810309807386e-33,0.000000000000000000e+00,0.000000000000000000e+00,0.000000000000000000e+00
-2.065983518357975281e-32,-5.945467476148127956e-32,-8.237923810309807386e-33,0.000000000000000000e+00,0.000000000000000000e+00,0.000000000000000000e+00
-2.065983518357975281e-32,-5.945467476148127956e-32,-8.237923810309807386e-33,0.000000000000000000e+00,0.000000000000000000e+00,0.000000000000000000e+00
-2.065983518357975281e-32,-5.945467476148127956e-32,-8.237923810309807386e-33,0.000000000000000000e+00,0.000000000000000000e+00,0.000000000000000000e+00
-2.065983518357975281e-32,-5.945467476148127956e-32,-8.237923810309807386e-33,0.000000000000000000e+00,0.000000000000000000e+00,0.000000000000000000e+00
-2.065983518357975281e-32,-5.945467476148127956e-32,-8.237923810309807386e-33,0.000000000000000000e+00,0.000000000000000000e+00,0.000000000000000000e+00
-2.065983518357975281e-32,-5.945467476148127956e-32,-8.237923810309807386e-33,0.000000000000000000e+00,0.000000000000000000e+00,0.000000000000000000e+00
-2.065983518357975281e-32,-5.945467476148127956e-32,-8.237923810309807386e-33,0.000000000000000000e+00,0.000000000000000000e+00,0.000000000000000000e+00
-2.065983518357975281e-32,-5.945467476148127956e-32,-8.237923810309807386e-33,0.000000000000000000e+00,0.000000000000000000e+00,0.000000000000000000e+00
-2.065983518357975281e-32,-5.945467476148127956e-32,-8.237923810309807386e-33,0.000000000000000000e+00,0.000000000000000000e+00,0.000000000000000000e+00
-2.065983518357975281e-32,-5.945467476148127956e-32,-8.237923810309807386e-33,0.000000000000000000e+00,0.000000000000000000e+00,0.000000000000000000e+00
-2.065983518357975281e-32,-5.945467476148127956e-32,-8.237923810309807386e-33,0.000000000000000000e+00,0.000000000000000000e+00,0.000000000000000000e+00
-2.065983518357975281e-32,-5.945467476148127956e-32,-8.237923810309807386e-33,0.000000000000000000e+00,0.000000000000000000e+00,0.000000000000000000e+00
-2.065983518357975281e-32,-5.945467476148127956e-32,-8.237923810309807386e-33,0.000000000000000000e+00,0.000000000000000000e+00,0.000000000000000000e+00
-2.065983518357975281e-32,-5.945467476148127956e-32,-8.237923810309807386e-33,0.000000000000000000e+00,0.000000000000000000e+00,0.000000000000000000e+00
-2.065983518357975281e-32,-5.945467476148127956e-32,-8.237923810309807386e-33,0.000000000000000000e+00,0.000000000000000000e+00,0.000000000000000000e+00
-2.065983518357975281e-32,-5.945467476148127956e-32,-8.237923810309807386e-33,0.000000000000000000e+00,0.000000000000000000e+00,0.000000000000000000e+00
-2.065983518357975281e-32,-5.945467476148127956e-32,-8.237923810309807386e-33,0.000000000000000000e+00,0.000000000000000000e+00,0.000000000000000000e+00
-2.065983518357975281e-32,-5.945467476148127956e-32,-8.237923810309807386e-33,0.000000000000000000e+00,0.000000000000000000e+00,0.000000000000000000e+00
-2.065983518357975281e-32,-5.945467476148127956e-32,-8.237923810309807386e-33,0.000000000000000000e+00,0.000000000000000000e+00,0.000000000000000000e+00
-2.065983518357975281e-32,-5.945467476148127956e-32,-8.237923810309807386e-33,0.000000000000000000e+00,0.000000000000000000e+00,0.000000000000000000e+00
-2.065983518357975281e-32,-5.945467476148127956e-32,-8.237923810309807386e-33,0.000000000000000000e+00,0.000000000000000000e+00,0.000000000000000000e+00
-2.065983518357975281e-32,-5.945467476148127956e-32,-8.237923810309807386e-33,0.000000000000000000e+00,0.000000000000000000e+00,0.000000000000000000e+00
-2.065983518357975281e-32,-5.945467476148127956e-32,-8.237923810309807386e-33,0.000000000000000000e+00,0.000000000000000000e+00,0.000000000000000000e+00
-2.065983518357975281e-32,-5.945467476148127956e-32,-8.237923810309807386e-33,0.000000000000000000e+00,0.000000000000000000e+00,0.000000000000000000e+00
-2.065983518357975281e-32,-5.945467476148127956e-32,-8.237923810309807386e-33,0.000000000000000000e+00,0.000000000000000000e+00,0.000000000000000000e+00
-2.065983518357975281e-32,-5.945467476148127956e-32,-8.237923810309807386e-33,0.000000000000000000e+00,0.000000000000000000e+00,0.000000000000000000e+00
-2.065983518357975281e-32,-5.945467476148127956e-32,-8.237923810309807386e-33,0.000000000000000000e+00,0.000000000000000000e+00,0.000000000000000000e+00
-2.065983518357975281e-32,-5.945467476148127956e-32,-8.237923810309807386e-33,0.000000000000000000e+00,0.000000000000000000e+00,0.000000000000000000e+00
-2.065983518357975281e-32,-5.945467476148127956e-32,-8.237923810309807386e-33,0.000000000000000000e+00,0.000000000000000000e+00,0.000000000000000000e+00
-2.065983518357975281e-32,-5.945467476148127956e-32,-8.237923810309807386e-33,0.000000000000000000e+00,0.000000000000000000e+00,0.000000000000000000e+00
-2.065983518357975281e-32,-5.945467476148127956e-32,-8.237923810309807386e-33,0.000000000000000000e+00,0.000000000000000000e+00,0.000000000000000000e+00
-2.065983518357975281e-32,-5.945467476148127956e-32,-8.237923810309807386e-33,0.000000000000000000e+00,0.000000000000000000e+00,0.000000000000000000e+00
-2.065983518357975281e-32,-5.945467476148127956e-32,-8.237923810309807386e-33,0.000000000000000000e+00,0.000000000000000000e+00,0.000000000000000000e+00
-2.065983518357975281e-32,-5.945467476148127956e-32,-8.237923810309807386e-33,0.000000000000000000e+00,0.000000000000000000e+00,0.000000000000000000e+00
-2.065983518357975281e-32,-5.945467476148127956e-32,-8.237923810309807386e-33,0.000000000000000000e+00,0.000000000000000000e+00,0.000000000000000000e+00
-2.065983518357975281e-32,-5.945467476148127956e-32,-8.237923810309807386e-33,0.000000000000000000e+00,0.000000000000000000e+00,0.000000000000000000e+00
-2.065983518357975281e-32,-5.945467476148127956e-32,-8.237923810309807386e-33,0.000000000000000000e+00,0.000000000000000000e+00,0.000000000000000000e+00
-2.065983518357975281e-32,-5.945467476148127956e-32,-8.237923810309807386e-33,0.000000000000000000e+00,0.000000000000000000e+00,0.000000000000000000e+00
-2.065983518357975281e-32,-5.945467476148127956e-32,-8.237923810309807386e-33,0.000000000000000000e+00,0.000000000000000000e+00,0.000000000000000000e+00
-2.065983518357975281e-32,-5.945467476148127956e-32,-8.237923810309807386e-33,0.000000000000000000e+00,0.000000000000000000e+00,0.000000000000000000e+00
-2.065983518357975281e-32,-5.945467476148127956e-32,-8.237923810309807386e-33,0.000000000000000000e+00,0.000000000000000000e+00,0.000000000000000000e+00
-2.065983518357975281e-32,-5.945467476148127956e-32,-8.237923810309807386e-33,0.000000000000000000e+00,0.000000000000000000e+00,0.000000000000000000e+00
-2.065983518357975281e-32,-5.945467476148127956e-32,-8.237923810309807386e-33,0.000000000000000000e+00,0.000000000000000000e+00,0.000000000000000000e+00
-2.065983518357975281e-32,-5.945467476148127956e-32,-8.237923810309807386e-33,0.000000000000000000e+00,0.000000000000000000e+00,0.000000000000000000e+00
-2.065983518357975281e-32,-5.945467476148127956e-32,-8.237923810309807386e-33,0.000000000000000000e+00,0.000000000000000000e+00,0.000000000000000000e+00
-2.065983518357975281e-32,-5.945467476148127956e-32,-8.237923810309807386e-33,0.000000000000000000e+00,0.000000000000000000e+00,0.000000000000000000e+00
-2.065983518357975281e-32,-5.945467476148127956e-32,-8.237923810309807386e-33,0.000000000000000000e+00,0.000000000000000000e+00,0.000000000000000000e+00
-2.065983518357975281e-32,-5.945467476148127956e-32,-8.237923810309807386e-33,0.000000000000000000e+00,0.000000000000000000e+00,0.000000000000000000e+00
-2.065983518357975281e-32,-5.945467476148127956e-32,-8.237923810309807386e-33,0.000000000000000000e+00,0.000000000000000000e+00,0.000000000000000000e+00
-2.065983518357975281e-32,-5.945467476148127956e-32,-8.237923810309807386e-33,0.000000000000000000e+00,0.000000000000000000e+00,0.000000000000000000e+00
-2.065983518357975281e-32,-5.945467476148127956e-32,-8.237923810309807386e-33,0.000000000000000000e+00,0.000000000000000000e+00,0.000000000000000000e+00
-2.065983518357975281e-32,-5.945467476148127956e-32,-8.237923810309807386e-33,0.000000000000000000e+00,0.000000000000000000e+00,0.000000000000000000e+00
-2.065983518357975281e-32,-5.945467476148127956e-32,-8.237923810309807386e-33,0.000000000000000000e+00,0.000000000000000000e+00,0.000000000000000000e+00
-2.065983518357975281e-32,-5.945467476148127956e-32,-8.237923810309807386e-33,0.000000000000000000e+00,0.000000000000000000e+00,0.000000000000000000e+00
-2.065983518357975281e-32,-5.945467476148127956e-32,-8.237923810309807386e-33,0.000000000000000000e+00,0.000000000000000000e+00,0.000000000000000000e+00
-2.065983518357975281e-32,-5.945467476148127956e-32,-8.237923810309807386e-33,0.000000000000000000e+00,0.000000000000000000e+00,0.000000000000000000e+00
-2.065983518357975281e-32,-5.945467476148127956e-32,-8.237923810309807386e-33,0.000000000000000000e+00,0.000000000000000000e+00,0.000000000000000000e+00
-2.065983518357975281e-32,-5.945467476148127956e-32,-8.237923810309807386e-33,0.000000000000000000e+00,0.000000000000000000e+00,0.000000000000000000e+00
-2.065983518357975281e-32,-5.945467476148127956e-32,-8.237923810309807386e-33,0.000000000000000000e+00,0.000000000000000000e+00,0.000000000000000000e+00
-2.065983518357975281e-32,-5.945467476148127956e-32,-8.237923810309807386e-33,0.000000000000000000e+00,0.000000000000000000e+00,0.000000000000000000e+00
-2.065983518357975281e-32,-5.945467476148127956e-32,-8.237923810309807386e-33,0.000000000000000000e+00,0.000000000000000000e+00,0.000000000000000000e+00
-2.065983518357975281e-32,-5.945467476148127956e-32,-8.237923810309807386e-33,0.000000000000000000e+00,0.000000000000000000e+00,0.000000000000000000e+00
-2.065983518357975281e-32,-5.945467476148127956e-32,-8.237923810309807386e-33,0.000000000000000000e+00,0.000000000000000000e+00,0.000000000000000000e+00
-2.065983518357975281e-32,-5.945467476148127956e-32,-8.237923810309807386e-33,0.000000000000000000e+00,0.000000000000000000e+00,0.000000000000000000e+00
-2.065983518357975281e-32,-5.945467476148127956e-32,-8.237923810309807386e-33,0.000000000000000000e+00,0.000000000000000000e+00,0.000000000000000000e+00
-2.065983518357975281e-32,-5.945467476148127956e-32,-8.237923810309807386e-33,0.000000000000000000e+00,0.000000000000000000e+00,0.000000000000000000e+00
-2.065983518357975281e-32,-5.945467476148127956e-32,-8.237923810309807386e-33,0.000000000000000000e+00,0.000000000000000000e+00,0.000000000000000000e+00
-2.065983518357975281e-32,-5.945467476148127956e-32,-8.237923810309807386e-33,0.000000000000000000e+00,0.000000000000000000e+00,0.000000000000000000e+00
-2.065983518357975281e-32,-5.945467476148127956e-32,-8.237923810309807386e-33,0.000000000000000000e+00,0.000000000000000000e+00,0.000000000000000000e+00
-2.065983518357975281e-32,-5.945467476148127956e-32,-8.237923810309807386e-33,0.000000000000000000e+00,0.000000000000000000e+00,0.000000000000000000e+00
-2.065983518357975281e-32,-5.945467476148127956e-32,-8.237923810309807386e-33,0.000000000000000000e+00,0.000000000000000000e+00,0.000000000000000000e+00
-2.065983518357975281e-32,-5.945467476148127956e-32,-8.237923810309807386e-33,0.000000000000000000e+00,0.000000000000000000e+00,0.000000000000000000e+00
-2.065983518357975281e-32,-5.945467476148127956e-32,-8.237923810309807386e-33,0.000000000000000000e+00,0.000000000000000000e+00,0.000000000000000000e+00
-2.065983518357975281e-32,-5.945467476148127956e-32,-8.237923810309807386e-33,0.000000000000000000e+00,0.000000000000000000e+00,0.000000000000000000e+00
-2.065983518357975281e-32,-5.945467476148127956e-32,-8.237923810309807386e-33,0.000000000000000000e+00,0.000000000000000000e+00,0.000000000000000000e+00
-2.065983518357975281e-32,-5.945467476148127956e-32,-8.237923810309807386e-33,0.000000000000000000e+00,0.000000000000000000e+00,0.000000000000000000e+00
-2.065983518357975281e-32,-5.945467476148127956e-32,-8.237923810309807386e-33,0.000000000000000000e+00,0.000000000000000000e+00,0.000000000000000000e+00
-2.065983518357975281e-32,-5.945467476148127956e-32,-8.237923810309807386e-33,0.000000000000000000e+00,0.000000000000000000e+00,0.000000000000000000e+00
-2.065983518357975281e-32,-5.945467476148127956e-32,-8.237923810309807386e-33,0.000000000000000000e+00,0.000000000000000000e+00,0.000000000000000000e+00
-2.065983518357975281e-32,-5.945467476148127956e-32,-8.237923810309807386e-33,0.000000000000000000e+00,0.000000000000000000e+00,0.000000000000000000e+00
-2.065983518357975281e-32,-5.945467476148127956e-32,-8.237923810309807386e-33,0.000000000000000000e+00,0.000000000000000000e+00,0.000000000000000000e+00
-2.065983518357975281e-32,-5.945467476148127956e-32,-8.237923810309807386e-33,0.000000000000000000e+00,0.000000000000000000e+00,0.000000000000000000e+00
-2.065983518357975281e-32,-5.945467476148127956e-32,-8.237923810309807386e-33,0.000000000000000000e+00,0.000000000000000000e+00,0.000000000000000000e+00
-2.065983518357975281e-32,-5.945467476148127956e-32,-8.237923810309807386e-33,0.000000000000000000e+00,0.000000000000000000e+00,0.000000000000000000e+00
-2.065983518357975281e-32,-5.945467476148127956e-32,-8.237923810309807386e-33,0.000000000000000000e+00,0.000000000000000000e+00,0.000000000000000000e+00
-2.065983518357975281e-32,-5.945467476148127956e-32,-8.237923810309807386e-33,0.000000000000000000e+00,0.000000000000000000e+00,0.000000000000000000e+00
-2.065983518357975281e-32,-5.945467476148127956e-32,-8.237923810309807386e-33,0.000000000000000000e+00,0.000000000000000000e+00,0.000000000000000000e+00
-2.065983518357975281e-32,-5.945467476148127956e-32,-8.237923810309807386e-33,0.000000000000000000e+00,0.000000000000000000e+00,0.000000000000000000e+00
-2.065983518357975281e-32,-5.945467476148127956e-32,-8.237923810309807386e-33,0.000000000000000000e+00,0.000000000000000000e+00,0.000000000000000000e+00
-2.065983518357975281e-32,-5.945467476148127956e-32,-8.237923810309807386e-33,0.000000000000000000e+00,0.000000000000000000e+00,0.000000000000000000e+00
-2.065983518357975281e-32,-5.945467476148127956e-32,-8.237923810309807386e-33,0.000000000000000000e+00,0.000000000000000000e+00,0.000000000000000000e+00
-2.065983518357975281e-32,-5.945467476148127956e-32,-8.237923810309807386e-33,0.000000000000000000e+00,0.000000000000000000e+00,0.000000000000000000e+00
-2.065983518357975281e-32,-5.945467476148127956e-32,-8.237923810309807386e-33,0.000000000000000000e+00,0.000000000000000000e+00,0.000000000000000000e+00
-2.065983518357975281e-32,-5.945467476148127956e-32,-8.237923810309807386e-33,0.000000000000000000e+00,0.000000000000000000e+00,0.000000000000000000e+00
-2.065983518357975281e-32,-5.945467476148127956e-32,-8.237923810309807386e-33,0.000000000000000000e+00,0.000000000000000000e+00,0.000000000000000000e+00
-2.065983518357975281e-32,-5.945467476148127956e-32,-8.237923810309807386e-33,0.000000000000000000e+00,0.000000000000000000e+00,0.000000000000000000e+00
-2.065983518357975281e-32,-5.945467476148127956e-32,-8.237923810309807386e-33,0.000000000000000000e+00,0.000000000000000000e+00,0.000000000000000000e+00
-2.065983518357975281e-32,-5.945467476148127956e-32,-8.237923810309807386e-33,0.000000000000000000e+00,0.000000000000000000e+00,0.000000000000000000e+00
-2.065983518357975281e-32,-5.945467476148127956e-32,-8.237923810309807386e-33,0.000000000000000000e+00,0.000000000000000000e+00,0.000000000000000000e+00
-2.065983518357975281e-32,-5.945467476148127956e-32,-8.237923810309807386e-33,0.000000000000000000e+00,0.000000000000000000e+00,0.000000000000000000e+00
