# time (s)
0.000000000000000000e+00
9.000000000000000000e+01
1.800000000000000000e+02
2.700000000000000000e+02
3.600000000000000000e+02
4.500000000000000000e+02
5.400000000000000000e+02
6.300000000000000000e+02
7.200000000000000000e+02
8.100000000000000000e+02
9.000000000000000000e+02
9.900000000000000000e+02
1.080000000000000000e+03
1.170000000000000000e+03
1.260000000000000000e+03
1.350000000000000000e+03
1.440000000000000000e+03
1.530000000000000000e+03
1.620000000000000000e+03
1.710000000000000000e+03
1.800000000000000000e+03
1.890000000000000000e+03
1.980000000000000000e+03
2.070000000000000000e+03
2.160000000000000000e+03
2.250000000000000000e+03
2.340000000000000000e+03
2.430000000000000000e+03
2.520000000000000000e+03
2.610000000000000000e+03
2.700000000000000000e+03
2.790000000000000000e+03
2.880000000000000000e+03
2.970000000000000000e+03
3.060000000000000000e+03
3.150000000000000000e+03
3.240000000000000000e+03
3.330000000000000000e+03
3.420000000000000000e+03
3.510000000000000000e+03
3.600000000000000000e+03
3.690000000000000000e+03
3.780000000000000000e+03
3.870000000000000000e+03
3.960000000000000000e+03
4.050000000000000000e+03
4.140000000000000000e+03
4.230000000000000000e+03
4.320000000000000000e+03
4.410000000000000000e+03
4.500000000000000000e+03
4.590000000000000000e+03
4.680000000000000000e+03
4.770000000000000000e+03
4.860000000000000000e+03
4.950000000000000000e+03
5.040000000000000000e+03
5.130000000000000000e+03
5.220000000000000000e+03
5.310000000000000000e+03
5.400000000000000000e+03
5.490000000000000000e+03
5.580000000000000000e+03
5.670000000000000000e+03
5.760000000000000000e+03
5.850000000000000000e+03
5.940000000000000000e+03
6.030000000000000000e+03
6.120000000000000000e+03
6.210000000000000000e+03
6.300000000000000000e+03
6.390000000000000000e+03
6.480000000000000000e+03
6.570000000000000000e+03
6.660000000000000000e+03
6.750000000000000000e+03
6.840000000000000000e+03
6.930000000000000000e+03
7.020000000000000000e+03
7.110000000000000000e+03
7.200000000000000000e+03
7.290000000000000000e+03
7.380000000000000000e+03
7.470000000000000000e+03
7.560000000000000000e+03
7.650000000000000000e+03
7.740000000000000000e+03
7.830000000000000000e+03
7.920000000000000000e+03
8.010000000000000000e+03
8.100000000000000000e+03
8.190000000000000000e+03
8.280000000000000000e+03
8.370000000000000000e+03
8.460000000000000000e+03
8.550000000000000000e+03
8.640000000000000000e+03
8.730000000000000000e+03
8.820000000000000000e+03
8.910000000000000000e+03
9.000000000000000000e+03
9.090000000000000000e+03
9.180000000000000000e+03
9.270000000000000000e+03
9.360000000000000000e+03
9.450000000000000000e+03
9.540000000000000000e+03
9.630000000000000000e+03
9.720000000000000000e+03
9.810000000000000000e+03
9.900000000000000000e+03
9.990000000000000000e+03
1.008000000000000000e+04
1.017000000000000000e+04
1.026000000000000000e+04
1.035000000000000000e+04
1.044000000000000000e+04
1.053000000000000000e+04
1.062000000000000000e+04
1.071000000000000000e+04
1.080000000000000000e+04
1.089000000000000000e+04
1.098000000000000000e+04
1.107000000000000000e+04
1.116000000000000000e+04
1.125000000000000000e+04
1.134000000000000000e+04
1.143000000000000000e+04
1.152000000000000000e+04
1.161000000000000000e+04
1.170000000000000000e+04
1.179000000000000000e+04
1.188000000000000000e+04
1.197000000000000000e+04
1.206000000000000000e+04
1.215000000000000000e+04
1.224000000000000000e+04
1.233000000000000000e+04
1.242000000000000000e+04
1.251000000000000000e+04
1.260000000000000000e+04
1.269000000000000000e+04
1.278000000000000000e+04
1.287000000000000000e+04
1.296000000000000000e+04
1.305000000000000000e+04
1.314000000000000000e+04
1.323000000000000000e+04
1.332000000000000000e+04
1.341000000000000000e+04
1.350000000000000000e+04
1.359000000000000000e+04
1.368000000000000000e+04
1.377000000000000000e+04
1.386000000000000000e+04
1.395000000000000000e+04
1.404000000000000000e+04
1.413000000000000000e+04
1.422000000000000000e+04
1.431000000000000000e+04
1.440000000000000000e+04
1.449000000000000000e+04
1.458000000000000000e+04
1.467000000000000000e+04
1.476000000000000000e+04
1.485000000000000000e+04
1.494000000000000000e+04
1.503000000000000000e+04
1.512000000000000000e+04
1.521000000000000000e+04
1.530000000000000000e+04
1.539000000000000000e+04
1.548000000000000000e+04
1.557000000000000000e+04
1.566000000000000000e+04
1.575000000000000000e+04
1.584000000000000000e+04
1.593000000000000000e+04
1.602000000000000000e+04
1.611000000000000000e+04
1.620000000000000000e+04
1.629000000000000000e+04
1.638000000000000000e+04
1.647000000000000000e+04
1.656000000000000000e+04
1.665000000000000000e+04
1.674000000000000000e+04
1.683000000000000000e+04
1.692000000000000000e+04
1.701000000000000000e+04
1.710000000000000000e+04
1.719000000000000000e+04
1.728000000000000000e+04
1.737000000000000000e+04
1.746000000000000000e+04
1.755000000000000000e+04
1.764000000000000000e+04
1.773000000000000000e+04
1.782000000000000000e+04
1.791000000000000000e+04
1.800000000000000000e+04
1.809000000000000000e+04
1.818000000000000000e+04
1.827000000000000000e+04
1.836000000000000000e+04
1.845000000000000000e+04
1.854000000000000000e+04
1.863000000000000000e+04
1.872000000000000000e+04
1.881000000000000000e+04
1.890000000000000000e+04
1.899000000000000000e+04
1.908000000000000000e+04
1.917000000000000000e+04
1.926000000000000000e+04
1.935000000000000000e+04
1.944000000000000000e+04
1.953000000000000000e+04
1.962000000000000000e+04
1.971000000000000000e+04
1.980000000000000000e+04
1.989000000000000000e+04
1.998000000000000000e+04
2.007000000000000000e+04
2.016000000000000000e+04
2.025000000000000000e+04
2.034000000000000000e+04
2.043000000000000000e+04
2.052000000000000000e+04
2.061000000000000000e+04
2.070000000000000000e+04
2.079000000000000000e+04
2.088000000000000000e+04
2.097000000000000000e+04
2.106000000000000000e+04
2.115000000000000000e+04
2.124000000000000000e+04
2.133000000000000000e+04
2.142000000000000000e+04
2.151000000000000000e+04
2.160000000000000000e+04
2.169000000000000000e+04
2.178000000000000000e+04
2.187000000000000000e+04
2.196000000000000000e+04
2.205000000000000000e+04
2.214000000000000000e+04
2.223000000000000000e+04
2.232000000000000000e+04
2.241000000000000000e+04
2.250000000000000000e+04
2.259000000000000000e+04
2.268000000000000000e+04
2.277000000000000000e+04
2.286000000000000000e+04
2.295000000000000000e+04
2.304000000000000000e+04
2.313000000000000000e+04
2.322000000000000000e+04
2.331000000000000000e+04
2.340000000000000000e+04
2.349000000000000000e+04
2.358000000000000000e+04
2.367000000000000000e+04
2.376000000000000000e+04
2.385000000000000000e+04
2.394000000000000000e+04
2.403000000000000000e+04
2.412000000000000000e+04
2.421000000000000000e+04
2.430000000000000000e+04
2.439000000000000000e+04
2.448000000000000000e+04
2.457000000000000000e+04
2.466000000000000000e+04
2.475000000000000000e+04
2.484000000000000000e+04
2.493000000000000000e+04
2.502000000000000000e+04
2.511000000000000000e+04
2.520000000000000000e+04
2.529000000000000000e+04
2.538000000000000000e+04
2.547000000000000000e+04
2.556000000000000000e+04
2.565000000000000000e+04
2.574000000000000000e+04
2.583000000000000000e+04
2.592000000000000000e+04
2.601000000000000000e+04
2.610000000000000000e+04
2.619000000000000000e+04
2.628000000000000000e+04
2.637000000000000000e+04
2.646000000000000000e+04
2.655000000000000000e+04
2.664000000000000000e+04
2.673000000000000000e+04
2.682000000000000000e+04
2.691000000000000000e+04
2.700000000000000000e+04
2.709000000000000000e+04
2.718000000000000000e+04
2.727000000000000000e+04
2.736000000000000000e+04
2.745000000000000000e+04
2.754000000000000000e+04
2.763000000000000000e+04
2.772000000000000000e+04
2.781000000000000000e+04
2.790000000000000000e+04
2.799000000000000000e+04
2.808000000000000000e+04
2.817000000000000000e+04
2.826000000000000000e+04
2.835000000000000000e+04
2.844000000000000000e+04
2.853000000000000000e+04
2.862000000000000000e+04
2.871000000000000000e+04
2.880000000000000000e+04
2.889000000000000000e+04
2.898000000000000000e+04
2.907000000000000000e+04
2.916000000000000000e+04
2.925000000000000000e+04
2.934000000000000000e+04
2.943000000000000000e+04
2.952000000000000000e+04
2.961000000000000000e+04
2.970000000000000000e+04
2.979000000000000000e+04
2.988000000000000000e+04
2.997000000000000000e+04
3.006000000000000000e+04
3.015000000000000000e+04
3.024000000000000000e+04
3.033000000000000000e+04
3.042000000000000000e+04
3.051000000000000000e+04
3.060000000000000000e+04
3.069000000000000000e+04
3.078000000000000000e+04
3.087000000000000000e+04
3.096000000000000000e+04
3.105000000000000000e+04
3.114000000000000000e+04
3.123000000000000000e+04
3.132000000000000000e+04
3.141000000000000000e+04
3.150000000000000000e+04
3.159000000000000000e+04
3.168000000000000000e+04
3.177000000000000000e+04
3.186000000000000000e+04
3.195000000000000000e+04
3.204000000000000000e+04
3.213000000000000000e+04
3.222000000000000000e+04
3.231000000000000000e+04
3.240000000000000000e+04
3.249000000000000000e+04
3.258000000000000000e+04
3.267000000000000000e+04
3.276000000000000000e+04
3.285000000000000000e+04
3.294000000000000000e+04
3.303000000000000000e+04
3.312000000000000000e+04
3.321000000000000000e+04
3.330000000000000000e+04
3.339000000000000000e+04
3.348000000000000000e+04
3.357000000000000000e+04
3.366000000000000000e+04
3.375000000000000000e+04
3.384000000000000000e+04
3.393000000000000000e+04
3.402000000000000000e+04
3.411000000000000000e+04
3.420000000000000000e+04
3.429000000000000000e+04
3.438000000000000000e+04
3.447000000000000000e+04
3.456000000000000000e+04
3.465000000000000000e+04
3.474000000000000000e+04
3.483000000000000000e+04
3.492000000000000000e+04
3.501000000000000000e+04
3.510000000000000000e+04
3.519000000000000000e+04
3.528000000000000000e+04
3.537000000000000000e+04
3.546000000000000000e+04
3.555000000000000000e+04
3.564000000000000000e+04
3.573000000000000000e+04
3.582000000000000000e+04
3.591000000000000000e+04
3.600000000000000000e+04
3.609000000000000000e+04
3.618000000000000000e+04
3.627000000000000000e+04
3.636000000000000000e+04
3.645000000000000000e+04
3.654000000000000000e+04
3.663000000000000000e+04
3.672000000000000000e+04
3.681000000000000000e+04
3.690000000000000000e+04
3.699000000000000000e+04
3.708000000000000000e+04
3.717000000000000000e+04
3.726000000000000000e+04
3.735000000000000000e+04
3.744000000000000000e+04
3.753000000000000000e+04
3.762000000000000000e+04
3.771000000000000000e+04
3.780000000000000000e+04
3.789000000000000000e+04
3.798000000000000000e+04
3.807000000000000000e+04
3.816000000000000000e+04
3.825000000000000000e+04
3.834000000000000000e+04
3.843000000000000000e+04
3.852000000000000000e+04
3.861000000000000000e+04
3.870000000000000000e+04
3.879000000000000000e+04
3.888000000000000000e+04
3.897000000000000000e+04
3.906000000000000000e+04
3.915000000000000000e+04
3.924000000000000000e+04
3.933000000000000000e+04
3.942000000000000000e+04
3.951000000000000000e+04
3.960000000000000000e+04
3.969000000000000000e+04
3.978000000000000000e+04
3.987000000000000000e+04
3.996000000000000000e+04
4.005000000000000000e+04
4.014000000000000000e+04
4.023000000000000000e+04
4.032000000000000000e+04
4.041000000000000000e+04
4.050000000000000000e+04
4.059000000000000000e+04
4.068000000000000000e+04
4.077000000000000000e+04
4.086000000000000000e+04
4.095000000000000000e+04
4.104000000000000000e+04
4.113000000000000000e+04
4.122000000000000000e+04
4.131000000000000000e+04
4.140000000000000000e+04
4.149000000000000000e+04
4.158000000000000000e+04
4.167000000000000000e+04
4.176000000000000000e+04
4.185000000000000000e+04
4.194000000000000000e+04
4.203000000000000000e+04
4.212000000000000000e+04
4.221000000000000000e+04
4.230000000000000000e+04
4.239000000000000000e+04
4.248000000000000000e+04
4.257000000000000000e+04
4.266000000000000000e+04
4.275000000000000000e+04
4.284000000000000000e+04
4.293000000000000000e+04
4.302000000000000000e+04
4.311000000000000000e+04
4.320000000000000000e+04
