# particle number concentration assuming water removed from particles (#/cc (air)), with time changing with rows (corresponding times given in the time output file) and size bin changing with columns with size bin numbers given in the second row of the header
# 
0.000000000000000000e+00,0.000000000000000000e+00,0.000000000000000000e+00,0.000000000000000000e+00,0.000000000000000000e+00,0.000000000000000000e+00,0.000000000000000000e+00,0.000000000000000000e+00,0.000000000000000000e+00,0.000000000000000000e+00,0.000000000000000000e+00,0.000000000000000000e+00,0.000000000000000000e+00,0.000000000000000000e+00,0.000000000000000000e+00,0.000000000000000000e+00,0.000000000000000000e+00,0.000000000000000000e+00,0.000000000000000000e+00,0.000000000000000000e+00,0.000000000000000000e+00,0.000000000000000000e+00,0.000000000000000000e+00,0.000000000000000000e+00
0.000000000000000000e+00,0.000000000000000000e+00,0.000000000000000000e+00,5.942431784084636092e+03,0.000000000000000000e+00,3.039470509048032287e-01,0.000000000000000000e+00,0.000000000000000000e+00,0.000000000000000000e+00,0.000000000000000000e+00,0.000000000000000000e+00,0.000000000000000000e+00,0.000000000000000000e+00,0.000000000000000000e+00,0.000000000000000000e+00,0.000000000000000000e+00,0.000000000000000000e+00,0.000000000000000000e+00,0.000000000000000000e+00,0.000000000000000000e+00,0.000000000000000000e+00,0.000000000000000000e+00,0.000000000000000000e+00,0.000000000000000000e+00
0.000000000000000000e+00,0.000000000000000000e+00,3.000000000000000000e+03,0.000000000000000000e+00,0.000000000000000000e+00,0.000000000000000000e+00,2.954998967922329939e+03,2.388222794677346550e-01,0.000000000000000000e+00,2.935618636175727261e+03,2.922292538497731130e+03,5.870705575592456626e+03,2.783608140745816861e+00,2.469790315302458432e-04,0.000000000000000000e+00,0.000000000000000000e+00,0.000000000000000000e+00,0.000000000000000000e+00,0.000000000000000000e+00,0.000000000000000000e+00,0.000000000000000000e+00,0.000000000000000000e+00,0.000000000000000000e+00,0.000000000000000000e+00
0.000000000000000000e+00,0.000000000000000000e+00,0.000000000000000000e+00,3.000000000000000000e+03,0.000000000000000000e+00,0.000000000000000000e+00,0.000000000000000000e+00,0.000000000000000000e+00,2.933135228921599719e+03,3.787203566576314295e-01,0.000000000000000000e+00,2.970958834706247217e+03,2.935791794478848260e+03,5.830510732455382822e+03,5.852870706389900988e+03,2.400937963230366901e+00,4.739277405786319116e-04,1.857924267845828066e-07,0.000000000000000000e+00,0.000000000000000000e+00,0.000000000000000000e+00,0.000000000000000000e+00,0.000000000000000000e+00,0.000000000000000000e+00
2.028508344243822648e+03,0.000000000000000000e+00,0.000000000000000000e+00,2.824697183797465641e+03,0.000000000000000000e+00,9.623704205715717386e-01,0.000000000000000000e+00,0.000000000000000000e+00,0.000000000000000000e+00,2.935925848946773385e+03,3.082890967985392819e-02,2.890724927965733514e+03,2.385614275277624596e+00,2.938081229271375378e+03,8.684413057986261265e+03,5.817289407817806932e+03,1.784344142269183564e+01,1.044096648309216641e-02,0.000000000000000000e+00,2.261908341415203158e-05,0.000000000000000000e+00,0.000000000000000000e+00,0.000000000000000000e+00,0.000000000000000000e+00
6.755111439840038656e+02,0.000000000000000000e+00,1.874294426677091678e+03,0.000000000000000000e+00,4.200158006484017714e-01,0.000000000000000000e+00,0.000000000000000000e+00,0.000000000000000000e+00,2.750642461540822296e+03,1.801908117683256538e+00,8.634653842909752360e-04,2.892978835523394991e+03,8.394782655056829412e-01,2.860742352259067047e+03,2.910510733113286278e+03,1.437560364350437158e+04,5.180348245068049806e+01,1.373659873621236593e-01,2.560177175778680959e-04,2.256025908835817683e-05,0.000000000000000000e+00,0.000000000000000000e+00,0.000000000000000000e+00,0.000000000000000000e+00
2.065238553902345302e+02,5.695678353422945293e+02,0.000000000000000000e+00,4.924273034830230211e-02,0.000000000000000000e+00,0.000000000000000000e+00,1.807389003462432584e+03,9.141563668096037709e-01,3.912807339897850789e-01,4.377574359697246473e-08,2.699312519636340767e+03,7.676775561565835071e-01,2.854287491695334211e+03,2.831410742629938795e+03,2.885954077281356604e+03,1.424876444843490935e+04,7.488136581275063008e+01,1.804909833476731862e+01,0.000000000000000000e+00,2.250369658308602741e-05,0.000000000000000000e+00,0.000000000000000000e+00,0.000000000000000000e+00,0.000000000000000000e+00
6.248470951797207817e+01,1.681075625973254546e+02,4.199695511846030654e-03,0.000000000000000000e+00,0.000000000000000000e+00,5.435627130134828349e+02,4.732851198774081641e-02,3.596840893473770423e-02,1.761512698717461944e+03,1.549182914438853809e+00,3.489891400800225196e-01,2.654648815088567062e+03,2.821966287448870844e+03,0.000000000000000000e+00,5.663213132177676016e+03,1.422758463489768656e+04,0.000000000000000000e+00,3.497633899895932785e+01,1.986573575425513161e-01,2.306363471756315512e-05,0.000000000000000000e+00,0.000000000000000000e+00,0.000000000000000000e+00,0.000000000000000000e+00
6.828274011447386727e+01,0.000000000000000000e+00,3.600004077051257591e-04,0.000000000000000000e+00,1.589092931469796213e+02,7.165538475422402777e-03,3.084940744841631072e-03,5.265697494507624015e+02,1.047468193848805351e-01,1.724396008557471077e+03,2.189320032881588496e+00,2.614149343605597096e+03,2.421062684457834457e+00,2.788146943336460026e+03,5.609769275487061350e+03,1.088355455722649623e+01,1.412634201048479918e+04,5.148993564879382490e+01,2.968863732013327095e-01,2.450969578252529626e-05,0.000000000000000000e+00,0.000000000000000000e+00,0.000000000000000000e+00,0.000000000000000000e+00
5.678507016174989985e+00,0.000000000000000000e+00,0.000000000000000000e+00,6.363848254580167918e+01,0.000000000000000000e+00,8.230004370169852635e-04,1.530954688042446037e+02,1.277775448957982861e-02,5.133341161375236652e+02,1.348149060675725708e-01,1.692328220273034958e+03,2.643973556883139508e+00,2.579955318546771196e+03,2.756423134801556444e+03,5.555397672603784486e+03,1.999971576179914123e+01,1.401864977912785798e+04,8.039756221898903732e+01,5.076848554878540254e-01,2.806940695877495231e-05,0.000000000000000000e+00,0.000000000000000000e+00,0.000000000000000000e+00,0.000000000000000000e+00
5.997619846495751972e+00,2.694478080694468226e-06,0.000000000000000000e+00,0.000000000000000000e+00,0.000000000000000000e+00,0.000000000000000000e+00,6.085593259754505624e+01,4.499015497173645115e-04,1.486960507325163121e+02,5.021615855825234007e+02,1.495436310941354041e-01,1.666266855979276443e+03,2.545163281201002519e+03,2.726606393636778648e+03,2.560023172507502220e+00,5.529245926922832950e+03,1.391351035114009210e+04,1.083590687408977402e+02,8.015531217679807696e-01,1.486311443959440100e-03,0.000000000000000000e+00,0.000000000000000000e+00,0.000000000000000000e+00,0.000000000000000000e+00
0.000000000000000000e+00,0.000000000000000000e+00,5.486939166378374644e+00,0.000000000000000000e+00,6.048507348043309387e-06,0.000000000000000000e+00,0.000000000000000000e+00,5.881337140162118260e+01,8.429233742873393827e-04,1.450332711718365886e+02,4.924365976363836808e+02,1.639644048614288295e+03,2.512125785125301263e+03,1.161921681146263374e+00,2.702085540918556489e+03,5.481942583744734293e+03,1.381301919580722279e+04,1.354641508918988677e+02,1.174193486188019220e+00,3.654962591769816624e-03,0.000000000000000000e+00,0.000000000000000000e+00,0.000000000000000000e+00,0.000000000000000000e+00
0.000000000000000000e+00,0.000000000000000000e+00,0.000000000000000000e+00,5.046534948831295608e+00,3.082553003807364084e-06,0.000000000000000000e+00,0.000000000000000000e+00,5.687732576680812002e+01,1.199301984757504113e-03,1.415055120575235321e+02,4.828445891831207746e+02,1.613628358426546583e+03,2.479693381182280064e+03,2.267079509344012145e+00,2.675375703825287019e+03,5.435211104966761923e+03,1.371356626543191851e+04,1.619581788387381494e+02,1.624015667781427918e+00,6.703819333407921681e-03,0.000000000000000000e+00,0.000000000000000000e+00,0.000000000000000000e+00,0.000000000000000000e+00
0.000000000000000000e+00,0.000000000000000000e+00,0.000000000000000000e+00,0.000000000000000000e+00,0.000000000000000000e+00,4.782055731873887439e+00,5.695203815290927110e-06,0.000000000000000000e+00,5.529679803668516058e+01,1.384192257967933131e+02,4.741135444912461594e+02,1.589266882301193618e+03,2.452110047366349136e+03,0.000000000000000000e+00,2.648397556085421456e+03,5.390740502661301434e+03,1.360894212022523789e+04,1.941480662723620867e+02,2.151706815787409521e+00,1.306145706139089958e-02,2.462904003069085040e-07,0.000000000000000000e+00,0.000000000000000000e+00,0.000000000000000000e+00
0.000000000000000000e+00,0.000000000000000000e+00,0.000000000000000000e+00,0.000000000000000000e+00,0.000000000000000000e+00,0.000000000000000000e+00,4.590506555888338447e+00,8.013924124464844370e-06,0.000000000000000000e+00,5.393662708467957145e+01,1.356402713180597175e+02,4.660449452292955357e+02,1.566589851963645287e+03,2.422422203784283283e+03,2.622916076177087234e+03,5.343776353205475971e+03,1.350704943062069651e+04,2.262478336704283777e+02,2.879640872925638639e+00,2.160576178640468206e-02,2.514142750023324067e-07,0.000000000000000000e+00,0.000000000000000000e+00,0.000000000000000000e+00
0.000000000000000000e+00,0.000000000000000000e+00,0.000000000000000000e+00,0.000000000000000000e+00,0.000000000000000000e+00,0.000000000000000000e+00,0.000000000000000000e+00,4.437275123199257543e+00,1.009186464935766546e-05,5.272654689579684373e+01,1.330899056485779397e+02,4.584837726973157146e+02,1.544782020413081682e+03,2.394049187071751021e+03,2.597358939161529179e+03,5.295844774482995490e+03,1.340942632143743685e+04,2.430098499046169422e+02,1.807740703274583183e+01,4.776243297250553493e-02,1.426945833008109256e-06,0.000000000000000000e+00,0.000000000000000000e+00,0.000000000000000000e+00
0.000000000000000000e+00,0.000000000000000000e+00,0.000000000000000000e+00,0.000000000000000000e+00,0.000000000000000000e+00,0.000000000000000000e+00,0.000000000000000000e+00,0.000000000000000000e+00,4.307481163010888459e+00,5.162611561022754358e+01,1.307165988396893681e+02,4.513379043929875820e+02,1.523853321293544695e+03,2.366460025952595970e+03,2.572643471138743280e+03,5.248933684529897619e+03,1.330651852346842861e+04,2.654850958555134071e+02,3.304463432012517643e+01,5.328388885795258545e-02,3.422533463048947702e-06,0.000000000000000000e+00,0.000000000000000000e+00,0.000000000000000000e+00
0.000000000000000000e+00,0.000000000000000000e+00,0.000000000000000000e+00,0.000000000000000000e+00,0.000000000000000000e+00,0.000000000000000000e+00,0.000000000000000000e+00,0.000000000000000000e+00,4.193505517935904869e+00,0.000000000000000000e+00,5.060992157473599917e+01,5.730745913637725835e+02,1.503707994213159054e+03,2.339465420233449095e+03,2.548462392916210774e+03,5.201399668203885994e+03,1.320702073158721214e+04,2.872023148052247734e+02,4.776056287468639994e+01,6.038007550309816562e-02,5.956628046960726952e-06,0.000000000000000000e+00,0.000000000000000000e+00,0.000000000000000000e+00
0.000000000000000000e+00,0.000000000000000000e+00,0.000000000000000000e+00,0.000000000000000000e+00,0.000000000000000000e+00,0.000000000000000000e+00,0.000000000000000000e+00,0.000000000000000000e+00,0.000000000000000000e+00,4.090993821341034398e+00,4.966079642836072594e+01,5.645008585919714506e+02,1.484271677261986497e+03,2.313202233379159225e+03,2.524377194145130488e+03,5.154760458879419275e+03,1.310250488837958073e+04,3.148528652859502017e+02,6.224128459750937026e+01,6.935003998875199915e-02,9.197383765328587480e-06,0.000000000000000000e+00,0.000000000000000000e+00,0.000000000000000000e+00
0.000000000000000000e+00,0.000000000000000000e+00,0.000000000000000000e+00,0.000000000000000000e+00,0.000000000000000000e+00,0.000000000000000000e+00,0.000000000000000000e+00,0.000000000000000000e+00,0.000000000000000000e+00,3.997214085592235566e+00,4.876680245812369208e+01,4.291592104741134546e-05,2.021971709443310601e+03,2.287455488448734741e+03,2.500936535445244317e+03,5.108295957899430505e+03,1.299842019367671128e+04,3.431692383796790864e+02,7.665239775208132755e+01,8.060260195319642051e-02,1.338329065166347870e-05,0.000000000000000000e+00,0.000000000000000000e+00,0.000000000000000000e+00
0.000000000000000000e+00,0.000000000000000000e+00,0.000000000000000000e+00,0.000000000000000000e+00,0.000000000000000000e+00,0.000000000000000000e+00,0.000000000000000000e+00,0.000000000000000000e+00,0.000000000000000000e+00,3.910346063230330849e+00,4.791911983684360621e+01,8.420484316212801656e-05,1.996017371215666344e+03,2.262340875699032949e+03,2.477950262362918238e+03,5.062687265413419482e+03,1.289603475229480136e+04,3.705151343250765308e+02,9.067941383365042896e+01,2.590321402488410252e-01,2.366178363594082513e-05,0.000000000000000000e+00,0.000000000000000000e+00,0.000000000000000000e+00
0.000000000000000000e+00,0.000000000000000000e+00,0.000000000000000000e+00,0.000000000000000000e+00,0.000000000000000000e+00,0.000000000000000000e+00,0.000000000000000000e+00,0.000000000000000000e+00,0.000000000000000000e+00,3.829113084692244318e+00,0.000000000000000000e+00,4.711119134358943228e+01,1.970827444091877851e+03,2.237810793601747264e+03,2.455383592119026616e+03,5.017885417781129945e+03,1.279525384576109900e+04,3.969514947505444979e+02,1.044819934859495447e+02,4.651487087445900781e-01,2.837279826356364093e-05,0.000000000000000000e+00,0.000000000000000000e+00,0.000000000000000000e+00
0.000000000000000000e+00,0.000000000000000000e+00,0.000000000000000000e+00,0.000000000000000000e+00,0.000000000000000000e+00,0.000000000000000000e+00,0.000000000000000000e+00,0.000000000000000000e+00,0.000000000000000000e+00,0.000000000000000000e+00,3.752580050934462452e+00,4.633773255561631288e+01,2.496017261327104493e-04,4.160804606022773442e+03,2.433629474010985177e+03,4.973412484260220481e+03,1.269599218675980046e+04,4.227439918120352331e+02,1.178893156539657383e+02,6.979519861163892003e-01,3.709807849831070557e-05,0.000000000000000000e+00,0.000000000000000000e+00,0.000000000000000000e+00
0.000000000000000000e+00,0.000000000000000000e+00,0.000000000000000000e+00,0.000000000000000000e+00,0.000000000000000000e+00,0.000000000000000000e+00,0.000000000000000000e+00,0.000000000000000000e+00,0.000000000000000000e+00,0.000000000000000000e+00,3.680051403493371343e+00,4.559469694777870785e+01,4.846693870228917797e-04,4.114062383114043769e+03,2.410810758697985875e+03,4.931097130078377631e+03,1.259817541157102823e+04,4.477378891945820101e+02,1.310773490367138265e+02,9.564870826700913042e-01,5.106107398320429918e-05,0.000000000000000000e+00,0.000000000000000000e+00,0.000000000000000000e+00
0.000000000000000000e+00,0.000000000000000000e+00,0.000000000000000000e+00,0.000000000000000000e+00,0.000000000000000000e+00,0.000000000000000000e+00,0.000000000000000000e+00,0.000000000000000000e+00,0.000000000000000000e+00,0.000000000000000000e+00,3.610986147607059493e+00,4.487878529662293658e+01,7.075091676978066419e-04,4.068336192664830833e+03,2.388386810693417374e+03,4.889422128292167145e+03,1.250172830379968946e+04,4.715655312492546614e+02,1.444317182006171549e+02,1.240352012867588227e+00,7.162064490660731929e-05,0.000000000000000000e+00,0.000000000000000000e+00,0.000000000000000000e+00
0.000000000000000000e+00,0.000000000000000000e+00,0.000000000000000000e+00,0.000000000000000000e+00,0.000000000000000000e+00,0.000000000000000000e+00,0.000000000000000000e+00,0.000000000000000000e+00,0.000000000000000000e+00,0.000000000000000000e+00,3.544943786854538370e+00,4.418721118586323371e+01,9.203265255706923921e-04,4.023572355112612513e+03,3.798089232425049672e-02,7.211907816798857311e+03,1.240607914142993104e+04,4.975292687347730975e+02,1.576002187557793945e+02,1.549301420601310930e+00,1.002720437263583409e-04,0.000000000000000000e+00,0.000000000000000000e+00,0.000000000000000000e+00
0.000000000000000000e+00,0.000000000000000000e+00,0.000000000000000000e+00,0.000000000000000000e+00,0.000000000000000000e+00,0.000000000000000000e+00,0.000000000000000000e+00,0.000000000000000000e+00,0.000000000000000000e+00,0.000000000000000000e+00,3.481595882415658760e+00,4.351781447554045457e+01,9.406677846132045513e-04,3.979707257288985147e+03,7.412532765586546391e-02,7.147039281283100536e+03,1.231170921657950385e+04,5.227014331299643572e+02,1.705816547599368675e+02,1.882803925614384699e+00,1.385896959921310314e-04,0.000000000000000000e+00,0.000000000000000000e+00,0.000000000000000000e+00
0.000000000000000000e+00,0.000000000000000000e+00,0.000000000000000000e+00,0.000000000000000000e+00,0.000000000000000000e+00,0.000000000000000000e+00,0.000000000000000000e+00,0.000000000000000000e+00,0.000000000000000000e+00,0.000000000000000000e+00,3.420661130947967088e+00,4.286869572601167278e+01,3.066068838123051863e-05,3.936691773561339232e+03,1.086983759793117704e-01,7.083162236358741211e+03,1.221857276831699892e+04,5.471148883575534683e+02,1.833787971026021353e+02,2.240202341969262267e+00,1.882391032531833045e-04,0.000000000000000000e+00,0.000000000000000000e+00,0.000000000000000000e+00
0.000000000000000000e+00,0.000000000000000000e+00,0.000000000000000000e+00,0.000000000000000000e+00,0.000000000000000000e+00,0.000000000000000000e+00,0.000000000000000000e+00,0.000000000000000000e+00,0.000000000000000000e+00,0.000000000000000000e+00,3.361906886988887955e+00,4.223824257522660020e+01,5.963919988151448668e-05,3.894479893784129672e+03,1.418010023383377005e-01,7.020238206200199784e+03,1.212662799537104729e+04,5.707999950103218225e+02,1.959942487466637147e+02,2.620853759156232421e+00,2.509682181992711108e-04,0.000000000000000000e+00,0.000000000000000000e+00,0.000000000000000000e+00
0.000000000000000000e+00,0.000000000000000000e+00,0.000000000000000000e+00,0.000000000000000000e+00,0.000000000000000000e+00,0.000000000000000000e+00,0.000000000000000000e+00,0.000000000000000000e+00,0.000000000000000000e+00,0.000000000000000000e+00,0.000000000000000000e+00,4.493220079691270286e+01,5.889383049152885932e-05,3.853032555475231675e+03,1.734401562085252646e-01,6.958154303206115401e+03,1.263182000022379179e+04,0.000000000000000000e+00,2.073132521792737464e+02,2.998088347908652640e+00,3.280479579130639051e-04,0.000000000000000000e+00,0.000000000000000000e+00,0.000000000000000000e+00
0.000000000000000000e+00,0.000000000000000000e+00,0.000000000000000000e+00,0.000000000000000000e+00,0.000000000000000000e+00,0.000000000000000000e+00,0.000000000000000000e+00,0.000000000000000000e+00,0.000000000000000000e+00,0.000000000000000000e+00,0.000000000000000000e+00,4.428193556681363674e+01,5.816450069403615938e-05,3.812313635277352205e+03,2.037857314341295911e-01,6.896957855663728878e+03,9.825679944971229318e+00,1.255680771423095575e+04,2.184431268991812374e+02,3.393444449517585504e+00,4.205530934994882591e-04,0.000000000000000000e+00,0.000000000000000000e+00,0.000000000000000000e+00
