# particle radii (um) per size_bin (including water contribution to size), with size bins represented by columns and their number (starting from 1) given in second line of header, per time step which is represented by rows and corresponding times given in the time output file 
# 
5.465033770110374993e-03,6.481603873268357643e-03,7.687269747487561478e-03,9.117205760499392381e-03,1.081312918757022443e-02,1.282451728068476071e-02,1.521005072903776519e-02,1.803932562267557271e-02,2.139488386450019014e-02,2.537462126633306669e-02,3.009464358337539044e-02,3.569265380965744305e-02,4.233196955619724505e-02,5.020628771576368665e-02,5.954533541964683596e-02,7.062157214872095967e-02,8.375813852769764534e-02,9.933828370248262707e-02,1.178165463370664801e-01,1.397320154268704429e-01,1.657240578025019895e-01,1.965509711616570399e-01,2.331121068169215715e-01,2.764741075734998832e-01
5.465033770110376728e-03,6.481603873268359378e-03,7.687269747487563212e-03,9.840380521885171497e-03,1.081312918757022616e-02,1.298720942522974681e-02,1.521005072903776865e-02,1.803932562267557618e-02,2.139488386450019361e-02,2.537462126633307363e-02,3.009464358337539391e-02,3.569265380965744999e-02,4.233196955619725199e-02,5.020628771576369359e-02,5.954533541964684290e-02,7.062157214872097355e-02,8.375813852769764534e-02,9.933828370248264095e-02,1.178165463370664801e-01,1.397320154268704429e-01,1.657240578025019895e-01,1.965509711616570676e-01,2.331121068169215715e-01,2.764741075734998832e-01
5.465033770110376728e-03,6.481603873268359378e-03,7.426396280121352368e-03,9.117205760499394115e-03,1.081312918757022616e-02,1.282451728068476418e-02,1.580298331850345586e-02,1.801805024066752137e-02,2.139488386450019361e-02,2.379101844807210778e-02,3.025834522424576678e-02,3.860425372739106908e-02,4.353502629679987385e-02,5.273181761457956113e-02,5.954533541964684290e-02,7.062157214872097355e-02,8.375813852769764534e-02,9.933828370248264095e-02,1.178165463370664801e-01,1.397320154268704429e-01,1.657240578025019895e-01,1.965509711616570676e-01,2.331121068169215715e-01,2.764741075734998832e-01
5.465033770110376728e-03,6.481603873268359378e-03,7.687269747487563212e-03,9.261261643440741459e-03,1.081312918757022616e-02,1.282451728068476418e-02,1.521005072903776865e-02,1.803932562267557618e-02,2.141586023102627634e-02,2.423371222561848323e-02,3.009464358337539391e-02,3.376865594529915304e-02,4.150332239418936392e-02,5.011684781198929434e-02,5.869671305190525545e-02,6.799743343399101969e-02,8.015459738886904217e-02,9.913288706131533068e-02,1.178165463370664801e-01,1.397320154268704429e-01,1.657240578025019895e-01,1.965509711616570676e-01,2.331121068169215715e-01,2.764741075734998832e-01
2.000000000000000475e-03,6.528199739813436361e-03,7.742533074629047093e-03,9.709807572112514468e-03,1.089086413318093687e-02,1.223359095053318767e-02,1.531939488331986350e-02,1.816900926667980309e-02,2.154869041806159805e-02,2.596466763729969596e-02,2.927400781756926695e-02,3.793166614419013483e-02,4.140057070049477789e-02,4.848273341557664956e-02,6.012088770130716991e-02,6.988679984216944474e-02,8.243917001695026670e-02,9.755539408519960098e-02,1.186635225141458860e-01,1.345568668090714182e-01,1.669154382434637762e-01,1.979639644578573277e-01,2.347879359529908838e-01,2.381101577952296939e+05
2.000000000000000909e-03,6.528199739813436361e-03,8.181286482439214733e-03,9.182748812988656556e-03,1.030777505444554869e-02,1.291671197622614418e-02,1.531939488331986350e-02,1.816900926667980309e-02,2.081819642983973734e-02,2.497199769467294342e-02,2.864700172576358297e-02,3.639704552995209202e-02,4.570788526654468581e-02,4.687994167357078384e-02,5.626634615200511863e-02,7.077255641434113120e-02,8.625116820507756910e-02,1.051274097105687338e-01,1.226442905630558550e-01,1.381810668895954164e-01,1.331542696933630254e-01,1.979639644578573277e-01,2.347879359529908838e-01,2.381101577952296939e+05
2.000000000000000909e-03,6.883203962782259364e-03,7.742533074629047093e-03,8.672293563429175900e-03,1.089086413318093687e-02,1.291671197622614418e-02,1.619742862695450897e-02,1.723982847117747422e-02,2.040919025429054415e-02,2.333072522341381183e-02,2.837806820686292891e-02,3.581844308377646335e-02,4.228829526585215631e-02,5.188554755577277910e-02,6.065169249317638178e-02,7.443283707105545488e-02,8.767867278591116864e-02,9.393756146971990462e-02,1.079214454941002793e-01,1.402459253143530649e-01,1.588851926207665299e-01,1.979639644578573277e-01,2.347879359529908838e-01,2.381101577952296939e+05
2.000000000000000909e-03,6.121204132752208413e-03,7.712233937557998013e-03,9.182748812988656556e-03,1.089086413318093687e-02,1.318048984662093664e-02,1.516090150066892045e-02,1.660658642009978786e-02,2.238029134332412962e-02,2.419473196343169610e-02,2.826658257328408530e-02,3.335453651909703332e-02,4.113808291918048116e-02,4.617507881123712049e-02,5.975160428583971284e-02,7.156705149872703842e-02,7.701942601990612036e-02,9.658485349656431573e-02,1.111283576919517846e-01,1.413760835554569717e-01,1.461843022324078589e-01,1.979639644578573277e-01,2.347879359529908838e-01,2.381101577952296939e+05
5.111204972844332270e-03,6.528199739813436361e-03,7.131902225669771792e-03,9.182748812988656556e-03,1.143692987326425797e-02,1.263510205829672384e-02,1.440974884067430101e-02,1.858176171767840848e-02,2.078299130969646358e-02,2.694593947803915548e-02,2.932316127338527312e-02,3.701462956249929048e-02,4.317713571084408342e-02,4.908860094646731037e-02,6.212503297602749164e-02,7.119473493763955885e-02,7.895289020668801172e-02,9.864705618909946905e-02,1.134598731787109238e-01,1.419923496299750343e-01,1.522296737828268409e-01,1.979639644578573277e-01,2.347879359529908838e-01,2.381101577952296939e+05
2.000000000000000909e-03,6.528199739813436361e-03,7.742533074629047093e-03,9.637245050456029125e-03,1.089086413318093687e-02,1.213350766964678765e-02,1.626484093345428872e-02,1.780749715249719742e-02,2.282821674490344982e-02,2.480013879169166990e-02,3.048649068458719052e-02,3.356567632473768381e-02,3.990938483122332542e-02,5.142535913666290009e-02,6.405110600991989478e-02,7.122365511966465002e-02,8.052878748590806823e-02,9.928618600194295818e-02,1.154684095686079187e-01,1.421205077102386249e-01,1.536188643000651055e-01,1.800706876314447369e-01,2.347879359529908838e-01,2.381101577952296939e+05
4.572862069024729963e-03,6.392066885006091048e-03,7.742533074629047093e-03,9.182748812988656556e-03,1.089086413318093687e-02,1.291671197622614418e-02,1.402198979965983867e-02,1.766659937690253507e-02,2.019132342885179843e-02,2.620930043881612714e-02,2.825316206103622649e-02,3.334236524419974951e-02,4.227100617297380875e-02,5.336264111092824808e-02,5.899276219635844060e-02,6.570387285904644159e-02,8.185916261806946981e-02,1.002546548751244576e-01,1.165266927917674999e-01,1.334210288214430773e-01,1.790959985069807414e-01,1.800742534181070387e-01,2.347879359529908838e-01,2.381101577952296939e+05
4.706697725794448117e-03,6.528199739813436361e-03,8.144336918461385355e-03,9.182748812988656556e-03,1.034503069864232613e-02,1.232204174842976840e-02,1.531939488331986350e-02,1.769744534860024851e-02,2.171461355165644341e-02,2.337382570868767884e-02,2.896732405789166978e-02,3.569774306857547569e-02,4.424871812719031322e-02,4.994119956307607050e-02,5.501680053776784179e-02,6.708615999952634301e-02,8.300149912264530305e-02,1.012372823786832354e-01,1.173627568459006537e-01,1.339620458331680641e-01,1.618687315084307021e-01,1.979639644578573277e-01,2.347879359529908838e-01,2.381101577952296939e+05
4.706697725794448117e-03,6.528199739813436361e-03,7.742533074629047093e-03,8.525911818303751749e-03,1.074197576942837080e-02,1.291671197622614418e-02,1.531939488331986350e-02,1.796707611600949911e-02,2.220827565519955041e-02,2.359914864854966918e-02,2.915993971965881448e-02,3.586097274959196279e-02,4.438475930940628117e-02,5.016586659317669866e-02,5.513563683241329977e-02,6.718460847645986445e-02,8.308455099956771339e-02,1.013333742566100426e-01,1.173652905651003803e-01,1.337371893806629797e-01,1.605985625793211469e-01,1.979639644578573277e-01,2.347879359529908838e-01,2.381101577952296939e+05
4.706697725794448117e-03,6.528199739813436361e-03,7.742533074629047093e-03,9.182748812988656556e-03,1.089086413318093687e-02,1.213093330583723574e-02,1.481883672363047862e-02,1.714399340270009522e-02,2.094416325924782982e-02,2.618153195744690742e-02,3.142184427106094191e-02,3.781716856179054287e-02,4.279097991645627874e-02,4.605598928567767453e-02,5.653109180895857927e-02,6.836593232610187199e-02,8.406370769516224861e-02,1.019680299159951287e-01,1.181417992882814599e-01,1.332786124450773824e-01,1.563634200606827673e-01,1.979639644578573277e-01,2.347879359529908838e-01,2.381101577952296939e+05
4.706697725794448117e-03,6.528199739813436361e-03,7.742533074629047093e-03,9.182748812988656556e-03,1.089086413318093687e-02,1.291671197622614418e-02,1.524699481662143002e-02,1.826171386078156988e-02,2.119267207562595262e-02,2.343879008663332653e-02,2.836773089421975799e-02,3.335629988731517170e-02,3.950754447406325254e-02,4.750443009870744526e-02,5.775505630569042342e-02,6.940801583176167688e-02,8.493061141565338978e-02,1.025704885954723811e-01,1.185012826653782103e-01,1.335104798116019675e-01,1.570842645378595637e-01,1.809077998436437462e-01,2.347879359529908838e-01,2.381101577952296939e+05
4.706697725794448117e-03,6.528199739813436361e-03,7.742533074629047093e-03,9.182748812988656556e-03,1.089086413318093687e-02,1.291671197622614418e-02,1.531939488331986350e-02,1.786945678066331061e-02,2.115312272916527320e-02,2.554594280963054173e-02,3.023164766227049924e-02,3.501909307321596221e-02,4.097124022092873963e-02,4.876851257001776907e-02,5.882822345902958411e-02,7.032366054384786569e-02,8.569708217252317017e-02,1.028652135692766367e-01,1.104079642966249025e-01,1.394094432718972210e-01,1.580445310241482548e-01,1.910790593871575238e-01,2.347879359529908838e-01,2.381101577952296939e+05
4.706697725794448117e-03,6.528199739813436361e-03,7.742533074629047093e-03,9.182748812988656556e-03,1.089086413318093687e-02,1.291671197622614418e-02,1.531939488331986350e-02,1.816900926667980309e-02,2.008634998063035804e-02,2.734934942101242134e-02,3.183990532201810136e-02,3.646356674798484354e-02,4.225082243134314214e-02,4.987994233278683631e-02,5.977696492582296184e-02,7.113652025587738348e-02,8.637751502357113309e-02,1.029550552097745764e-01,1.103369763405612908e-01,1.390937158797400652e-01,1.575337185102215487e-01,1.928973940067700010e-01,2.347879359529908838e-01,2.381101577952296939e+05
4.706697725794448117e-03,6.528199739813436361e-03,7.742533074629047093e-03,9.182748812988656556e-03,1.089086413318093687e-02,1.291671197622614418e-02,1.531939488331986350e-02,1.816900926667980309e-02,2.198010965507484968e-02,2.555703791648261322e-02,2.891018231955684234e-02,3.681468480866479515e-02,4.337819918284518267e-02,5.086374627373083795e-02,6.062002214917996956e-02,7.186032102259369558e-02,8.698553999413184690e-02,1.030964643456690755e-01,1.107016630791563955e-01,1.386462321624280791e-01,1.575396656519671146e-01,1.905070308377421195e-01,2.347879359529908838e-01,2.381101577952296939e+05
4.706697725794448117e-03,6.528199739813436361e-03,7.742533074629047093e-03,9.182748812988656556e-03,1.089086413318093687e-02,1.291671197622614418e-02,1.531939488331986350e-02,1.816900926667980309e-02,2.154869041806159805e-02,2.361557243243316700e-02,3.027411146149769708e-02,3.795335347638405937e-02,4.437823106944812496e-02,5.174017101194779839e-02,6.137331366714257608e-02,7.250842546333503835e-02,8.753005076175332522e-02,1.030675022823442644e-01,1.111552742658272891e-01,1.381794795893244998e-01,1.575337211115739322e-01,1.895204941024309919e-01,2.347879359529908838e-01,2.381101577952296939e+05
4.706697725794448117e-03,6.528199739813436361e-03,7.742533074629047093e-03,9.182748812988656556e-03,1.089086413318093687e-02,1.291671197622614418e-02,1.531939488331986350e-02,1.816900926667980309e-02,2.154869041806159805e-02,2.504167251851127651e-02,3.147559356714826201e-02,3.606326104103288466e-02,4.371073225286746522e-02,5.252493821797310503e-02,6.204953428618172062e-02,7.309168912101828008e-02,8.802061657412174611e-02,1.030581026367068526e-01,1.116157348196614718e-01,1.377061681759907397e-01,1.575202574763553132e-01,1.888415481068276280e-01,2.347879359529908838e-01,2.381101577952296939e+05
4.706697725794448117e-03,6.528199739813436361e-03,7.742533074629047093e-03,9.182748812988656556e-03,1.089086413318093687e-02,1.291671197622614418e-02,1.531939488331986350e-02,1.816900926667980309e-02,2.154869041806159805e-02,2.629545568065079497e-02,3.254109225082484763e-02,3.723379805834316214e-02,4.453258348973603703e-02,5.323068518411502165e-02,6.265947180877830258e-02,7.361887311540585288e-02,8.846471688912641018e-02,1.031018866293794550e-01,1.120412824825109677e-01,1.322874458911642015e-01,1.611500136269047034e-01,1.835287261271103809e-01,2.347879359529908838e-01,2.381101577952296939e+05
4.706697725794448117e-03,6.528199739813436361e-03,7.742533074629047093e-03,9.182748812988656556e-03,1.089086413318093687e-02,1.291671197622614418e-02,1.531939488331986350e-02,1.816900926667980309e-02,2.154869041806159805e-02,2.740566979293221697e-02,3.031099219454492025e-02,3.349158560260613593e-02,4.527324451608948780e-02,5.386789368778152620e-02,6.321162394343690649e-02,7.409698275954947067e-02,8.886803011787512696e-02,1.031795850809806708e-01,1.124438772127475950e-01,1.314264543449328582e-01,1.609149499759875424e-01,1.833869272567837660e-01,2.347879359529908838e-01,2.381101577952296939e+05
4.706697725794448117e-03,6.528199739813436361e-03,7.742533074629047093e-03,9.182748812988656556e-03,1.089086413318093687e-02,1.291671197622614418e-02,1.531939488331986350e-02,1.816900926667980309e-02,2.154869041806159805e-02,2.555703791648261322e-02,2.839469563468053487e-02,3.434368923221038650e-02,4.280613639025715456e-02,5.081639429524691803e-02,6.371389223858472950e-02,7.453228696736903525e-02,8.923527149629267852e-02,1.032796534863731908e-01,1.128240816028640847e-01,1.312304316726916331e-01,1.601201032613802921e-01,1.850809326285704492e-01,2.347879359529908838e-01,2.381101577952296939e+05
4.706697725794448117e-03,6.528199739813436361e-03,7.742533074629047093e-03,9.182748812988656556e-03,1.089086413318093687e-02,1.291671197622614418e-02,1.531939488331986350e-02,1.816900926667980309e-02,2.154869041806159805e-02,2.555703791648261322e-02,2.927998605041730318e-02,3.511058239740126596e-02,4.367674850749454080e-02,5.137009098332415841e-02,6.417079031809282130e-02,7.492652608573314998e-02,8.957034996489568468e-02,1.033925450550518682e-01,1.131799087678733023e-01,1.312541373495494934e-01,1.592405473276288230e-01,1.856655097078983296e-01,2.347879359529908838e-01,2.381101577952296939e+05
4.706697725794448117e-03,6.528199739813436361e-03,7.742533074629047093e-03,9.182748812988656556e-03,1.089086413318093687e-02,1.291671197622614418e-02,1.531939488331986350e-02,1.816900926667980309e-02,2.154869041806159805e-02,2.555703791648261322e-02,3.007619562609035666e-02,3.580357188390644735e-02,4.443236747089397004e-02,5.187644443106502468e-02,6.458767476782981132e-02,7.528672020289647882e-02,8.987681640902532576e-02,1.035107794499812023e-01,1.135058764722187558e-01,1.313742467853690199e-01,1.585166692460697191e-01,1.856406630117301837e-01,2.347879359529908838e-01,2.381101577952296939e+05
4.706697725794448117e-03,6.528199739813436361e-03,7.742533074629047093e-03,9.182748812988656556e-03,1.089086413318093687e-02,1.291671197622614418e-02,1.531939488331986350e-02,1.816900926667980309e-02,2.154869041806159805e-02,2.555703791648261322e-02,3.079528694473518402e-02,3.643202472847965195e-02,4.510538612754508292e-02,5.233859404024954892e-02,5.751008359521016938e-02,7.246231207616096737e-02,9.015634983291692661e-02,1.035512559691438572e-01,1.138098389431111274e-01,1.315352641863606897e-01,1.580132083219280559e-01,1.854218211813365436e-01,2.347879359529908838e-01,2.381101577952296939e+05
4.706697725794448117e-03,6.528199739813436361e-03,7.742533074629047093e-03,9.182748812988656556e-03,1.089086413318093687e-02,1.291671197622614418e-02,1.531939488331986350e-02,1.816900926667980309e-02,2.154869041806159805e-02,2.555703791648261322e-02,3.144646700375785392e-02,3.700318731745746992e-02,4.552730157723599430e-02,5.276098027010443087e-02,5.806024397849426227e-02,7.277596428032698239e-02,9.041272671205931311e-02,1.036037438792204723e-01,1.140930966703204569e-01,1.317138972912654249e-01,1.577020383597746711e-01,1.852084447400755007e-01,2.347879359529908838e-01,2.381101577952296939e+05
4.706697725794448117e-03,6.528199739813436361e-03,7.742533074629047093e-03,9.182748812988656556e-03,1.089086413318093687e-02,1.291671197622614418e-02,1.531939488331986350e-02,1.816900926667980309e-02,2.154869041806159805e-02,2.555703791648261322e-02,3.203814847743730737e-02,3.752382140204291866e-02,4.396047677303788204e-02,5.314793331908720941e-02,5.852704070509272272e-02,7.306597968200097271e-02,9.064832483067150615e-02,1.036639843718295262e-01,1.143573666159209828e-01,1.318996021368172566e-01,1.575349268362468969e-01,1.850636272380318526e-01,2.347879359529908838e-01,2.381101577952296939e+05
4.706697725794448117e-03,6.528199739813436361e-03,7.742533074629047093e-03,9.182748812988656556e-03,1.089086413318093687e-02,1.291671197622614418e-02,1.531939488331986350e-02,1.816900926667980309e-02,2.154869041806159805e-02,2.555703791648261322e-02,3.257747644001320053e-02,3.799973505781609195e-02,4.454658035712596997e-02,5.350324368436328720e-02,5.894780618633474467e-02,7.333291220078172468e-02,9.086523990399400508e-02,1.037290555711007783e-01,1.146042521617498117e-01,1.320865716307423054e-01,1.574692321396478079e-01,1.849923973400279809e-01,2.347879359529908838e-01,2.381101577952296939e+05
4.706697725794448117e-03,6.528199739813436361e-03,7.742533074629047093e-03,9.182748812988656556e-03,1.089086413318093687e-02,1.291671197622614418e-02,1.531939488331986350e-02,1.816900926667980309e-02,2.154869041806159805e-02,2.555703791648261322e-02,3.031099219454492025e-02,3.808968027866908856e-02,4.495846970706760676e-02,5.383005262405061997e-02,5.933536589117341387e-02,7.357890193786489896e-02,8.332727026065490927e-02,9.174890433532345568e-02,1.148411714979347964e-01,1.322777559602848485e-01,1.574697184296147134e-01,1.850363525634343143e-01,2.347879359529908838e-01,2.381101577952296939e+05
4.706697725794448117e-03,6.528199739813436361e-03,7.742533074629047093e-03,9.182748812988656556e-03,1.089086413318093687e-02,1.291671197622614418e-02,1.531939488331986350e-02,1.816900926667980309e-02,2.154869041806159805e-02,2.555703791648261322e-02,3.031099219454492025e-02,3.849081799765905615e-02,4.530890418201213854e-02,5.412992557746300337e-02,5.969026916206815470e-02,7.380502057995273757e-02,8.366826457739325040e-02,9.195678689669750661e-02,1.150626203251151336e-01,1.324636994628094755e-01,1.575201137682086805e-01,1.850447545993307574e-01,2.347879359529908838e-01,2.381101577952296939e+05
