# chamber environmental conditions throughout the simulation, with rows corresponding to the time points in the time output file, first column is temperature (K), second is pressure (Pa), third is relative humidity (fraction (0-1), fourth is transmission factor of light (0-1))
298.0,120000.0,0.5000001694638057,1.0
298.0,120000.0,0.5000001694638057,1.0
298.0,120000.0,0.5000001694638057,1.0
298.0,120000.0,0.5000001694638057,1.0
298.0,120000.0,0.5000001694638057,1.0
298.0,120000.0,0.5000001694638057,1.0
298.0,120000.0,0.5000001694638057,1.0
298.0,120000.0,0.5000001694638057,1.0
298.0,120000.0,0.5000001694638057,1.0
298.0,120000.0,0.5000001694638057,1.0
298.0,120000.0,0.5000001694638057,1.0
298.0,120000.0,0.5000001694638057,1.0
298.0,120000.0,0.5000001694638057,1.0
298.0,120000.0,0.5000001694638057,1.0
298.0,120000.0,0.5000001694638057,1.0
298.0,120000.0,0.5000001694638057,1.0
298.0,120000.0,0.5000001694638057,1.0
298.0,120000.0,0.5000001694638057,1.0
298.0,120000.0,0.5000001694638057,1.0
298.0,120000.0,0.5000001694639202,1.0
298.0,120000.0,0.5000001694638501,1.0
298.0,120000.0,0.5000001694218066,1.0
298.0,120000.0,0.5000001694230485,1.0
298.0,120000.0,0.5000001691758268,1.0
298.0,120000.0,0.5000001692058854,1.0
298.0,120000.0,0.5000001686161126,1.0
298.0,120000.0,0.5000001678830092,1.0
298.0,120000.0,0.5000001676861927,1.0
298.0,120000.0,0.500000166374636,1.0
298.0,120000.0,0.5000001664063767,1.0
298.0,120000.0,0.5000001649130037,1.0
298.0,120000.0,0.5000001642989631,1.0
298.0,120000.0,0.5000001631842348,1.0
298.0,120000.0,0.5000001619066333,1.0
298.0,120000.0,0.5000001612402543,1.0
298.0,120000.0,0.500000159385333,1.0
298.0,120000.0,0.5000001589999147,1.0
298.0,120000.0,0.5000001566897307,1.0
298.0,120000.0,0.5000001564510932,1.0
298.0,120000.0,0.5000001536841853,1.0
298.0,120000.0,0.5000001518566685,1.0
298.0,120000.0,0.5000001507251658,1.0
298.0,120000.0,0.5000001482639841,1.0
298.0,120000.0,0.5000001476782269,1.0
298.0,120000.0,0.5000001447138555,1.0
298.0,120000.0,0.5000001445464314,1.0
298.0,120000.0,0.5000001414651364,1.0
298.0,120000.0,0.5000001414903429,1.0
298.0,120000.0,0.5000001384713461,1.0
298.0,120000.0,0.5000000615150962,1.0
298.0,120000.0,0.5000000615098243,1.0
298.0,120000.0,0.5000000615468949,1.0
298.0,120000.0,0.5000000615583196,1.0
298.0,120000.0,0.5000000615147733,1.0
298.0,120000.0,0.500000061459857,1.0
298.0,120000.0,0.50000006126142,1.0
298.0,120000.0,0.5000000611353005,1.0
298.0,120000.0,0.5000000610295128,1.0
298.0,120000.0,0.5000000609185957,1.0
298.0,120000.0,0.5000000608064091,1.0
298.0,120000.0,0.5000000605189326,1.0
298.0,120000.0,0.5000000600113956,1.0
298.0,120000.0,0.500000059515805,1.0
298.0,120000.0,0.5000000589915343,1.0
298.0,120000.0,0.5000000587474986,1.0
298.0,120000.0,0.5000000586835139,1.0
298.0,120000.0,0.500000058641329,1.0
298.0,120000.0,0.5000000586094798,1.0
298.0,120000.0,0.500000058581483,1.0
298.0,120000.0,0.5000000585490303,1.0
298.0,120000.0,0.5000000585015586,1.0
298.0,120000.0,0.5000000584271013,1.0
298.0,120000.0,0.5000000583157507,1.0
298.0,120000.0,0.5000000581567974,1.0
298.0,120000.0,0.500000057935147,1.0
298.0,120000.0,0.5000000576499988,1.0
298.0,120000.0,0.5000000572801301,1.0
298.0,120000.0,0.5000000570851154,1.0
298.0,120000.0,0.5000000570423113,1.0
298.0,120000.0,0.5000000569847979,1.0
298.0,120000.0,0.5000000569108068,1.0
298.0,120000.0,0.5000000568184484,1.0
298.0,120000.0,0.5000000567057864,1.0
298.0,120000.0,0.5000000565709526,1.0
298.0,120000.0,0.5000000564120475,1.0
