# particle number concentration assuming water not removed from particles (#/cc (air)), with time changing with rows (corresponding times given in the time output file) and size bin changing with columns with size bin numbers given in the second row of the header
# 12345678910111213141516
0.000000000000000000e+00,0.000000000000000000e+00,0.000000000000000000e+00,0.000000000000000000e+00,0.000000000000000000e+00,0.000000000000000000e+00,0.000000000000000000e+00,0.000000000000000000e+00,0.000000000000000000e+00,0.000000000000000000e+00,0.000000000000000000e+00,0.000000000000000000e+00,0.000000000000000000e+00,0.000000000000000000e+00,0.000000000000000000e+00,0.000000000000000000e+00
0.000000000000000000e+00,0.000000000000000000e+00,0.000000000000000000e+00,0.000000000000000000e+00,0.000000000000000000e+00,0.000000000000000000e+00,0.000000000000000000e+00,0.000000000000000000e+00,0.000000000000000000e+00,0.000000000000000000e+00,0.000000000000000000e+00,0.000000000000000000e+00,0.000000000000000000e+00,0.000000000000000000e+00,0.000000000000000000e+00,0.000000000000000000e+00
0.000000000000000000e+00,0.000000000000000000e+00,0.000000000000000000e+00,0.000000000000000000e+00,0.000000000000000000e+00,0.000000000000000000e+00,0.000000000000000000e+00,0.000000000000000000e+00,0.000000000000000000e+00,0.000000000000000000e+00,0.000000000000000000e+00,0.000000000000000000e+00,0.000000000000000000e+00,0.000000000000000000e+00,0.000000000000000000e+00,0.000000000000000000e+00
0.000000000000000000e+00,0.000000000000000000e+00,0.000000000000000000e+00,0.000000000000000000e+00,0.000000000000000000e+00,0.000000000000000000e+00,0.000000000000000000e+00,0.000000000000000000e+00,0.000000000000000000e+00,0.000000000000000000e+00,0.000000000000000000e+00,0.000000000000000000e+00,0.000000000000000000e+00,0.000000000000000000e+00,0.000000000000000000e+00,0.000000000000000000e+00
0.000000000000000000e+00,0.000000000000000000e+00,0.000000000000000000e+00,0.000000000000000000e+00,0.000000000000000000e+00,0.000000000000000000e+00,0.000000000000000000e+00,0.000000000000000000e+00,0.000000000000000000e+00,0.000000000000000000e+00,0.000000000000000000e+00,0.000000000000000000e+00,0.000000000000000000e+00,0.000000000000000000e+00,0.000000000000000000e+00,0.000000000000000000e+00
0.000000000000000000e+00,0.000000000000000000e+00,0.000000000000000000e+00,0.000000000000000000e+00,0.000000000000000000e+00,0.000000000000000000e+00,0.000000000000000000e+00,0.000000000000000000e+00,0.000000000000000000e+00,0.000000000000000000e+00,0.000000000000000000e+00,0.000000000000000000e+00,0.000000000000000000e+00,0.000000000000000000e+00,0.000000000000000000e+00,0.000000000000000000e+00
0.000000000000000000e+00,0.000000000000000000e+00,0.000000000000000000e+00,0.000000000000000000e+00,0.000000000000000000e+00,0.000000000000000000e+00,0.000000000000000000e+00,0.000000000000000000e+00,0.000000000000000000e+00,0.000000000000000000e+00,0.000000000000000000e+00,0.000000000000000000e+00,0.000000000000000000e+00,0.000000000000000000e+00,0.000000000000000000e+00,0.000000000000000000e+00
0.000000000000000000e+00,0.000000000000000000e+00,0.000000000000000000e+00,0.000000000000000000e+00,0.000000000000000000e+00,0.000000000000000000e+00,0.000000000000000000e+00,0.000000000000000000e+00,0.000000000000000000e+00,0.000000000000000000e+00,0.000000000000000000e+00,0.000000000000000000e+00,0.000000000000000000e+00,0.000000000000000000e+00,0.000000000000000000e+00,0.000000000000000000e+00
0.000000000000000000e+00,0.000000000000000000e+00,0.000000000000000000e+00,0.000000000000000000e+00,0.000000000000000000e+00,0.000000000000000000e+00,0.000000000000000000e+00,0.000000000000000000e+00,0.000000000000000000e+00,0.000000000000000000e+00,0.000000000000000000e+00,0.000000000000000000e+00,0.000000000000000000e+00,0.000000000000000000e+00,0.000000000000000000e+00,0.000000000000000000e+00
0.000000000000000000e+00,0.000000000000000000e+00,0.000000000000000000e+00,0.000000000000000000e+00,0.000000000000000000e+00,0.000000000000000000e+00,0.000000000000000000e+00,0.000000000000000000e+00,0.000000000000000000e+00,0.000000000000000000e+00,0.000000000000000000e+00,0.000000000000000000e+00,0.000000000000000000e+00,0.000000000000000000e+00,0.000000000000000000e+00,0.000000000000000000e+00
0.000000000000000000e+00,0.000000000000000000e+00,0.000000000000000000e+00,0.000000000000000000e+00,0.000000000000000000e+00,0.000000000000000000e+00,0.000000000000000000e+00,0.000000000000000000e+00,0.000000000000000000e+00,0.000000000000000000e+00,0.000000000000000000e+00,0.000000000000000000e+00,0.000000000000000000e+00,0.000000000000000000e+00,0.000000000000000000e+00,0.000000000000000000e+00
0.000000000000000000e+00,0.000000000000000000e+00,0.000000000000000000e+00,0.000000000000000000e+00,0.000000000000000000e+00,0.000000000000000000e+00,0.000000000000000000e+00,0.000000000000000000e+00,0.000000000000000000e+00,0.000000000000000000e+00,0.000000000000000000e+00,0.000000000000000000e+00,0.000000000000000000e+00,0.000000000000000000e+00,0.000000000000000000e+00,0.000000000000000000e+00
0.000000000000000000e+00,0.000000000000000000e+00,0.000000000000000000e+00,0.000000000000000000e+00,0.000000000000000000e+00,0.000000000000000000e+00,0.000000000000000000e+00,0.000000000000000000e+00,0.000000000000000000e+00,0.000000000000000000e+00,0.000000000000000000e+00,0.000000000000000000e+00,0.000000000000000000e+00,0.000000000000000000e+00,0.000000000000000000e+00,0.000000000000000000e+00
0.000000000000000000e+00,0.000000000000000000e+00,0.000000000000000000e+00,0.000000000000000000e+00,0.000000000000000000e+00,0.000000000000000000e+00,0.000000000000000000e+00,0.000000000000000000e+00,0.000000000000000000e+00,0.000000000000000000e+00,0.000000000000000000e+00,0.000000000000000000e+00,0.000000000000000000e+00,0.000000000000000000e+00,0.000000000000000000e+00,0.000000000000000000e+00
0.000000000000000000e+00,0.000000000000000000e+00,0.000000000000000000e+00,0.000000000000000000e+00,0.000000000000000000e+00,0.000000000000000000e+00,0.000000000000000000e+00,0.000000000000000000e+00,0.000000000000000000e+00,0.000000000000000000e+00,0.000000000000000000e+00,0.000000000000000000e+00,0.000000000000000000e+00,0.000000000000000000e+00,0.000000000000000000e+00,0.000000000000000000e+00
0.000000000000000000e+00,0.000000000000000000e+00,0.000000000000000000e+00,0.000000000000000000e+00,0.000000000000000000e+00,0.000000000000000000e+00,0.000000000000000000e+00,0.000000000000000000e+00,0.000000000000000000e+00,0.000000000000000000e+00,0.000000000000000000e+00,0.000000000000000000e+00,0.000000000000000000e+00,0.000000000000000000e+00,0.000000000000000000e+00,0.000000000000000000e+00
0.000000000000000000e+00,0.000000000000000000e+00,0.000000000000000000e+00,0.000000000000000000e+00,0.000000000000000000e+00,0.000000000000000000e+00,0.000000000000000000e+00,0.000000000000000000e+00,0.000000000000000000e+00,0.000000000000000000e+00,0.000000000000000000e+00,0.000000000000000000e+00,0.000000000000000000e+00,0.000000000000000000e+00,0.000000000000000000e+00,0.000000000000000000e+00
1.058652713199772855e+01,0.000000000000000000e+00,0.000000000000000000e+00,0.000000000000000000e+00,0.000000000000000000e+00,0.000000000000000000e+00,0.000000000000000000e+00,0.000000000000000000e+00,0.000000000000000000e+00,0.000000000000000000e+00,0.000000000000000000e+00,0.000000000000000000e+00,0.000000000000000000e+00,0.000000000000000000e+00,0.000000000000000000e+00,0.000000000000000000e+00
8.689933926492655303e+01,0.000000000000000000e+00,0.000000000000000000e+00,0.000000000000000000e+00,0.000000000000000000e+00,0.000000000000000000e+00,0.000000000000000000e+00,0.000000000000000000e+00,0.000000000000000000e+00,0.000000000000000000e+00,0.000000000000000000e+00,0.000000000000000000e+00,0.000000000000000000e+00,0.000000000000000000e+00,0.000000000000000000e+00,0.000000000000000000e+00
3.829744894977517902e+02,0.000000000000000000e+00,0.000000000000000000e+00,0.000000000000000000e+00,0.000000000000000000e+00,0.000000000000000000e+00,0.000000000000000000e+00,0.000000000000000000e+00,0.000000000000000000e+00,0.000000000000000000e+00,0.000000000000000000e+00,0.000000000000000000e+00,0.000000000000000000e+00,0.000000000000000000e+00,0.000000000000000000e+00,0.000000000000000000e+00
1.054738575805802611e+03,4.126733759082016478e-02,0.000000000000000000e+00,0.000000000000000000e+00,0.000000000000000000e+00,0.000000000000000000e+00,0.000000000000000000e+00,0.000000000000000000e+00,0.000000000000000000e+00,0.000000000000000000e+00,0.000000000000000000e+00,0.000000000000000000e+00,0.000000000000000000e+00,0.000000000000000000e+00,0.000000000000000000e+00,0.000000000000000000e+00
6.868844924920307449e+02,1.415971489597166283e+03,0.000000000000000000e+00,0.000000000000000000e+00,0.000000000000000000e+00,0.000000000000000000e+00,0.000000000000000000e+00,0.000000000000000000e+00,0.000000000000000000e+00,0.000000000000000000e+00,0.000000000000000000e+00,0.000000000000000000e+00,0.000000000000000000e+00,0.000000000000000000e+00,0.000000000000000000e+00,0.000000000000000000e+00
1.972805252017825296e+03,1.391410175157551294e+03,2.917389228616650843e-01,0.000000000000000000e+00,0.000000000000000000e+00,0.000000000000000000e+00,0.000000000000000000e+00,0.000000000000000000e+00,0.000000000000000000e+00,0.000000000000000000e+00,0.000000000000000000e+00,0.000000000000000000e+00,0.000000000000000000e+00,0.000000000000000000e+00,0.000000000000000000e+00,0.000000000000000000e+00
1.062950256635825099e+03,2.198004274119134152e+03,1.373704065160823575e+03,8.518359492969380942e-02,0.000000000000000000e+00,0.000000000000000000e+00,0.000000000000000000e+00,0.000000000000000000e+00,0.000000000000000000e+00,0.000000000000000000e+00,0.000000000000000000e+00,0.000000000000000000e+00,0.000000000000000000e+00,0.000000000000000000e+00,0.000000000000000000e+00,0.000000000000000000e+00
2.302248056369089682e+02,2.009398122084691977e+03,3.521875085465013399e+03,1.740238718945736229e+00,0.000000000000000000e+00,0.000000000000000000e+00,0.000000000000000000e+00,0.000000000000000000e+00,0.000000000000000000e+00,0.000000000000000000e+00,0.000000000000000000e+00,0.000000000000000000e+00,0.000000000000000000e+00,0.000000000000000000e+00,0.000000000000000000e+00,0.000000000000000000e+00
1.214361111756307764e+03,1.967462529983656395e+03,3.896425420178653565e-01,3.485351830632323072e+03,5.039147679471166485e-01,9.291282516721676289e-05,0.000000000000000000e+00,0.000000000000000000e+00,0.000000000000000000e+00,0.000000000000000000e+00,0.000000000000000000e+00,0.000000000000000000e+00,0.000000000000000000e+00,0.000000000000000000e+00,0.000000000000000000e+00,0.000000000000000000e+00
4.435386881557396350e+02,1.517247826287534963e+03,1.937542953757531450e+03,3.450489279883041945e+03,2.884212209407406746e+00,1.853226008024243514e-03,9.236777326156983851e-05,0.000000000000000000e+00,0.000000000000000000e+00,0.000000000000000000e+00,0.000000000000000000e+00,0.000000000000000000e+00,0.000000000000000000e+00,0.000000000000000000e+00,0.000000000000000000e+00,0.000000000000000000e+00
1.012549803362155671e+03,1.486941495482002892e+03,1.911924162236444090e+03,8.931178746160474136e-01,3.423620269402933900e+03,8.873824838558092010e-01,1.652061073283415710e-04,0.000000000000000000e+00,0.000000000000000000e+00,0.000000000000000000e+00,0.000000000000000000e+00,0.000000000000000000e+00,0.000000000000000000e+00,0.000000000000000000e+00,0.000000000000000000e+00,0.000000000000000000e+00
4.227294210941717552e+02,9.855733351500208528e+02,3.352785581396460657e+03,3.732039940312102733e+00,3.394381595334222766e+03,3.004292292481529181e+00,2.526602334291698244e-03,0.000000000000000000e+00,0.000000000000000000e+00,0.000000000000000000e+00,0.000000000000000000e+00,0.000000000000000000e+00,0.000000000000000000e+00,0.000000000000000000e+00,0.000000000000000000e+00,0.000000000000000000e+00
5.450043261027713015e+01,1.628129453042421119e+03,3.967834288717373425e-01,3.316988452647932718e+03,3.363303145295574268e+03,8.606736741109513034e+00,1.605303814245226737e-02,0.000000000000000000e+00,0.000000000000000000e+00,0.000000000000000000e+00,0.000000000000000000e+00,0.000000000000000000e+00,0.000000000000000000e+00,0.000000000000000000e+00,0.000000000000000000e+00,0.000000000000000000e+00
2.650687919716768874e+02,0.000000000000000000e+00,1.598805202984975040e+03,3.279378075045149217e+03,3.331246482404859307e+03,1.539222703605046583e+01,1.944079778203457787e+00,1.024270601568948169e-03,0.000000000000000000e+00,0.000000000000000000e+00,0.000000000000000000e+00,0.000000000000000000e+00,0.000000000000000000e+00,0.000000000000000000e+00,0.000000000000000000e+00,0.000000000000000000e+00
5.450889853447000633e+01,3.532135497229166958e+02,1.573402866575645930e+03,3.243022935272576433e+03,2.648590791191104188e+00,3.320946661114480776e+03,4.242429088919291047e+00,5.164406017924358036e-03,0.000000000000000000e+00,0.000000000000000000e+00,0.000000000000000000e+00,0.000000000000000000e+00,0.000000000000000000e+00,0.000000000000000000e+00,0.000000000000000000e+00,0.000000000000000000e+00
1.564179579611346753e+02,3.443641602524523933e+02,1.550596816468598490e+03,1.032074532880542378e-01,3.214050782898434591e+03,3.296573598412629053e+03,6.437368200655699368e+00,1.534822135145605566e-02,0.000000000000000000e+00,0.000000000000000000e+00,0.000000000000000000e+00,0.000000000000000000e+00,0.000000000000000000e+00,0.000000000000000000e+00,0.000000000000000000e+00,0.000000000000000000e+00
4.060113841262911194e+01,5.219216497785987485e+02,2.681982326820605764e-02,1.530480579989442731e+03,3.182398277397915990e+03,3.269409640838492578e+03,1.277170449690937737e+01,4.019741989221373157e-02,0.000000000000000000e+00,0.000000000000000000e+00,0.000000000000000000e+00,0.000000000000000000e+00,0.000000000000000000e+00,0.000000000000000000e+00,0.000000000000000000e+00,0.000000000000000000e+00
8.933862854114360630e+01,6.112446256596282095e-04,5.123306639880438524e+02,1.511396796091347142e+03,3.152455373055076961e+03,3.243059323670649974e+03,1.799930593179423610e+01,9.083949348768877163e-01,1.838838979585848772e-04,1.542331032250179824e-04,0.000000000000000000e+00,0.000000000000000000e+00,0.000000000000000000e+00,0.000000000000000000e+00,0.000000000000000000e+00,0.000000000000000000e+00
2.668526913990031346e+01,9.453010062659150492e+01,5.040068076801183565e+02,1.493490548008071983e+03,3.120244432158307518e+03,3.217859726286063960e+03,2.382836063563838991e+01,2.994293430021872648e+00,2.646736489400240179e-03,1.555011461990876947e-04,0.000000000000000000e+00,0.000000000000000000e+00,0.000000000000000000e+00,0.000000000000000000e+00,0.000000000000000000e+00,0.000000000000000000e+00
4.971734289222901992e+01,9.232744675552629587e+01,4.965600180651321125e+02,1.476371282632122757e+03,3.088757923959520667e+03,3.193079458402714863e+03,3.002846498999261726e+01,5.037427244978632146e+00,7.595887455693144628e-03,1.634839343849903539e-04,0.000000000000000000e+00,0.000000000000000000e+00,0.000000000000000000e+00,0.000000000000000000e+00,0.000000000000000000e+00,0.000000000000000000e+00
1.639378048713096092e+01,1.390629853386535046e+02,9.250228793384356789e-04,1.949897091236688539e+03,3.058001497275846305e+03,3.166531512186883901e+03,3.864592442950826978e+01,6.994322133989611778e+00,6.026036923028089271e-02,2.069194078988173318e-04,0.000000000000000000e+00,0.000000000000000000e+00,0.000000000000000000e+00,0.000000000000000000e+00,0.000000000000000000e+00,0.000000000000000000e+00
2.012073850664819474e+00,2.522969186158891475e+01,1.365902953315488730e+02,1.928273543160440113e+03,1.657956139169474430e-01,3.029111560735087551e+03,3.185219584155141092e+03,1.044661189568185833e+01,1.086156130994902075e-01,3.877591923280335976e-04,0.000000000000000000e+00,0.000000000000000000e+00,0.000000000000000000e+00,0.000000000000000000e+00,0.000000000000000000e+00,0.000000000000000000e+00
9.658286669368807864e+00,2.453045939578489509e+01,1.344312624616767664e+02,3.221647090577550894e-03,1.907909927357016159e+03,3.003016577902245444e+03,3.161946994525809259e+03,1.605474640097068573e+01,1.391525928252276556e-01,5.905030133989675172e-04,0.000000000000000000e+00,0.000000000000000000e+00,0.000000000000000000e+00,0.000000000000000000e+00,0.000000000000000000e+00,0.000000000000000000e+00
2.034449521669563943e+00,3.576962905624873201e+01,1.324931103512435868e+02,7.974026658331571926e-03,1.888248664037561184e+03,2.975668376552349400e+03,3.140960390135741363e+03,2.147157380334887833e+01,1.848084168947401740e-01,1.018881573120955768e-03,0.000000000000000000e+00,0.000000000000000000e+00,0.000000000000000000e+00,0.000000000000000000e+00,0.000000000000000000e+00,0.000000000000000000e+00
6.594932033783361902e+00,0.000000000000000000e+00,3.508183293936743752e+01,1.307335093801505082e+02,1.869359423843414788e+03,2.948616032936072315e+03,3.120285515275747002e+03,2.679802539024301922e+01,6.146681388423436143e-01,1.693096603845638910e-03,0.000000000000000000e+00,0.000000000000000000e+00,0.000000000000000000e+00,0.000000000000000000e+00,0.000000000000000000e+00,0.000000000000000000e+00
2.067509756584255509e+00,6.382615511987753898e+00,3.449662035804869475e+01,1.290926886105372660e+02,1.849975439587576602e+03,2.922550854029953371e+03,3.098219357292287896e+03,3.252370075176906994e+01,2.463797860910398096e+00,3.711114519671569831e-03,0.000000000000000000e+00,0.000000000000000000e+00,0.000000000000000000e+00,0.000000000000000000e+00,0.000000000000000000e+00,0.000000000000000000e+00
1.001898055481433403e+00,9.440542268789025471e+00,3.397918862860993983e+01,1.275566783077180588e+02,1.831263571515633885e+03,2.896911745507758951e+03,3.075195923527341620e+03,3.967916932974804212e+01,4.253684492721752974e+00,3.581246264745974184e-02,0.000000000000000000e+00,0.000000000000000000e+00,0.000000000000000000e+00,0.000000000000000000e+00,0.000000000000000000e+00,0.000000000000000000e+00
1.920481257779123263e+00,0.000000000000000000e+00,9.247605798670695876e+00,1.596223562110429270e+02,1.813175324378525374e+03,2.871326542613559013e+03,3.053139416554468426e+03,4.664728049464120829e+01,5.993097795475776479e+00,9.343406169233862968e-02,0.000000000000000000e+00,0.000000000000000000e+00,0.000000000000000000e+00,0.000000000000000000e+00,0.000000000000000000e+00,0.000000000000000000e+00
1.066161330441900645e+00,1.852649965282870959e+00,9.086605549962385453e+00,1.578345084668927427e+02,2.166429638777665843e-03,4.642124734573480055e+03,3.030323211910128066e+03,5.455948904801960708e+01,7.697386088562044648e+00,1.634681958118067713e-01,0.000000000000000000e+00,0.000000000000000000e+00,0.000000000000000000e+00,0.000000000000000000e+00,0.000000000000000000e+00,0.000000000000000000e+00
9.602804261072543923e-01,1.808104644270339456e+00,8.945792506492667329e+00,0.000000000000000000e+00,1.561394941227055710e+02,4.601007145133416998e+03,3.006417007935310721e+03,6.374607428904619155e+01,9.364950292274791366e+00,2.489573198652823838e-01,4.205351734304257124e-04,0.000000000000000000e+00,0.000000000000000000e+00,0.000000000000000000e+00,0.000000000000000000e+00,0.000000000000000000e+00
0.000000000000000000e+00,2.709169120111762918e+00,8.819132827655524309e+00,0.000000000000000000e+00,1.545166781563275720e+02,4.560903925752137184e+03,2.982973539757013896e+03,6.750670926981220532e+01,1.610957018447330924e+01,3.508346008592987952e-01,1.555819418693132851e-03,0.000000000000000000e+00,0.000000000000000000e+00,0.000000000000000000e+00,0.000000000000000000e+00,0.000000000000000000e+00
9.549581373217599367e-01,0.000000000000000000e+00,0.000000000000000000e+00,1.136918126800644302e+01,1.529605853885334739e+02,4.521747618956414044e+03,2.959976755417392269e+03,7.113519867966132892e+01,2.265042507499989810e+01,4.723715481925575554e-01,3.168431636422559382e-03,0.000000000000000000e+00,0.000000000000000000e+00,0.000000000000000000e+00,0.000000000000000000e+00,0.000000000000000000e+00
0.000000000000000000e+00,9.140980454813691924e-01,0.000000000000000000e+00,1.120745947115984720e+01,1.512647158083456986e+02,3.365197539244453237e-03,4.492242669585568365e+03,3.373284309961008148e+03,4.489865289975816687e+00,1.920949292389019774e+03,3.451448241973716247e+00,5.891782461492329759e-01,1.540678289064782930e-03,0.000000000000000000e+00,0.000000000000000000e+00,0.000000000000000000e+00
0.000000000000000000e+00,8.863798751348381799e-01,0.000000000000000000e+00,1.105830934772914986e+01,1.496134744196903910e+02,7.021053788265474785e-03,4.451798233926391731e+03,3.349864607917769263e+03,1.005977726200626243e+01,1.908782493051708798e+03,8.243735702909507523e+00,4.273618787703015176e-01,1.177983624337576973e+00,3.878330223415141350e-04,2.588350157706553007e-04,0.000000000000000000e+00
0.000000000000000000e+00,8.647309028556513510e-01,0.000000000000000000e+00,1.091913026181778257e+01,0.000000000000000000e+00,1.480368519558867035e+02,4.412531602574004864e+03,3.323557734789154438e+03,1.377380464794679682e+01,1.901674988111198445e+03,1.171513187233596121e+01,2.526589893729788816e+00,1.744716329588735571e+00,6.851714685878849444e-03,8.190618373076939338e-04,0.000000000000000000e+00
0.000000000000000000e+00,0.000000000000000000e+00,8.466322652316925490e-01,1.078789206154237412e+01,0.000000000000000000e+00,1.465221815766804525e+02,4.374343156026922770e+03,2.199618148662949302e-01,3.315032935759484189e+03,3.054349449593957821e+00,1.906121206736006570e+03,5.160560019412835153e+00,2.303888480613828005e+00,1.679968479810692653e-02,2.018620684847251875e-03,0.000000000000000000e+00
0.000000000000000000e+00,0.000000000000000000e+00,8.309017995543386270e-01,0.000000000000000000e+00,1.066324552009128723e+01,1.450599678463438522e+02,4.337117417599423788e+03,4.840362152214056080e-01,3.293123135629304215e+03,8.015115596910240114e+00,1.894632870742698515e+03,1.005464916351425941e+01,2.859980758043237259e+00,2.817215749382140713e-02,3.558462394651460033e-03,0.000000000000000000e+00
0.000000000000000000e+00,0.000000000000000000e+00,8.168922970499481462e-01,0.000000000000000000e+00,1.054428056042640094e+01,1.436442560166598810e+02,4.300759288279688917e+03,7.389589567047217811e-01,3.271422738681722421e+03,1.300851745925508318e+01,1.883357968122861166e+03,1.402913320520952034e+01,3.667114589768429411e+00,5.803812827329446478e-01,1.071006703617199442e-02,0.000000000000000000e+00
0.000000000000000000e+00,0.000000000000000000e+00,0.000000000000000000e+00,8.042031895101222627e-01,1.042791235193745258e+01,1.422708652130885696e+02,4.882467216003159730e-04,4.265951795963252152e+03,3.250318065682370161e+03,1.785433771773189093e+01,1.872189150602145219e+03,1.681564504723001008e+01,5.624025831118715679e+00,1.136508962879681173e+00,2.319809180459973114e-02,4.833951417447644879e-04
0.000000000000000000e+00,0.000000000000000000e+00,0.000000000000000000e+00,7.925668081468971726e-01,1.031271843605700234e+01,1.409363504464245977e+02,1.142802839968056101e-03,4.231146247591124848e+03,3.227037569245518171e+03,2.227783450698409595e+01,1.863938028692523631e+03,1.957708638138301183e+01,7.535884802290111040e+00,1.695263677420681292e+00,4.057783958870791324e-02,1.434752039253752018e-03
0.000000000000000000e+00,0.000000000000000000e+00,0.000000000000000000e+00,7.817939828589429707e-01,1.020202393724716217e+01,1.396380517629399378e+02,1.789166287289211755e-03,4.197038310586842272e+03,3.203520270296903163e+03,2.535758019876800518e+01,1.857255520827941837e+03,2.261869040360676308e+01,9.406921603114009045e+00,2.256772347776985654e+00,6.359632127245955224e-02,2.848886791542662271e-03
0.000000000000000000e+00,0.000000000000000000e+00,0.000000000000000000e+00,7.717454538783783402e-01,1.009545255148060683e+01,0.000000000000000000e+00,1.383759852824086636e+02,4.163576621960888588e+03,3.180402177838134776e+03,2.834388614873362755e+01,1.849301334752506136e+03,2.689260708253908305e+01,1.124356255375680114e+01,2.810303662332472641e+00,9.394606336700132843e-02,1.038396689402358054e-02
0.000000000000000000e+00,0.000000000000000000e+00,0.000000000000000000e+00,7.623147429888347260e-01,0.000000000000000000e+00,9.992687125218383315e+00,1.371439782873007687e+02,4.130750804586441518e+03,3.157648815020274469e+03,3.124112504368310184e+01,2.617015991452888102e+00,1.840562885655339187e+03,4.230262728920234139e+01,3.413518885634513111e+00,1.236482223826371463e-01,1.270301871543011961e-02
0.000000000000000000e+00,0.000000000000000000e+00,0.000000000000000000e+00,0.000000000000000000e+00,7.534182506708673177e-01,9.893444956005119195e+00,1.359425615536005978e+02,4.098535350769258002e+03,4.405863418010307758e-02,3.169258172383075362e+03,6.893086225658172417e+00,1.830182956484188708e+03,4.638093445019520544e+01,3.815842945261084473e+00,3.529405742536257384e-01,1.861287314506997193e-02
0.000000000000000000e+00,0.000000000000000000e+00,0.000000000000000000e+00,0.000000000000000000e+00,7.449883212256878107e-01,9.797476731203159872e+00,1.347702582396120476e+02,4.066906855393844580e+03,1.818724879241070957e-01,3.149646062764606995e+03,1.124478015583684609e+01,1.819908579293421099e+03,5.037074999232054040e+01,3.913747196792809913e+00,8.756629979987320400e-01,2.681696203918913779e-02
0.000000000000000000e+00,0.000000000000000000e+00,0.000000000000000000e+00,0.000000000000000000e+00,7.368111493605470352e-01,9.704556142660321072e+00,1.336256521921231126e+02,4.035848456225966856e+03,7.759478904725169990e-03,3.130601152482525322e+03,1.548517515287853641e+01,1.809741912013039610e+03,5.323054600000101999e+01,5.049790805360436785e+00,1.394410014596555225e+00,6.491186235121083892e-02
0.000000000000000000e+00,0.000000000000000000e+00,0.000000000000000000e+00,0.000000000000000000e+00,7.287813575602507532e-01,9.614473745011823169e+00,1.325074670308202087e+02,4.005340813287430592e+03,2.663708306445580765e-02,3.110540913650801031e+03,2.068868687500452452e+01,1.799611769655198714e+03,5.541307053694623619e+01,6.844511084432220116e+00,1.930189441798394689e+00,1.080048432457414997e-01
0.000000000000000000e+00,0.000000000000000000e+00,0.000000000000000000e+00,0.000000000000000000e+00,7.211014881090531681e-01,9.527035016685561075e+00,1.314144402699162697e+02,0.000000000000000000e+00,3.975404367397132319e+03,3.089167321304570578e+03,2.494586422470946729e+01,1.791999443055425218e+03,5.755131805168564085e+01,8.597518936459289662e+00,2.471362956007763234e+00,1.561016931723654133e-01
0.000000000000000000e+00,0.000000000000000000e+00,0.000000000000000000e+00,0.000000000000000000e+00,0.000000000000000000e+00,7.137339485666117644e-01,1.397888539776748473e+02,0.000000000000000000e+00,3.945946149849999529e+03,3.068107561327119583e+03,2.750917730562572316e+01,1.786014871166396915e+03,5.965026840652318896e+01,1.031954197211094559e+01,3.010610703541985789e+00,2.090912600647837905e-01
0.000000000000000000e+00,0.000000000000000000e+00,0.000000000000000000e+00,0.000000000000000000e+00,0.000000000000000000e+00,7.066462905028060293e-01,0.000000000000000000e+00,1.386614439004355006e+02,3.916982606170863619e+03,3.047343476865437424e+03,3.000356608924238344e+01,1.779171877309792990e+03,6.257552624368602068e+01,1.201173392709857346e+01,3.547337337452089123e+00,2.675542267566133892e-01
0.000000000000000000e+00,0.000000000000000000e+00,0.000000000000000000e+00,0.000000000000000000e+00,0.000000000000000000e+00,6.998104372836617681e-01,0.000000000000000000e+00,1.375575340945757432e+02,3.888492441911830156e+03,3.026869085291543797e+03,3.243153866835548627e+01,1.771787221414703936e+03,6.600454751977584067e+01,1.368118020002087931e+01,4.082280135639581253e+00,3.314893620843254451e-01
0.000000000000000000e+00,0.000000000000000000e+00,0.000000000000000000e+00,0.000000000000000000e+00,0.000000000000000000e+00,6.932020247574919303e-01,0.000000000000000000e+00,1.364759026408248417e+02,3.860458858366429467e+03,3.006638783928466182e+03,3.483089516183637357e+01,1.764446070522837772e+03,6.801701100998531047e+01,1.663044556995830092e+01,4.649824701470519628e+00,4.010877049485908064e-01
0.000000000000000000e+00,0.000000000000000000e+00,0.000000000000000000e+00,0.000000000000000000e+00,0.000000000000000000e+00,6.867999030948026551e-01,0.000000000000000000e+00,1.354153927001246416e+02,3.832865716677074943e+03,2.986538418974992510e+03,1.021441633473015642e+00,1.793433852297322346e+03,6.909857928472894173e+01,2.035844099857691347e+01,5.267449941985333339e+00,4.777544724596364811e-01
0.000000000000000000e+00,0.000000000000000000e+00,0.000000000000000000e+00,0.000000000000000000e+00,0.000000000000000000e+00,6.805856981752228529e-01,0.000000000000000000e+00,1.343749100298735755e+02,3.805695941969678643e+03,2.966703683876933610e+03,3.530340744150433530e+00,1.786080638922336448e+03,7.012930131596638716e+01,2.403909587781212309e+01,5.883771282001191594e+00,5.614660280875881648e-01
0.000000000000000000e+00,0.000000000000000000e+00,0.000000000000000000e+00,0.000000000000000000e+00,0.000000000000000000e+00,0.000000000000000000e+00,6.745434288001912471e-01,1.333534335005705032e+02,3.778933179215111522e+03,2.947126133857284003e+03,5.060896878306313518e+00,1.779685002548424336e+03,8.546622882822414446e-01,9.792892276029907350e+01,6.513681306569394813e+00,6.375054266499604605e-01
0.000000000000000000e+00,0.000000000000000000e+00,0.000000000000000000e+00,0.000000000000000000e+00,0.000000000000000000e+00,0.000000000000000000e+00,6.686591749766167547e-01,1.323500172673980444e+02,3.752561947730343491e+03,1.546083364796566398e-03,2.932991051404782866e+03,1.774669477146815325e+03,2.253982350979569560e+00,1.010497167372914333e+02,6.693051964057748826e+00,1.168591568925106738e+00
0.000000000000000000e+00,0.000000000000000000e+00,0.000000000000000000e+00,0.000000000000000000e+00,0.000000000000000000e+00,0.000000000000000000e+00,6.629207657212222715e-01,1.313637863631179528e+02,3.726567596284934098e+03,5.347227069058555285e-03,2.914030634444799944e+03,1.768276811915045528e+03,4.958665457333081505e+00,1.035149896740480671e+02,7.428817333108955978e+00,1.770836557965974833e+00
0.000000000000000000e+00,0.000000000000000000e+00,0.000000000000000000e+00,0.000000000000000000e+00,0.000000000000000000e+00,0.000000000000000000e+00,6.573175263896767762e-01,1.303939330840539128e+02,3.700936325110140842e+03,8.496346417909588986e-03,2.895301319319881713e+03,2.308852477400380909e+00,1.767152878620541514e+03,1.050509630194188588e+02,9.064940673286582040e+00,2.391536233338642070e+00
0.000000000000000000e+00,0.000000000000000000e+00,0.000000000000000000e+00,0.000000000000000000e+00,0.000000000000000000e+00,0.000000000000000000e+00,6.518400715127781186e-01,0.000000000000000000e+00,1.294397142641230971e+02,3.675663691488894074e+03,2.876798288550033249e+03,4.565191918721562381e+00,1.761084593040940945e+03,1.065577565435503686e+02,1.067566238237963638e+01,3.012161845656033066e+00
0.000000000000000000e+00,0.000000000000000000e+00,0.000000000000000000e+00,0.000000000000000000e+00,0.000000000000000000e+00,0.000000000000000000e+00,6.464801203509185079e-01,0.000000000000000000e+00,1.285004461202756261e+02,3.650720616914118182e+03,2.858512380982142531e+03,6.770551233654424905e+00,1.755031467788969167e+03,1.080352689782243658e+02,1.226151072793048336e+01,3.632587676805727916e+00
0.000000000000000000e+00,0.000000000000000000e+00,0.000000000000000000e+00,0.000000000000000000e+00,0.000000000000000000e+00,0.000000000000000000e+00,6.412303156174544716e-01,0.000000000000000000e+00,1.275754971177059929e+02,3.626104225197847427e+03,2.840377654847976373e+03,8.986406785177114998e+00,1.748011157506908830e+03,1.104661827323791243e+02,1.382224123732232179e+01,4.253930953055666819e+00
0.000000000000000000e+00,0.000000000000000000e+00,0.000000000000000000e+00,0.000000000000000000e+00,0.000000000000000000e+00,0.000000000000000000e+00,6.360841040559815918e-01,0.000000000000000000e+00,1.266642844816098972e+02,3.601803853636777603e+03,2.822360805061827250e+03,1.124182542188056821e+01,1.740782495015029326e+03,1.130914995207047724e+02,1.535523054994690284e+01,4.880111924733599338e+00
0.000000000000000000e+00,0.000000000000000000e+00,0.000000000000000000e+00,0.000000000000000000e+00,0.000000000000000000e+00,0.000000000000000000e+00,6.310356265630516770e-01,0.000000000000000000e+00,1.257662698495593787e+02,3.577809504296664272e+03,2.804547338744384433e+03,1.342464495413532077e+01,1.733615536041951145e+03,1.156601891370266770e+02,1.686849420829420509e+01,5.507823940645356409e+00
0.000000000000000000e+00,0.000000000000000000e+00,0.000000000000000000e+00,0.000000000000000000e+00,0.000000000000000000e+00,0.000000000000000000e+00,0.000000000000000000e+00,6.260796295952091306e-01,1.248809556185192093e+02,3.554111803549027172e+03,2.786931989135233380e+03,1.546992142030149786e+01,1.726575338712066696e+03,1.181710081310961442e+02,1.831327633748419004e+01,6.189482751841945074e+00
0.000000000000000000e+00,0.000000000000000000e+00,0.000000000000000000e+00,0.000000000000000000e+00,0.000000000000000000e+00,0.000000000000000000e+00,0.000000000000000000e+00,6.212113693089346134e-01,1.240078795478385558e+02,3.530701927779492053e+03,2.769509756224035300e+03,1.747058264322104293e+01,1.719570684678594944e+03,1.198783359273963640e+02,2.040918042318228487e+01,6.951800279500667479e+00
0.000000000000000000e+00,0.000000000000000000e+00,0.000000000000000000e+00,0.000000000000000000e+00,0.000000000000000000e+00,0.000000000000000000e+00,0.000000000000000000e+00,6.164265457586546315e-01,1.231466115178997995e+02,3.507571547305902186e+03,2.752275905402394073e+03,1.827660868256980464e+01,1.713752439585054844e+03,1.204309326014841446e+02,2.358768088992150069e+01,7.715969898248642878e+00
0.000000000000000000e+00,0.000000000000000000e+00,0.000000000000000000e+00,0.000000000000000000e+00,0.000000000000000000e+00,0.000000000000000000e+00,0.000000000000000000e+00,6.117212544461312351e-01,1.222967513065278524e+02,3.484712836720661016e+03,2.735225920163408318e+03,1.830498935307429065e+01,1.708704412224258931e+03,1.209663212715095000e+02,2.671280202891773925e+01,8.481813248706080444e+00
0.000000000000000000e+00,0.000000000000000000e+00,0.000000000000000000e+00,0.000000000000000000e+00,0.000000000000000000e+00,0.000000000000000000e+00,0.000000000000000000e+00,6.080118793546069877e-01,1.216248247015587083e+02,3.466616492696633031e+03,2.721715414707952277e+03,1.832631769552749290e+01,1.704662523701615555e+03,1.213824112136472877e+02,2.917535621646500843e+01,9.095521000132855249e+00
