# particle radii (um) per size_bin (including water contribution to size), with size bins represented by columns and their number (starting from 1) given in second line of header, per time step which is represented by rows and corresponding times given in the time output file 
# 12345678910111213141516
7.121874999999999734e-03,1.956562499999999968e-02,3.200937499999999963e-02,4.445312499999999611e-02,5.689687499999999953e-02,6.934062500000000295e-02,8.178437499999999249e-02,9.422812499999999591e-02,1.066718749999999993e-01,1.191156250000000028e-01,1.315593750000000062e-01,1.440031250000000096e-01,1.564468749999999853e-01,1.688906249999999887e-01,1.813343749999999921e-01,1.937781249999999955e-01
7.121874999999999734e-03,1.956562499999999968e-02,3.200937499999999963e-02,4.445312499999999611e-02,5.689687499999999953e-02,6.934062500000000295e-02,8.178437499999999249e-02,9.422812499999999591e-02,1.066718749999999993e-01,1.191156250000000028e-01,1.315593750000000062e-01,1.440031250000000096e-01,1.564468749999999853e-01,1.688906249999999887e-01,1.813343749999999921e-01,1.937781249999999955e-01
7.121874999999999734e-03,1.956562499999999968e-02,3.200937499999999963e-02,4.445312499999999611e-02,5.689687499999999953e-02,6.934062500000000295e-02,8.178437499999999249e-02,9.422812499999999591e-02,1.066718749999999993e-01,1.191156250000000028e-01,1.315593750000000062e-01,1.440031250000000096e-01,1.564468749999999853e-01,1.688906249999999887e-01,1.813343749999999921e-01,1.937781249999999955e-01
7.121874999999999734e-03,1.956562499999999968e-02,3.200937499999999963e-02,4.445312499999999611e-02,5.689687499999999953e-02,6.934062500000000295e-02,8.178437499999999249e-02,9.422812499999999591e-02,1.066718749999999993e-01,1.191156250000000028e-01,1.315593750000000062e-01,1.440031250000000096e-01,1.564468749999999853e-01,1.688906249999999887e-01,1.813343749999999921e-01,1.937781249999999955e-01
7.121874999999999734e-03,1.956562499999999968e-02,3.200937499999999963e-02,4.445312499999999611e-02,5.689687499999999953e-02,6.934062500000000295e-02,8.178437499999999249e-02,9.422812499999999591e-02,1.066718749999999993e-01,1.191156250000000028e-01,1.315593750000000062e-01,1.440031250000000096e-01,1.564468749999999853e-01,1.688906249999999887e-01,1.813343749999999921e-01,1.937781249999999955e-01
7.121874999999999734e-03,1.956562499999999968e-02,3.200937499999999963e-02,4.445312499999999611e-02,5.689687499999999953e-02,6.934062500000000295e-02,8.178437499999999249e-02,9.422812499999999591e-02,1.066718749999999993e-01,1.191156250000000028e-01,1.315593750000000062e-01,1.440031250000000096e-01,1.564468749999999853e-01,1.688906249999999887e-01,1.813343749999999921e-01,1.937781249999999955e-01
7.121874999999999734e-03,1.956562499999999968e-02,3.200937499999999963e-02,4.445312499999999611e-02,5.689687499999999953e-02,6.934062500000000295e-02,8.178437499999999249e-02,9.422812499999999591e-02,1.066718749999999993e-01,1.191156250000000028e-01,1.315593750000000062e-01,1.440031250000000096e-01,1.564468749999999853e-01,1.688906249999999887e-01,1.813343749999999921e-01,1.937781249999999955e-01
7.121874999999999734e-03,1.956562499999999968e-02,3.200937499999999963e-02,4.445312499999999611e-02,5.689687499999999953e-02,6.934062500000000295e-02,8.178437499999999249e-02,9.422812499999999591e-02,1.066718749999999993e-01,1.191156250000000028e-01,1.315593750000000062e-01,1.440031250000000096e-01,1.564468749999999853e-01,1.688906249999999887e-01,1.813343749999999921e-01,1.937781249999999955e-01
7.121874999999999734e-03,1.956562499999999968e-02,3.200937499999999963e-02,4.445312499999999611e-02,5.689687499999999953e-02,6.934062500000000295e-02,8.178437499999999249e-02,9.422812499999999591e-02,1.066718749999999993e-01,1.191156250000000028e-01,1.315593750000000062e-01,1.440031250000000096e-01,1.564468749999999853e-01,1.688906249999999887e-01,1.813343749999999921e-01,1.937781249999999955e-01
7.121874999999999734e-03,1.956562499999999968e-02,3.200937499999999963e-02,4.445312499999999611e-02,5.689687499999999953e-02,6.934062500000000295e-02,8.178437499999999249e-02,9.422812499999999591e-02,1.066718749999999993e-01,1.191156250000000028e-01,1.315593750000000062e-01,1.440031250000000096e-01,1.564468749999999853e-01,1.688906249999999887e-01,1.813343749999999921e-01,1.937781249999999955e-01
7.121874999999999734e-03,1.956562499999999968e-02,3.200937499999999963e-02,4.445312499999999611e-02,5.689687499999999953e-02,6.934062500000000295e-02,8.178437499999999249e-02,9.422812499999999591e-02,1.066718749999999993e-01,1.191156250000000028e-01,1.315593750000000062e-01,1.440031250000000096e-01,1.564468749999999853e-01,1.688906249999999887e-01,1.813343749999999921e-01,1.937781249999999955e-01
7.121874999999999734e-03,1.956562499999999968e-02,3.200937499999999963e-02,4.445312499999999611e-02,5.689687499999999953e-02,6.934062500000000295e-02,8.178437499999999249e-02,9.422812499999999591e-02,1.066718749999999993e-01,1.191156250000000028e-01,1.315593750000000062e-01,1.440031250000000096e-01,1.564468749999999853e-01,1.688906249999999887e-01,1.813343749999999921e-01,1.937781249999999955e-01
7.121874999999999734e-03,1.956562499999999968e-02,3.200937499999999963e-02,4.445312499999999611e-02,5.689687499999999953e-02,6.934062500000000295e-02,8.178437499999999249e-02,9.422812499999999591e-02,1.066718749999999993e-01,1.191156250000000028e-01,1.315593750000000062e-01,1.440031250000000096e-01,1.564468749999999853e-01,1.688906249999999887e-01,1.813343749999999921e-01,1.937781249999999955e-01
7.121874999999999734e-03,1.956562499999999968e-02,3.200937499999999963e-02,4.445312499999999611e-02,5.689687499999999953e-02,6.934062500000000295e-02,8.178437499999999249e-02,9.422812499999999591e-02,1.066718749999999993e-01,1.191156250000000028e-01,1.315593750000000062e-01,1.440031250000000096e-01,1.564468749999999853e-01,1.688906249999999887e-01,1.813343749999999921e-01,1.937781249999999955e-01
7.121874999999999734e-03,1.956562499999999968e-02,3.200937499999999963e-02,4.445312499999999611e-02,5.689687499999999953e-02,6.934062500000000295e-02,8.178437499999999249e-02,9.422812499999999591e-02,1.066718749999999993e-01,1.191156250000000028e-01,1.315593750000000062e-01,1.440031250000000096e-01,1.564468749999999853e-01,1.688906249999999887e-01,1.813343749999999921e-01,1.937781249999999955e-01
7.121874999999999734e-03,1.956562499999999968e-02,3.200937499999999963e-02,4.445312499999999611e-02,5.689687499999999953e-02,6.934062500000000295e-02,8.178437499999999249e-02,9.422812499999999591e-02,1.066718749999999993e-01,1.191156250000000028e-01,1.315593750000000062e-01,1.440031250000000096e-01,1.564468749999999853e-01,1.688906249999999887e-01,1.813343749999999921e-01,1.937781249999999955e-01
7.121874999999999734e-03,1.956562499999999968e-02,3.200937499999999963e-02,4.445312499999999611e-02,5.689687499999999953e-02,6.934062500000000295e-02,8.178437499999999249e-02,9.422812499999999591e-02,1.066718749999999993e-01,1.191156250000000028e-01,1.315593750000000062e-01,1.440031250000000096e-01,1.564468749999999853e-01,1.688906249999999887e-01,1.813343749999999921e-01,1.937781249999999955e-01
2.011827462551277548e-03,1.956562500000000315e-02,3.200937499999999963e-02,4.445312500000000305e-02,5.689687500000000647e-02,6.934062500000001683e-02,8.178437500000000637e-02,9.422812500000000979e-02,1.066718750000000132e-01,1.191156250000000166e-01,1.315593750000000062e-01,1.440031250000000373e-01,1.564468750000000130e-01,1.688906249999999887e-01,1.813343750000000199e-01,1.937781250000000233e-01
2.013918710750355230e-03,1.956562500000000315e-02,3.200937499999999963e-02,4.445312500000000305e-02,5.689687500000000647e-02,6.934062500000001683e-02,8.178437500000000637e-02,9.422812500000000979e-02,1.066718750000000132e-01,1.191156250000000166e-01,1.315593750000000062e-01,1.440031250000000373e-01,1.564468750000000130e-01,1.688906249999999887e-01,1.813343750000000199e-01,1.937781250000000233e-01
6.299762957066705818e-03,1.956562500000000315e-02,3.200937499999999963e-02,4.445312500000000305e-02,5.689687500000000647e-02,6.934062500000001683e-02,8.178437500000000637e-02,9.422812500000000979e-02,1.066718750000000132e-01,1.191156250000000166e-01,1.315593750000000062e-01,1.440031250000000373e-01,1.564468750000000130e-01,1.688906249999999887e-01,1.813343750000000199e-01,1.937781250000000233e-01
1.015520402079453724e-02,1.357758530868372060e-02,3.200937499999999963e-02,4.445312500000000305e-02,5.689687500000000647e-02,6.934062500000001683e-02,8.178437500000000637e-02,9.422812500000000979e-02,1.066718750000000132e-01,1.191156250000000166e-01,1.315593750000000062e-01,1.440031250000000373e-01,1.564468750000000130e-01,1.688906249999999887e-01,1.813343750000000199e-01,1.937781250000000233e-01
4.661239530011614639e-03,1.640818286350716887e-02,3.200937499999999963e-02,4.445312500000000305e-02,5.689687500000000647e-02,6.934062500000001683e-02,8.178437500000000637e-02,9.422812500000000979e-02,1.066718750000000132e-01,1.191156250000000166e-01,1.315593750000000062e-01,1.440031250000000373e-01,1.564468750000000130e-01,1.688906249999999887e-01,1.813343750000000199e-01,1.937781250000000233e-01
1.132842187478613240e-02,2.413397330905061797e-02,2.998467607224358789e-02,4.445312500000000305e-02,5.689687500000000647e-02,6.934062500000001683e-02,8.178437500000000637e-02,9.422812500000000979e-02,1.066718750000000132e-01,1.191156250000000166e-01,1.315593750000000062e-01,1.440031250000000373e-01,1.564468750000000130e-01,1.688906249999999887e-01,1.813343750000000199e-01,1.937781250000000233e-01
6.555833479203178500e-03,1.976863985775075688e-02,3.184478709235576827e-02,4.012108426296873143e-02,5.689687500000000647e-02,6.934062500000001683e-02,8.178437500000000637e-02,9.422812500000000979e-02,1.066718750000000132e-01,1.191156250000000166e-01,1.315593750000000062e-01,1.440031250000000373e-01,1.564468750000000130e-01,1.688906249999999887e-01,1.813343750000000199e-01,1.937781250000000233e-01
2.000000000000000909e-03,1.443123252301042013e-02,3.331879444929412154e-02,4.327711675047975215e-02,5.689687500000000647e-02,6.934062500000001683e-02,8.178437500000000637e-02,9.422812500000000979e-02,1.066718750000000132e-01,1.191156250000000166e-01,1.315593750000000062e-01,1.440031250000000373e-01,1.564468750000000130e-01,1.688906249999999887e-01,1.813343750000000199e-01,1.937781250000000233e-01
9.753175126116623433e-03,2.311419913934827097e-02,2.891323945957394170e-02,4.040742413831551610e-02,5.095007190659801150e-02,7.222898721524569077e-02,8.178437500000000637e-02,9.422812500000000979e-02,1.066718750000000132e-01,1.191156250000000166e-01,1.315593750000000062e-01,1.440031250000000373e-01,1.564468750000000130e-01,1.688906249999999887e-01,1.813343750000000199e-01,1.937781250000000233e-01
5.037626261744641495e-03,1.781294451065049481e-02,3.035390621263359123e-02,4.652917266478333314e-02,5.776139858651660464e-02,6.701203119341646308e-02,7.776090140541200291e-02,9.422812500000000979e-02,1.066718750000000132e-01,1.191156250000000166e-01,1.315593750000000062e-01,1.440031250000000373e-01,1.564468750000000130e-01,1.688906249999999887e-01,1.813343750000000199e-01,1.937781250000000233e-01
1.219001323510708959e-02,2.501273049734177578e-02,3.631017695129281492e-02,4.202260807882679527e-02,5.164226884765349412e-02,6.499669509730773842e-02,8.618473533992680735e-02,9.422812500000000979e-02,1.066718750000000132e-01,1.191156250000000166e-01,1.315593750000000062e-01,1.440031250000000373e-01,1.564468750000000130e-01,1.688906249999999887e-01,1.813343750000000199e-01,1.937781250000000233e-01
7.885856773562741756e-03,1.974939087709006585e-02,3.743043709753524767e-02,4.594143637789176171e-02,5.581909498136387177e-02,6.958398040256391637e-02,8.165902945611250296e-02,9.422812500000000979e-02,1.066718750000000132e-01,1.191156250000000166e-01,1.315593750000000062e-01,1.440031250000000373e-01,1.564468750000000130e-01,1.688906249999999887e-01,1.813343750000000199e-01,1.937781250000000233e-01
2.000000000000000909e-03,2.240135853968656249e-02,2.963600046596090790e-02,4.169388642874372053e-02,5.922682470934279020e-02,7.106200280120447688e-02,8.269755875453514704e-02,9.422812500000000979e-02,1.066718750000000132e-01,1.191156250000000166e-01,1.315593750000000062e-01,1.440031250000000373e-01,1.564468750000000130e-01,1.688906249999999887e-01,1.813343750000000199e-01,1.937781250000000233e-01
9.062521083222991464e-03,1.956562500000000315e-02,2.756662196832776815e-02,4.527702066043743506e-02,6.205585974277503386e-02,7.201639711553602108e-02,7.810702862196827745e-02,9.120057708026804710e-02,1.066718750000000132e-01,1.191156250000000166e-01,1.315593750000000062e-01,1.440031250000000373e-01,1.564468750000000130e-01,1.688906249999999887e-01,1.813343750000000199e-01,1.937781250000000233e-01
3.446602802319183312e-03,1.540209467406475526e-02,3.193109992643206746e-02,4.835887572392151557e-02,5.656866604022271761e-02,6.452508092032266385e-02,8.066801301292814141e-02,9.298585285611157825e-02,1.066718750000000132e-01,1.191156250000000166e-01,1.315593750000000062e-01,1.440031250000000373e-01,1.564468750000000130e-01,1.688906249999999887e-01,1.813343750000000199e-01,1.937781250000000233e-01
1.025136845925932703e-02,2.132446750034933114e-02,3.572018794359349547e-02,4.500451561869881628e-02,5.109950976964879737e-02,6.663879657005858381e-02,8.291091879340727056e-02,9.421787325009903236e-02,1.066718750000000132e-01,1.191156250000000166e-01,1.315593750000000062e-01,1.440031250000000373e-01,1.564468750000000130e-01,1.688906249999999887e-01,1.813343750000000199e-01,1.937781250000000233e-01
5.001553710068358007e-03,2.369134542827389112e-02,2.971413803987066338e-02,3.907353087032304495e-02,5.354419553345642763e-02,6.850527174140877418e-02,8.293068201884350177e-02,9.523876238022846441e-02,1.066718750000000132e-01,1.191156250000000166e-01,1.315593750000000062e-01,1.440031250000000373e-01,1.564468750000000130e-01,1.688906249999999887e-01,1.813343750000000199e-01,1.937781250000000233e-01
1.147295866557397279e-02,1.501921800233938127e-02,2.812564884802282172e-02,4.208857427289491859e-02,5.577312619456052667e-02,7.019839176258239888e-02,8.391145585278299290e-02,8.914114006195583695e-02,1.056563574564576002e-01,1.174331818265320210e-01,1.315593750000000062e-01,1.440031250000000373e-01,1.564468750000000130e-01,1.688906249999999887e-01,1.813343750000000199e-01,1.937781250000000233e-01
6.555884025940412682e-03,1.779105337807690423e-02,3.201445158534818591e-02,4.484506480113249066e-02,5.783236061999073169e-02,7.175813512971807029e-02,8.430029124993050627e-02,9.040272229036255824e-02,1.048055128892149135e-01,1.184176475399155853e-01,1.315593750000000062e-01,1.440031250000000373e-01,1.564468750000000130e-01,1.688906249999999887e-01,1.813343750000000199e-01,1.937781250000000233e-01
1.272145207569068751e-02,2.310878029247189283e-02,3.550366532213013182e-02,4.740188358112485539e-02,5.976660147047520300e-02,7.322631784394072196e-02,8.502258530624257071e-02,9.187231622946197274e-02,1.057776340665203124e-01,1.191358457400925608e-01,1.315593750000000062e-01,1.440031250000000373e-01,1.564468750000000130e-01,1.688906249999999887e-01,1.813343750000000199e-01,1.937781250000000233e-01
8.083797836251030433e-03,2.536222477399716069e-02,3.195439968205860543e-02,4.747733612227991729e-02,6.160352603325591064e-02,7.462576475412625865e-02,8.549214016267267513e-02,9.323821079358288189e-02,1.030175715127296943e-01,1.194588542093875105e-01,1.315593750000000062e-01,1.440031250000000373e-01,1.564468750000000130e-01,1.688906249999999887e-01,1.813343750000000199e-01,1.937781250000000233e-01
2.000000000000000909e-03,1.433371581979874139e-02,2.954798098890227404e-02,4.984480976981975342e-02,6.148584135148885826e-02,6.335451895249158416e-02,7.613098100924259315e-02,9.372278469232304954e-02,1.040696444543980220e-01,1.181975180618771576e-01,1.315593750000000062e-01,1.440031250000000373e-01,1.564468750000000130e-01,1.688906249999999887e-01,1.813343750000000199e-01,1.937781250000000233e-01
9.565004660420062602e-03,2.043537904317804799e-02,3.327554724271234582e-02,4.155320581892129467e-02,5.209292160102088620e-02,6.504149923479793372e-02,7.743262293351126091e-02,9.402743053893317104e-02,1.054144128140931391e-01,1.183648426522972835e-01,1.315593750000000062e-01,1.440031250000000373e-01,1.564468750000000130e-01,1.688906249999999887e-01,1.813343750000000199e-01,1.937781250000000233e-01
6.050049097717393257e-03,2.320286988632712724e-02,3.665874010922752502e-02,4.451596823921387391e-02,5.423630675224807435e-02,6.666630499922947262e-02,7.870077137361344843e-02,9.487372183335883447e-02,1.065701399637424135e-01,1.184300754828652713e-01,1.315593750000000062e-01,1.440031250000000373e-01,1.564468750000000130e-01,1.688906249999999887e-01,1.813343750000000199e-01,1.937781250000000233e-01
1.175925036169501135e-02,1.956562500000000315e-02,2.774074133629934880e-02,3.977548197205674207e-02,5.629359246316333748e-02,6.824587377959064061e-02,7.994621326031244035e-02,9.573570821853051582e-02,1.036809276015071973e-01,1.199829037219738298e-01,1.315593750000000062e-01,1.440031250000000373e-01,1.564468750000000130e-01,1.688906249999999887e-01,1.813343750000000199e-01,1.937781250000000233e-01
7.767263862531879198e-03,1.864100770235510227e-02,3.172709215895429258e-02,4.267527870213582569e-02,5.827676526067811918e-02,6.979015598740918869e-02,8.117173626037127443e-02,9.609321103918648521e-02,1.029673865732538829e-01,1.200276177546550360e-01,1.315593750000000062e-01,1.440031250000000373e-01,1.564468750000000130e-01,1.688906249999999887e-01,1.813343750000000199e-01,1.937781250000000233e-01
2.000000000000000909e-03,2.166879417642289876e-02,3.529396531907531137e-02,4.537813836308580984e-02,6.017804891799064665e-02,7.128776583870079231e-02,8.236678095116511944e-02,9.646334710566031867e-02,1.038556580174104932e-01,1.151863114803146904e-01,1.315593750000000062e-01,1.440031250000000373e-01,1.564468750000000130e-01,1.688906249999999887e-01,1.813343750000000199e-01,1.937781250000000233e-01
1.032813597183794216e-02,1.956562500000000315e-02,2.646613668880995474e-02,4.624942469843705550e-02,6.200692442038711893e-02,7.274313675858891381e-02,8.353789893066397576e-02,9.711495104935756462e-02,1.048795533686217724e-01,1.155740759408236257e-01,1.315593750000000062e-01,1.440031250000000373e-01,1.564468750000000130e-01,1.688906249999999887e-01,1.813343750000000199e-01,1.937781250000000233e-01
2.000000000000000909e-03,1.774803406202509273e-02,3.060069391406730621e-02,4.872606838448929195e-02,6.033644286215614910e-02,7.049912474109337746e-02,8.468778050039955929e-02,9.771068918150176141e-02,1.059491614759722894e-01,1.163954511576203582e-01,1.315593750000000062e-01,1.440031250000000373e-01,1.564468750000000130e-01,1.688906249999999887e-01,1.813343750000000199e-01,1.937781250000000233e-01
1.266289175401752280e-02,2.325351190829042652e-02,3.425213487122577560e-02,4.445312500000000305e-02,5.106041914626759798e-02,7.197613741968632295e-02,8.581389078656763425e-02,9.824228611470958716e-02,1.070225267545806686e-01,1.172442260571831679e-01,1.292696029858044771e-01,1.440031250000000373e-01,1.564468750000000130e-01,1.688906249999999887e-01,1.813343750000000199e-01,1.937781250000000233e-01
7.121875000000001468e-03,2.557655206999550832e-02,3.753679957553947288e-02,4.445312500000000305e-02,5.326521749314042098e-02,7.340849017134334908e-02,8.691700007217338653e-02,9.876244299816251682e-02,1.060921993397761498e-01,1.181478216288614908e-01,1.298451565887280834e-01,1.440031250000000373e-01,1.564468750000000130e-01,1.688906249999999887e-01,1.813343750000000199e-01,1.937781250000000233e-01
1.096423817478554136e-02,1.956562500000000315e-02,3.200937499999999963e-02,3.853992077522350873e-02,5.535197910313172792e-02,7.479645441026396002e-02,8.799642988587165482e-02,9.935875286879300439e-02,1.063982506915915338e-01,1.189914970219932977e-01,1.305461901167261907e-01,1.440031250000000373e-01,1.564468750000000130e-01,1.688906249999999887e-01,1.813343750000000199e-01,1.937781250000000233e-01
7.121875000000001468e-03,1.652927302364519749e-02,3.200937499999999963e-02,4.146890865672361870e-02,5.773085574010761167e-02,7.197194743352496038e-02,7.693648129111624323e-02,9.430141009295767152e-02,1.087245533071882486e-01,1.161749588235860137e-01,1.311392544509630276e-01,1.460036822556094183e-01,1.598395374721874040e-01,1.688906249999999887e-01,1.813343750000000199e-01,1.937781250000000233e-01
7.121875000000001468e-03,2.121415221582756763e-02,3.200937499999999963e-02,4.473801778925969030e-02,6.068512893671825642e-02,7.476684951921437616e-02,7.964193674853312088e-02,9.722468349887058991e-02,1.118255024595570662e-01,1.202067774309774073e-01,1.340481049055364249e-01,1.385976907354975751e-01,1.506782157608706763e-01,1.678236992418644935e-01,1.778052734401564527e-01,1.937781250000000233e-01
7.121875000000001468e-03,2.528316422356106929e-02,3.200937499999999963e-02,4.762909651357651042e-02,5.689687500000000647e-02,6.329371730296541598e-02,8.202556347429443284e-02,9.974815432444517072e-02,1.115147489750747539e-01,1.236076744785288978e-01,1.361314983006675638e-01,1.420923691989812443e-01,1.546397267893653282e-01,1.671162061042234526e-01,1.791430890364843487e-01,1.937781250000000233e-01
7.121875000000001468e-03,1.956562500000000315e-02,2.891807893354244111e-02,5.019639168648384886e-02,5.689687500000000647e-02,6.557418853419395843e-02,8.408297221124087784e-02,9.524600818582762418e-02,1.019419738459963337e-01,1.181807380846207484e-01,1.265576541919598008e-01,1.442577015433211263e-01,1.579763725862924628e-01,1.694541169038586148e-01,1.817943303409010891e-01,1.937781250000000233e-01
7.121875000000001468e-03,1.956562500000000315e-02,3.226973228126375770e-02,4.445312500000000305e-02,5.255847648035109898e-02,6.763190795874800265e-02,8.590643186622905214e-02,9.734080600454461663e-02,1.037919179089710903e-01,1.202321334848210632e-01,1.289776683687753611e-01,1.451502863342535310e-01,1.608089683140135895e-01,1.720792296818741407e-01,1.845047551460052004e-01,1.937781250000000233e-01
7.121875000000001468e-03,1.956562500000000315e-02,3.542004521555434243e-02,4.445312500000000305e-02,5.478697619917080597e-02,6.953765250884111349e-02,8.756197342571406250e-02,9.921961193072247054e-02,1.054250491561567332e-01,1.219421306588432674e-01,1.310526202682868735e-01,1.465265786340771148e-01,1.604101431052859794e-01,1.655529901628459144e-01,1.821261716301595390e-01,1.937781250000000233e-01
7.121875000000001468e-03,1.956562500000000315e-02,3.200937499999999963e-02,3.842062888973252904e-02,5.692740966194802243e-02,7.134060415199500182e-02,8.206209714850370984e-02,8.910045641009707584e-02,1.068969398092539519e-01,1.235305970721821273e-01,1.328541015891565036e-01,1.476132394562848782e-01,1.590026938962079972e-01,1.673023618458071293e-01,1.817884623670075750e-01,1.933024020201366544e-01
7.121875000000001468e-03,1.956562500000000315e-02,3.200937499999999963e-02,4.130698358679662369e-02,5.900999570018841678e-02,7.307570106048259795e-02,8.363963686288090893e-02,9.055369282210350146e-02,1.082458874280376737e-01,1.237100149037569513e-01,1.344277024159497846e-01,1.487054812733140940e-01,1.590325028916738936e-01,1.689327615167056651e-01,1.823697972945103885e-01,1.946666384289442164e-01
7.121875000000001468e-03,1.956562500000000315e-02,3.200937499999999963e-02,4.410442321216775236e-02,6.105528933738964964e-02,7.476805019638967098e-02,8.536874579493822224e-02,9.195151720762130554e-02,1.095083005939748305e-01,1.237949252556938828e-01,1.358235703607193479e-01,1.496129743881565721e-01,1.595346034664068269e-01,1.703882278066665423e-01,1.830514437540611550e-01,1.958422628990201253e-01
7.121875000000001468e-03,1.956562500000000315e-02,3.200937499999999963e-02,4.683057054967611210e-02,6.307692042540757882e-02,6.934062500000001683e-02,7.643552994437867454e-02,9.331449456086500505e-02,1.107111288539599364e-01,1.241169690621190258e-01,1.370863690978714744e-01,1.500281453599335846e-01,1.602230494206998979e-01,1.716878594571041861e-01,1.829488187702922319e-01,1.925710522368163924e-01
7.121875000000001468e-03,1.956562500000000315e-02,3.200937499999999963e-02,4.949669133597910109e-02,5.689687500000000647e-02,6.508299481767367001e-02,7.808934350994184426e-02,9.465725554087693616e-02,1.118736590826030358e-01,1.246077117792353112e-01,1.309451033226993466e-01,1.382603136833830682e-01,1.542981495137732140e-01,1.727817517250943291e-01,1.841228925287738127e-01,1.944450147091415504e-01
7.121875000000001468e-03,1.956562500000000315e-02,3.200937499999999963e-02,4.445312500000000305e-02,5.211112768312535504e-02,6.707980472160078589e-02,7.973935786699803963e-02,9.599284985955949812e-02,1.110402257434043860e-01,1.131593056583882900e-01,1.322426181475118701e-01,1.393663922067966687e-01,1.553733855107521655e-01,1.737304472409458567e-01,1.798740592798182270e-01,1.950400085846737130e-01
7.121875000000001468e-03,1.956562500000000315e-02,3.200937499999999963e-02,4.445312500000000305e-02,5.467216903016058199e-02,6.906350817864215230e-02,8.138415094114950787e-02,9.732269429157863749e-02,1.122512366613376972e-01,1.142880411999302598e-01,1.334361152861205380e-01,1.404117404674638525e-01,1.564127882759174804e-01,1.744958164871370510e-01,1.787701023849650461e-01,1.954685813151223750e-01
7.121875000000001468e-03,1.956562500000000315e-02,3.200937499999999963e-02,4.445312500000000305e-02,5.717559574578215398e-02,7.102828843686490035e-02,8.302002724371211617e-02,9.864573891280496720e-02,1.084812984497073862e-01,1.154019529528270971e-01,1.346372434030160548e-01,1.414059933108093581e-01,1.572902328367423164e-01,1.728531381266012468e-01,1.789904587826667004e-01,1.929033777073765610e-01
7.121875000000001468e-03,1.956562500000000315e-02,3.200937499999999963e-02,4.445312500000000305e-02,5.961824924770399436e-02,7.297027608697509438e-02,8.464551696042053874e-02,9.996353075135154531e-02,1.100851395342361261e-01,1.165029581326809949e-01,1.353544107288433551e-01,1.423613289259422487e-01,1.580611447674076242e-01,1.713740245505864235e-01,1.795612175166872992e-01,1.927364409584731708e-01
7.121875000000001468e-03,1.956562500000000315e-02,3.200937499999999963e-02,4.445312500000000305e-02,6.199236199569035932e-02,7.488064635382074563e-02,8.625358893603933541e-02,9.422812500000000979e-02,1.012718218265557940e-01,1.175877997173504635e-01,1.355024941552948614e-01,1.432779935985289688e-01,1.588248978744829232e-01,1.708855505934071817e-01,1.802443803591354532e-01,1.930506358282563784e-01
7.121875000000001468e-03,1.956562500000000315e-02,3.200937499999999963e-02,4.445312500000000305e-02,5.689687500000000647e-02,6.429024738387230375e-02,8.717360368961962758e-02,9.422812500000000979e-02,1.025649894071429397e-01,1.186590967880017805e-01,1.357373064655033879e-01,1.441625271197829183e-01,1.595813079708050530e-01,1.708691123184751803e-01,1.809751053948966126e-01,1.935505051416179789e-01
7.121875000000001468e-03,1.956562500000000315e-02,3.200937499999999963e-02,4.445312500000000305e-02,5.689687500000000647e-02,6.650566711948284471e-02,8.178437500000000637e-02,8.873864604918511867e-02,1.038377828522206170e-01,1.197138770887397341e-01,1.361402121058665760e-01,1.450185838224069268e-01,1.602062300278861151e-01,1.711098716217520077e-01,1.817200754178376620e-01,1.941277967388810866e-01
7.121875000000001468e-03,1.956562500000000315e-02,3.200937499999999963e-02,4.445312500000000305e-02,5.689687500000000647e-02,6.863310313444691280e-02,8.178437500000000637e-02,9.026382078570580059e-02,1.050842166962150659e-01,1.207479847967041775e-01,1.366618916246114257e-01,1.458469290352398529e-01,1.607696398336761756e-01,1.714966227642741314e-01,1.824618540988234006e-01,1.947424875954011092e-01
7.121875000000001468e-03,1.956562500000000315e-02,3.200937499999999963e-02,4.445312500000000305e-02,5.689687500000000647e-02,7.066975426998083065e-02,8.178437500000000637e-02,9.174409567260238818e-02,1.063000201077933943e-01,1.217585008160399357e-01,1.372568447866278074e-01,1.466501154978934462e-01,1.613163641255009328e-01,1.712984625829157836e-01,1.831405935233123006e-01,1.953835346465093992e-01
7.121875000000001468e-03,1.956562500000000315e-02,3.200937499999999963e-02,4.445312500000000305e-02,5.689687500000000647e-02,7.261474784968179053e-02,8.178437500000000637e-02,9.317584610553313051e-02,1.074818384382638242e-01,1.227428371459441947e-01,1.348523886071335831e-01,1.472486482276973152e-01,1.618396112877156789e-01,1.710927144001095912e-01,1.837458399036152323e-01,1.959998583340948897e-01
7.121875000000001468e-03,1.956562500000000315e-02,3.200937499999999963e-02,4.445312500000000305e-02,5.689687500000000647e-02,7.446890093540385613e-02,8.178437500000000637e-02,9.455682889519935463e-02,1.086273118936688931e-01,1.236993540393493546e-01,1.360521467320295330e-01,1.480033653821521689e-01,1.623601506031741304e-01,1.711914040101516488e-01,1.843579545233630657e-01,1.965952879088894434e-01
7.121875000000001468e-03,1.956562500000000315e-02,3.200937499999999963e-02,4.445312500000000305e-02,5.689687500000000647e-02,6.934062500000001683e-02,7.623468006362206506e-02,9.588631269883005070e-02,1.097352979807289935e-01,1.246271398786832768e-01,1.369981015936860280e-01,1.487290648865645659e-01,1.572025398636929805e-01,1.654405010810438004e-01,1.849824307150917113e-01,1.973042424176252307e-01
7.121875000000001468e-03,1.956562500000000315e-02,3.200937499999999963e-02,4.445312500000000305e-02,5.689687500000000647e-02,6.934062500000001683e-02,7.791559122997247788e-02,9.716457403701284079e-02,1.108054365652925005e-01,1.223857584115504438e-01,1.255493806541973512e-01,1.494246337947658931e-01,1.581285533375092756e-01,1.662054221239370466e-01,1.854316590108357476e-01,1.942809671570429053e-01
7.121875000000001468e-03,1.956562500000000315e-02,3.200937499999999963e-02,4.445312500000000305e-02,5.689687500000000647e-02,6.934062500000001683e-02,7.951528619914824403e-02,9.839235573685921332e-02,1.118378185511873374e-01,1.236384275140168937e-01,1.264191393135569164e-01,1.500981577988245441e-01,1.567706330146028670e-01,1.668963773979258436e-01,1.850238246331780134e-01,1.933498507565417079e-01
7.121875000000001468e-03,1.956562500000000315e-02,3.200937499999999963e-02,4.445312500000000305e-02,5.689687500000000647e-02,6.934062500000001683e-02,8.103813132614359760e-02,9.957117239971112477e-02,1.128331818665111036e-01,1.247779857489233063e-01,1.272602303317893757e-01,1.421730842027951469e-01,1.507885928692227762e-01,1.674901245354688539e-01,1.839580354154999320e-01,1.932013980192429370e-01
7.121875000000001468e-03,1.956562500000000315e-02,3.200937499999999963e-02,4.445312500000000305e-02,5.689687500000000647e-02,6.934062500000001683e-02,8.248884977816695052e-02,9.422812500000000979e-02,1.007030564525608768e-01,1.137927608399311452e-01,1.280734709820535444e-01,1.431539209491998199e-01,1.514388500940768711e-01,1.680720269594492000e-01,1.834207756279693513e-01,1.933842123543781377e-01
7.121875000000001468e-03,1.956562500000000315e-02,3.200937499999999963e-02,4.445312500000000305e-02,5.689687500000000647e-02,6.934062500000001683e-02,8.387172306201770566e-02,9.422812500000000979e-02,1.017899135151252576e-01,1.147176278736455890e-01,1.288596197359033746e-01,1.440965403516629717e-01,1.520692666502060642e-01,1.686423519316532504e-01,1.831953244038297957e-01,1.937213942332197680e-01
7.121875000000001468e-03,1.956562500000000315e-02,3.200937499999999963e-02,4.445312500000000305e-02,5.689687500000000647e-02,6.934062500000001683e-02,8.519079306582803823e-02,9.422812500000000979e-02,1.028336979111999921e-01,1.156090551309162107e-01,1.296193482882512793e-01,1.449616653454022241e-01,1.526743175335387726e-01,1.691501798689540592e-01,1.831661447744130367e-01,1.941378719995190683e-01
7.121875000000001468e-03,1.956562500000000315e-02,3.200937499999999963e-02,4.445312500000000305e-02,5.689687500000000647e-02,6.934062500000001683e-02,8.645007992126259311e-02,9.422812500000000979e-02,1.038364877460632857e-01,1.164684101301042968e-01,1.303535033436458157e-01,1.457628931489066970e-01,1.532594594660126874e-01,1.696413878088932625e-01,1.832646689467777312e-01,1.945922864749336512e-01
7.121875000000001468e-03,1.956562500000000315e-02,3.200937499999999963e-02,4.445312500000000305e-02,5.689687500000000647e-02,6.934062500000001683e-02,8.765366502130535198e-02,9.422812500000000979e-02,1.048005693508139019e-01,1.172972791178033963e-01,1.310635126397387829e-01,1.465556490266076706e-01,1.538271558754348289e-01,1.701285650379076031e-01,1.834487976146485788e-01,1.950710688847501761e-01
7.121875000000001468e-03,1.956562500000000315e-02,3.200937499999999963e-02,4.445312500000000305e-02,5.689687500000000647e-02,6.934062500000001683e-02,8.178437500000000637e-02,8.880513207682971810e-02,1.057279479971752756e-01,1.180970378740082705e-01,1.317503564562967078e-01,1.473144376728437455e-01,1.543780603270190066e-01,1.706108073559723382e-01,1.836793420915002195e-01,1.954993010947098375e-01
7.121875000000001468e-03,1.956562500000000315e-02,3.200937499999999963e-02,4.445312500000000305e-02,5.689687500000000647e-02,6.934062500000001683e-02,8.178437500000000637e-02,8.990757604084859134e-02,1.066203948467021739e-01,1.188689226678126681e-01,1.324149286488410238e-01,1.480629572452169807e-01,1.549130565430048290e-01,1.710599817061843053e-01,1.836354648201335982e-01,1.958640246301602272e-01
7.121875000000001468e-03,1.956562500000000315e-02,3.200937499999999963e-02,4.445312500000000305e-02,5.689687500000000647e-02,6.934062500000001683e-02,8.178437500000000637e-02,9.096402904666339717e-02,1.074797176168135332e-01,1.196142240227726500e-01,1.330581700944893087e-01,1.486770910302017967e-01,1.554297336924659600e-01,1.714598042363951746e-01,1.833527319955684243e-01,1.962580488357647535e-01
7.121875000000001468e-03,1.956562500000000315e-02,3.200937499999999963e-02,4.445312500000000305e-02,5.689687500000000647e-02,6.934062500000001683e-02,8.178437500000000637e-02,9.197736959759343633e-02,1.083076721262050540e-01,1.203342083294227371e-01,1.336810098280500347e-01,1.491943793227150372e-01,1.559302436508822887e-01,1.718517992940093164e-01,1.832663395208811719e-01,1.966699483598426945e-01
7.121875000000001468e-03,1.956562500000000315e-02,3.200937499999999963e-02,4.445312500000000305e-02,5.689687500000000647e-02,6.934062500000001683e-02,8.178437500000000637e-02,9.275870405310777944e-02,1.089485085453442831e-01,1.208927434496956804e-01,1.341651727084436918e-01,1.495973963381084515e-01,1.563209734029283593e-01,1.721599626306372643e-01,1.832915722200705588e-01,1.970077117050708648e-01
