# the total concentration (ug/m3) of injected (through initial gas-phase concentration, instantaneous and/or continuous gas-phase influx) components, with component index (relative to all components) in the first row and its cumulative injected concentrations in following rows
2.000000000000000000e+01,6.000000000000000000e+00,4.000000000000000000e+00,3.000000000000000000e+00,1.000000000000000000e+00,1.000000000000000000e+01
6.598062615337018144e+01,0.000000000000000000e+00,0.000000000000000000e+00,4.901886292366811659e+01,0.000000000000000000e+00,7.759228111853051232e+05
6.598062615337018144e+01,0.000000000000000000e+00,0.000000000000000000e+00,4.901886292366811659e+01,0.000000000000000000e+00,7.759228111853051232e+05
6.598062615337018144e+01,0.000000000000000000e+00,0.000000000000000000e+00,4.901886292366811659e+01,0.000000000000000000e+00,7.759228111853051232e+05
6.598062615337018144e+01,0.000000000000000000e+00,0.000000000000000000e+00,4.901886292366811659e+01,0.000000000000000000e+00,7.759228111853051232e+05
6.598062615337018144e+01,0.000000000000000000e+00,0.000000000000000000e+00,4.901886292366811659e+01,0.000000000000000000e+00,7.759228111853051232e+05
6.598062615337018144e+01,0.000000000000000000e+00,0.000000000000000000e+00,4.901886292366811659e+01,0.000000000000000000e+00,7.759228111853051232e+05
6.598062615337018144e+01,0.000000000000000000e+00,0.000000000000000000e+00,4.901886292366811659e+01,0.000000000000000000e+00,7.759228111853051232e+05
6.598062615337018144e+01,0.000000000000000000e+00,0.000000000000000000e+00,4.901886292366811659e+01,0.000000000000000000e+00,7.759228111853051232e+05
6.598062615337018144e+01,0.000000000000000000e+00,0.000000000000000000e+00,4.901886292366811659e+01,0.000000000000000000e+00,7.759228111853051232e+05
6.598062615337018144e+01,0.000000000000000000e+00,0.000000000000000000e+00,4.901886292366811659e+01,0.000000000000000000e+00,7.759228111853051232e+05
6.598062615337018144e+01,0.000000000000000000e+00,0.000000000000000000e+00,4.901886292366811659e+01,0.000000000000000000e+00,7.759228111853051232e+05
6.598062615337018144e+01,0.000000000000000000e+00,0.000000000000000000e+00,4.901886292366811659e+01,0.000000000000000000e+00,7.759228111853051232e+05
6.598062615337018144e+01,0.000000000000000000e+00,0.000000000000000000e+00,4.901886292366811659e+01,0.000000000000000000e+00,7.759228111853051232e+05
6.598062615337018144e+01,0.000000000000000000e+00,0.000000000000000000e+00,4.901886292366811659e+01,0.000000000000000000e+00,7.759228111853051232e+05
6.598062615337018144e+01,0.000000000000000000e+00,0.000000000000000000e+00,4.901886292366811659e+01,0.000000000000000000e+00,7.759228111853051232e+05
6.598062615337018144e+01,0.000000000000000000e+00,0.000000000000000000e+00,4.901886292366811659e+01,0.000000000000000000e+00,7.759228111853051232e+05
6.598062615337018144e+01,0.000000000000000000e+00,0.000000000000000000e+00,4.901886292366811659e+01,0.000000000000000000e+00,7.759228111853051232e+05
6.598062615337018144e+01,0.000000000000000000e+00,0.000000000000000000e+00,4.901886292366811659e+01,0.000000000000000000e+00,7.759228111853051232e+05
6.598062615337018144e+01,0.000000000000000000e+00,0.000000000000000000e+00,4.901886292366811659e+01,0.000000000000000000e+00,7.759228111853051232e+05
1.763911456009736867e-06,0.000000000000000000e+00,0.000000000000000000e+00,6.684390398682015189e+01,8.833632844545924456e+01,7.759228111853051232e+05
1.763911456009736867e-06,0.000000000000000000e+00,0.000000000000000000e+00,6.684390398682015189e+01,8.833632844545924456e+01,7.759228111853051232e+05
1.763911456009736867e-06,0.000000000000000000e+00,0.000000000000000000e+00,6.684390398682015189e+01,8.833632844545924456e+01,7.759228111853051232e+05
1.763911456009736867e-06,0.000000000000000000e+00,0.000000000000000000e+00,6.684390398682015189e+01,8.833632844545924456e+01,7.759228111853051232e+05
1.763911456009736867e-06,0.000000000000000000e+00,0.000000000000000000e+00,6.684390398682015189e+01,8.833632844545924456e+01,7.759228111853051232e+05
1.763911456009736867e-06,0.000000000000000000e+00,0.000000000000000000e+00,6.684390398682015189e+01,8.833632844545924456e+01,7.759228111853051232e+05
1.763911456009736867e-06,0.000000000000000000e+00,0.000000000000000000e+00,6.684390398682015189e+01,8.833632844545924456e+01,7.759228111853051232e+05
1.763911456009736867e-06,0.000000000000000000e+00,0.000000000000000000e+00,6.684390398682015189e+01,8.833632844545924456e+01,7.759228111853051232e+05
1.763911456009736867e-06,0.000000000000000000e+00,0.000000000000000000e+00,6.684390398682015189e+01,8.833632844545924456e+01,7.759228111853051232e+05
1.763911456009736867e-06,0.000000000000000000e+00,0.000000000000000000e+00,6.684390398682015189e+01,8.833632844545924456e+01,7.759228111853051232e+05
1.763911456009736867e-06,0.000000000000000000e+00,0.000000000000000000e+00,6.684390398682015189e+01,8.833632844545924456e+01,7.759228111853051232e+05
1.763911456009736867e-06,0.000000000000000000e+00,0.000000000000000000e+00,6.684390398682015189e+01,8.833632844545924456e+01,7.759228111853051232e+05
1.763911456009736867e-06,0.000000000000000000e+00,0.000000000000000000e+00,6.684390398682015189e+01,8.833632844545924456e+01,7.759228111853051232e+05
1.763911456009736867e-06,0.000000000000000000e+00,0.000000000000000000e+00,6.684390398682015189e+01,8.833632844545924456e+01,7.759228111853051232e+05
1.763911456009736867e-06,0.000000000000000000e+00,0.000000000000000000e+00,6.684390398682015189e+01,8.833632844545924456e+01,7.759228111853051232e+05
1.763911456009736867e-06,0.000000000000000000e+00,0.000000000000000000e+00,6.684390398682015189e+01,8.833632844545924456e+01,7.759228111853051232e+05
1.763911456009736867e-06,0.000000000000000000e+00,0.000000000000000000e+00,6.684390398682015189e+01,8.833632844545924456e+01,7.759228111853051232e+05
1.763911456009736867e-06,0.000000000000000000e+00,0.000000000000000000e+00,6.684390398682015189e+01,8.833632844545924456e+01,7.759228111853051232e+05
1.763911456009736867e-06,0.000000000000000000e+00,0.000000000000000000e+00,6.684390398682015189e+01,8.833632844545924456e+01,7.759228111853051232e+05
1.763911456009736867e-06,0.000000000000000000e+00,0.000000000000000000e+00,6.684390398682015189e+01,8.833632844545924456e+01,7.759228111853051232e+05
1.763911456009736867e-06,0.000000000000000000e+00,0.000000000000000000e+00,6.684390398682015189e+01,8.833632844545924456e+01,7.759228111853051232e+05
1.763911456009736867e-06,0.000000000000000000e+00,0.000000000000000000e+00,6.684390398682015189e+01,8.833632844545924456e+01,7.759228111853051232e+05
1.763911456009736867e-06,0.000000000000000000e+00,0.000000000000000000e+00,6.684390398682015189e+01,8.833632844545924456e+01,7.759228111853051232e+05
1.763911456009736867e-06,0.000000000000000000e+00,0.000000000000000000e+00,6.684390398682015189e+01,8.833632844545924456e+01,7.759228111853051232e+05
1.763911456009736867e-06,0.000000000000000000e+00,0.000000000000000000e+00,6.684390398682015189e+01,8.833632844545924456e+01,7.759228111853051232e+05
1.763911456009736867e-06,0.000000000000000000e+00,0.000000000000000000e+00,6.684390398682015189e+01,8.833632844545924456e+01,7.759228111853051232e+05
1.763911456009736867e-06,0.000000000000000000e+00,0.000000000000000000e+00,6.684390398682015189e+01,8.833632844545924456e+01,7.759228111853051232e+05
1.763911456009736867e-06,0.000000000000000000e+00,0.000000000000000000e+00,6.684390398682015189e+01,8.833632844545924456e+01,7.759228111853051232e+05
1.763911456009736867e-06,0.000000000000000000e+00,0.000000000000000000e+00,6.684390398682015189e+01,8.833632844545924456e+01,7.759228111853051232e+05
1.763911456009736867e-06,0.000000000000000000e+00,0.000000000000000000e+00,6.684390398682015189e+01,8.833632844545924456e+01,7.759228111853051232e+05
6.512614235136742025e+01,-8.114508567142084128e-02,-4.464601496910338731e-03,9.903140000050120761e+01,1.633344124971747533e+02,7.759228111853051232e+05
6.512614235136742025e+01,-8.114508567142084128e-02,-4.464601496910338731e-03,9.903140000050120761e+01,1.633344124971747533e+02,7.759228111853051232e+05
6.512614235136742025e+01,-8.114508567142084128e-02,-4.464601496910338731e-03,9.903140000050120761e+01,1.633344124971747533e+02,7.759228111853051232e+05
6.512614235136742025e+01,-8.114508567142084128e-02,-4.464601496910338731e-03,9.903140000050120761e+01,1.633344124971747533e+02,7.759228111853051232e+05
6.512614235136742025e+01,-8.114508567142084128e-02,-4.464601496910338731e-03,9.903140000050120761e+01,1.633344124971747533e+02,7.759228111853051232e+05
6.512614235136742025e+01,-8.114508567142084128e-02,-4.464601496910338731e-03,9.903140000050120761e+01,1.633344124971747533e+02,7.759228111853051232e+05
6.512614235136742025e+01,-8.114508567142084128e-02,-4.464601496910338731e-03,9.903140000050120761e+01,1.633344124971747533e+02,7.759228111853051232e+05
6.512614235136742025e+01,-8.114508567142084128e-02,-4.464601496910338731e-03,9.903140000050120761e+01,1.633344124971747533e+02,7.759228111853051232e+05
6.512614235136742025e+01,-8.114508567142084128e-02,-4.464601496910338731e-03,9.903140000050120761e+01,1.633344124971747533e+02,7.759228111853051232e+05
6.512614235136742025e+01,-8.114508567142084128e-02,-4.464601496910338731e-03,9.903140000050120761e+01,1.633344124971747533e+02,7.759228111853051232e+05
6.512614235136742025e+01,-8.114508567142084128e-02,-4.464601496910338731e-03,9.903140000050120761e+01,1.633344124971747533e+02,7.759228111853051232e+05
6.512614235136742025e+01,-8.114508567142084128e-02,-4.464601496910338731e-03,9.903140000050120761e+01,1.633344124971747533e+02,7.759228111853051232e+05
6.512614235136742025e+01,-8.114508567142084128e-02,-4.464601496910338731e-03,9.903140000050120761e+01,1.633344124971747533e+02,7.759228111853051232e+05
6.512614235136742025e+01,-8.114508567142084128e-02,-4.464601496910338731e-03,9.903140000050120761e+01,1.633344124971747533e+02,7.759228111853051232e+05
6.512614235136742025e+01,-8.114508567142084128e-02,-4.464601496910338731e-03,9.903140000050120761e+01,1.633344124971747533e+02,7.759228111853051232e+05
6.512614235136742025e+01,-8.114508567142084128e-02,-4.464601496910338731e-03,9.903140000050120761e+01,1.633344124971747533e+02,7.759228111853051232e+05
6.512614235136742025e+01,-8.114508567142084128e-02,-4.464601496910338731e-03,9.903140000050120761e+01,1.633344124971747533e+02,7.759228111853051232e+05
6.512614235136742025e+01,-8.114508567142084128e-02,-4.464601496910338731e-03,9.903140000050120761e+01,1.633344124971747533e+02,7.759228111853051232e+05
6.512614235136742025e+01,-8.114508567142084128e-02,-4.464601496910338731e-03,9.903140000050120761e+01,1.633344124971747533e+02,7.759228111853051232e+05
6.512614235136742025e+01,-8.114508567142084128e-02,-4.464601496910338731e-03,9.903140000050120761e+01,1.633344124971747533e+02,7.759228111853051232e+05
6.512614235136742025e+01,-8.114508567142084128e-02,-4.464601496910338731e-03,9.903140000050120761e+01,1.633344124971747533e+02,7.759228111853051232e+05
6.512614235136742025e+01,-8.114508567142084128e-02,-4.464601496910338731e-03,9.903140000050120761e+01,1.633344124971747533e+02,7.759228111853051232e+05
6.512614235136742025e+01,-8.114508567142084128e-02,-4.464601496910338731e-03,9.903140000050120761e+01,1.633344124971747533e+02,7.759228111853051232e+05
6.512614235136742025e+01,-8.114508567142084128e-02,-4.464601496910338731e-03,9.903140000050120761e+01,1.633344124971747533e+02,7.759228111853051232e+05
6.512614235136742025e+01,-8.114508567142084128e-02,-4.464601496910338731e-03,9.903140000050120761e+01,1.633344124971747533e+02,7.759228111853051232e+05
6.512614235136742025e+01,-8.114508567142084128e-02,-4.464601496910338731e-03,9.903140000050120761e+01,1.633344124971747533e+02,7.759228111853051232e+05
6.512614235136742025e+01,-8.114508567142084128e-02,-4.464601496910338731e-03,9.903140000050120761e+01,1.633344124971747533e+02,7.759228111853051232e+05
6.512614235136742025e+01,-8.114508567142084128e-02,-4.464601496910338731e-03,9.903140000050120761e+01,1.633344124971747533e+02,7.759228111853051232e+05
6.512614235136742025e+01,-8.114508567142084128e-02,-4.464601496910338731e-03,9.903140000050120761e+01,1.633344124971747533e+02,7.759228111853051232e+05
6.512614235136742025e+01,-8.114508567142084128e-02,-4.464601496910338731e-03,9.903140000050120761e+01,1.633344124971747533e+02,7.759228111853051232e+05
6.512614235136742025e+01,-8.114508567142084128e-02,-4.464601496910338731e-03,9.903140000050120761e+01,1.633344124971747533e+02,7.759228111853051232e+05
6.512614235136742025e+01,-8.114508567142084128e-02,-4.464601496910338731e-03,9.903140000050120761e+01,1.633344124971747533e+02,7.759228111853051232e+05
6.512614235136742025e+01,-8.114508567142084128e-02,-4.464601496910338731e-03,9.903140000050120761e+01,1.633344124971747533e+02,7.759228111853051232e+05
6.512614235136742025e+01,-8.114508567142084128e-02,-4.464601496910338731e-03,9.903140000050120761e+01,1.633344124971747533e+02,7.759228111853051232e+05
6.512614235136742025e+01,-8.114508567142084128e-02,-4.464601496910338731e-03,9.903140000050120761e+01,1.633344124971747533e+02,7.759228111853051232e+05
6.512614235136742025e+01,-8.114508567142084128e-02,-4.464601496910338731e-03,9.903140000050120761e+01,1.633344124971747533e+02,7.759228111853051232e+05
