# tendency to change, top row gives equation number (%/hour)
6.000000000000000000e+00,7.000000000000000000e+00,1.400000000000000000e+01,3.800000000000000000e+01,0.000000000000000000e+00,0.000000000000000000e+00
0.000000000000000000e+00,0.000000000000000000e+00,0.000000000000000000e+00,0.000000000000000000e+00,0.000000000000000000e+00,0.000000000000000000e+00
-2.065983518357975281e-32,-5.945467476148127956e-32,-8.237923810309807386e-33,0.000000000000000000e+00,0.000000000000000000e+00,0.000000000000000000e+00
-2.065983518357975281e-32,-5.945467476148127956e-32,-8.237923810309807386e-33,0.000000000000000000e+00,0.000000000000000000e+00,0.000000000000000000e+00
-2.065983518357975281e-32,-5.945467476148127956e-32,-8.237923810309807386e-33,0.000000000000000000e+00,0.000000000000000000e+00,0.000000000000000000e+00
-2.065983518357975281e-32,-5.945467476148127956e-32,-8.237923810309807386e-33,0.000000000000000000e+00,0.000000000000000000e+00,0.000000000000000000e+00
-2.065983518357975281e-32,-5.945467476148127956e-32,-8.237923810309807386e-33,0.000000000000000000e+00,0.000000000000000000e+00,0.000000000000000000e+00
-2.065983518357975281e-32,-5.945467476148127956e-32,-8.237923810309807386e-33,0.000000000000000000e+00,0.000000000000000000e+00,0.000000000000000000e+00
-2.065983518357975281e-32,-5.945467476148127956e-32,-8.237923810309807386e-33,0.000000000000000000e+00,0.000000000000000000e+00,0.000000000000000000e+00
-2.065983518357975281e-32,-5.945467476148127956e-32,-8.237923810309807386e-33,0.000000000000000000e+00,0.000000000000000000e+00,0.000000000000000000e+00
-2.065983518357975281e-32,-5.945467476148127956e-32,-8.237923810309807386e-33,0.000000000000000000e+00,0.000000000000000000e+00,0.000000000000000000e+00
-2.065983518357975281e-32,-5.945467476148127956e-32,-8.237923810309807386e-33,0.000000000000000000e+00,0.000000000000000000e+00,0.000000000000000000e+00
-2.065983518357975281e-32,-5.945467476148127956e-32,-8.237923810309807386e-33,0.000000000000000000e+00,0.000000000000000000e+00,0.000000000000000000e+00
-2.065983518357975281e-32,-5.945467476148127956e-32,-8.237923810309807386e-33,0.000000000000000000e+00,0.000000000000000000e+00,0.000000000000000000e+00
-2.065983518357975281e-32,-5.945467476148127956e-32,-8.237923810309807386e-33,0.000000000000000000e+00,0.000000000000000000e+00,0.000000000000000000e+00
-2.065983518357975281e-32,-5.945467476148127956e-32,-8.237923810309807386e-33,0.000000000000000000e+00,0.000000000000000000e+00,0.000000000000000000e+00
-2.065983518357975281e-32,-5.945467476148127956e-32,-8.237923810309807386e-33,0.000000000000000000e+00,0.000000000000000000e+00,0.000000000000000000e+00
-2.065983518357975281e-32,-5.945467476148127956e-32,-8.237923810309807386e-33,0.000000000000000000e+00,0.000000000000000000e+00,0.000000000000000000e+00
-2.065983518357975281e-32,-5.945467476148127956e-32,-8.237923810309807386e-33,0.000000000000000000e+00,0.000000000000000000e+00,0.000000000000000000e+00
-2.065983518357975281e-32,-5.945467476148127956e-32,-8.237923810309807386e-33,0.000000000000000000e+00,0.000000000000000000e+00,0.000000000000000000e+00
-2.065983518357975281e-32,-5.945467476148127956e-32,-8.237923810309807386e-33,0.000000000000000000e+00,0.000000000000000000e+00,0.000000000000000000e+00
-2.065983518357975281e-32,-5.945467476148127956e-32,-8.237923810309807386e-33,0.000000000000000000e+00,0.000000000000000000e+00,0.000000000000000000e+00
-2.065983518357975281e-32,-5.945467476148127956e-32,-8.237923810309807386e-33,0.000000000000000000e+00,0.000000000000000000e+00,0.000000000000000000e+00
-2.065983518357975281e-32,-5.945467476148127956e-32,-8.237923810309807386e-33,0.000000000000000000e+00,0.000000000000000000e+00,0.000000000000000000e+00
-2.065983518357975281e-32,-5.945467476148127956e-32,-8.237923810309807386e-33,0.000000000000000000e+00,0.000000000000000000e+00,0.000000000000000000e+00
-2.065983518357975281e-32,-5.945467476148127956e-32,-8.237923810309807386e-33,0.000000000000000000e+00,0.000000000000000000e+00,0.000000000000000000e+00
-2.065983518357975281e-32,-5.945467476148127956e-32,-8.237923810309807386e-33,0.000000000000000000e+00,0.000000000000000000e+00,0.000000000000000000e+00
-2.065983518357975281e-32,-5.945467476148127956e-32,-8.237923810309807386e-33,0.000000000000000000e+00,0.000000000000000000e+00,0.000000000000000000e+00
-2.065983518357975281e-32,-5.945467476148127956e-32,-8.237923810309807386e-33,0.000000000000000000e+00,0.000000000000000000e+00,0.000000000000000000e+00
-2.065983518357975281e-32,-5.945467476148127956e-32,-8.237923810309807386e-33,0.000000000000000000e+00,0.000000000000000000e+00,0.000000000000000000e+00
-2.065983518357975281e-32,-5.945467476148127956e-32,-8.237923810309807386e-33,0.000000000000000000e+00,0.000000000000000000e+00,0.000000000000000000e+00
-2.065983518357975281e-32,-5.945467476148127956e-32,-8.237923810309807386e-33,0.000000000000000000e+00,0.000000000000000000e+00,0.000000000000000000e+00
-2.065983518357975281e-32,-5.945467476148127956e-32,-8.237923810309807386e-33,0.000000000000000000e+00,0.000000000000000000e+00,0.000000000000000000e+00
-2.065983518357975281e-32,-5.945467476148127956e-32,-8.237923810309807386e-33,0.000000000000000000e+00,0.000000000000000000e+00,0.000000000000000000e+00
-2.065983518357975281e-32,-5.945467476148127956e-32,-8.237923810309807386e-33,0.000000000000000000e+00,0.000000000000000000e+00,0.000000000000000000e+00
-2.065983518357975281e-32,-5.945467476148127956e-32,-8.237923810309807386e-33,0.000000000000000000e+00,0.000000000000000000e+00,0.000000000000000000e+00
-2.065983518357975281e-32,-5.945467476148127956e-32,-8.237923810309807386e-33,0.000000000000000000e+00,0.000000000000000000e+00,0.000000000000000000e+00
-2.065983518357975281e-32,-5.945467476148127956e-32,-8.237923810309807386e-33,0.000000000000000000e+00,0.000000000000000000e+00,0.000000000000000000e+00
-2.065983518357975281e-32,-5.945467476148127956e-32,-8.237923810309807386e-33,0.000000000000000000e+00,0.000000000000000000e+00,0.000000000000000000e+00
-2.065983518357975281e-32,-5.945467476148127956e-32,-8.237923810309807386e-33,0.000000000000000000e+00,0.000000000000000000e+00,0.000000000000000000e+00
-2.065983518357975281e-32,-5.945467476148127956e-32,-8.237923810309807386e-33,4.771144242285891778e-24,0.000000000000000000e+00,0.000000000000000000e+00
-1.110238378294481321e-24,-3.195033314770876721e-24,-4.426975864231994797e-25,2.070002066842352836e-06,0.000000000000000000e+00,0.000000000000000000e+00
-4.817253745778945950e-07,-1.386304644513569500e-06,-1.920836685289585509e-07,4.112067024209122706e-02,0.000000000000000000e+00,0.000000000000000000e+00
-9.572954449006633795e-03,-2.754895613710051441e-02,-3.817129647440806097e-03,4.089067372634244357e+00,0.000000000000000000e+00,0.000000000000000000e+00
-9.545513299795816975e-01,-2.746998626212750150e+00,-3.806187735539896533e-01,6.158583449832654821e+01,0.000000000000000000e+00,0.000000000000000000e+00
-1.449631946785522985e+01,-4.171736858214975285e+01,-5.780277250276215639e+00,3.809310539870745060e+02,0.000000000000000000e+00,0.000000000000000000e+00
-9.099635261634119843e+01,-2.618684273718492932e+02,-3.628397870595289731e+01,1.449001520725530327e+03,0.000000000000000000e+00,0.000000000000000000e+00
-3.502382609354264673e+02,-1.007912294938962759e+03,-1.396543623607708184e+02,4.091475074569098069e+03,0.000000000000000000e+00,0.000000000000000000e+00
-9.806241434252776799e+02,-2.822030717696358806e+03,-3.910150738524922076e+02,9.323123941436877431e+03,0.000000000000000000e+00,0.000000000000000000e+00
-2.231769067582224579e+03,-6.422563533386538438e+03,-8.898978804807150027e+02,1.836222724365312024e+04,0.000000000000000000e+00,0.000000000000000000e+00
-4.403723388684275051e+03,-1.267299276529782946e+04,-1.755945167776238122e+03,3.259554173981486019e+04,0.000000000000000000e+00,0.000000000000000000e+00
-7.832114014656545805e+03,-2.253918229736620924e+04,-3.122985152257191203e+03,5.351420155697304290e+04,0.000000000000000000e+00,0.000000000000000000e+00
-1.287972349827918515e+04,-3.706514426681466284e+04,-5.135674120043797302e+03,8.269708199012772820e+04,0.000000000000000000e+00,0.000000000000000000e+00
-1.993201638205011113e+04,-5.736016482247516979e+04,-7.947712597033646489e+03,1.218053866920498986e+05,0.000000000000000000e+00,0.000000000000000000e+00
-2.939430115325662337e+04,-8.459063682642085769e+04,-1.172071370396443308e+04,1.725773480996324797e+05,0.000000000000000000e+00,0.000000000000000000e+00
-4.169166989674529759e+04,-1.199798861872882117e+05,-1.662417909349769616e+04,2.368339073256374395e+05,0.000000000000000000e+00,0.000000000000000000e+00
-5.726734838961756759e+04,-1.648034237786787562e+05,-2.283484106529036217e+04,3.164714376617990783e+05,0.000000000000000000e+00,0.000000000000000000e+00
-7.658146296465284831e+04,-2.203853967305916303e+05,-3.053617086385489893e+04,4.134564052123881411e+05,0.000000000000000000e+00,0.000000000000000000e+00
-1.001112291507723421e+05,-2.880991312971340376e+05,-3.991845389725081623e+04,5.298272571230963804e+05,0.000000000000000000e+00,0.000000000000000000e+00
-1.283493816243244655e+05,-3.693626145854482893e+05,-5.117816369425447192e+04,6.676863217378547415e+05,0.000000000000000000e+00,0.000000000000000000e+00
-1.617993226881777809e+05,-4.656245328955595614e+05,-6.451602740395086585e+04,8.291753381495414069e+05,0.000000000000000000e+00,0.000000000000000000e+00
-2.009738360575569677e+05,-5.783605702656394569e+05,-8.013651292938239931e+04,1.016470612278472167e+06,0.000000000000000000e+00,0.000000000000000000e+00
-2.463896443776041560e+05,-7.090577461484490195e+05,-9.824565878653519030e+04,1.231757055224979296e+06,0.000000000000000000e+00,0.000000000000000000e+00
-2.985714027801573975e+05,-8.592259080305823591e+05,-1.190526664992532314e+05,1.477250006978088059e+06,0.000000000000000000e+00,0.000000000000000000e+00
-3.580343440145317581e+05,-1.030347787756934878e+06,-1.427629805009367701e+05,1.755110497019903269e+06,0.000000000000000000e+00,0.000000000000000000e+00
-4.252886361022362253e+05,-1.223891541947489604e+06,-1.695800257102409378e+05,2.067470090877490817e+06,0.000000000000000000e+00,0.000000000000000000e+00
-5.008333413913109107e+05,-1.441293367422054755e+06,-1.997027987582238566e+05,2.416403400317349005e+06,0.000000000000000000e+00,0.000000000000000000e+00
-5.851496279507674044e+05,-1.683937965016552014e+06,-2.333231610928230220e+05,2.803897648389032576e+06,0.000000000000000000e+00,0.000000000000000000e+00
-6.787030741443648003e+05,-1.953165171663236571e+06,-2.706267579069596250e+05,3.231866106743491255e+06,0.000000000000000000e+00,0.000000000000000000e+00
-7.819198699677420082e+05,-2.250201472827851772e+06,-3.117835286353674601e+05,3.702036859911501873e+06,0.000000000000000000e+00,0.000000000000000000e+00
-8.952151033694524085e+05,-2.576241404611937702e+06,-3.569589858711710549e+05,4.216090023192279972e+06,0.000000000000000000e+00,0.000000000000000000e+00
-1.018957651056175120e+06,-2.932346516850128770e+06,-4.063002158896488836e+05,4.775492946426121518e+06,0.000000000000000000e+00,0.000000000000000000e+00
-1.153483561272314982e+06,-3.319483885944424197e+06,-4.599412149114579079e+05,5.381566147877912037e+06,0.000000000000000000e+00,0.000000000000000000e+00
-1.299084253808543086e+06,-3.738492156962388661e+06,-5.179981839619709644e+05,6.035429879300227389e+06,0.000000000000000000e+00,0.000000000000000000e+00
-1.456009680776949972e+06,-4.190090639685454778e+06,-5.805707892019939609e+05,6.738020906845654361e+06,0.000000000000000000e+00,0.000000000000000000e+00
-1.624460337951041991e+06,-4.674856318920078687e+06,-6.477389765213053906e+05,7.490057118155390956e+06,0.000000000000000000e+00,0.000000000000000000e+00
-1.804585590857902775e+06,-5.193219037341888994e+06,-7.195623040829338133e+05,8.292031624789484777e+06,0.000000000000000000e+00,0.000000000000000000e+00
-1.996482070104018319e+06,-5.745456877579793334e+06,-7.960793024737354135e+05,9.144207001690832898e+06,0.000000000000000000e+00,0.000000000000000000e+00
-2.200191681095418055e+06,-6.331690434607761912e+06,-8.773066810981676681e+05,1.004660762790266797e+07,0.000000000000000000e+00,0.000000000000000000e+00
-2.415697137374353595e+06,-6.951869961624135263e+06,-9.632375471363888355e+05,1.099900068141370267e+07,0.000000000000000000e+00,0.000000000000000000e+00
-2.642924742442854214e+06,-7.605783375556665473e+06,-1.053842514771427494e+06,1.200091018306581676e+07,0.000000000000000000e+00,0.000000000000000000e+00
-2.881739272173565812e+06,-8.293041529713698663e+06,-1.149067664596445858e+06,1.305159487227482721e+07,0.000000000000000000e+00,0.000000000000000000e+00
-3.131946727334130555e+06,-9.013086134972341359e+06,-1.248835641159127001e+06,1.415006185365490802e+07,0.000000000000000000e+00,0.000000000000000000e+00
-3.393292398697305005e+06,-9.765184191570980474e+06,-1.353044881441703765e+06,1.529505880091810226e+07,0.000000000000000000e+00,0.000000000000000000e+00
-3.665461409392324742e+06,-1.054842954988282174e+07,-1.461569831118697068e+06,1.648507732982283644e+07,0.000000000000000000e+00,0.000000000000000000e+00
-3.948080159474659245e+06,-1.136174706758482195e+07,-1.574261520566136809e+06,1.771836030723653734e+07,0.000000000000000000e+00,0.000000000000000000e+00
-4.240717040087101981e+06,-1.220389466486359946e+07,-1.690947849626886193e+06,1.899290575005941838e+07,0.000000000000000000e+00,0.000000000000000000e+00
-4.542884059404885396e+06,-1.307346800354461931e+07,-1.811434235941658262e+06,2.030647472542687878e+07,0.000000000000000000e+00,0.000000000000000000e+00
-4.854039126171439886e+06,-1.396890705862942524e+07,-1.935504525488401763e+06,2.165660207992427051e+07,0.000000000000000000e+00,0.000000000000000000e+00
-5.173588060913510621e+06,-1.488850190615113080e+07,-2.062921794536271831e+06,2.304060583814977109e+07,0.000000000000000000e+00,0.000000000000000000e+00
-5.500887921392529272e+06,-1.583040229312636144e+07,-2.193429675639512949e+06,2.445560235826463252e+07,0.000000000000000000e+00,0.000000000000000000e+00
-5.835249449383881874e+06,-1.679262467887306586e+07,-2.326753333268724848e+06,2.589851745718622953e+07,0.000000000000000000e+00,0.000000000000000000e+00
-6.175940314066959545e+06,-1.777306156880717352e+07,-2.462600757083529141e+06,2.736610099180199951e+07,0.000000000000000000e+00,0.000000000000000000e+00
-6.522188430674716830e+06,-1.876949106482034922e+07,-2.600664085214287974e+06,2.885494167680419236e+07,0.000000000000000000e+00,0.000000000000000000e+00
-6.873185282515197061e+06,-1.977958642536154389e+07,-2.740620928888365626e+06,3.036148183064104617e+07,0.000000000000000000e+00,0.000000000000000000e+00
-7.228089338627917692e+06,-2.080092590073562413e+07,-2.882135735189929139e+06,3.188203246703639999e+07,0.000000000000000000e+00,0.000000000000000000e+00
-7.586029231797975488e+06,-2.183100187876177952e+07,-3.024861054264543578e+06,3.341278725985290110e+07,0.000000000000000000e+00,0.000000000000000000e+00
-7.946108218659562990e+06,-2.286723372001647577e+07,-3.168439317745410372e+06,3.494984209229487181e+07,0.000000000000000000e+00,0.000000000000000000e+00
-8.307406896834818646e+06,-2.390697557718945667e+07,-3.312503922188091557e+06,3.648920685489936918e+07,0.000000000000000000e+00,0.000000000000000000e+00
-8.668986291848838329e+06,-2.494752527857806161e+07,-3.456680459950155579e+06,3.802681883968975395e+07,0.000000000000000000e+00,0.000000000000000000e+00
-9.029892482646273449e+06,-2.598613763935434073e+07,-3.600588563574400265e+06,3.955856283793088049e+07,0.000000000000000000e+00,0.000000000000000000e+00
-9.389159565547265112e+06,-2.702003299120891094e+07,-3.743843087639669422e+06,4.108028388244479895e+07,0.000000000000000000e+00,0.000000000000000000e+00
-9.745813227384243160e+06,-2.804640746508961916e+07,-3.886055533517078497e+06,4.258780262646665424e+07,0.000000000000000000e+00,0.000000000000000000e+00
-1.009887557770239562e+07,-2.906244689726154879e+07,-4.026835976166568231e+06,4.407693617359805852e+07,0.000000000000000000e+00,0.000000000000000000e+00
-1.044736765249222517e+07,-3.006533403452441841e+07,-4.165794062477785163e+06,4.554350867564562708e+07,0.000000000000000000e+00,0.000000000000000000e+00
-1.079031503611259907e+07,-3.105226471292866766e+07,-4.302541252961432561e+06,4.698337550168448687e+07,0.000000000000000000e+00,0.000000000000000000e+00
-1.112675065562462807e+07,-3.202045589928251877e+07,-4.436691935964811593e+06,4.839243500809559226e+07,0.000000000000000000e+00,0.000000000000000000e+00
-1.145571975637722015e+07,-3.296716000984422490e+07,-4.567865411641901359e+06,4.976664977130181342e+07,0.000000000000000000e+00,0.000000000000000000e+00
-1.177628381769014336e+07,-3.388967617883706838e+07,-4.695687453296823427e+06,5.110206314296969771e+07,0.000000000000000000e+00,0.000000000000000000e+00
-1.208752510847893357e+07,-3.478536336858282238e+07,-4.819792123898375779e+06,5.239481853328187019e+07,0.000000000000000000e+00,0.000000000000000000e+00
-1.238855037280881032e+07,-3.565165097575339675e+07,-4.939823245661575347e+06,5.364117486267033964e+07,0.000000000000000000e+00,0.000000000000000000e+00
-1.267849522523928247e+07,-3.648605148025114834e+07,-5.055436152651856653e+06,5.483752504388899356e+07,0.000000000000000000e+00,0.000000000000000000e+00
-1.295652695948894881e+07,-3.728616852795744687e+07,-5.166298810714948922e+06,5.598040754804120958e+07,0.000000000000000000e+00,0.000000000000000000e+00
-1.322184825655620731e+07,-3.804970760192672163e+07,-5.272093296056721359e+06,5.706652183472967893e+07,0.000000000000000000e+00,0.000000000000000000e+00
-1.347370378676985763e+07,-3.877449502170411497e+07,-5.372518427751587704e+06,5.809275621451088786e+07,0.000000000000000000e+00,0.000000000000000000e+00
-1.371137677322805859e+07,-3.945846805362322927e+07,-5.467288397444646806e+06,5.905617234941305220e+07,0.000000000000000000e+00,0.000000000000000000e+00
-1.393419570530630648e+07,-4.009969423087472469e+07,-5.556135446302717552e+06,5.995403356814173609e+07,0.000000000000000000e+00,0.000000000000000000e+00
-1.414153603971228376e+07,-4.069637624878558517e+07,-5.638810543294688687e+06,6.078381150297974795e+07,0.000000000000000000e+00,0.000000000000000000e+00
-1.433282133227807283e+07,-4.124685522187984735e+07,-5.715083836483504623e+06,6.154319027999675274e+07,0.000000000000000000e+00,0.000000000000000000e+00
-1.450752526418607496e+07,-4.174961651493206620e+07,-5.784745460965559818e+06,6.223007455451168865e+07,0.000000000000000000e+00,0.000000000000000000e+00
-1.466517073887547478e+07,-4.220328714405339956e+07,-5.847605178770257160e+06,6.284258497513354570e+07,0.000000000000000000e+00,0.000000000000000000e+00
-1.480533263509024680e+07,-4.260664369938666373e+07,-5.903493476613192819e+06,6.337906935274074972e+07,0.000000000000000000e+00,0.000000000000000000e+00
