# time (s)
0.000000000000000000e+00
3.600000000000000000e+02
7.200000000000000000e+02
1.080000000000000000e+03
1.440000000000000000e+03
1.800000000000000000e+03
2.160000000000000000e+03
2.520000000000000000e+03
2.880000000000000000e+03
3.240000000000000000e+03
3.600000000000000000e+03
3.960000000000000000e+03
4.320000000000000000e+03
4.680000000000000000e+03
5.040000000000000000e+03
5.400000000000000000e+03
5.760000000000000000e+03
6.120000000000000000e+03
6.480000000000000000e+03
6.840000000000000000e+03
7.200000000000000000e+03
7.560000000000000000e+03
7.920000000000000000e+03
8.280000000000000000e+03
8.640000000000000000e+03
9.000000000000000000e+03
9.360000000000000000e+03
9.720000000000000000e+03
1.008000000000000000e+04
1.044000000000000000e+04
1.080000000000000000e+04
1.116000000000000000e+04
1.152000000000000000e+04
1.188000000000000000e+04
1.224000000000000000e+04
1.260000000000000000e+04
1.296000000000000000e+04
1.332000000000000000e+04
1.368000000000000000e+04
1.404000000000000000e+04
1.440000000000000000e+04
1.476000000000000000e+04
1.512000000000000000e+04
1.548000000000000000e+04
1.584000000000000000e+04
1.620000000000000000e+04
1.656000000000000000e+04
1.692000000000000000e+04
1.728000000000000000e+04
1.764000000000000000e+04
1.800000000000000000e+04
1.836000000000000000e+04
1.872000000000000000e+04
1.908000000000000000e+04
1.944000000000000000e+04
1.980000000000000000e+04
2.016000000000000000e+04
2.052000000000000000e+04
2.088000000000000000e+04
2.124000000000000000e+04
2.160000000000000000e+04
2.196000000000000000e+04
2.232000000000000000e+04
2.268000000000000000e+04
2.304000000000000000e+04
2.340000000000000000e+04
2.376000000000000000e+04
2.412000000000000000e+04
2.448000000000000000e+04
2.484000000000000000e+04
2.520000000000000000e+04
2.556000000000000000e+04
2.592000000000000000e+04
2.628000000000000000e+04
2.664000000000000000e+04
2.700000000000000000e+04
2.736000000000000000e+04
2.772000000000000000e+04
2.808000000000000000e+04
2.844000000000000000e+04
2.880000000000000000e+04
2.916000000000000000e+04
2.952000000000000000e+04
2.988000000000000000e+04
3.024000000000000000e+04
3.060000000000000000e+04
3.096000000000000000e+04
3.132000000000000000e+04
3.168000000000000000e+04
3.204000000000000000e+04
3.240000000000000000e+04
3.276000000000000000e+04
3.312000000000000000e+04
3.348000000000000000e+04
3.384000000000000000e+04
3.420000000000000000e+04
3.456000000000000000e+04
3.492000000000000000e+04
3.528000000000000000e+04
3.564000000000000000e+04
3.600000000000000000e+04
3.636000000000000000e+04
3.672000000000000000e+04
3.708000000000000000e+04
3.744000000000000000e+04
3.780000000000000000e+04
3.816000000000000000e+04
3.852000000000000000e+04
3.888000000000000000e+04
3.924000000000000000e+04
3.960000000000000000e+04
3.996000000000000000e+04
4.032000000000000000e+04
4.068000000000000000e+04
4.104000000000000000e+04
4.140000000000000000e+04
4.176000000000000000e+04
4.212000000000000000e+04
4.248000000000000000e+04
4.284000000000000000e+04
4.320000000000000000e+04
