# time changes with rows which correspond to the time output file, components in columns, with _g representing gas phase (ppb), _pi representing particle phase where i is the size bin number (starting at 1) (molecules/cc (air)) and _w is the wall phase (molecules/cc (air))
# MGLYOX_g, two-methylglyceric_acid_g, H2O_g, core_g, MGLYOX_w, two-methylglyceric_acid_w, H2O_w, core_w
5.000000000000000000e+01,5.000000000000000000e+01,1.563886735822170042e+07,0.000000000000000000e+00,0.000000000000000000e+00,0.000000000000000000e+00,1.053874649975000156e+14,0.000000000000000000e+00
4.999714308426603537e+01,4.524217828865450741e+01,1.563886735822170042e+07,0.000000000000000000e+00,7.032279136417838931e+07,1.171134659562495270e+11,1.053874649975000000e+14,0.000000000000000000e+00
4.999714308426604248e+01,4.093979509639152781e+01,1.563886735822170042e+07,0.000000000000000000e+00,7.032279136382229626e+07,2.230163429632438965e+11,1.053874649975000000e+14,0.000000000000000000e+00
4.999714308426604248e+01,3.704828538432144569e+01,1.563886735822170042e+07,0.000000000000000000e+00,7.032279136382231116e+07,3.188055964983557129e+11,1.053874649975000000e+14,0.000000000000000000e+00
4.999714308426604248e+01,3.352884028064183042e+01,1.563886735822170042e+07,0.000000000000000000e+00,7.032279136382229626e+07,4.054365043677700806e+11,1.053874649975000000e+14,0.000000000000000000e+00
4.999714308426604248e+01,3.034566707386676754e+01,1.563886735822170042e+07,0.000000000000000000e+00,7.032279136382231116e+07,4.837901017914683838e+11,1.053874649975000000e+14,0.000000000000000000e+00
4.999714308426604248e+01,2.746644433788666007e+01,1.563886735822170042e+07,0.000000000000000000e+00,7.032279136382229626e+07,5.546619785300584717e+11,1.053874649975000000e+14,0.000000000000000000e+00
4.999714308426604248e+01,2.486208781697666481e+01,1.563886735822170042e+07,0.000000000000000000e+00,7.032279136382231116e+07,6.187680416097686768e+11,1.053874649975000000e+14,0.000000000000000000e+00
4.999714308426604248e+01,2.250623568354277637e+01,1.563886735822170042e+07,0.000000000000000000e+00,7.032279136382229626e+07,6.767571856688979492e+11,1.053874649975000000e+14,0.000000000000000000e+00
4.999714308426604248e+01,2.037509371280346926e+01,1.563886735822170042e+07,0.000000000000000000e+00,7.032279136382229626e+07,7.292151039727618408e+11,1.053874649975000000e+14,0.000000000000000000e+00
4.999714308426604248e+01,1.844715787861677470e+01,1.563886735822170042e+07,0.000000000000000000e+00,7.032279136382231116e+07,7.766711166990152588e+11,1.053874649975000000e+14,0.000000000000000000e+00
4.999714308426604248e+01,1.670300121865527743e+01,1.563886735822170042e+07,0.000000000000000000e+00,7.032279136382231116e+07,8.196034172372382812e+11,1.053874649975000000e+14,0.000000000000000000e+00
4.999714308426604248e+01,1.512506885398371992e+01,1.563886735822170042e+07,0.000000000000000000e+00,7.032279136382229626e+07,8.584441177684415283e+11,1.053874649975000000e+14,0.000000000000000000e+00
4.999714308426604248e+01,1.369748980649364611e+01,1.563886735822170042e+07,0.000000000000000000e+00,7.032279136382229626e+07,8.935838813664355469e+11,1.053874649975000000e+14,0.000000000000000000e+00
4.999714308426604248e+01,1.240592376068836877e+01,1.563886735822170042e+07,0.000000000000000000e+00,7.032279136382229626e+07,9.253756939463333740e+11,1.053874649975000000e+14,0.000000000000000000e+00
4.999714308426604248e+01,1.123740001855724380e+01,1.563886735822170042e+07,0.000000000000000000e+00,7.032279136382229626e+07,9.541388283796414795e+11,1.053874649975000000e+14,0.000000000000000000e+00
4.999714308426604248e+01,1.018018852890498493e+01,1.563886735822170042e+07,0.000000000000000000e+00,7.032279136382229626e+07,9.801620190987683105e+11,1.053874649975000000e+14,0.000000000000000000e+00
4.999714308426604248e+01,9.223680066817571799e+00,1.563886735822170042e+07,0.000000000000000000e+00,7.032279136382229626e+07,1.003706411471524902e+12,1.053874649975000000e+14,0.000000000000000000e+00
4.999714308426604248e+01,8.358278338008952701e+00,1.563886735822170042e+07,0.000000000000000000e+00,7.032279136382229626e+07,1.025008217645477905e+12,1.053874649975000000e+14,0.000000000000000000e+00
4.999714308426604248e+01,7.575302718982154460e+00,1.563886735822170042e+07,0.000000000000000000e+00,7.032279136382229626e+07,1.044281110592434570e+12,1.053874649975000000e+14,0.000000000000000000e+00
4.999714308426604248e+01,6.866900508626470057e+00,1.563886735822170042e+07,0.000000000000000000e+00,7.032279136382229626e+07,1.061718384029559814e+12,1.053874649975000000e+14,0.000000000000000000e+00
4.999714308426604248e+01,6.225967707147859187e+00,1.563886735822170042e+07,0.000000000000000000e+00,7.032279136382229626e+07,1.077494902440751465e+12,1.053874649975000000e+14,0.000000000000000000e+00
4.999714308426604248e+01,5.646077456139583006e+00,1.563886735822170042e+07,0.000000000000000000e+00,7.032279136382229626e+07,1.091768862519556885e+12,1.053874649975000000e+14,0.000000000000000000e+00
4.999714308426604248e+01,5.121415373277674377e+00,1.563886735822170042e+07,0.000000000000000000e+00,7.032279136382231116e+07,1.104683384901356445e+12,1.053874649975000000e+14,0.000000000000000000e+00
4.999714308426604248e+01,4.646721099911527375e+00,1.563886735822170042e+07,0.000000000000000000e+00,7.032279136382231116e+07,1.116367952965545654e+12,1.053874649975000000e+14,0.000000000000000000e+00
4.999714308426604248e+01,4.217235452789029004e+00,1.563886735822170042e+07,0.000000000000000000e+00,7.032279136382231116e+07,1.126939713692316406e+12,1.053874649975000000e+14,0.000000000000000000e+00
4.999714308426604248e+01,3.828652634589399195e+00,1.563886735822170042e+07,0.000000000000000000e+00,7.032279136382231116e+07,1.136504653997222656e+12,1.053874649975000000e+14,0.000000000000000000e+00
4.999714308426604248e+01,3.477077013546452378e+00,1.563886735822170042e+07,0.000000000000000000e+00,7.032279136382231116e+07,1.145158664597888184e+12,1.053874649975000000e+14,0.000000000000000000e+00
4.999714308426604248e+01,3.158984031602902753e+00,1.563886735822170042e+07,0.000000000000000000e+00,7.032279136382231116e+07,1.152988502257196777e+12,1.053874649975000000e+14,0.000000000000000000e+00
4.999714308426604248e+01,2.871184844154003546e+00,1.563886735822170042e+07,0.000000000000000000e+00,7.032279136382231116e+07,1.160072660173656982e+12,1.053874649975000000e+14,0.000000000000000000e+00
4.999714308426604248e+01,2.610794333429402592e+00,1.563886735822170042e+07,0.000000000000000000e+00,7.032279136382231116e+07,1.166482155329887207e+12,1.053874649975000000e+14,0.000000000000000000e+00
4.999714308426604248e+01,2.375202172411427615e+00,1.563886735822170042e+07,0.000000000000000000e+00,7.032279136382229626e+07,1.172281240752349365e+12,1.053874649975000000e+14,0.000000000000000000e+00
4.999714308426604248e+01,2.162046647527370080e+00,1.563886735822170042e+07,0.000000000000000000e+00,7.032279136382229626e+07,1.177528049864041748e+12,1.053874649975000000e+14,0.000000000000000000e+00
4.999714308426604248e+01,1.969190976496700607e+00,1.563886735822170042e+07,0.000000000000000000e+00,7.032279136382229626e+07,1.182275179419120117e+12,1.053874649975000000e+14,0.000000000000000000e+00
4.999714308426604248e+01,1.794701883088463790e+00,1.563886735822170042e+07,0.000000000000000000e+00,7.032279136382229626e+07,1.186570216883822266e+12,1.053874649975000000e+14,0.000000000000000000e+00
4.999714308426604248e+01,1.636830213413919877e+00,1.563886735822170042e+07,0.000000000000000000e+00,7.032279136382231116e+07,1.190456217565142090e+12,1.053874649975000000e+14,0.000000000000000000e+00
4.999714308426604248e+01,1.493993399013007206e+00,1.563886735822170042e+07,0.000000000000000000e+00,7.032279136382229626e+07,1.193972136280791016e+12,1.053874649975000000e+14,0.000000000000000000e+00
4.999714308426604248e+01,1.364759590643021436e+00,1.563886735822170042e+07,0.000000000000000000e+00,7.032279136382231116e+07,1.197153217904938965e+12,1.053874649975000000e+14,0.000000000000000000e+00
4.999714308426604248e+01,1.247833303488770973e+00,1.563886735822170042e+07,0.000000000000000000e+00,7.032279136382229626e+07,1.200031350710414795e+12,1.053874649975000000e+14,0.000000000000000000e+00
4.999714308426604248e+01,1.142042429752542665e+00,1.563886735822170042e+07,0.000000000000000000e+00,7.032279136382231116e+07,1.202635386052942139e+12,1.053874649975000000e+14,0.000000000000000000e+00
4.999714308426604248e+01,1.046326488310570069e+00,1.563886735822170042e+07,0.000000000000000000e+00,7.032279136382229626e+07,1.204991427605067627e+12,1.053874649975000000e+14,0.000000000000000000e+00
4.999714308426604248e+01,9.597259935720788837e-01,1.563886735822170042e+07,0.000000000000000000e+00,7.032279136382229626e+07,1.207123093040989014e+12,1.053874649975000000e+14,0.000000000000000000e+00
4.999714308426604248e+01,8.813728369073910995e-01,1.563886735822170042e+07,0.000000000000000000e+00,7.032279136382231116e+07,1.209051750797065430e+12,1.053874649975000000e+14,0.000000000000000000e+00
4.999714308426604248e+01,8.104815841829866585e-01,1.563886735822170042e+07,0.000000000000000000e+00,7.032279136382231116e+07,1.210796734282414795e+12,1.053874649975000000e+14,0.000000000000000000e+00
4.999714308426604248e+01,7.463416021393595168e-01,1.563886735822170042e+07,0.000000000000000000e+00,7.032279136382231116e+07,1.212375535687601562e+12,1.053874649975000000e+14,0.000000000000000000e+00
4.999714308426604248e+01,6.883099346571115440e-01,1.563886735822170042e+07,0.000000000000000000e+00,7.032279136382231116e+07,1.213803981334873535e+12,1.053874649975000000e+14,0.000000000000000000e+00
4.999714308426604248e+01,6.358048574866888014e-01,1.563886735822170042e+07,0.000000000000000000e+00,7.032279136382229626e+07,1.215096390328061523e+12,1.053874649975000000e+14,0.000000000000000000e+00
4.999714308426604248e+01,5.883000468198229527e-01,1.563886735822170042e+07,0.000000000000000000e+00,7.032279136382229626e+07,1.216265718092808838e+12,1.053874649975000000e+14,0.000000000000000000e+00
4.999714308426604248e+01,5.453193032376066895e-01,1.563886735822170042e+07,0.000000000000000000e+00,7.032279136382231116e+07,1.217323686246236572e+12,1.053874649975000000e+14,0.000000000000000000e+00
4.999714308426604248e+01,5.064317781399931828e-01,1.563886735822170042e+07,0.000000000000000000e+00,7.032279136382229626e+07,1.218280900098067627e+12,1.053874649975000000e+14,0.000000000000000000e+00
4.999714308426604248e+01,4.712476547996814480e-01,1.563886735822170042e+07,0.000000000000000000e+00,7.032279136382229626e+07,1.219146954961197754e+12,1.053874649975000000e+14,0.000000000000000000e+00
4.999714308426604248e+01,4.394143046441130740e-01,1.563886735822170042e+07,0.000000000000000000e+00,7.032279136382229626e+07,1.219930530764558838e+12,1.053874649975000000e+14,0.000000000000000000e+00
4.999714308426604248e+01,4.106126150396666175e-01,1.563886735822170042e+07,0.000000000000000000e+00,7.032279136382229626e+07,1.220639482444469482e+12,1.053874649975000000e+14,0.000000000000000000e+00
4.999714308426604248e+01,3.845538276561379920e-01,1.563886735822170042e+07,0.000000000000000000e+00,7.032279136382231116e+07,1.221280917768080322e+12,1.053874649975000000e+14,0.000000000000000000e+00
4.999714308426604248e+01,3.609766871459167970e-01,1.563886735822170042e+07,0.000000000000000000e+00,7.032279136382229626e+07,1.221861267518451416e+12,1.053874649975000000e+14,0.000000000000000000e+00
4.999714308426604248e+01,3.396448219892034825e-01,1.563886735822170042e+07,0.000000000000000000e+00,7.032279136382229626e+07,1.222386349964869629e+12,1.053874649975000000e+14,0.000000000000000000e+00
4.999714308426604248e+01,3.203443748560743654e-01,1.563886735822170042e+07,0.000000000000000000e+00,7.032279136382231116e+07,1.222861429191330322e+12,1.053874649975000000e+14,0.000000000000000000e+00
4.999714308426604248e+01,3.028810167016561250e-01,1.563886735822170042e+07,0.000000000000000000e+00,7.032279136382231116e+07,1.223291288594389404e+12,1.053874649975000000e+14,0.000000000000000000e+00
4.999714308426604248e+01,2.870806558895080407e-01,1.563886735822170042e+07,0.000000000000000000e+00,7.032279136382231116e+07,1.223680213428134033e+12,1.053874649975000000e+14,0.000000000000000000e+00
4.999714308426604248e+01,2.727849295041965827e-01,1.563886735822170042e+07,0.000000000000000000e+00,7.032279136382229626e+07,1.224032101785226562e+12,1.053874649975000000e+14,0.000000000000000000e+00
4.999714308426604248e+01,2.598505554508029891e-01,1.563886735822170042e+07,0.000000000000000000e+00,7.032279136382229626e+07,1.224350480544934082e+12,1.053874649975000000e+14,0.000000000000000000e+00
4.999714308426604248e+01,2.481478963638817092e-01,1.563886735822170042e+07,0.000000000000000000e+00,7.032279136382231116e+07,1.224638540722410889e+12,1.053874649975000000e+14,0.000000000000000000e+00
4.999714308426604248e+01,2.375596602731632756e-01,1.563886735822170042e+07,0.000000000000000000e+00,7.032279136382231116e+07,1.224899169451728760e+12,1.053874649975000000e+14,0.000000000000000000e+00
4.999714308426604248e+01,2.279797250030459466e-01,1.563886735822170042e+07,0.000000000000000000e+00,7.032279136382229626e+07,1.225134978923202637e+12,1.053874649975000000e+14,0.000000000000000000e+00
4.999714308426604248e+01,2.193120745216819711e-01,1.563886735822170042e+07,0.000000000000000000e+00,7.032279136382231116e+07,1.225348332565091064e+12,1.053874649975000000e+14,0.000000000000000000e+00
4.999714308426604248e+01,2.114698365796298385e-01,1.563886735822170042e+07,0.000000000000000000e+00,7.032279136382231116e+07,1.225541368732052979e+12,1.053874649975000000e+14,0.000000000000000000e+00
4.999714308426604248e+01,2.043744119916961199e-01,1.563886735822170042e+07,0.000000000000000000e+00,7.032279136382229626e+07,1.225716022137821045e+12,1.053874649975000000e+14,0.000000000000000000e+00
4.999714308426604248e+01,1.979547055175350789e-01,1.563886735822170042e+07,0.000000000000000000e+00,7.032279136382231116e+07,1.225874042787022461e+12,1.053874649975000000e+14,0.000000000000000000e+00
4.999714308426604248e+01,1.921463129877335196e-01,1.563886735822170042e+07,0.000000000000000000e+00,7.032279136382231116e+07,1.226017015984016602e+12,1.053874649975000000e+14,0.000000000000000000e+00
4.999714308426604248e+01,1.868906024627474682e-01,1.563886735822170042e+07,0.000000000000000000e+00,7.032279136382231116e+07,1.226146384950107666e+12,1.053874649975000000e+14,0.000000000000000000e+00
4.999714308426604248e+01,1.821630404819550852e-01,1.563886735822170042e+07,0.000000000000000000e+00,7.032279136382231116e+07,1.226262753574802490e+12,1.053874649975000000e+14,0.000000000000000000e+00
4.999714308426604248e+01,1.778811213895363508e-01,1.563886735822170042e+07,0.000000000000000000e+00,7.032279136382229626e+07,1.226368152729348877e+12,1.053874649975000000e+14,0.000000000000000000e+00
4.999714308426604248e+01,1.740028678693166519e-01,1.563886735822170042e+07,0.000000000000000000e+00,7.032279136382231116e+07,1.226463615682600586e+12,1.053874649975000000e+14,0.000000000000000000e+00
4.999714308426604248e+01,1.704902561765751778e-01,1.563886735822170042e+07,0.000000000000000000e+00,7.032279136382229626e+07,1.226550078386513184e+12,1.053874649975000000e+14,0.000000000000000000e+00
4.999714308426604248e+01,1.673088436996674200e-01,1.563886735822170042e+07,0.000000000000000000e+00,7.032279136382231116e+07,1.226628388643687744e+12,1.053874649975000000e+14,0.000000000000000000e+00
4.999714308426604248e+01,1.644274316144575809e-01,1.563886735822170042e+07,0.000000000000000000e+00,7.032279136382229626e+07,1.226699314411112793e+12,1.053874649975000000e+14,0.000000000000000000e+00
4.999714308426604248e+01,1.618177593250996471e-01,1.563886735822170042e+07,0.000000000000000000e+00,7.032279136382231116e+07,1.226763551321480469e+12,1.053874649975000000e+14,0.000000000000000000e+00
4.999714308426604248e+01,1.594542276960693172e-01,1.563886735822170042e+07,0.000000000000000000e+00,7.032279136382229626e+07,1.226821729495814453e+12,1.053874649975000000e+14,0.000000000000000000e+00
4.999714308426604248e+01,1.573136483624199000e-01,1.563886735822170042e+07,0.000000000000000000e+00,7.032279136382231116e+07,1.226874419714180664e+12,1.053874649975000000e+14,0.000000000000000000e+00
4.999714308426604248e+01,1.553750166607627825e-01,1.563886735822170042e+07,0.000000000000000000e+00,7.032279136382229626e+07,1.226922139004975342e+12,1.053874649975000000e+14,0.000000000000000000e+00
4.999714308426604248e+01,1.536193059549634254e-01,1.563886735822170042e+07,0.000000000000000000e+00,7.032279136382229626e+07,1.226965355707585938e+12,1.053874649975000000e+14,0.000000000000000000e+00
4.999714308426604248e+01,1.520292813402515097e-01,1.563886735822170042e+07,0.000000000000000000e+00,7.032279136382231116e+07,1.227004494058050293e+12,1.053874649975000000e+14,0.000000000000000000e+00
4.999714308426604248e+01,1.505893308994094293e-01,1.563886735822170042e+07,0.000000000000000000e+00,7.032279136382231116e+07,1.227039938342675537e+12,1.053874649975000000e+14,0.000000000000000000e+00
4.999714308426604248e+01,1.492853128568175924e-01,1.563886735822170042e+07,0.000000000000000000e+00,7.032279136382231116e+07,1.227072036660330811e+12,1.053874649975000000e+14,0.000000000000000000e+00
4.999714308426604248e+01,1.481044171320035352e-01,1.563886735822170042e+07,0.000000000000000000e+00,7.032279136382229626e+07,1.227101104330297607e+12,1.053874649975000000e+14,0.000000000000000000e+00
4.999714308426604248e+01,1.470315642859561789e-01,1.563886735822170042e+07,0.000000000000000000e+00,7.032279136382229626e+07,1.227127512531967529e+12,1.053874649975000000e+14,0.000000000000000000e+00
4.999714308426604248e+01,1.460601636720033347e-01,1.563886735822170042e+07,0.000000000000000000e+00,7.032279136382229626e+07,1.227151423493671143e+12,1.053874649975000000e+14,0.000000000000000000e+00
4.999714308426604248e+01,1.451806216581432996e-01,1.563886735822170042e+07,0.000000000000000000e+00,7.032279136382229626e+07,1.227173073362024170e+12,1.053874649975000000e+14,0.000000000000000000e+00
4.999714308426604248e+01,1.443842518154302146e-01,1.563886735822170042e+07,0.000000000000000000e+00,7.032279136382229626e+07,1.227192675952898926e+12,1.053874649975000000e+14,0.000000000000000000e+00
4.999714308426604248e+01,1.436631891300907127e-01,1.563886735822170042e+07,0.000000000000000000e+00,7.032279136382229626e+07,1.227210424863088623e+12,1.053874649975000000e+14,0.000000000000000000e+00
4.999714308426604248e+01,1.430103123280037358e-01,1.563886735822170042e+07,0.000000000000000000e+00,7.032279136382229626e+07,1.227226495382282715e+12,1.053874649975000000e+14,0.000000000000000000e+00
4.999714308426604248e+01,1.424191735444143292e-01,1.563886735822170042e+07,0.000000000000000000e+00,7.032279136382229626e+07,1.227241046224245117e+12,1.053874649975000000e+14,0.000000000000000000e+00
4.999714308426604248e+01,1.418839346442932747e-01,1.563886735822170042e+07,0.000000000000000000e+00,7.032279136382229626e+07,1.227254221094282227e+12,1.053874649975000000e+14,0.000000000000000000e+00
4.999714308426604248e+01,1.413993095644376641e-01,1.563886735822170042e+07,0.000000000000000000e+00,7.032279136382229626e+07,1.227266150108489746e+12,1.053874649975000000e+14,0.000000000000000000e+00
4.999714308426604248e+01,1.409605121078776613e-01,1.563886735822170042e+07,0.000000000000000000e+00,7.032279136382229626e+07,1.227276951078788330e+12,1.053874649975000000e+14,0.000000000000000000e+00
4.999714308426604248e+01,1.405632086750036036e-01,1.563886735822170042e+07,0.000000000000000000e+00,7.032279136382229626e+07,1.227286730676445068e+12,1.053874649975000000e+14,0.000000000000000000e+00
4.999714308426604248e+01,1.402034754645812009e-01,1.563886735822170042e+07,0.000000000000000000e+00,7.032279136382229626e+07,1.227295585485567383e+12,1.053874649975000000e+14,0.000000000000000000e+00
4.999714308426604248e+01,1.398777597219693358e-01,1.563886735822170042e+07,0.000000000000000000e+00,7.032279136382229626e+07,1.227303602956975098e+12,1.053874649975000000e+14,0.000000000000000000e+00
4.999714308426604248e+01,1.395828446518243282e-01,1.563886735822170042e+07,0.000000000000000000e+00,7.032279136382229626e+07,1.227310862271871826e+12,1.053874649975000000e+14,0.000000000000000000e+00
4.999714308426604248e+01,1.393158176487658551e-01,1.563886735822170042e+07,0.000000000000000000e+00,7.032279136382229626e+07,1.227317435123847168e+12,1.053874649975000000e+14,0.000000000000000000e+00
4.999714308426604248e+01,1.390740415322474777e-01,1.563886735822170042e+07,0.000000000000000000e+00,7.032279136382229626e+07,1.227323386426924072e+12,1.053874649975000000e+14,0.000000000000000000e+00
4.999714308426604248e+01,1.388551285015458547e-01,1.563886735822170042e+07,0.000000000000000000e+00,7.032279136382229626e+07,1.227328774956659424e+12,1.053874649975000000e+14,0.000000000000000000e+00
4.999714308426604248e+01,1.386569165536451764e-01,1.563886735822170042e+07,0.000000000000000000e+00,7.032279136382229626e+07,1.227333653930614258e+12,1.053874649975000000e+14,0.000000000000000000e+00
4.999714308426604248e+01,1.384774481311183414e-01,1.563886735822170042e+07,0.000000000000000000e+00,7.032279136382229626e+07,1.227338071533934814e+12,1.053874649975000000e+14,0.000000000000000000e+00
4.999714308426604248e+01,1.383149507891296426e-01,1.563886735822170042e+07,0.000000000000000000e+00,7.032279136382229626e+07,1.227342071395233398e+12,1.053874649975000000e+14,0.000000000000000000e+00
4.999714308426604248e+01,1.381678196906243050e-01,1.563886735822170042e+07,0.000000000000000000e+00,7.032279136382229626e+07,1.227345693017467285e+12,1.053874649975000000e+14,0.000000000000000000e+00
4.999714308426604248e+01,1.380346017568263861e-01,1.563886735822170042e+07,0.000000000000000000e+00,7.032279136382229626e+07,1.227348972168074463e+12,1.053874649975000000e+14,0.000000000000000000e+00
4.999714308426604248e+01,1.379139813165137785e-01,1.563886735822170042e+07,0.000000000000000000e+00,7.032279136382229626e+07,1.227351941232215088e+12,1.053874649975000000e+14,0.000000000000000000e+00
4.999714308426604248e+01,1.378047671123415752e-01,1.563886735822170042e+07,0.000000000000000000e+00,7.032279136382229626e+07,1.227354629532609131e+12,1.053874649975000000e+14,0.000000000000000000e+00
4.999714308426604248e+01,1.377058805358869487e-01,1.563886735822170042e+07,0.000000000000000000e+00,7.032279136382229626e+07,1.227357063619131836e+12,1.053874649975000000e+14,0.000000000000000000e+00
4.999714308426604248e+01,1.376163449752239865e-01,1.563886735822170042e+07,0.000000000000000000e+00,7.032279136382229626e+07,1.227359267531020996e+12,1.053874649975000000e+14,0.000000000000000000e+00
4.999714308426604248e+01,1.375352761698243886e-01,1.563886735822170042e+07,0.000000000000000000e+00,7.032279136382229626e+07,1.227361263034290527e+12,1.053874649975000000e+14,0.000000000000000000e+00
4.999714308426604248e+01,1.374618734775281126e-01,1.563886735822170042e+07,0.000000000000000000e+00,7.032279136382229626e+07,1.227363069836694336e+12,1.053874649975000000e+14,0.000000000000000000e+00
4.999714308426604248e+01,1.373954119673358454e-01,1.563886735822170042e+07,0.000000000000000000e+00,7.032279136382229626e+07,1.227364705782360840e+12,1.053874649975000000e+14,0.000000000000000000e+00
4.999714308426604248e+01,1.373352352599310211e-01,1.563886735822170042e+07,0.000000000000000000e+00,7.032279136382229626e+07,1.227366187028023438e+12,1.053874649975000000e+14,0.000000000000000000e+00
4.999714308426604248e+01,1.372807490452240542e-01,1.563886735822170042e+07,0.000000000000000000e+00,7.032279136382229626e+07,1.227367528202585449e+12,1.053874649975000000e+14,0.000000000000000000e+00
4.999714308426604248e+01,1.372314152128971676e-01,1.563886735822170042e+07,0.000000000000000000e+00,7.032279136382229626e+07,1.227368742551596680e+12,1.053874649975000000e+14,0.000000000000000000e+00
4.999714308426604248e+01,1.371867465379828788e-01,1.563886735822170042e+07,0.000000000000000000e+00,7.032279136382229626e+07,1.227369842068068115e+12,1.053874649975000000e+14,0.000000000000000000e+00
4.999714308426604248e+01,1.371463018689902114e-01,1.563886735822170042e+07,0.000000000000000000e+00,7.032279136382229626e+07,1.227370837610913574e+12,1.053874649975000000e+14,0.000000000000000000e+00
4.999714308426604248e+01,1.371096817710566185e-01,1.563886735822170042e+07,0.000000000000000000e+00,7.032279136382229626e+07,1.227371739012196045e+12,1.053874649975000000e+14,0.000000000000000000e+00
4.999714308426604248e+01,1.370765245810963984e-01,1.563886735822170042e+07,0.000000000000000000e+00,7.032279136382229626e+07,1.227372555174228271e+12,1.053874649975000000e+14,0.000000000000000000e+00
4.999714308426604248e+01,1.370465028359866833e-01,1.563886735822170042e+07,0.000000000000000000e+00,7.032279136382229626e+07,1.227373294157493408e+12,1.053874649975000000e+14,0.000000000000000000e+00
4.999714308426604248e+01,1.370193200385145249e-01,1.563886735822170042e+07,0.000000000000000000e+00,7.032279136382229626e+07,1.227373963260250732e+12,1.053874649975000000e+14,0.000000000000000000e+00
4.999714308426604248e+01,1.369947077291464310e-01,1.563886735822170042e+07,0.000000000000000000e+00,7.032279136382229626e+07,1.227374569090614258e+12,1.053874649975000000e+14,0.000000000000000000e+00
4.999714308426604248e+01,1.369724228346997086e-01,1.563886735822170042e+07,0.000000000000000000e+00,7.032279136382229626e+07,1.227375117631813477e+12,1.053874649975000000e+14,0.000000000000000000e+00
4.999714308426604248e+01,1.369522452677322255e-01,1.563886735822170042e+07,0.000000000000000000e+00,7.032279136382229626e+07,1.227375614301286865e+12,1.053874649975000000e+14,0.000000000000000000e+00
4.999714308426604248e+01,1.369339757529403900e-01,1.563886735822170042e+07,0.000000000000000000e+00,7.032279136382229626e+07,1.227376064004182129e+12,1.053874649975000000e+14,0.000000000000000000e+00
4.999714308426604248e+01,1.369174338591002682e-01,1.563886735822170042e+07,0.000000000000000000e+00,7.032279136382229626e+07,1.227376471181802002e+12,1.053874649975000000e+14,0.000000000000000000e+00
4.999714308426604248e+01,1.369024562171138049e-01,1.563886735822170042e+07,0.000000000000000000e+00,7.032279136382229626e+07,1.227376839855466553e+12,1.053874649975000000e+14,0.000000000000000000e+00
4.999714308426604248e+01,1.368888949065624194e-01,1.563886735822170042e+07,0.000000000000000000e+00,7.032279136382229626e+07,1.227377173666226562e+12,1.053874649975000000e+14,0.000000000000000000e+00
4.999714308426604248e+01,1.368766159948326400e-01,1.563886735822170042e+07,0.000000000000000000e+00,7.032279136382229626e+07,1.227377475910824463e+12,1.053874649975000000e+14,0.000000000000000000e+00
4.999714308426604248e+01,1.368654982143868992e-01,1.563886735822170042e+07,0.000000000000000000e+00,7.032279136382229626e+07,1.227377749574253174e+12,1.053874649975000000e+14,0.000000000000000000e+00
4.999714308426604248e+01,1.368554317651151375e-01,1.563886735822170042e+07,0.000000000000000000e+00,7.032279136382229626e+07,1.227377997359234863e+12,1.053874649975000000e+14,0.000000000000000000e+00
4.999714308426604248e+01,1.368463172299401176e-01,1.563886735822170042e+07,0.000000000000000000e+00,7.032279136382229626e+07,1.227378221712913818e+12,1.053874649975000000e+14,0.000000000000000000e+00
4.999714308426604248e+01,1.368380645929661854e-01,1.563886735822170042e+07,0.000000000000000000e+00,7.032279136382229626e+07,1.227378424851025879e+12,1.053874649975000000e+14,0.000000000000000000e+00
4.999714308426604248e+01,1.368305923504748167e-01,1.563886735822170042e+07,0.000000000000000000e+00,7.032279136382229626e+07,1.227378608779779541e+12,1.053874649975000000e+14,0.000000000000000000e+00
4.999714308426604248e+01,1.368238267059873614e-01,1.563886735822170042e+07,0.000000000000000000e+00,7.032279136382229626e+07,1.227378775315670166e+12,1.053874649975000000e+14,0.000000000000000000e+00
4.999714308426604248e+01,1.368177008414449003e-01,1.563886735822170042e+07,0.000000000000000000e+00,7.032279136382229626e+07,1.227378926103419678e+12,1.053874649975000000e+14,0.000000000000000000e+00
4.999714308426604248e+01,1.368121542573075833e-01,1.563886735822170042e+07,0.000000000000000000e+00,7.032279136382229626e+07,1.227379062632220215e+12,1.053874649975000000e+14,0.000000000000000000e+00
4.999714308426604248e+01,1.368071321750563285e-01,1.563886735822170042e+07,0.000000000000000000e+00,7.032279136382229626e+07,1.227379186250441895e+12,1.053874649975000000e+14,0.000000000000000000e+00
4.999714308426604248e+01,1.368025849961956308e-01,1.563886735822170042e+07,0.000000000000000000e+00,7.032279136382229626e+07,1.227379298178948242e+12,1.053874649975000000e+14,0.000000000000000000e+00
4.999714308426604248e+01,1.367984678124147535e-01,1.563886735822170042e+07,0.000000000000000000e+00,7.032279136382229626e+07,1.227379399523154053e+12,1.053874649975000000e+14,0.000000000000000000e+00
4.999714308426604248e+01,1.367947399620695059e-01,1.563886735822170042e+07,0.000000000000000000e+00,7.032279136382229626e+07,1.227379491283943115e+12,1.053874649975000000e+14,0.000000000000000000e+00
4.999714308426604248e+01,1.367913646286046947e-01,1.563886735822170042e+07,0.000000000000000000e+00,7.032279136382229626e+07,1.227379574367552490e+12,1.053874649975000000e+14,0.000000000000000000e+00
4.999714308426604248e+01,1.367883084769506430e-01,1.563886735822170042e+07,0.000000000000000000e+00,7.032279136382229626e+07,1.227379649594522949e+12,1.053874649975000000e+14,0.000000000000000000e+00
4.999714308426604248e+01,1.367855413243033724e-01,1.563886735822170042e+07,0.000000000000000000e+00,7.032279136382229626e+07,1.227379717707801758e+12,1.053874649975000000e+14,0.000000000000000000e+00
4.999714308426604248e+01,1.367830358420367431e-01,1.563886735822170042e+07,0.000000000000000000e+00,7.032279136382229626e+07,1.227379779380081787e+12,1.053874649975000000e+14,0.000000000000000000e+00
4.999714308426604248e+01,1.367807672858027401e-01,1.563886735822170042e+07,0.000000000000000000e+00,7.032279136382229626e+07,1.227379835220443115e+12,1.053874649975000000e+14,0.000000000000000000e+00
4.999714308426604248e+01,1.367787132511542603e-01,1.563886735822170042e+07,0.000000000000000000e+00,7.032279136382229626e+07,1.227379885780369629e+12,1.053874649975000000e+14,0.000000000000000000e+00
4.999714308426604248e+01,1.367768534522769697e-01,1.563886735822170042e+07,0.000000000000000000e+00,7.032279136382229626e+07,1.227379931559195801e+12,1.053874649975000000e+14,0.000000000000000000e+00
4.999714308426604248e+01,1.367751695216447849e-01,1.563886735822170042e+07,0.000000000000000000e+00,7.032279136382229626e+07,1.227379973009036621e+12,1.053874649975000000e+14,0.000000000000000000e+00
4.999714308426604248e+01,1.367736448286210049e-01,1.563886735822170042e+07,0.000000000000000000e+00,7.032279136382229626e+07,1.227380010539254150e+12,1.053874649975000000e+14,0.000000000000000000e+00
4.999714308426604248e+01,1.367722643152123885e-01,1.563886735822170042e+07,0.000000000000000000e+00,7.032279136382229626e+07,1.227380044520500244e+12,1.053874649975000000e+14,0.000000000000000000e+00
4.999714308426604248e+01,1.367710143473555573e-01,1.563886735822170042e+07,0.000000000000000000e+00,7.032279136382229626e+07,1.227380075288376465e+12,1.053874649975000000e+14,0.000000000000000000e+00
4.999714308426604248e+01,1.367698825802655671e-01,1.563886735822170042e+07,0.000000000000000000e+00,7.032279136382229626e+07,1.227380103146748291e+12,1.053874649975000000e+14,0.000000000000000000e+00
4.999714308426604248e+01,1.367688578365180152e-01,1.563886735822170042e+07,0.000000000000000000e+00,7.032279136382229626e+07,1.227380128370747803e+12,1.053874649975000000e+14,0.000000000000000000e+00
4.999714308426604248e+01,1.367679299956597039e-01,1.563886735822170042e+07,0.000000000000000000e+00,7.032279136382229626e+07,1.227380151209489014e+12,1.053874649975000000e+14,0.000000000000000000e+00
4.999714308426604248e+01,1.367670898942583146e-01,1.563886735822170042e+07,0.000000000000000000e+00,7.032279136382229626e+07,1.227380171888529297e+12,1.053874649975000000e+14,0.000000000000000000e+00
4.999714308426604248e+01,1.367663292354036886e-01,1.563886735822170042e+07,0.000000000000000000e+00,7.032279136382229626e+07,1.227380190612096436e+12,1.053874649975000000e+14,0.000000000000000000e+00
4.999714308426604248e+01,1.367656405067666225e-01,1.563886735822170042e+07,0.000000000000000000e+00,7.032279136382229626e+07,1.227380207565106201e+12,1.053874649975000000e+14,0.000000000000000000e+00
4.999714308426604248e+01,1.367650169064067445e-01,1.563886735822170042e+07,0.000000000000000000e+00,7.032279136382229626e+07,1.227380222914987793e+12,1.053874649975000000e+14,0.000000000000000000e+00
4.999714308426604248e+01,1.367644522755958880e-01,1.563886735822170042e+07,0.000000000000000000e+00,7.032279136382229626e+07,1.227380236813338135e+12,1.053874649975000000e+14,0.000000000000000000e+00
4.999714308426604248e+01,1.367639410379938303e-01,1.563886735822170042e+07,0.000000000000000000e+00,7.032279136382229626e+07,1.227380249397417725e+12,1.053874649975000000e+14,0.000000000000000000e+00
4.999714308426604248e+01,1.367634781445762338e-01,1.563886735822170042e+07,0.000000000000000000e+00,7.032279136382229626e+07,1.227380260791508789e+12,1.053874649975000000e+14,0.000000000000000000e+00
4.999714308426604248e+01,1.367630590237697841e-01,1.563886735822170042e+07,0.000000000000000000e+00,7.032279136382229626e+07,1.227380271108139404e+12,1.053874649975000000e+14,0.000000000000000000e+00
4.999714308426604248e+01,1.367626857914994720e-01,1.563886735822170042e+07,0.000000000000000000e+00,7.032279136382229626e+07,1.227380280295227295e+12,1.053874649975000000e+14,0.000000000000000000e+00
4.999714308426604248e+01,1.367623472714487864e-01,1.563886735822170042e+07,0.000000000000000000e+00,7.032279136382229626e+07,1.227380288627875732e+12,1.053874649975000000e+14,0.000000000000000000e+00
4.999714308426604248e+01,1.367620402352307529e-01,1.563886735822170042e+07,0.000000000000000000e+00,7.032279136382229626e+07,1.227380296185552002e+12,1.053874649975000000e+14,0.000000000000000000e+00
4.999714308426604248e+01,1.367617617547124687e-01,1.563886735822170042e+07,0.000000000000000000e+00,7.032279136382229626e+07,1.227380303040331543e+12,1.053874649975000000e+14,0.000000000000000000e+00
4.999714308426604248e+01,1.367615091740899957e-01,1.563886735822170042e+07,0.000000000000000000e+00,7.032279136382229626e+07,1.227380309257586914e+12,1.053874649975000000e+14,0.000000000000000000e+00
4.999714308426604248e+01,1.367612800845606769e-01,1.563886735822170042e+07,0.000000000000000000e+00,7.032279136382229626e+07,1.227380314896610840e+12,1.053874649975000000e+14,0.000000000000000000e+00
4.999714308426604248e+01,1.367610723013510388e-01,1.563886735822170042e+07,0.000000000000000000e+00,7.032279136382229626e+07,1.227380320011180664e+12,1.053874649975000000e+14,0.000000000000000000e+00
4.999714308426604248e+01,1.367608838428809315e-01,1.563886735822170042e+07,0.000000000000000000e+00,7.032279136382229626e+07,1.227380324650073242e+12,1.053874649975000000e+14,0.000000000000000000e+00
4.999714308426604248e+01,1.367607129118657561e-01,1.563886735822170042e+07,0.000000000000000000e+00,7.032279136382229626e+07,1.227380328857528809e+12,1.053874649975000000e+14,0.000000000000000000e+00
4.999714308426604248e+01,1.367605578781762310e-01,1.563886735822170042e+07,0.000000000000000000e+00,7.032279136382229626e+07,1.227380332673672607e+12,1.053874649975000000e+14,0.000000000000000000e+00
4.999714308426604248e+01,1.367604172632921056e-01,1.563886735822170042e+07,0.000000000000000000e+00,7.032279136382229626e+07,1.227380336134898682e+12,1.053874649975000000e+14,0.000000000000000000e+00
4.999714308426604248e+01,1.367602897262019945e-01,1.563886735822170042e+07,0.000000000000000000e+00,7.032279136382229626e+07,1.227380339274215820e+12,1.053874649975000000e+14,0.000000000000000000e+00
4.999714308426604248e+01,1.367601740506143304e-01,1.563886735822170042e+07,0.000000000000000000e+00,7.032279136382229626e+07,1.227380342121562988e+12,1.053874649975000000e+14,0.000000000000000000e+00
4.999714308426604248e+01,1.367600691333579199e-01,1.563886735822170042e+07,0.000000000000000000e+00,7.032279136382229626e+07,1.227380344704093994e+12,1.053874649975000000e+14,0.000000000000000000e+00
4.999714308426604248e+01,1.367599739738613041e-01,1.563886735822170042e+07,0.000000000000000000e+00,7.032279136382229626e+07,1.227380347046438477e+12,1.053874649975000000e+14,0.000000000000000000e+00
4.999714308426604248e+01,1.367598876646105299e-01,1.563886735822170042e+07,0.000000000000000000e+00,7.032279136382229626e+07,1.227380349170935059e+12,1.053874649975000000e+14,0.000000000000000000e+00
