# tendency to change, top row gives equation number (where number 0 is the first equation) (molecules/cc.s (air))
1.000000000000000000e+00,1.000000000000000000e+00,0.000000000000000000e+00,0.000000000000000000e+00
0.000000000000000000e+00,0.000000000000000000e+00,0.000000000000000000e+00,-1.230746684737899933e+11
0.000000000000000000e+00,0.000000000000000000e+00,0.000000000000000000e+00,-1.113312013710201721e+11
0.000000000000000000e+00,0.000000000000000000e+00,0.000000000000000000e+00,-1.007118678719593201e+11
0.000000000000000000e+00,0.000000000000000000e+00,0.000000000000000000e+00,-9.110667056605172729e+10
0.000000000000000000e+00,0.000000000000000000e+00,0.000000000000000000e+00,-8.241981967029216003e+10
0.000000000000000000e+00,0.000000000000000000e+00,0.000000000000000000e+00,-7.456297002268104553e+10
0.000000000000000000e+00,0.000000000000000000e+00,0.000000000000000000e+00,-6.745634444213413239e+10
0.000000000000000000e+00,0.000000000000000000e+00,0.000000000000000000e+00,-6.102815587545040894e+10
0.000000000000000000e+00,0.000000000000000000e+00,0.000000000000000000e+00,-5.521333688759321594e+10
0.000000000000000000e+00,0.000000000000000000e+00,0.000000000000000000e+00,-4.995315751495513916e+10
0.000000000000000000e+00,0.000000000000000000e+00,0.000000000000000000e+00,-4.519454056404381561e+10
0.000000000000000000e+00,0.000000000000000000e+00,0.000000000000000000e+00,-4.088953554262984467e+10
0.000000000000000000e+00,0.000000000000000000e+00,0.000000000000000000e+00,-3.699481271795384979e+10
0.000000000000000000e+00,0.000000000000000000e+00,0.000000000000000000e+00,-3.347119863615124130e+10
0.000000000000000000e+00,0.000000000000000000e+00,0.000000000000000000e+00,-3.028329789287612534e+10
0.000000000000000000e+00,0.000000000000000000e+00,0.000000000000000000e+00,-2.739909563456121063e+10
0.000000000000000000e+00,0.000000000000000000e+00,0.000000000000000000e+00,-2.478963922727381134e+10
0.000000000000000000e+00,0.000000000000000000e+00,0.000000000000000000e+00,-2.242874251034577560e+10
0.000000000000000000e+00,0.000000000000000000e+00,0.000000000000000000e+00,-2.029271948352450180e+10
0.000000000000000000e+00,0.000000000000000000e+00,0.000000000000000000e+00,-1.836014424591397095e+10
0.000000000000000000e+00,0.000000000000000000e+00,0.000000000000000000e+00,-1.661163441146521378e+10
0.000000000000000000e+00,0.000000000000000000e+00,0.000000000000000000e+00,-1.502965557200978470e+10
0.000000000000000000e+00,0.000000000000000000e+00,0.000000000000000000e+00,-1.359834466986023331e+10
0.000000000000000000e+00,0.000000000000000000e+00,0.000000000000000000e+00,-1.230335038803013039e+10
0.000000000000000000e+00,0.000000000000000000e+00,0.000000000000000000e+00,-1.113168887539809990e+10
0.000000000000000000e+00,0.000000000000000000e+00,0.000000000000000000e+00,-1.007161330424590683e+10
0.000000000000000000e+00,0.000000000000000000e+00,0.000000000000000000e+00,-9.112495914170677185e+09
0.000000000000000000e+00,0.000000000000000000e+00,0.000000000000000000e+00,-8.244721333629251480e+09
0.000000000000000000e+00,0.000000000000000000e+00,0.000000000000000000e+00,-7.459590091706433296e+09
0.000000000000000000e+00,0.000000000000000000e+00,0.000000000000000000e+00,-6.749231340357959747e+09
0.000000000000000000e+00,0.000000000000000000e+00,0.000000000000000000e+00,-6.106523903617328644e+09
0.000000000000000000e+00,0.000000000000000000e+00,0.000000000000000000e+00,-5.525024856272268295e+09
0.000000000000000000e+00,0.000000000000000000e+00,0.000000000000000000e+00,-4.998904911869880676e+09
0.000000000000000000e+00,0.000000000000000000e+00,0.000000000000000000e+00,-4.522889969374106407e+09
0.000000000000000000e+00,0.000000000000000000e+00,0.000000000000000000e+00,-4.092208230429271698e+09
0.000000000000000000e+00,0.000000000000000000e+00,0.000000000000000000e+00,-3.702542355631693363e+09
0.000000000000000000e+00,0.000000000000000000e+00,0.000000000000000000e+00,-3.349986179139910221e+09
0.000000000000000000e+00,0.000000000000000000e+00,0.000000000000000000e+00,-3.031005546986419678e+09
0.000000000000000000e+00,0.000000000000000000e+00,0.000000000000000000e+00,-2.742402885947099686e+09
0.000000000000000000e+00,0.000000000000000000e+00,0.000000000000000000e+00,-2.481285147438284874e+09
0.000000000000000000e+00,0.000000000000000000e+00,0.000000000000000000e+00,-2.245034804796383381e+09
0.000000000000000000e+00,0.000000000000000000e+00,0.000000000000000000e+00,-2.031283613023066044e+09
0.000000000000000000e+00,0.000000000000000000e+00,0.000000000000000000e+00,-1.837888867798423767e+09
0.000000000000000000e+00,0.000000000000000000e+00,0.000000000000000000e+00,-1.662911925670057297e+09
0.000000000000000000e+00,0.000000000000000000e+00,0.000000000000000000e+00,-1.504598770028801680e+09
0.000000000000000000e+00,0.000000000000000000e+00,0.000000000000000000e+00,-1.361362427991946459e+09
0.000000000000000000e+00,0.000000000000000000e+00,0.000000000000000000e+00,-1.231767061900584459e+09
0.000000000000000000e+00,0.000000000000000000e+00,0.000000000000000000e+00,-1.114513575928348303e+09
0.000000000000000000e+00,0.000000000000000000e+00,0.000000000000000000e+00,-1.008426593495455742e+09
0.000000000000000000e+00,0.000000000000000000e+00,0.000000000000000000e+00,-9.124426749297442436e+08
0.000000000000000000e+00,0.000000000000000000e+00,0.000000000000000000e+00,-8.255996572518284321e+08
0.000000000000000000e+00,0.000000000000000000e+00,0.000000000000000000e+00,-7.470271669394178391e+08
0.000000000000000000e+00,0.000000000000000000e+00,0.000000000000000000e+00,-6.759375560009796619e+08
0.000000000000000000e+00,0.000000000000000000e+00,0.000000000000000000e+00,-6.116180982863693237e+08
0.000000000000000000e+00,0.000000000000000000e+00,0.000000000000000000e+00,-5.534239517299896479e+08
0.000000000000000000e+00,0.000000000000000000e+00,0.000000000000000000e+00,-5.007716936364971399e+08
0.000000000000000000e+00,0.000000000000000000e+00,0.000000000000000000e+00,-4.531334718350853324e+08
0.000000000000000000e+00,0.000000000000000000e+00,0.000000000000000000e+00,-4.100296347364264131e+08
0.000000000000000000e+00,0.000000000000000000e+00,0.000000000000000000e+00,-3.710304816225359440e+08
0.000000000000000000e+00,0.000000000000000000e+00,0.000000000000000000e+00,-3.357451341039910316e+08
0.000000000000000000e+00,0.000000000000000000e+00,0.000000000000000000e+00,-3.038199369431263804e+08
0.000000000000000000e+00,0.000000000000000000e+00,0.000000000000000000e+00,-2.749349134302706122e+08
0.000000000000000000e+00,0.000000000000000000e+00,0.000000000000000000e+00,-2.488005583090592027e+08
0.000000000000000000e+00,0.000000000000000000e+00,0.000000000000000000e+00,-2.251549361069880724e+08
0.000000000000000000e+00,0.000000000000000000e+00,0.000000000000000000e+00,-2.037610557849319577e+08
0.000000000000000000e+00,0.000000000000000000e+00,0.000000000000000000e+00,-1.844044953940764964e+08
0.000000000000000000e+00,0.000000000000000000e+00,0.000000000000000000e+00,-1.668912529306425750e+08
0.000000000000000000e+00,0.000000000000000000e+00,0.000000000000000000e+00,-1.510458479611846507e+08
0.000000000000000000e+00,0.000000000000000000e+00,0.000000000000000000e+00,-1.367093152510488629e+08
0.000000000000000000e+00,0.000000000000000000e+00,0.000000000000000000e+00,-1.237369368400049210e+08
0.000000000000000000e+00,0.000000000000000000e+00,0.000000000000000000e+00,-1.120681581496743262e+08
0.000000000000000000e+00,0.000000000000000000e+00,0.000000000000000000e+00,-1.014993350517777950e+08
0.000000000000000000e+00,0.000000000000000000e+00,0.000000000000000000e+00,-9.192685726802717149e+07
0.000000000000000000e+00,0.000000000000000000e+00,0.000000000000000000e+00,-8.325687290099011362e+07
0.000000000000000000e+00,0.000000000000000000e+00,0.000000000000000000e+00,-7.540436916512775421e+07
0.000000000000000000e+00,0.000000000000000000e+00,0.000000000000000000e+00,-6.829233973546333611e+07
0.000000000000000000e+00,0.000000000000000000e+00,0.000000000000000000e+00,-6.185103055273266137e+07
0.000000000000000000e+00,0.000000000000000000e+00,0.000000000000000000e+00,-5.601725669237828255e+07
0.000000000000000000e+00,0.000000000000000000e+00,0.000000000000000000e+00,-5.073378360097656399e+07
0.000000000000000000e+00,0.000000000000000000e+00,0.000000000000000000e+00,-4.594876663438697159e+07
0.000000000000000000e+00,0.000000000000000000e+00,0.000000000000000000e+00,-4.161524340328937024e+07
0.000000000000000000e+00,0.000000000000000000e+00,0.000000000000000000e+00,-3.769067394938626140e+07
0.000000000000000000e+00,0.000000000000000000e+00,0.000000000000000000e+00,-3.413652424442257732e+07
0.000000000000000000e+00,0.000000000000000000e+00,0.000000000000000000e+00,-3.091788892900529131e+07
0.000000000000000000e+00,0.000000000000000000e+00,0.000000000000000000e+00,-2.800314959291663393e+07
0.000000000000000000e+00,0.000000000000000000e+00,0.000000000000000000e+00,-2.535508649428753927e+07
0.000000000000000000e+00,0.000000000000000000e+00,0.000000000000000000e+00,-2.295743230595102534e+07
0.000000000000000000e+00,0.000000000000000000e+00,0.000000000000000000e+00,-2.078650759882311895e+07
0.000000000000000000e+00,0.000000000000000000e+00,0.000000000000000000e+00,-1.882087214274077490e+07
0.000000000000000000e+00,0.000000000000000000e+00,0.000000000000000000e+00,-1.704111316099343449e+07
0.000000000000000000e+00,0.000000000000000000e+00,0.000000000000000000e+00,-1.542965360815081745e+07
0.000000000000000000e+00,0.000000000000000000e+00,0.000000000000000000e+00,-1.397057857772254944e+07
0.000000000000000000e+00,0.000000000000000000e+00,0.000000000000000000e+00,-1.264947812523918226e+07
0.000000000000000000e+00,0.000000000000000000e+00,0.000000000000000000e+00,-1.145330495446004905e+07
0.000000000000000000e+00,0.000000000000000000e+00,0.000000000000000000e+00,-1.037024556120800972e+07
0.000000000000000000e+00,0.000000000000000000e+00,0.000000000000000000e+00,-9.389603562234401703e+06
0.000000000000000000e+00,0.000000000000000000e+00,0.000000000000000000e+00,-8.501694056862307712e+06
0.000000000000000000e+00,0.000000000000000000e+00,0.000000000000000000e+00,-7.697747978114653379e+06
0.000000000000000000e+00,0.000000000000000000e+00,0.000000000000000000e+00,-6.969825488690614700e+06
0.000000000000000000e+00,0.000000000000000000e+00,0.000000000000000000e+00,-6.310737566482210532e+06
0.000000000000000000e+00,0.000000000000000000e+00,0.000000000000000000e+00,-5.713975005203772336e+06
0.000000000000000000e+00,0.000000000000000000e+00,0.000000000000000000e+00,-5.173644128937149420e+06
0.000000000000000000e+00,0.000000000000000000e+00,0.000000000000000000e+00,-4.684408585705900565e+06
0.000000000000000000e+00,0.000000000000000000e+00,0.000000000000000000e+00,-4.241436645226622000e+06
0.000000000000000000e+00,0.000000000000000000e+00,0.000000000000000000e+00,-3.840353480344390962e+06
0.000000000000000000e+00,0.000000000000000000e+00,0.000000000000000000e+00,-3.477197960882282350e+06
0.000000000000000000e+00,0.000000000000000000e+00,0.000000000000000000e+00,-3.148383533194923773e+06
0.000000000000000000e+00,0.000000000000000000e+00,0.000000000000000000e+00,-2.850662799070930574e+06
0.000000000000000000e+00,0.000000000000000000e+00,0.000000000000000000e+00,-2.581095444162989035e+06
0.000000000000000000e+00,0.000000000000000000e+00,0.000000000000000000e+00,-2.337019199201726820e+06
0.000000000000000000e+00,0.000000000000000000e+00,0.000000000000000000e+00,-2.116023547206926625e+06
0.000000000000000000e+00,0.000000000000000000e+00,0.000000000000000000e+00,-1.915925917024517199e+06
0.000000000000000000e+00,0.000000000000000000e+00,0.000000000000000000e+00,-1.734750128074550768e+06
0.000000000000000000e+00,0.000000000000000000e+00,0.000000000000000000e+00,-1.570706873430919833e+06
0.000000000000000000e+00,0.000000000000000000e+00,0.000000000000000000e+00,-1.422176048478841782e+06
0.000000000000000000e+00,0.000000000000000000e+00,0.000000000000000000e+00,-1.287690750629282091e+06
0.000000000000000000e+00,0.000000000000000000e+00,0.000000000000000000e+00,-1.165922792069101473e+06
0.000000000000000000e+00,0.000000000000000000e+00,0.000000000000000000e+00,-1.055669582469034242e+06
0.000000000000000000e+00,0.000000000000000000e+00,0.000000000000000000e+00,-9.558422521038055420e+05
0.000000000000000000e+00,0.000000000000000000e+00,0.000000000000000000e+00,-8.654548980845928891e+05
0.000000000000000000e+00,0.000000000000000000e+00,0.000000000000000000e+00,-7.836148475024224026e+05
0.000000000000000000e+00,0.000000000000000000e+00,0.000000000000000000e+00,-7.095138413165570237e+05
0.000000000000000000e+00,0.000000000000000000e+00,0.000000000000000000e+00,-6.424200519225121243e+05
0.000000000000000000e+00,0.000000000000000000e+00,0.000000000000000000e+00,-5.816708555625915760e+05
0.000000000000000000e+00,0.000000000000000000e+00,0.000000000000000000e+00,-5.266662881994247437e+05
0.000000000000000000e+00,0.000000000000000000e+00,0.000000000000000000e+00,-4.768631202219009865e+05
0.000000000000000000e+00,0.000000000000000000e+00,0.000000000000000000e+00,-4.317694914653301239e+05
0.000000000000000000e+00,0.000000000000000000e+00,0.000000000000000000e+00,-3.909400535598278511e+05
0.000000000000000000e+00,0.000000000000000000e+00,0.000000000000000000e+00,-3.539715716333866585e+05
0.000000000000000000e+00,0.000000000000000000e+00,0.000000000000000000e+00,-3.204989419316292042e+05
0.000000000000000000e+00,0.000000000000000000e+00,0.000000000000000000e+00,-2.901915860228538513e+05
0.000000000000000000e+00,0.000000000000000000e+00,0.000000000000000000e+00,-2.627501859785080305e+05
0.000000000000000000e+00,0.000000000000000000e+00,0.000000000000000000e+00,-2.379037282848835166e+05
0.000000000000000000e+00,0.000000000000000000e+00,0.000000000000000000e+00,-2.154068272913933033e+05
0.000000000000000000e+00,0.000000000000000000e+00,0.000000000000000000e+00,-1.950373017617225705e+05
0.000000000000000000e+00,0.000000000000000000e+00,0.000000000000000000e+00,-1.765939805939674552e+05
0.000000000000000000e+00,0.000000000000000000e+00,0.000000000000000000e+00,-1.598947160379886627e+05
0.000000000000000000e+00,0.000000000000000000e+00,0.000000000000000000e+00,-1.447745847898960055e+05
0.000000000000000000e+00,0.000000000000000000e+00,0.000000000000000000e+00,-1.310842591954231320e+05
0.000000000000000000e+00,0.000000000000000000e+00,0.000000000000000000e+00,-1.186885324777603237e+05
0.000000000000000000e+00,0.000000000000000000e+00,0.000000000000000000e+00,-1.074649834251403809e+05
0.000000000000000000e+00,0.000000000000000000e+00,0.000000000000000000e+00,-9.730276734800339909e+04
0.000000000000000000e+00,0.000000000000000000e+00,0.000000000000000000e+00,-8.810152136840821186e+04
0.000000000000000000e+00,0.000000000000000000e+00,0.000000000000000000e+00,-7.977037322754861088e+04
0.000000000000000000e+00,0.000000000000000000e+00,0.000000000000000000e+00,-7.222704382433892170e+04
0.000000000000000000e+00,0.000000000000000000e+00,0.000000000000000000e+00,-6.539703461985588365e+04
0.000000000000000000e+00,0.000000000000000000e+00,0.000000000000000000e+00,-5.921289188399315026e+04
0.000000000000000000e+00,0.000000000000000000e+00,0.000000000000000000e+00,-5.361354051666260057e+04
0.000000000000000000e+00,0.000000000000000000e+00,0.000000000000000000e+00,-4.854368086543083336e+04
0.000000000000000000e+00,0.000000000000000000e+00,0.000000000000000000e+00,-4.395324258112907410e+04
0.000000000000000000e+00,0.000000000000000000e+00,0.000000000000000000e+00,-3.979689011945724633e+04
0.000000000000000000e+00,0.000000000000000000e+00,0.000000000000000000e+00,-3.603357500329017785e+04
0.000000000000000000e+00,0.000000000000000000e+00,0.000000000000000000e+00,-3.262613042411804417e+04
0.000000000000000000e+00,0.000000000000000000e+00,0.000000000000000000e+00,-2.954090418043136742e+04
0.000000000000000000e+00,0.000000000000000000e+00,0.000000000000000000e+00,-2.674742632527351452e+04
0.000000000000000000e+00,0.000000000000000000e+00,0.000000000000000000e+00,-2.421810824270248486e+04
0.000000000000000000e+00,0.000000000000000000e+00,0.000000000000000000e+00,-2.192797018008232408e+04
0.000000000000000000e+00,0.000000000000000000e+00,0.000000000000000000e+00,-1.985439454641342309e+04
0.000000000000000000e+00,0.000000000000000000e+00,0.000000000000000000e+00,-1.797690253901481628e+04
0.000000000000000000e+00,0.000000000000000000e+00,0.000000000000000000e+00,-1.627695189294815100e+04
0.000000000000000000e+00,0.000000000000000000e+00,0.000000000000000000e+00,-1.473775375652313232e+04
0.000000000000000000e+00,0.000000000000000000e+00,0.000000000000000000e+00,-1.334410688285827746e+04
0.000000000000000000e+00,0.000000000000000000e+00,0.000000000000000000e+00,-1.208224750156402661e+04
0.000000000000000000e+00,0.000000000000000000e+00,0.000000000000000000e+00,-1.093971338572502282e+04
0.000000000000000000e+00,0.000000000000000000e+00,0.000000000000000000e+00,-9.905220775318146480e+03
0.000000000000000000e+00,0.000000000000000000e+00,0.000000000000000000e+00,-8.983992290019989014e+03
0.000000000000000000e+00,0.000000000000000000e+00,0.000000000000000000e+00,-8.148442048740387690e+03
0.000000000000000000e+00,0.000000000000000000e+00,0.000000000000000000e+00,-7.390601603126526243e+03
0.000000000000000000e+00,0.000000000000000000e+00,0.000000000000000000e+00,-6.703243605327606929e+03
0.000000000000000000e+00,0.000000000000000000e+00,0.000000000000000000e+00,-6.079812881994247618e+03
0.000000000000000000e+00,0.000000000000000000e+00,0.000000000000000000e+00,-5.514363919305801574e+03
0.000000000000000000e+00,0.000000000000000000e+00,0.000000000000000000e+00,-5.001504162263870967e+03
0.000000000000000000e+00,0.000000000000000000e+00,0.000000000000000000e+00,-4.536342586660385678e+03
0.000000000000000000e+00,0.000000000000000000e+00,0.000000000000000000e+00,-4.114443054676055908e+03
0.000000000000000000e+00,0.000000000000000000e+00,0.000000000000000000e+00,-3.731782008647918701e+03
0.000000000000000000e+00,0.000000000000000000e+00,0.000000000000000000e+00,-3.384710099315643674e+03
0.000000000000000000e+00,0.000000000000000000e+00,0.000000000000000000e+00,-3.069917382621765228e+03
0.000000000000000000e+00,0.000000000000000000e+00,0.000000000000000000e+00,-2.784401753520965940e+03
0.000000000000000000e+00,0.000000000000000000e+00,0.000000000000000000e+00,-2.525440316200256348e+03
0.000000000000000000e+00,0.000000000000000000e+00,0.000000000000000000e+00,-2.290563415527343750e+03
0.000000000000000000e+00,0.000000000000000000e+00,0.000000000000000000e+00,-2.077531085014343262e+03
