# particle_number_conc (#/cc (air))
6.000000000000000000e+02
5.996917643358154919e+02
5.993838369120286416e+02
5.990762186833990199e+02
5.987689092529301433e+02
5.984619079344039392e+02
5.981552142735426969e+02
5.978488277133802740e+02
5.975427477770032283e+02
5.972369739604271217e+02
5.969315057876409583e+02
5.966263427806948130e+02
5.963214844740588205e+02
5.960169304056753390e+02
5.957126801213133831e+02
5.954087331710413764e+02
5.951050891110637622e+02
5.948017475014366937e+02
5.944987062445384254e+02
5.941959596688660667e+02
5.938935075418987708e+02
5.935913502971343405e+02
5.932894870117106620e+02
5.929879154251657383e+02
5.926866320821402496e+02
5.923856324574463770e+02
5.920849111376214751e+02
5.917844620769143376e+02
5.914842789282326976e+02
5.911843554213833158e+02
5.908846857633491254e+02
5.905852650040176286e+02
5.902860892905189303e+02
5.899871559147395601e+02
5.896884631447536549e+02
5.893900099427457917e+02
5.890917957107461689e+02
5.887938202170132627e+02
5.884960836238678894e+02
5.881985865353116196e+02
5.879013300192406177e+02
5.876043155935279856e+02
5.873075451905725686e+02
5.870110211003005816e+02
5.867147459199489958e+02
5.864187224861365166e+02
5.861229538024884960e+02
5.858274429811073105e+02
5.855321931751649345e+02
