# particle_size
2.500000000000000000e-01
2.844132221944301042e-01
2.848739677475388143e-01
2.852408900844307649e-01
2.855921981861460623e-01
2.859436937152197156e-01
2.862843518261569131e-01
2.866199557101815620e-01
2.869473507588273797e-01
2.872684357783645837e-01
2.875825237037055171e-01
2.878902448198098485e-01
2.881915637706781719e-01
2.884868003207458065e-01
2.887760630591397759e-01
2.890595803119590523e-01
2.893374830759137817e-01
2.896099709981439507e-01
2.899393747777122554e-01
2.904525044018335667e-01
2.909433612391682522e-01
2.913910017319704671e-01
2.918441404007761086e-01
2.923462766172365002e-01
2.929318685040088188e-01
2.936269784601622246e-01
2.944476862744380696e-01
2.953987951337103124e-01
2.964735839851655452e-01
2.976551443313403822e-01
2.989185880713468024e-01
3.002342473784772037e-01
3.015716872518248715e-01
3.029045014583996998e-01
3.042139099237918254e-01
3.054894191757224209e-01
3.067266927028661216e-01
3.079230997541387849e-01
3.090755792161037352e-01
3.101803168649294729e-01
3.112332408951214435e-01
3.122306178506072394e-01
3.131693294282238971e-01
3.140471267334582484e-01
3.148624186200794095e-01
3.156144841984149796e-01
3.163034757054088986e-01
3.169301562516644299e-01
3.174960168151615969e-01
