# particle_size
2.500000000000000000e-01
2.840902072259099964e-01
2.842672893128123657e-01
2.843286048606348815e-01
2.843877730721345864e-01
2.844471674234440028e-01
2.845058687732336389e-01
2.845644494381108225e-01
2.846226079691825950e-01
2.846805313613253730e-01
2.847381353561923012e-01
2.847954799191315667e-01
2.848525494092368215e-01
2.849093654694938027e-01
2.849659311470454370e-01
2.850222576300757149e-01
2.850783520418382344e-01
2.851342236752832937e-01
2.851929376410687333e-01
2.852582058711088386e-01
2.853207610206138778e-01
2.853842665501921672e-01
2.854508525731583868e-01
2.855220320488213170e-01
2.855993358682372141e-01
2.856842012986159363e-01
2.857777481494602201e-01
2.858805805668441224e-01
2.859926628799523418e-01
2.861132887052550977e-01
2.862411479315718488e-01
2.863744832363913639e-01
2.865113192181874546e-01
2.866497278039186192e-01
2.867881157447347285e-01
2.869254292773805726e-01
2.870611636758930718e-01
2.871951446411449838e-01
2.873272978921804777e-01
2.874575009009631699e-01
2.875855114966226478e-01
2.877110002577956682e-01
2.878335627754847748e-01
2.879527512127821876e-01
2.880681158643141893e-01
2.881792169010312654e-01
2.882856577300465517e-01
2.883871056531342458e-01
2.884833202584070055e-01
