# chamber environmental conditions throughout the simulation, with rows corresponding to the time points in the time output file, first column is temperature (K), second is pressure (Pa) and third is relative humidity (fraction (0-1))
2.941499999999999773e+02,9.800000000000000000e+04,6.500002203029472403e-01
2.941499999999999773e+02,9.800000000000000000e+04,6.468206697767751034e-01
2.941499999999999773e+02,9.800000000000000000e+04,6.468206776687234205e-01
2.941499999999999773e+02,9.800000000000000000e+04,6.468206775269805808e-01
2.941499999999999773e+02,9.800000000000000000e+04,6.468206775258379393e-01
2.941499999999999773e+02,9.800000000000000000e+04,6.468206775258379393e-01
2.941499999999999773e+02,9.800000000000000000e+04,6.468206775258379393e-01
2.941499999999999773e+02,9.800000000000000000e+04,6.468206775258379393e-01
2.941499999999999773e+02,9.800000000000000000e+04,6.468206775258379393e-01
2.941499999999999773e+02,9.800000000000000000e+04,6.468206775258379393e-01
2.941499999999999773e+02,9.800000000000000000e+04,6.468206775258379393e-01
2.941499999999999773e+02,9.800000000000000000e+04,6.468206775258379393e-01
2.941499999999999773e+02,9.800000000000000000e+04,6.468206775258379393e-01
2.941499999999999773e+02,9.800000000000000000e+04,6.468206775258379393e-01
2.941499999999999773e+02,9.800000000000000000e+04,6.468206775258379393e-01
2.941499999999999773e+02,9.800000000000000000e+04,6.468206775258379393e-01
2.941499999999999773e+02,9.800000000000000000e+04,6.468206775258379393e-01
2.941499999999999773e+02,9.800000000000000000e+04,6.468206775258379393e-01
2.941499999999999773e+02,9.800000000000000000e+04,6.468206775258379393e-01
2.941499999999999773e+02,9.800000000000000000e+04,6.468206775258379393e-01
2.941499999999999773e+02,9.800000000000000000e+04,6.468206775258379393e-01
2.941499999999999773e+02,9.800000000000000000e+04,6.468206775258379393e-01
2.941499999999999773e+02,9.800000000000000000e+04,6.468206775258379393e-01
2.941499999999999773e+02,9.800000000000000000e+04,6.468206775258379393e-01
2.941499999999999773e+02,9.800000000000000000e+04,6.468206775258379393e-01
2.941499999999999773e+02,9.800000000000000000e+04,6.468206775258379393e-01
2.941499999999999773e+02,9.800000000000000000e+04,6.468206775258379393e-01
2.941499999999999773e+02,9.800000000000000000e+04,6.468206775258379393e-01
2.941499999999999773e+02,9.800000000000000000e+04,6.468206775258379393e-01
2.941499999999999773e+02,9.800000000000000000e+04,6.468206775258379393e-01
2.941499999999999773e+02,9.800000000000000000e+04,6.468206775258379393e-01
2.941499999999999773e+02,9.800000000000000000e+04,6.468206775258379393e-01
2.941499999999999773e+02,9.800000000000000000e+04,6.468206775258379393e-01
2.941499999999999773e+02,9.800000000000000000e+04,6.468206775258379393e-01
2.941499999999999773e+02,9.800000000000000000e+04,6.468206775258379393e-01
2.941499999999999773e+02,9.800000000000000000e+04,6.468206775258379393e-01
2.941499999999999773e+02,9.800000000000000000e+04,6.468206775258379393e-01
2.941499999999999773e+02,9.800000000000000000e+04,6.468206775258379393e-01
2.941499999999999773e+02,9.800000000000000000e+04,6.468206775258379393e-01
2.941499999999999773e+02,9.800000000000000000e+04,6.468206775258379393e-01
2.941499999999999773e+02,9.800000000000000000e+04,6.468206775258379393e-01
2.941499999999999773e+02,9.800000000000000000e+04,6.468206775258379393e-01
2.941499999999999773e+02,9.800000000000000000e+04,6.468206775258379393e-01
2.941499999999999773e+02,9.800000000000000000e+04,6.468206775258379393e-01
2.941499999999999773e+02,9.800000000000000000e+04,6.468206775258379393e-01
2.941499999999999773e+02,9.800000000000000000e+04,6.468206775258379393e-01
2.941499999999999773e+02,9.800000000000000000e+04,6.468206775258379393e-01
2.941499999999999773e+02,9.800000000000000000e+04,6.468206775258379393e-01
2.941499999999999773e+02,9.800000000000000000e+04,6.468206775258379393e-01
2.941499999999999773e+02,9.800000000000000000e+04,6.468206775258379393e-01
2.941499999999999773e+02,9.800000000000000000e+04,6.468206775258379393e-01
2.941499999999999773e+02,9.800000000000000000e+04,6.468206775258379393e-01
2.941499999999999773e+02,9.800000000000000000e+04,6.468206775258379393e-01
2.941499999999999773e+02,9.800000000000000000e+04,6.468206775258379393e-01
2.941499999999999773e+02,9.800000000000000000e+04,6.468206775258379393e-01
2.941499999999999773e+02,9.800000000000000000e+04,6.468206775258379393e-01
2.941499999999999773e+02,9.800000000000000000e+04,6.468206775258379393e-01
2.941499999999999773e+02,9.800000000000000000e+04,6.468206775258379393e-01
2.941499999999999773e+02,9.800000000000000000e+04,6.468206775258379393e-01
2.941499999999999773e+02,9.800000000000000000e+04,6.468206775258379393e-01
2.941499999999999773e+02,9.800000000000000000e+04,6.468206775258379393e-01
