# concentration of components on wall due to particle deposition to wall (molecules/cc (air)) time changes with rows which correspond to the time output file, components in columns and size bin changing with columns with size bin numbers given in the second row of the header
# 12
0.000000000000000000e+00,0.000000000000000000e+00,0.000000000000000000e+00,0.000000000000000000e+00,0.000000000000000000e+00,0.000000000000000000e+00,0.000000000000000000e+00,0.000000000000000000e+00,0.000000000000000000e+00,0.000000000000000000e+00,0.000000000000000000e+00,0.000000000000000000e+00,0.000000000000000000e+00,0.000000000000000000e+00,0.000000000000000000e+00,0.000000000000000000e+00
3.501668700754177570e+08,6.223331118123402348e+02,4.358017694146833492e+03,1.777450709585738672e+13,8.347077893898191862e+06,3.287950974334329915e-15,3.147301641168664844e+13,0.000000000000000000e+00,0.000000000000000000e+00,0.000000000000000000e+00,0.000000000000000000e+00,0.000000000000000000e+00,0.000000000000000000e+00,0.000000000000000000e+00,0.000000000000000000e+00,0.000000000000000000e+00
6.532835928499970436e+08,1.186386326389285387e+03,8.527915301793196704e+03,3.544772582088785938e+13,2.463239396727949008e+07,8.655815893929185470e-15,5.849264281190882812e+13,0.000000000000000000e+00,0.000000000000000000e+00,0.000000000000000000e+00,0.000000000000000000e+00,0.000000000000000000e+00,0.000000000000000000e+00,0.000000000000000000e+00,0.000000000000000000e+00,0.000000000000000000e+00
9.204272466763329506e+08,1.707685918695863620e+03,1.251238209693092176e+04,5.302023065796375000e+13,4.840712129325885326e+07,1.430660453260841135e-14,8.230472741038584375e+13,0.000000000000000000e+00,0.000000000000000000e+00,0.000000000000000000e+00,0.000000000000000000e+00,0.000000000000000000e+00,0.000000000000000000e+00,0.000000000000000000e+00,0.000000000000000000e+00,0.000000000000000000e+00
1.159357242128168821e+09,2.196996568268256397e+03,1.631737488518450846e+04,7.049259374530348438e+13,7.924443220000179112e+07,2.300078820303337203e-14,1.037478371328435312e+14,0.000000000000000000e+00,0.000000000000000000e+00,0.000000000000000000e+00,0.000000000000000000e+00,0.000000000000000000e+00,0.000000000000000000e+00,0.000000000000000000e+00,0.000000000000000000e+00,0.000000000000000000e+00
1.375512034950665236e+09,2.661625040954877932e+03,1.995114874087558201e+04,8.786538461532326562e+13,1.167319476935594082e+08,4.505280623024812752e-14,1.233907488014935938e+14,0.000000000000000000e+00,0.000000000000000000e+00,0.000000000000000000e+00,0.000000000000000000e+00,0.000000000000000000e+00,0.000000000000000000e+00,0.000000000000000000e+00,0.000000000000000000e+00,0.000000000000000000e+00
1.572863589510875940e+09,3.106787954633517984e+03,2.342269137669611155e+04,1.051391699441231250e+14,1.604849203172291219e+08,8.556678737837722108e-14,1.416393320987815000e+14,0.000000000000000000e+00,0.000000000000000000e+00,0.000000000000000000e+00,0.000000000000000000e+00,0.000000000000000000e+00,0.000000000000000000e+00,0.000000000000000000e+00,0.000000000000000000e+00,0.000000000000000000e+00
1.754377271089694262e+09,3.536253767249757402e+03,2.674125479224271112e+04,1.223145134519949062e+14,2.101445101583071947e+08,1.371772533562880162e-13,1.587864090890699375e+14,0.000000000000000000e+00,0.000000000000000000e+00,0.000000000000000000e+00,0.000000000000000000e+00,0.000000000000000000e+00,0.000000000000000000e+00,0.000000000000000000e+00,0.000000000000000000e+00,0.000000000000000000e+00
1.922345303224030018e+09,3.952826329913161771e+03,2.991620289403060087e+04,1.393919758305952969e+14,2.653721372620499730e+08,2.195680232803057321e-13,1.750494771107758438e+14,0.000000000000000000e+00,0.000000000000000000e+00,0.000000000000000000e+00,0.000000000000000000e+00,0.000000000000000000e+00,0.000000000000000000e+00,0.000000000000000000e+00,0.000000000000000000e+00,0.000000000000000000e+00
2.078607012276594162e+09,4.358657109422589201e+03,3.295709143259747361e+04,1.563721147046637188e+14,3.258415895635315180e+08,1.518810224644366051e-13,1.905950668289907500e+14,0.000000000000000000e+00,0.000000000000000000e+00,0.000000000000000000e+00,0.000000000000000000e+00,0.000000000000000000e+00,0.000000000000000000e+00,0.000000000000000000e+00,0.000000000000000000e+00,0.000000000000000000e+00
2.224612567368785858e+09,4.755448774249923190e+03,3.587212692776465701e+04,1.732554845732258438e+14,3.912720911844225526e+08,9.682610445978438233e-14,2.055549471094839688e+14,0.000000000000000000e+00,0.000000000000000000e+00,0.000000000000000000e+00,0.000000000000000000e+00,0.000000000000000000e+00,0.000000000000000000e+00,0.000000000000000000e+00,0.000000000000000000e+00,0.000000000000000000e+00
2.361550090441457748e+09,5.144451985579940811e+03,3.866983273436941090e+04,1.900426368739147500e+14,4.613868062015424967e+08,7.470929969708492643e-14,2.200252650215730000e+14,0.000000000000000000e+00,0.000000000000000000e+00,0.000000000000000000e+00,0.000000000000000000e+00,0.000000000000000000e+00,0.000000000000000000e+00,0.000000000000000000e+00,0.000000000000000000e+00,0.000000000000000000e+00
2.490450734208277225e+09,5.526714339760552321e+03,4.135871885388837836e+04,2.067341199390114375e+14,5.359173680551651716e+08,-2.237692284716968942e-13,2.340863855358595312e+14,0.000000000000000000e+00,0.000000000000000000e+00,0.000000000000000000e+00,0.000000000000000000e+00,0.000000000000000000e+00,0.000000000000000000e+00,0.000000000000000000e+00,0.000000000000000000e+00,0.000000000000000000e+00
2.612141554468405724e+09,5.903099757771929944e+03,4.394568730768439855e+04,2.233304789721771562e+14,6.146406216138603687e+08,-4.909096685680646798e-13,2.478046040560675938e+14,0.000000000000000000e+00,0.000000000000000000e+00,0.000000000000000000e+00,0.000000000000000000e+00,0.000000000000000000e+00,0.000000000000000000e+00,0.000000000000000000e+00,0.000000000000000000e+00,0.000000000000000000e+00
2.727333801570810795e+09,6.274239306364127515e+03,4.643787468064707355e+04,2.398322561237446875e+14,6.973346563803850412e+08,-7.366523569264086125e-13,2.612277488661960625e+14,0.000000000000000000e+00,0.000000000000000000e+00,0.000000000000000000e+00,0.000000000000000000e+00,0.000000000000000000e+00,0.000000000000000000e+00,0.000000000000000000e+00,0.000000000000000000e+00,0.000000000000000000e+00
2.836652880224413395e+09,6.640682426477188528e+03,4.884196646532037994e+04,2.562399904579348438e+14,7.837931292929410934e+08,-9.674768587288527293e-13,2.743973976854610000e+14,0.000000000000000000e+00,0.000000000000000000e+00,0.000000000000000000e+00,0.000000000000000000e+00,0.000000000000000000e+00,0.000000000000000000e+00,0.000000000000000000e+00,0.000000000000000000e+00,0.000000000000000000e+00
2.940669500782377243e+09,7.002878171378785737e+03,5.116484657738296664e+04,2.725542179908984062e+14,8.738099606143292189e+08,-1.591285452368513723e-12,2.873471989969593750e+14,0.000000000000000000e+00,0.000000000000000000e+00,0.000000000000000000e+00,0.000000000000000000e+00,0.000000000000000000e+00,0.000000000000000000e+00,0.000000000000000000e+00,0.000000000000000000e+00,0.000000000000000000e+00
3.039828142413962841e+09,7.361203914950930994e+03,5.341159731058057514e+04,2.887754716548991250e+14,9.672249291998322010e+08,-2.207758370313207318e-12,3.001054810390859375e+14,0.000000000000000000e+00,0.000000000000000000e+00,0.000000000000000000e+00,0.000000000000000000e+00,0.000000000000000000e+00,0.000000000000000000e+00,0.000000000000000000e+00,0.000000000000000000e+00,0.000000000000000000e+00
3.134568030205625057e+09,7.715931487933051358e+03,5.558835015383617429e+04,3.049042813914968750e+14,1.063857652584303975e+09,-3.094374203735156949e-12,3.126919985821351875e+14,0.000000000000000000e+00,0.000000000000000000e+00,0.000000000000000000e+00,0.000000000000000000e+00,0.000000000000000000e+00,0.000000000000000000e+00,0.000000000000000000e+00,0.000000000000000000e+00,0.000000000000000000e+00
3.225243327090040684e+09,8.067326293062916193e+03,5.769969700709194149e+04,3.209411740851591250e+14,1.163566085369933844e+09,-3.965944108991978229e-12,3.251263473574082500e+14,0.000000000000000000e+00,0.000000000000000000e+00,0.000000000000000000e+00,0.000000000000000000e+00,0.000000000000000000e+00,0.000000000000000000e+00,0.000000000000000000e+00,0.000000000000000000e+00,0.000000000000000000e+00
3.312202168094192982e+09,8.415579532454621585e+03,5.975089730882526055e+04,3.368866736483747500e+14,1.266196200983294010e+09,-5.040378221786503246e-12,3.374220962021517500e+14,0.000000000000000000e+00,0.000000000000000000e+00,0.000000000000000000e+00,0.000000000000000000e+00,0.000000000000000000e+00,0.000000000000000000e+00,0.000000000000000000e+00,0.000000000000000000e+00,0.000000000000000000e+00
3.395741210312661171e+09,8.760872845970487106e+03,6.174633669200490112e+04,3.527413009878762500e+14,1.371616460117543459e+09,-6.271017942009575131e-12,3.495922561272505625e+14,0.000000000000000000e+00,0.000000000000000000e+00,0.000000000000000000e+00,0.000000000000000000e+00,0.000000000000000000e+00,0.000000000000000000e+00,0.000000000000000000e+00,0.000000000000000000e+00,0.000000000000000000e+00
3.476114577757983685e+09,9.103345644054123113e+03,6.368987129473368987e+04,3.685055740378121875e+14,1.479709808135722160e+09,-7.489564430000117351e-12,3.616465593993659375e+14,0.000000000000000000e+00,0.000000000000000000e+00,0.000000000000000000e+00,0.000000000000000000e+00,0.000000000000000000e+00,0.000000000000000000e+00,0.000000000000000000e+00,0.000000000000000000e+00,0.000000000000000000e+00
3.553574468540335655e+09,9.443112381317987456e+03,6.558567682071046147e+04,3.841800077922576250e+14,1.590354280861938477e+09,-8.861046836467259638e-12,3.735927170021920625e+14,0.000000000000000000e+00,0.000000000000000000e+00,0.000000000000000000e+00,0.000000000000000000e+00,0.000000000000000000e+00,0.000000000000000000e+00,0.000000000000000000e+00,0.000000000000000000e+00,0.000000000000000000e+00
3.628347799090508461e+09,9.780293776469039585e+03,6.743747039519107784e+04,3.997651142969039375e+14,1.703440170695036888e+09,-1.038714188405250910e-11,3.854390684307754375e+14,0.000000000000000000e+00,0.000000000000000000e+00,0.000000000000000000e+00,0.000000000000000000e+00,0.000000000000000000e+00,0.000000000000000000e+00,0.000000000000000000e+00,0.000000000000000000e+00,0.000000000000000000e+00
3.700632087919546127e+09,1.011497971014115501e+04,6.924858349623394315e+04,4.152614026765366250e+14,1.818868384148804903e+09,-1.204455360477141331e-11,3.971915469255933750e+14,0.000000000000000000e+00,0.000000000000000000e+00,0.000000000000000000e+00,0.000000000000000000e+00,0.000000000000000000e+00,0.000000000000000000e+00,0.000000000000000000e+00,0.000000000000000000e+00,0.000000000000000000e+00
3.770610127569815636e+09,1.044724606463177042e+04,7.102220648539735703e+04,4.306693791533880000e+14,1.936544712142382860e+09,-1.384368798375252690e-11,4.088550050823800625e+14,0.000000000000000000e+00,0.000000000000000000e+00,0.000000000000000000e+00,0.000000000000000000e+00,0.000000000000000000e+00,0.000000000000000000e+00,0.000000000000000000e+00,0.000000000000000000e+00,0.000000000000000000e+00
3.838442016035706043e+09,1.077715970584861861e+04,7.276113339255763276e+04,4.459895470568920000e+14,2.056385283108062744e+09,-1.566503038471099433e-11,4.204336524328678750e+14,0.000000000000000000e+00,0.000000000000000000e+00,0.000000000000000000e+00,0.000000000000000000e+00,0.000000000000000000e+00,0.000000000000000000e+00,0.000000000000000000e+00,0.000000000000000000e+00,0.000000000000000000e+00
3.904285142849222660e+09,1.110477831047018844e+04,7.446826399652565306e+04,4.612224068515809375e+14,2.178305375785315514e+09,-1.760354150961348499e-11,4.319309624206873750e+14,0.000000000000000000e+00,0.000000000000000000e+00,0.000000000000000000e+00,0.000000000000000000e+00,0.000000000000000000e+00,0.000000000000000000e+00,0.000000000000000000e+00,0.000000000000000000e+00,0.000000000000000000e+00
3.968278506423055172e+09,1.143015588536648647e+04,7.614615163748445048e+04,4.763684561420693750e+14,2.302229229897809505e+09,-1.970145874271936065e-11,4.433501861086106875e+14,0.000000000000000000e+00,0.000000000000000000e+00,0.000000000000000000e+00,0.000000000000000000e+00,0.000000000000000000e+00,0.000000000000000000e+00,0.000000000000000000e+00,0.000000000000000000e+00,0.000000000000000000e+00
4.030550115535559177e+09,1.175333869489564677e+04,7.779720382015754876e+04,4.914281896949105625e+14,2.428085534523228645e+09,-2.196421983982678575e-11,4.546939871399371250e+14,0.000000000000000000e+00,0.000000000000000000e+00,0.000000000000000000e+00,0.000000000000000000e+00,0.000000000000000000e+00,0.000000000000000000e+00,0.000000000000000000e+00,0.000000000000000000e+00,0.000000000000000000e+00
4.091216935631156921e+09,1.207437087345793407e+04,7.942363883366521623e+04,5.064020994525541250e+14,2.555808234912508965e+09,-2.434094398120157637e-11,4.659649037552655625e+14,0.000000000000000000e+00,0.000000000000000000e+00,0.000000000000000000e+00,0.000000000000000000e+00,0.000000000000000000e+00,0.000000000000000000e+00,0.000000000000000000e+00,0.000000000000000000e+00,0.000000000000000000e+00
4.150385832337080002e+09,1.239329173331042512e+04,8.102751365660184820e+04,5.212906745507859375e+14,2.685335837564518452e+09,-2.676466575418643869e-11,4.771651225131813750e+14,0.000000000000000000e+00,0.000000000000000000e+00,0.000000000000000000e+00,0.000000000000000000e+00,0.000000000000000000e+00,0.000000000000000000e+00,0.000000000000000000e+00,0.000000000000000000e+00,0.000000000000000000e+00
4.208149064979620934e+09,1.271013815490049092e+04,8.261057474694555276e+04,5.360944013309664375e+14,2.816614499539554596e+09,-2.917143508542931604e-11,4.882966926131374375e+14,0.000000000000000000e+00,0.000000000000000000e+00,0.000000000000000000e+00,0.000000000000000000e+00,0.000000000000000000e+00,0.000000000000000000e+00,0.000000000000000000e+00,0.000000000000000000e+00,0.000000000000000000e+00
4.264607831412157059e+09,1.302494418600936660e+04,8.417490753146742645e+04,5.508137633703268125e+14,2.949583990622213840e+09,-3.171431456787778086e-11,4.993614004916402500e+14,0.000000000000000000e+00,0.000000000000000000e+00,0.000000000000000000e+00,0.000000000000000000e+00,0.000000000000000000e+00,0.000000000000000000e+00,0.000000000000000000e+00,0.000000000000000000e+00,0.000000000000000000e+00
4.319840161118121147e+09,1.333774545754419159e+04,8.572201083995745284e+04,5.654492414764733750e+14,3.084197510225397110e+09,-3.424472007255715587e-11,5.103612595967818125e+14,0.000000000000000000e+00,0.000000000000000000e+00,0.000000000000000000e+00,0.000000000000000000e+00,0.000000000000000000e+00,0.000000000000000000e+00,0.000000000000000000e+00,0.000000000000000000e+00,0.000000000000000000e+00
4.373929303958466530e+09,1.364857140465927660e+04,8.725362684743586578e+04,5.800013137232193750e+14,3.220403825669478893e+09,-3.685916375360504655e-11,5.212977564276484375e+14,0.000000000000000000e+00,0.000000000000000000e+00,0.000000000000000000e+00,0.000000000000000000e+00,0.000000000000000000e+00,0.000000000000000000e+00,0.000000000000000000e+00,0.000000000000000000e+00,0.000000000000000000e+00
4.426941920111597061e+09,1.395742872229365457e+04,8.877119558708654949e+04,5.944704554583226250e+14,3.358158992074518204e+09,-3.948915337322405367e-11,5.321705675023101875e+14,0.000000000000000000e+00,0.000000000000000000e+00,0.000000000000000000e+00,0.000000000000000000e+00,0.000000000000000000e+00,0.000000000000000000e+00,0.000000000000000000e+00,0.000000000000000000e+00,0.000000000000000000e+00
4.478939259690513611e+09,1.426434428606718575e+04,9.027594981443214056e+04,6.088571393108163750e+14,3.497424000597990990e+09,-4.210109186346961901e-11,5.429810639336828750e+14,0.000000000000000000e+00,0.000000000000000000e+00,0.000000000000000000e+00,0.000000000000000000e+00,0.000000000000000000e+00,0.000000000000000000e+00,0.000000000000000000e+00,0.000000000000000000e+00,0.000000000000000000e+00
4.529984842245704651e+09,1.456932217897800547e+04,9.176935247910422913e+04,6.231618352263492500e+14,3.638155666343255520e+09,-4.472920311821386990e-11,5.537287248073376875e+14,0.000000000000000000e+00,0.000000000000000000e+00,0.000000000000000000e+00,0.000000000000000000e+00,0.000000000000000000e+00,0.000000000000000000e+00,0.000000000000000000e+00,0.000000000000000000e+00,0.000000000000000000e+00
4.580134990146942139e+09,1.487238367172612561e+04,9.325261654892617662e+04,6.373850104625032500e+14,3.780316584446994781e+09,-4.740456998863534681e-11,5.644144843012388750e+14,0.000000000000000000e+00,0.000000000000000000e+00,0.000000000000000000e+00,0.000000000000000000e+00,0.000000000000000000e+00,0.000000000000000000e+00,0.000000000000000000e+00,0.000000000000000000e+00,0.000000000000000000e+00
4.629439413802086830e+09,1.517354762809328895e+04,9.472681254716114199e+04,6.515271296111986250e+14,3.923872886814258099e+09,-5.007590824405499945e-11,5.750391066701731250e+14,0.000000000000000000e+00,0.000000000000000000e+00,0.000000000000000000e+00,0.000000000000000000e+00,0.000000000000000000e+00,0.000000000000000000e+00,0.000000000000000000e+00,0.000000000000000000e+00,0.000000000000000000e+00
4.677947166470369339e+09,1.547283157334149291e+04,9.619303859789528360e+04,6.655886546173250000e+14,4.068790586581196308e+09,-5.277789544430096722e-11,5.856032516700031250e+14,0.000000000000000000e+00,0.000000000000000000e+00,0.000000000000000000e+00,0.000000000000000000e+00,0.000000000000000000e+00,0.000000000000000000e+00,0.000000000000000000e+00,0.000000000000000000e+00,0.000000000000000000e+00
4.725702596359981537e+09,1.577025233166214093e+04,9.765229142717141076e+04,6.795700447909238750e+14,4.215038275432893753e+09,-5.552656168476749831e-11,5.961075434357448750e+14,0.000000000000000000e+00,0.000000000000000000e+00,0.000000000000000000e+00,0.000000000000000000e+00,0.000000000000000000e+00,0.000000000000000000e+00,0.000000000000000000e+00,0.000000000000000000e+00,0.000000000000000000e+00
4.772745373450231552e+09,1.606582553737356830e+04,9.910546431357297115e+04,6.934717568223040000e+14,4.362587132074267387e+09,-5.829948042852147724e-11,6.065525298387613750e+14,0.000000000000000000e+00,0.000000000000000000e+00,0.000000000000000000e+00,0.000000000000000000e+00,0.000000000000000000e+00,0.000000000000000000e+00,0.000000000000000000e+00,0.000000000000000000e+00,0.000000000000000000e+00
4.819114763239565849e+09,1.635956599575744804e+04,1.005534754899507825e+05,7.072942447996790000e+14,4.511408162788112640e+09,-6.115487263706541253e-11,6.169386948764861250e+14,0.000000000000000000e+00,0.000000000000000000e+00,0.000000000000000000e+00,0.000000000000000000e+00,0.000000000000000000e+00,0.000000000000000000e+00,0.000000000000000000e+00,0.000000000000000000e+00,0.000000000000000000e+00
4.864843097672647476e+09,1.665148792142565071e+04,1.019970577308158827e+05,7.210379602194181250e+14,4.661476641476523399e+09,-6.402753591573915334e-11,6.272665052373482500e+14,0.000000000000000000e+00,0.000000000000000000e+00,0.000000000000000000e+00,0.000000000000000000e+00,0.000000000000000000e+00,0.000000000000000000e+00,0.000000000000000000e+00,0.000000000000000000e+00,0.000000000000000000e+00
4.909962391320204735e+09,1.694160463297285605e+04,1.034369655988161685e+05,7.347033520053845000e+14,4.812767676272692680e+09,-6.691969607528948075e-11,6.375363576869382500e+14,0.000000000000000000e+00,0.000000000000000000e+00,0.000000000000000000e+00,0.000000000000000000e+00,0.000000000000000000e+00,0.000000000000000000e+00,0.000000000000000000e+00,0.000000000000000000e+00,0.000000000000000000e+00
4.954500267182417870e+09,1.722992914128763368e+04,1.048738391461393330e+05,7.482908665205242500e+14,4.965259085148991585e+09,-6.979656897615956661e-11,6.477486448599935000e+14,0.000000000000000000e+00,0.000000000000000000e+00,0.000000000000000000e+00,0.000000000000000000e+00,0.000000000000000000e+00,0.000000000000000000e+00,0.000000000000000000e+00,0.000000000000000000e+00,0.000000000000000000e+00
4.998484073193799019e+09,1.751647397622205244e+04,1.063083357334030297e+05,7.618009475843670000e+14,5.118928569541001320e+09,-7.265760247506617195e-11,6.579037236288082500e+14,0.000000000000000000e+00,0.000000000000000000e+00,0.000000000000000000e+00,0.000000000000000000e+00,0.000000000000000000e+00,0.000000000000000000e+00,0.000000000000000000e+00,0.000000000000000000e+00,0.000000000000000000e+00
5.041940244322243690e+09,1.780125158965836090e+04,1.077411067380936292e+05,7.752340364869431250e+14,5.273754184754357338e+09,-7.550908467611894461e-11,6.680019511549131250e+14,0.000000000000000000e+00,0.000000000000000000e+00,0.000000000000000000e+00,0.000000000000000000e+00,0.000000000000000000e+00,0.000000000000000000e+00,0.000000000000000000e+00,0.000000000000000000e+00,0.000000000000000000e+00
5.084892601963106155e+09,1.808427419503128476e+04,1.091727400664621091e+05,7.885905720020082500e+14,5.429715548001934052e+09,-7.835495267769710296e-11,6.780436787182237500e+14,0.000000000000000000e+00,0.000000000000000000e+00,0.000000000000000000e+00,0.000000000000000000e+00,0.000000000000000000e+00,0.000000000000000000e+00,0.000000000000000000e+00,0.000000000000000000e+00,0.000000000000000000e+00
5.127364102848958015e+09,1.836555372816747331e+04,1.106038169910280121e+05,8.018709904026478750e+14,5.586792597468852997e+09,-8.124029955796838152e-11,6.880292409576238750e+14,0.000000000000000000e+00,0.000000000000000000e+00,0.000000000000000000e+00,0.000000000000000000e+00,0.000000000000000000e+00,0.000000000000000000e+00,0.000000000000000000e+00,0.000000000000000000e+00,0.000000000000000000e+00
5.169374254957715034e+09,1.864510186260217961e+04,1.120348217495985009e+05,8.150757254735446250e+14,5.744967536986379623e+09,-8.414764508089655053e-11,6.979589684932770000e+14,0.000000000000000000e+00,0.000000000000000000e+00,0.000000000000000000e+00,0.000000000000000000e+00,0.000000000000000000e+00,0.000000000000000000e+00,0.000000000000000000e+00,0.000000000000000000e+00,0.000000000000000000e+00
5.210941774150693893e+09,1.892293000037001184e+04,1.134662299893073359e+05,8.282052085271127500e+14,5.904222907263485909e+09,-8.708195995944768237e-11,7.078331756202383750e+14,0.000000000000000000e+00,0.000000000000000000e+00,0.000000000000000000e+00,0.000000000000000000e+00,0.000000000000000000e+00,0.000000000000000000e+00,0.000000000000000000e+00,0.000000000000000000e+00,0.000000000000000000e+00
5.252083030229063034e+09,1.919904936742625068e+04,1.148984525309278979e+05,8.412598684163172500e+14,6.064542809300414085e+09,-9.001379990158050380e-11,7.176521752554892500e+14,0.000000000000000000e+00,0.000000000000000000e+00,0.000000000000000000e+00,0.000000000000000000e+00,0.000000000000000000e+00,0.000000000000000000e+00,0.000000000000000000e+00,0.000000000000000000e+00,0.000000000000000000e+00
5.292813971418939590e+09,1.947347103514072660e+04,1.163319008531172003e+05,8.542401315501528750e+14,6.225911453939679146e+09,-9.294054872229847689e-11,7.274162721375982500e+14,0.000000000000000000e+00,0.000000000000000000e+00,0.000000000000000000e+00,0.000000000000000000e+00,0.000000000000000000e+00,0.000000000000000000e+00,0.000000000000000000e+00,0.000000000000000000e+00,0.000000000000000000e+00
5.333149392532578468e+09,1.974620598243723725e+04,1.177669600176870008e+05,8.671464219069608750e+14,6.388313746859696388e+09,-9.585901197808496507e-11,7.371257713081826250e+14,0.000000000000000000e+00,0.000000000000000000e+00,0.000000000000000000e+00,0.000000000000000000e+00,0.000000000000000000e+00,0.000000000000000000e+00,0.000000000000000000e+00,0.000000000000000000e+00,0.000000000000000000e+00
5.373103096573689461e+09,2.001726506306700685e+04,1.192039932987203792e+05,8.799791610483992500e+14,6.551735177492102623e+09,-9.876785939728548770e-11,7.467809746698312500e+14,0.000000000000000000e+00,0.000000000000000000e+00,0.000000000000000000e+00,0.000000000000000000e+00,0.000000000000000000e+00,0.000000000000000000e+00,0.000000000000000000e+00,0.000000000000000000e+00,0.000000000000000000e+00
5.412687932264208794e+09,2.028665901451651007e+04,1.206433422792692145e+05,8.927387681332201250e+14,6.716161809501709938e+09,-1.016663565747690977e-10,7.563821815931112500e+14,0.000000000000000000e+00,0.000000000000000000e+00,0.000000000000000000e+00,0.000000000000000000e+00,0.000000000000000000e+00,0.000000000000000000e+00,0.000000000000000000e+00,0.000000000000000000e+00,0.000000000000000000e+00
5.451915859253040314e+09,2.055439846216379374e+04,1.220853280436095811e+05,9.054256599309930000e+14,6.881580247779225349e+09,-1.045540991780176410e-10,7.659296889964837500e+14,0.000000000000000000e+00,0.000000000000000000e+00,0.000000000000000000e+00,0.000000000000000000e+00,0.000000000000000000e+00,0.000000000000000000e+00,0.000000000000000000e+00,0.000000000000000000e+00,0.000000000000000000e+00
