# concentration of components on wall due to particle deposition to wall (molecules/cc (air)) time changes with rows which correspond to the time output file, components in columns and size bin changing with columns with size bin numbers given in the second row of the header
# 12
0.000000000000000000e+00,0.000000000000000000e+00,0.000000000000000000e+00,0.000000000000000000e+00,0.000000000000000000e+00,0.000000000000000000e+00,0.000000000000000000e+00,0.000000000000000000e+00,0.000000000000000000e+00,0.000000000000000000e+00,0.000000000000000000e+00,0.000000000000000000e+00,0.000000000000000000e+00,0.000000000000000000e+00,0.000000000000000000e+00,0.000000000000000000e+00
3.501386483663305044e+08,6.222783033151069958e+02,4.358442305215486158e+03,1.777290795421190234e+13,8.347140264390050434e+06,3.292459317912678762e-15,3.147028352015103516e+13,0.000000000000000000e+00,0.000000000000000000e+00,0.000000000000000000e+00,0.000000000000000000e+00,0.000000000000000000e+00,0.000000000000000000e+00,0.000000000000000000e+00,0.000000000000000000e+00,0.000000000000000000e+00
6.531242556771823168e+08,1.186067489370638214e+03,8.528862679041933006e+03,3.544453669545662500e+13,2.463285908927862719e+07,7.288866607661220163e-15,5.847058699481073438e+13,0.000000000000000000e+00,0.000000000000000000e+00,0.000000000000000000e+00,0.000000000000000000e+00,0.000000000000000000e+00,0.000000000000000000e+00,0.000000000000000000e+00,0.000000000000000000e+00,0.000000000000000000e+00
9.201168523199788332e+08,1.707051500620265415e+03,1.251384566424298828e+04,5.301546062151794531e+13,4.840842885326664150e+07,1.184847534668884751e-14,8.225922311532007812e+13,0.000000000000000000e+00,0.000000000000000000e+00,0.000000000000000000e+00,0.000000000000000000e+00,0.000000000000000000e+00,0.000000000000000000e+00,0.000000000000000000e+00,0.000000000000000000e+00,0.000000000000000000e+00
1.158910559749725342e+09,2.196065757231457155e+03,1.631931340354265012e+04,7.048625180339035938e+13,7.924683571661405265e+07,1.944290869418314525e-14,1.036803608666660312e+14,0.000000000000000000e+00,0.000000000000000000e+00,0.000000000000000000e+00,0.000000000000000000e+00,0.000000000000000000e+00,0.000000000000000000e+00,0.000000000000000000e+00,0.000000000000000000e+00,0.000000000000000000e+00
1.374956212352029085e+09,2.660447229899755712e+03,1.995350909481794588e+04,8.785747971505492188e+13,1.167356158157239556e+08,4.052018142072196806e-14,1.233051862099334531e+14,0.000000000000000000e+00,0.000000000000000000e+00,0.000000000000000000e+00,0.000000000000000000e+00,0.000000000000000000e+00,0.000000000000000000e+00,0.000000000000000000e+00,0.000000000000000000e+00,0.000000000000000000e+00
1.572225576815932751e+09,3.105420077142845457e+03,2.342539722897738102e+04,1.051297109789494219e+14,1.604905536398586333e+08,7.736837792147777425e-14,1.415401883906157500e+14,0.000000000000000000e+00,0.000000000000000000e+00,0.000000000000000000e+00,0.000000000000000000e+00,0.000000000000000000e+00,0.000000000000000000e+00,0.000000000000000000e+00,0.000000000000000000e+00,0.000000000000000000e+00
1.753680892095849514e+09,3.534746823469546598e+03,2.674426352081094228e+04,1.223035092664421250e+14,2.101521186113820970e+08,1.252115220182875070e-13,1.586777244168787188e+14,0.000000000000000000e+00,0.000000000000000000e+00,0.000000000000000000e+00,0.000000000000000000e+00,0.000000000000000000e+00,0.000000000000000000e+00,0.000000000000000000e+00,0.000000000000000000e+00,0.000000000000000000e+00
1.921611702384051800e+09,3.951228799065980184e+03,2.991948121502579306e+04,1.393794352192854219e+14,2.653815959490199685e+08,2.055032554143138204e-13,1.749351023110822188e+14,0.000000000000000000e+00,0.000000000000000000e+00,0.000000000000000000e+00,0.000000000000000000e+00,0.000000000000000000e+00,0.000000000000000000e+00,0.000000000000000000e+00,0.000000000000000000e+00,0.000000000000000000e+00
2.077852371386189461e+09,4.357008929053504289e+03,3.296061071894701308e+04,1.563580464139000938e+14,3.258528154694481492e+08,1.357196912346966081e-13,1.904781803667596250e+14,0.000000000000000000e+00,0.000000000000000000e+00,0.000000000000000000e+00,0.000000000000000000e+00,0.000000000000000000e+00,0.000000000000000000e+00,0.000000000000000000e+00,0.000000000000000000e+00,0.000000000000000000e+00
2.223848487473227024e+09,4.753780173690300217e+03,3.587586764919189591e+04,1.732398973017237812e+14,3.912849340287787318e+08,7.950744603971718956e-14,2.054379573297065625e+14,0.000000000000000000e+00,0.000000000000000000e+00,0.000000000000000000e+00,0.000000000000000000e+00,0.000000000000000000e+00,0.000000000000000000e+00,0.000000000000000000e+00,0.000000000000000000e+00,0.000000000000000000e+00
2.360784283215016842e+09,5.142784597071145072e+03,3.867377898929470393e+04,1.900255392727515625e+14,4.614011565859019756e+08,5.604024876569154274e-14,2.199098967935161562e+14,0.000000000000000000e+00,0.000000000000000000e+00,0.000000000000000000e+00,0.000000000000000000e+00,0.000000000000000000e+00,0.000000000000000000e+00,0.000000000000000000e+00,0.000000000000000000e+00,0.000000000000000000e+00
2.489687604716934681e+09,5.525061207689780531e+03,4.136286068199226429e+04,2.067155206119994062e+14,5.359330922530571818e+08,-2.455475784892462001e-13,2.339736774888216562e+14,0.000000000000000000e+00,0.000000000000000000e+00,0.000000000000000000e+00,0.000000000000000000e+00,0.000000000000000000e+00,0.000000000000000000e+00,0.000000000000000000e+00,0.000000000000000000e+00,0.000000000000000000e+00
2.611382706655820847e+09,5.901466131018774831e+03,4.395001710019787424e+04,2.233103864759048125e+14,6.146576267676129341e+08,-5.158254270510327179e-13,2.476949702274500000e+14,0.000000000000000000e+00,0.000000000000000000e+00,0.000000000000000000e+00,0.000000000000000000e+00,0.000000000000000000e+00,0.000000000000000000e+00,0.000000000000000000e+00,0.000000000000000000e+00,0.000000000000000000e+00
2.726578896509330273e+09,6.272624280989663930e+03,4.644238749952648504e+04,2.398106789675003750e+14,6.973528611261885166e+08,-7.646842278100529470e-13,2.611211086456062500e+14,0.000000000000000000e+00,0.000000000000000000e+00,0.000000000000000000e+00,0.000000000000000000e+00,0.000000000000000000e+00,0.000000000000000000e+00,0.000000000000000000e+00,0.000000000000000000e+00,0.000000000000000000e+00
2.835918138961732388e+09,6.639080662276614021e+03,4.884706177514668525e+04,2.562169371131242188e+14,7.838031189626039267e+08,-1.176989350245804155e-12,2.742932441366698125e+14,0.000000000000000000e+00,0.000000000000000000e+00,0.000000000000000000e+00,0.000000000000000000e+00,0.000000000000000000e+00,0.000000000000000000e+00,0.000000000000000000e+00,0.000000000000000000e+00,0.000000000000000000e+00
2.939954918647348881e+09,7.001296877978528755e+03,5.117047822026476206e+04,2.725296968671323125e+14,8.738126491850918531e+08,-1.968529801660372602e-12,2.872461145049588750e+14,0.000000000000000000e+00,0.000000000000000000e+00,0.000000000000000000e+00,0.000000000000000000e+00,0.000000000000000000e+00,0.000000000000000000e+00,0.000000000000000000e+00,0.000000000000000000e+00,0.000000000000000000e+00
3.039131252423484802e+09,7.359639153625639665e+03,5.341773584161444160e+04,2.887494911168511250e+14,9.672209365194332600e+08,-2.752037694492131800e-12,3.000071445390386875e+14,0.000000000000000000e+00,0.000000000000000000e+00,0.000000000000000000e+00,0.000000000000000000e+00,0.000000000000000000e+00,0.000000000000000000e+00,0.000000000000000000e+00,0.000000000000000000e+00,0.000000000000000000e+00
3.133887172657229900e+09,7.714381365426102093e+03,5.559496984695892024e+04,3.048768497557786875e+14,1.063847500170522213e+09,-3.805511686099344291e-12,3.125962538006034375e+14,0.000000000000000000e+00,0.000000000000000000e+00,0.000000000000000000e+00,0.000000000000000000e+00,0.000000000000000000e+00,0.000000000000000000e+00,0.000000000000000000e+00,0.000000000000000000e+00,0.000000000000000000e+00
3.224577818148402691e+09,8.065792519879069005e+03,5.770677190701854852e+04,3.209122996201366250e+14,1.163550274465803385e+09,-4.842970153619797288e-12,3.250333294258836250e+14,0.000000000000000000e+00,0.000000000000000000e+00,0.000000000000000000e+00,0.000000000000000000e+00,0.000000000000000000e+00,0.000000000000000000e+00,0.000000000000000000e+00,0.000000000000000000e+00,0.000000000000000000e+00
3.311552132055794239e+09,8.414067083421838106e+03,5.975840159928791400e+04,3.368563645745228750e+14,1.266175210294010878e+09,-6.081725195186501753e-12,3.373322048205966875e+14,0.000000000000000000e+00,0.000000000000000000e+00,0.000000000000000000e+00,0.000000000000000000e+00,0.000000000000000000e+00,0.000000000000000000e+00,0.000000000000000000e+00,0.000000000000000000e+00,0.000000000000000000e+00
3.395107559270044804e+09,8.759391120222619065e+03,6.175423910674886429e+04,3.527095654776466875e+14,1.371590863347463369e+09,-7.473129400355713252e-12,3.495062512213224375e+14,0.000000000000000000e+00,0.000000000000000000e+00,0.000000000000000000e+00,0.000000000000000000e+00,0.000000000000000000e+00,0.000000000000000000e+00,0.000000000000000000e+00,0.000000000000000000e+00,0.000000000000000000e+00
3.475500059619621754e+09,9.101908254707112064e+03,6.369816427400567045e+04,3.684724202166198750e+14,1.479679621159873009e+09,-8.854672852437901499e-12,3.615655402959975000e+14,0.000000000000000000e+00,0.000000000000000000e+00,0.000000000000000000e+00,0.000000000000000000e+00,0.000000000000000000e+00,0.000000000000000000e+00,0.000000000000000000e+00,0.000000000000000000e+00,0.000000000000000000e+00
3.552982184917185307e+09,9.441738334858695453e+03,6.559433530345205509e+04,3.841454437375193125e+14,1.590319884279823065e+09,-1.038799537656488952e-11,3.735182254900351875e+14,0.000000000000000000e+00,0.000000000000000000e+00,0.000000000000000000e+00,0.000000000000000000e+00,0.000000000000000000e+00,0.000000000000000000e+00,0.000000000000000000e+00,0.000000000000000000e+00,0.000000000000000000e+00
3.627778588245174408e+09,9.778990887785457744e+03,6.744648000630900788e+04,3.997291480428866875e+14,1.703401785050959110e+09,-1.207895528058642461e-11,3.853717367224955000e+14,0.000000000000000000e+00,0.000000000000000000e+00,0.000000000000000000e+00,0.000000000000000000e+00,0.000000000000000000e+00,0.000000000000000000e+00,0.000000000000000000e+00,0.000000000000000000e+00,0.000000000000000000e+00
3.700086560058136463e+09,1.011375686185877930e+04,6.925791975317207107e+04,4.152240422112300625e+14,1.818826450982713699e+09,-1.389948183963203573e-11,3.971320971477903750e+14,0.000000000000000000e+00,0.000000000000000000e+00,0.000000000000000000e+00,0.000000000000000000e+00,0.000000000000000000e+00,0.000000000000000000e+00,0.000000000000000000e+00,0.000000000000000000e+00,0.000000000000000000e+00
3.770088424143291473e+09,1.044611091704014871e+04,7.103184092321348726e+04,4.306306324194548125e+14,1.936499769498451710e+09,-1.585291118682779098e-11,4.088040613306413750e+14,0.000000000000000000e+00,0.000000000000000000e+00,0.000000000000000000e+00,0.000000000000000000e+00,0.000000000000000000e+00,0.000000000000000000e+00,0.000000000000000000e+00,0.000000000000000000e+00,0.000000000000000000e+00
3.837939713765401363e+09,1.077611892815155807e+04,7.277092445056651195e+04,4.459494219494348125e+14,2.056340352357106447e+09,-1.779339195369636551e-11,4.203917755887900625e+14,0.000000000000000000e+00,0.000000000000000000e+00,0.000000000000000000e+00,0.000000000000000000e+00,0.000000000000000000e+00,0.000000000000000000e+00,0.000000000000000000e+00,0.000000000000000000e+00,0.000000000000000000e+00
3.903802200579832554e+09,1.110383513077911084e+04,7.447820214685949031e+04,4.611809112244843125e+14,2.178260585291607857e+09,-1.984773038602294796e-11,4.318984138295918125e+14,0.000000000000000000e+00,0.000000000000000000e+00,0.000000000000000000e+00,0.000000000000000000e+00,0.000000000000000000e+00,0.000000000000000000e+00,0.000000000000000000e+00,0.000000000000000000e+00,0.000000000000000000e+00
3.967814959397776127e+09,1.142931261780658497e+04,7.615623417981191596e+04,4.763255978048264375e+14,2.302184567559557915e+09,-2.206081169604163639e-11,4.433271520337225000e+14,0.000000000000000000e+00,0.000000000000000000e+00,0.000000000000000000e+00,0.000000000000000000e+00,0.000000000000000000e+00,0.000000000000000000e+00,0.000000000000000000e+00,0.000000000000000000e+00,0.000000000000000000e+00
4.030105579752279282e+09,1.175259529819075033e+04,7.780742887792976398e+04,4.913839764130878750e+14,2.428040988019335747e+09,-2.443812794195493368e-11,4.546804616398410625e+14,0.000000000000000000e+00,0.000000000000000000e+00,0.000000000000000000e+00,0.000000000000000000e+00,0.000000000000000000e+00,0.000000000000000000e+00,0.000000000000000000e+00,0.000000000000000000e+00,0.000000000000000000e+00
4.090790072106613159e+09,1.207372190257635702e+04,7.943400574270461220e+04,5.063565389487832500e+14,2.555763799527550220e+09,-2.692909775753327151e-11,4.659604392306612500e+14,0.000000000000000000e+00,0.000000000000000000e+00,0.000000000000000000e+00,0.000000000000000000e+00,0.000000000000000000e+00,0.000000000000000000e+00,0.000000000000000000e+00,0.000000000000000000e+00,0.000000000000000000e+00
4.149972450134071350e+09,1.239272763411325650e+04,8.103796253289711603e+04,5.212437745033741250e+14,2.685292809821202278e+09,-2.943646946267314345e-11,4.771689434231618125e+14,0.000000000000000000e+00,0.000000000000000000e+00,0.000000000000000000e+00,0.000000000000000000e+00,0.000000000000000000e+00,0.000000000000000000e+00,0.000000000000000000e+00,0.000000000000000000e+00,0.000000000000000000e+00
4.207755128975788116e+09,1.270964348010400863e+04,8.262135559739299060e+04,5.360461693826688750e+14,2.816567546007848263e+09,-3.207310950211057774e-11,4.883074969608974375e+14,0.000000000000000000e+00,0.000000000000000000e+00,0.000000000000000000e+00,0.000000000000000000e+00,0.000000000000000000e+00,0.000000000000000000e+00,0.000000000000000000e+00,0.000000000000000000e+00,0.000000000000000000e+00
4.264220287751890182e+09,1.302449780460996953e+04,8.418576515241783636e+04,5.507642071106688750e+14,2.949538675988214493e+09,-3.469185639129896217e-11,4.993774903672756875e+14,0.000000000000000000e+00,0.000000000000000000e+00,0.000000000000000000e+00,0.000000000000000000e+00,0.000000000000000000e+00,0.000000000000000000e+00,0.000000000000000000e+00,0.000000000000000000e+00,0.000000000000000000e+00
4.319458988041009903e+09,1.333731573011499677e+04,8.573310528650393826e+04,5.653983684633267500e+14,3.084150536333106995e+09,-3.736868464187855104e-11,5.103800166785451875e+14,0.000000000000000000e+00,0.000000000000000000e+00,0.000000000000000000e+00,0.000000000000000000e+00,0.000000000000000000e+00,0.000000000000000000e+00,0.000000000000000000e+00,0.000000000000000000e+00,0.000000000000000000e+00
4.373550138145044327e+09,1.364812189180318637e+04,8.726501577466241724e+04,5.799491314703182500e+14,3.220354130694329262e+09,-4.018959104648844423e-11,5.213161807629136875e+14,0.000000000000000000e+00,0.000000000000000000e+00,0.000000000000000000e+00,0.000000000000000000e+00,0.000000000000000000e+00,0.000000000000000000e+00,0.000000000000000000e+00,0.000000000000000000e+00,0.000000000000000000e+00
4.426564573936611176e+09,1.395693833945691767e+04,8.878297796514660877e+04,5.944169714337842500e+14,3.358104570036653042e+09,-4.316204205303670655e-11,5.321869098128444375e+14,0.000000000000000000e+00,0.000000000000000000e+00,0.000000000000000000e+00,0.000000000000000000e+00,0.000000000000000000e+00,0.000000000000000000e+00,0.000000000000000000e+00,0.000000000000000000e+00,0.000000000000000000e+00
4.478561676515784264e+09,1.426378527106791262e+04,9.028820246151527681e+04,6.088023609413263750e+14,3.497363376380138397e+09,-4.612559748861780882e-11,5.429930273849406250e+14,0.000000000000000000e+00,0.000000000000000000e+00,0.000000000000000000e+00,0.000000000000000000e+00,0.000000000000000000e+00,0.000000000000000000e+00,0.000000000000000000e+00,0.000000000000000000e+00,0.000000000000000000e+00
4.529605853588159561e+09,1.456868349352751466e+04,9.178209393049489881e+04,6.231057698909911250e+14,3.638088517913012028e+09,-4.915423679957498038e-11,5.537353915193490000e+14,0.000000000000000000e+00,0.000000000000000000e+00,0.000000000000000000e+00,0.000000000000000000e+00,0.000000000000000000e+00,0.000000000000000000e+00,0.000000000000000000e+00,0.000000000000000000e+00,0.000000000000000000e+00
4.579747995546857834e+09,1.487165164182295848e+04,9.326571466843420058e+04,6.373276654956987500e+14,3.780245798948573112e+09,-5.216609970491261259e-11,5.644147380990522500e+14,0.000000000000000000e+00,0.000000000000000000e+00,0.000000000000000000e+00,0.000000000000000000e+00,0.000000000000000000e+00,0.000000000000000000e+00,0.000000000000000000e+00,0.000000000000000000e+00,0.000000000000000000e+00
4.629045685991898537e+09,1.517270750335712182e+04,9.474037609054967470e+04,6.514685123110328750e+14,3.923796241398561001e+09,-5.529303175028333937e-11,5.750317097842456250e+14,0.000000000000000000e+00,0.000000000000000000e+00,0.000000000000000000e+00,0.000000000000000000e+00,0.000000000000000000e+00,0.000000000000000000e+00,0.000000000000000000e+00,0.000000000000000000e+00,0.000000000000000000e+00
4.677540725248589516e+09,1.547186914017624440e+04,9.620695193896570709e+04,6.655287722353343750e+14,4.068710614240512848e+09,-5.840233980677614727e-11,5.855870389781161250e+14,0.000000000000000000e+00,0.000000000000000000e+00,0.000000000000000000e+00,0.000000000000000000e+00,0.000000000000000000e+00,0.000000000000000000e+00,0.000000000000000000e+00,0.000000000000000000e+00,0.000000000000000000e+00
4.725280419361055374e+09,1.576915260378135827e+04,9.766653139162318257e+04,6.795089045394988750e+14,4.214955549348918915e+09,-6.154520835921288391e-11,5.960812727702120000e+14,0.000000000000000000e+00,0.000000000000000000e+00,0.000000000000000000e+00,0.000000000000000000e+00,0.000000000000000000e+00,0.000000000000000000e+00,0.000000000000000000e+00,0.000000000000000000e+00,0.000000000000000000e+00
4.772307197345979691e+09,1.606457402935590289e+04,9.912009052400056680e+04,6.934093658744038750e+14,4.362500466018944740e+09,-6.478083330680187490e-11,6.065149882513303750e+14,0.000000000000000000e+00,0.000000000000000000e+00,0.000000000000000000e+00,0.000000000000000000e+00,0.000000000000000000e+00,0.000000000000000000e+00,0.000000000000000000e+00,0.000000000000000000e+00,0.000000000000000000e+00
4.818656288220977783e+09,1.635814897534189186e+04,1.005684162699417939e+05,7.072306102843743750e+14,4.511319157101156235e+09,-6.803925800103436662e-11,6.168887473920391250e+14,0.000000000000000000e+00,0.000000000000000000e+00,0.000000000000000000e+00,0.000000000000000000e+00,0.000000000000000000e+00,0.000000000000000000e+00,0.000000000000000000e+00,0.000000000000000000e+00,0.000000000000000000e+00
4.864362428805917740e+09,1.664989157761081879e+04,1.020123168319867109e+05,7.209730892268037500e+14,4.661385290977733612e+09,-7.132395482778316225e-11,6.272029994000118750e+14,0.000000000000000000e+00,0.000000000000000000e+00,0.000000000000000000e+00,0.000000000000000000e+00,0.000000000000000000e+00,0.000000000000000000e+00,0.000000000000000000e+00,0.000000000000000000e+00,0.000000000000000000e+00
4.909458585329323769e+09,1.693981625561741021e+04,1.034525716957850382e+05,7.346372515854285000e+14,4.812673440023814201e+09,-7.466120258287027219e-11,6.374582275265303750e+14,0.000000000000000000e+00,0.000000000000000000e+00,0.000000000000000000e+00,0.000000000000000000e+00,0.000000000000000000e+00,0.000000000000000000e+00,0.000000000000000000e+00,0.000000000000000000e+00,0.000000000000000000e+00
4.953970624054255486e+09,1.722793687607644824e+04,1.048897591820043017e+05,7.482235436814826250e+14,4.965162730753206253e+09,-7.797861956193471509e-11,6.476549018934306250e+14,0.000000000000000000e+00,0.000000000000000000e+00,0.000000000000000000e+00,0.000000000000000000e+00,0.000000000000000000e+00,0.000000000000000000e+00,0.000000000000000000e+00,0.000000000000000000e+00,0.000000000000000000e+00
4.997926026482258797e+09,1.751426678081586215e+04,1.063245358957846038e+05,7.617324092943475000e+14,5.118830873230665207e+09,-8.127606058068348130e-11,6.577934454915296250e+14,0.000000000000000000e+00,0.000000000000000000e+00,0.000000000000000000e+00,0.000000000000000000e+00,0.000000000000000000e+00,0.000000000000000000e+00,0.000000000000000000e+00,0.000000000000000000e+00,0.000000000000000000e+00
5.041350788252679825e+09,1.779881925770335874e+04,1.077575335323675827e+05,7.751642896737040000e+14,5.273656347895920753e+09,-8.455401949125401757e-11,6.678742861892292500e+14,0.000000000000000000e+00,0.000000000000000000e+00,0.000000000000000000e+00,0.000000000000000000e+00,0.000000000000000000e+00,0.000000000000000000e+00,0.000000000000000000e+00,0.000000000000000000e+00,0.000000000000000000e+00
5.084270104889021873e+09,1.808160730791592141e+04,1.091893812181048706e+05,7.885196235545287500e+14,5.429617888602147102e+09,-8.782081741029041148e-11,6.778978342980528750e+14,0.000000000000000000e+00,0.000000000000000000e+00,0.000000000000000000e+00,0.000000000000000000e+00,0.000000000000000000e+00,0.000000000000000000e+00,0.000000000000000000e+00,0.000000000000000000e+00,0.000000000000000000e+00
5.126706973471464157e+09,1.836264362314241953e+04,1.106206574386905850e+05,8.017988471704030000e+14,5.586695492294857979e+09,-9.111203455711532611e-11,6.878644865797581250e+14,0.000000000000000000e+00,0.000000000000000000e+00,0.000000000000000000e+00,0.000000000000000000e+00,0.000000000000000000e+00,0.000000000000000000e+00,0.000000000000000000e+00,0.000000000000000000e+00,0.000000000000000000e+00
5.168678927189659119e+09,1.864194029143737134e+04,1.120517754439853306e+05,8.150023942653102500e+14,5.744872899786272049e+09,-9.438375102569335605e-11,6.977746162969998750e+14,0.000000000000000000e+00,0.000000000000000000e+00,0.000000000000000000e+00,0.000000000000000000e+00,0.000000000000000000e+00,0.000000000000000000e+00,0.000000000000000000e+00,0.000000000000000000e+00,0.000000000000000000e+00
5.210204854741214752e+09,1.891950889630688471e+04,1.134832143273586262e+05,8.281306961128672500e+14,5.904132595776288986e+09,-9.763614625739598503e-11,7.076285517609997500e+14,0.000000000000000000e+00,0.000000000000000000e+00,0.000000000000000000e+00,0.000000000000000000e+00,0.000000000000000000e+00,0.000000000000000000e+00,0.000000000000000000e+00,0.000000000000000000e+00,0.000000000000000000e+00
5.251303838838361740e+09,1.919536118612319478e+04,1.149154766348581325e+05,8.411841815293547500e+14,6.064456682555307388e+09,-1.008881630279214099e-10,7.174266368958202500e+14,0.000000000000000000e+00,0.000000000000000000e+00,0.000000000000000000e+00,0.000000000000000000e+00,0.000000000000000000e+00,0.000000000000000000e+00,0.000000000000000000e+00,0.000000000000000000e+00,0.000000000000000000e+00
5.291992171931628227e+09,1.946950707205558138e+04,1.163489925473051262e+05,8.541632768861077500e+14,6.225828958659709930e+09,-1.041515726118452588e-10,7.271690773354452500e+14,0.000000000000000000e+00,0.000000000000000000e+00,0.000000000000000000e+00,0.000000000000000000e+00,0.000000000000000000e+00,0.000000000000000000e+00,0.000000000000000000e+00,0.000000000000000000e+00,0.000000000000000000e+00
5.332284658063315392e+09,1.974195801449045393e+04,1.177841456195124192e+05,8.670684061231690000e+14,6.388234357433285713e+09,-1.074230046049271902e-10,7.368562176451443750e+14,0.000000000000000000e+00,0.000000000000000000e+00,0.000000000000000000e+00,0.000000000000000000e+00,0.000000000000000000e+00,0.000000000000000000e+00,0.000000000000000000e+00,0.000000000000000000e+00,0.000000000000000000e+00
5.372195049327453613e+09,2.001272522676769950e+04,1.192212960345289030e+05,8.798999907641100000e+14,6.551658431546191216e+09,-1.106995180123067504e-10,7.464883893120198750e+14,0.000000000000000000e+00,0.000000000000000000e+00,0.000000000000000000e+00,0.000000000000000000e+00,0.000000000000000000e+00,0.000000000000000000e+00,0.000000000000000000e+00,0.000000000000000000e+00,0.000000000000000000e+00
5.411736134853838921e+09,2.028181975336674441e+04,1.206607821566778002e+05,8.926584499298226250e+14,6.716087311361097336e+09,-1.139785436565540699e-10,7.560659169924558750e+14,0.000000000000000000e+00,0.000000000000000000e+00,0.000000000000000000e+00,0.000000000000000000e+00,0.000000000000000000e+00,0.000000000000000000e+00,0.000000000000000000e+00,0.000000000000000000e+00,0.000000000000000000e+00
5.450918520190081596e+09,2.054925241356193510e+04,1.221028737730886351e+05,9.053442003511350000e+14,6.881508774299625397e+09,-1.172384844544934612e-10,7.655891197988223750e+14,0.000000000000000000e+00,0.000000000000000000e+00,0.000000000000000000e+00,0.000000000000000000e+00,0.000000000000000000e+00,0.000000000000000000e+00,0.000000000000000000e+00,0.000000000000000000e+00,0.000000000000000000e+00
