number_of_size_bins,3
number_of_components,8
molecular_weights_g/mol_corresponding_to_component_names,[136.23404, 47.9982, 72.06266, 132.13952, 73.09378000000001, 108.14112000000002, 18.0, 132.14]
molar_volumes_cm3/mol,[156.51718954744797, 30.000750046877926, 69.9996697334277, 126.48157743602835, 77.27143754391857, 109.08800387362308, 18.0, 132.14]
component_names,['APINENE', 'O3', 'MGLYOX', 'AMM_SUL', 'C3H7N2O', 'C6H8N2', 'H2O', 'core']
factor_for_multiplying_ppb_to_get_molec/cm3_with_time,[[24130931536.956615], [24130931536.956615], [24130931536.956615], [24130931536.956615], [24130931536.956615], [24130931536.956615], [24130931536.956615], [24130931536.956615], [24130931536.956615], [24130931536.956615], [24130931536.956615], [24130931536.956615], [24130931536.956615], [24130931536.956615], [24130931536.956615], [24130931536.956615], [24130931536.956615], [24130931536.956615], [24130931536.956615], [24130931536.956615], [24130931536.956615], [24130931536.956615], [24130931536.956615], [24130931536.956615], [24130931536.956615], [24130931536.956615], [24130931536.956615], [24130931536.956615], [24130931536.956615], [24130931536.956615], [24130931536.956615], [24130931536.956615], [24130931536.956615], [24130931536.956615], [24130931536.956615], [24130931536.956615], [24130931536.956615], [24130931536.956615], [24130931536.956615], [24130931536.956615], [24130931536.956615], [24130931536.956615], [24130931536.956615], [24130931536.956615], [24130931536.956615], [24130931536.956615], [24130931536.956615], [24130931536.956615], [24130931536.956615], [24130931536.956615], [24130931536.956615], [24130931536.956615], [24130931536.956615], [24130931536.956615], [24130931536.956615], [24130931536.956615], [24130931536.956615], [24130931536.956615], [24130931536.956615], [24130931536.956615], [24130931536.956615]]
simulation_computer_time(s),11.127096176147461
seed_name,['AMM_SUL']
wall_on_flag_0forNO_1forYES,1
space_mode,lin
