# particle number concentration assuming water not removed from particles (#/cc (air)), with time changing with rows (corresponding times given in the time output file) and size bin changing with columns with size bin numbers given in the second row of the header
# 12345678
7.628213226392521060e-112,1.613072538195186593e-72,2.318872666226505846e-41,2.477847290476295570e-18,1.843292767521743925e-03,9.643088801180068913e+03,3.569093554334956480e+02,9.366865868480664951e-08
0.000000000000000000e+00,0.000000000000000000e+00,0.000000000000000000e+00,0.000000000000000000e+00,1.836637621403432521e-03,9.615718266548334213e+03,3.560489395959409080e+02,0.000000000000000000e+00
0.000000000000000000e+00,0.000000000000000000e+00,0.000000000000000000e+00,0.000000000000000000e+00,1.830027369437223781e-03,9.588444426363663297e+03,3.551906082832895208e+02,0.000000000000000000e+00
0.000000000000000000e+00,0.000000000000000000e+00,0.000000000000000000e+00,0.000000000000000000e+00,1.823461521023021347e-03,9.561266313242977049e+03,3.543343563797020579e+02,0.000000000000000000e+00
0.000000000000000000e+00,0.000000000000000000e+00,0.000000000000000000e+00,0.000000000000000000e+00,1.816939306061936266e-03,9.534182860510585670e+03,3.534801787618542903e+02,0.000000000000000000e+00
0.000000000000000000e+00,0.000000000000000000e+00,0.000000000000000000e+00,0.000000000000000000e+00,1.810459977835196218e-03,9.507193057692949878e+03,3.526280703196674153e+02,0.000000000000000000e+00
0.000000000000000000e+00,0.000000000000000000e+00,0.000000000000000000e+00,0.000000000000000000e+00,1.804022824554108546e-03,9.480295953705626744e+03,3.517780259573894455e+02,0.000000000000000000e+00
0.000000000000000000e+00,0.000000000000000000e+00,0.000000000000000000e+00,0.000000000000000000e+00,1.797627165235244750e-03,9.453490651699999944e+03,3.509300405935218805e+02,0.000000000000000000e+00
0.000000000000000000e+00,0.000000000000000000e+00,0.000000000000000000e+00,0.000000000000000000e+00,1.791272346115063046e-03,9.426776304234927011e+03,3.500841091607236422e+02,0.000000000000000000e+00
0.000000000000000000e+00,0.000000000000000000e+00,0.000000000000000000e+00,0.000000000000000000e+00,1.784957737841593806e-03,9.400152108911477626e+03,3.492402266057205793e+02,0.000000000000000000e+00
0.000000000000000000e+00,0.000000000000000000e+00,0.000000000000000000e+00,0.000000000000000000e+00,1.778682733207052544e-03,9.373617304465375128e+03,3.483983878892207144e+02,0.000000000000000000e+00
0.000000000000000000e+00,0.000000000000000000e+00,0.000000000000000000e+00,0.000000000000000000e+00,1.772446745316555222e-03,9.347171167207899998e+03,3.475585879858312524e+02,0.000000000000000000e+00
0.000000000000000000e+00,0.000000000000000000e+00,0.000000000000000000e+00,0.000000000000000000e+00,1.766249205939547000e-03,9.320813007630997163e+03,3.467208218839595020e+02,0.000000000000000000e+00
0.000000000000000000e+00,0.000000000000000000e+00,0.000000000000000000e+00,0.000000000000000000e+00,1.760089564198392487e-03,9.294542167664043518e+03,3.458850845857500076e+02,0.000000000000000000e+00
0.000000000000000000e+00,0.000000000000000000e+00,0.000000000000000000e+00,0.000000000000000000e+00,1.753967285884269322e-03,9.268358017974385803e+03,3.450513711070008185e+02,0.000000000000000000e+00
0.000000000000000000e+00,0.000000000000000000e+00,0.000000000000000000e+00,0.000000000000000000e+00,1.747881852052288491e-03,9.242259955538320355e+03,3.442196764770833397e+02,0.000000000000000000e+00
0.000000000000000000e+00,0.000000000000000000e+00,0.000000000000000000e+00,0.000000000000000000e+00,1.741832758342799379e-03,9.216247401447220909e+03,3.433899957388649682e+02,0.000000000000000000e+00
0.000000000000000000e+00,0.000000000000000000e+00,0.000000000000000000e+00,0.000000000000000000e+00,1.735819514206585722e-03,9.190319798878515940e+03,3.425623239486268972e+02,0.000000000000000000e+00
0.000000000000000000e+00,0.000000000000000000e+00,0.000000000000000000e+00,0.000000000000000000e+00,1.729841642098003647e-03,9.164476611154184866e+03,3.417366561759714045e+02,0.000000000000000000e+00
0.000000000000000000e+00,0.000000000000000000e+00,0.000000000000000000e+00,0.000000000000000000e+00,1.723898677191829489e-03,9.138717320419413227e+03,3.409129875037842226e+02,0.000000000000000000e+00
0.000000000000000000e+00,0.000000000000000000e+00,0.000000000000000000e+00,0.000000000000000000e+00,1.717990166730583518e-03,9.113041426110916291e+03,3.400913130281533654e+02,0.000000000000000000e+00
0.000000000000000000e+00,0.000000000000000000e+00,0.000000000000000000e+00,0.000000000000000000e+00,1.712115669508011695e-03,9.087448443633615170e+03,3.392716278582979044e+02,0.000000000000000000e+00
0.000000000000000000e+00,0.000000000000000000e+00,0.000000000000000000e+00,0.000000000000000000e+00,1.706274755401741405e-03,9.061937903180687499e+03,3.384539271164994716e+02,0.000000000000000000e+00
0.000000000000000000e+00,0.000000000000000000e+00,0.000000000000000000e+00,0.000000000000000000e+00,1.700467004922028491e-03,9.036509348660487376e+03,3.376382059380338205e+02,0.000000000000000000e+00
0.000000000000000000e+00,0.000000000000000000e+00,0.000000000000000000e+00,0.000000000000000000e+00,1.694692008801626558e-03,9.011162336746980145e+03,3.368244594711050581e+02,0.000000000000000000e+00
0.000000000000000000e+00,0.000000000000000000e+00,0.000000000000000000e+00,0.000000000000000000e+00,1.688949367602123140e-03,8.985896436024233481e+03,3.360126828767809002e+02,0.000000000000000000e+00
0.000000000000000000e+00,0.000000000000000000e+00,0.000000000000000000e+00,0.000000000000000000e+00,1.683238691360906553e-03,8.960711226241455734e+03,3.352028713289328721e+02,0.000000000000000000e+00
0.000000000000000000e+00,0.000000000000000000e+00,0.000000000000000000e+00,0.000000000000000000e+00,1.677559599191194399e-03,8.935606297583430205e+03,3.343950200141682672e+02,0.000000000000000000e+00
0.000000000000000000e+00,0.000000000000000000e+00,0.000000000000000000e+00,0.000000000000000000e+00,1.671911718956264198e-03,8.910581250062723484e+03,3.335891241317706886e+02,0.000000000000000000e+00
0.000000000000000000e+00,0.000000000000000000e+00,0.000000000000000000e+00,0.000000000000000000e+00,1.666294686944524072e-03,8.885635692964122427e+03,3.327851788936400226e+02,0.000000000000000000e+00
0.000000000000000000e+00,0.000000000000000000e+00,0.000000000000000000e+00,0.000000000000000000e+00,1.660708147556263321e-03,8.860769244342374805e+03,3.319831795242336057e+02,0.000000000000000000e+00
0.000000000000000000e+00,0.000000000000000000e+00,0.000000000000000000e+00,0.000000000000000000e+00,1.655151753003628956e-03,8.835981530568447852e+03,3.311831212605079600e+02,0.000000000000000000e+00
0.000000000000000000e+00,0.000000000000000000e+00,0.000000000000000000e+00,0.000000000000000000e+00,1.649625163023530055e-03,8.811272185918594914e+03,3.303849993518617225e+02,0.000000000000000000e+00
0.000000000000000000e+00,0.000000000000000000e+00,0.000000000000000000e+00,0.000000000000000000e+00,1.644128044603094564e-03,8.786640852201035159e+03,3.295888090600794840e+02,0.000000000000000000e+00
0.000000000000000000e+00,0.000000000000000000e+00,0.000000000000000000e+00,0.000000000000000000e+00,1.638660071717321001e-03,8.762087178415506060e+03,3.287945456592765368e+02,0.000000000000000000e+00
0.000000000000000000e+00,0.000000000000000000e+00,0.000000000000000000e+00,0.000000000000000000e+00,1.633220925078602377e-03,8.737610820441566830e+03,3.280022044358447033e+02,0.000000000000000000e+00
0.000000000000000000e+00,0.000000000000000000e+00,0.000000000000000000e+00,0.000000000000000000e+00,1.627810291897792980e-03,8.713211440751862028e+03,3.272117806883983917e+02,0.000000000000000000e+00
0.000000000000000000e+00,0.000000000000000000e+00,0.000000000000000000e+00,0.000000000000000000e+00,1.622427865656487318e-03,8.688888708147149373e+03,3.264232697277226407e+02,0.000000000000000000e+00
0.000000000000000000e+00,0.000000000000000000e+00,0.000000000000000000e+00,0.000000000000000000e+00,1.617073345890173829e-03,8.664642297510172284e+03,3.256366668767207670e+02,0.000000000000000000e+00
0.000000000000000000e+00,0.000000000000000000e+00,0.000000000000000000e+00,0.000000000000000000e+00,1.611746437981903188e-03,8.640471889575916066e+03,3.248519674703637179e+02,0.000000000000000000e+00
0.000000000000000000e+00,0.000000000000000000e+00,0.000000000000000000e+00,0.000000000000000000e+00,1.606446852966100618e-03,8.616377170716070395e+03,3.240691668556397076e+02,0.000000000000000000e+00
0.000000000000000000e+00,0.000000000000000000e+00,0.000000000000000000e+00,0.000000000000000000e+00,1.601174307342138415e-03,8.592357832735839111e+03,3.232882603915051618e+02,0.000000000000000000e+00
0.000000000000000000e+00,0.000000000000000000e+00,0.000000000000000000e+00,0.000000000000000000e+00,1.595928522897269251e-03,8.568413572681512960e+03,3.225092434488357753e+02,0.000000000000000000e+00
0.000000000000000000e+00,0.000000000000000000e+00,0.000000000000000000e+00,0.000000000000000000e+00,1.590709226538516291e-03,8.544544092657446527e+03,3.217321114103789341e+02,0.000000000000000000e+00
0.000000000000000000e+00,0.000000000000000000e+00,0.000000000000000000e+00,0.000000000000000000e+00,1.585516150133106390e-03,8.520749099651282449e+03,3.209568596707064216e+02,0.000000000000000000e+00
0.000000000000000000e+00,0.000000000000000000e+00,0.000000000000000000e+00,0.000000000000000000e+00,1.580349030357034151e-03,8.497028305366464338e+03,3.201834836361682619e+02,0.000000000000000000e+00
0.000000000000000000e+00,0.000000000000000000e+00,0.000000000000000000e+00,0.000000000000000000e+00,1.575207608551343341e-03,8.473381426061234379e+03,3.194119787248467333e+02,0.000000000000000000e+00
0.000000000000000000e+00,0.000000000000000000e+00,0.000000000000000000e+00,0.000000000000000000e+00,1.570091630585720597e-03,8.449808182393413517e+03,3.186423403665117462e+02,0.000000000000000000e+00
0.000000000000000000e+00,0.000000000000000000e+00,0.000000000000000000e+00,0.000000000000000000e+00,1.565000846728994630e-03,8.426308299270423959e+03,3.178745640025763350e+02,0.000000000000000000e+00
0.000000000000000000e+00,0.000000000000000000e+00,0.000000000000000000e+00,0.000000000000000000e+00,1.559935011526157340e-03,8.402881505704064693e+03,3.171086450860531727e+02,0.000000000000000000e+00
0.000000000000000000e+00,0.000000000000000000e+00,0.000000000000000000e+00,0.000000000000000000e+00,1.554893883681520870e-03,8.379527534669678062e+03,3.163445790815114833e+02,0.000000000000000000e+00
0.000000000000000000e+00,0.000000000000000000e+00,0.000000000000000000e+00,0.000000000000000000e+00,1.549877225947648030e-03,8.356246122969345379e+03,3.155823614650348077e+02,0.000000000000000000e+00
0.000000000000000000e+00,0.000000000000000000e+00,0.000000000000000000e+00,0.000000000000000000e+00,1.544884805019703300e-03,8.333037011098878793e+03,3.148219877241791096e+02,0.000000000000000000e+00
0.000000000000000000e+00,0.000000000000000000e+00,0.000000000000000000e+00,0.000000000000000000e+00,1.539916391434887656e-03,8.309899943118354713e+03,3.140634533579319623e+02,0.000000000000000000e+00
0.000000000000000000e+00,0.000000000000000000e+00,0.000000000000000000e+00,0.000000000000000000e+00,1.534971759476637387e-03,8.286834666526021465e+03,3.133067538766716780e+02,0.000000000000000000e+00
0.000000000000000000e+00,0.000000000000000000e+00,0.000000000000000000e+00,0.000000000000000000e+00,1.530050687083282660e-03,8.263840932135397452e+03,3.125518848021274039e+02,0.000000000000000000e+00
0.000000000000000000e+00,0.000000000000000000e+00,0.000000000000000000e+00,0.000000000000000000e+00,1.525152955760877014e-03,8.240918493955441591e+03,3.117988416673399570e+02,0.000000000000000000e+00
0.000000000000000000e+00,0.000000000000000000e+00,0.000000000000000000e+00,0.000000000000000000e+00,1.520278350499929118e-03,8.218067109073654137e+03,3.110476200166227159e+02,0.000000000000000000e+00
0.000000000000000000e+00,0.000000000000000000e+00,0.000000000000000000e+00,0.000000000000000000e+00,1.515426659695777662e-03,8.195286537542016958e+03,3.102982154055231945e+02,0.000000000000000000e+00
0.000000000000000000e+00,0.000000000000000000e+00,0.000000000000000000e+00,0.000000000000000000e+00,1.510597675072370642e-03,8.172576542265655007e+03,3.095506234007856960e+02,0.000000000000000000e+00
0.000000000000000000e+00,0.000000000000000000e+00,0.000000000000000000e+00,0.000000000000000000e+00,1.505791191609225695e-03,8.149936888894141703e+03,3.088048395803132280e+02,0.000000000000000000e+00
