# particle number concentration assuming water not removed from particles (#/cc (air)), with time changing with rows (corresponding times given in the time output file) and size bin changing with columns with size bin numbers given in the second row of the header
# 
1.000000000000000000e+04,1.796110871213725247e-51
9.915746181750815595e+03,0.000000000000000000e+00
9.832391474498272146e+03,0.000000000000000000e+00
9.749923527268962061e+03,0.000000000000000000e+00
9.668330216419955832e+03,0.000000000000000000e+00
9.587599625904822460e+03,0.000000000000000000e+00
9.507720042880526307e+03,0.000000000000000000e+00
9.428679953477903837e+03,0.000000000000000000e+00
9.350468038668677764e+03,0.000000000000000000e+00
9.273073170250638213e+03,0.000000000000000000e+00
9.196484406935143852e+03,0.000000000000000000e+00
9.120690990535747915e+03,0.000000000000000000e+00
9.045682342252233866e+03,0.000000000000000000e+00
8.971448059047368588e+03,0.000000000000000000e+00
8.897977910115921986e+03,0.000000000000000000e+00
8.825261833433854918e+03,0.000000000000000000e+00
8.753289932395020514e+03,0.000000000000000000e+00
8.682052472527575446e+03,0.000000000000000000e+00
8.611539878288200271e+03,0.000000000000000000e+00
8.541742729931916983e+03,0.000000000000000000e+00
8.472651760446000480e+03,0.000000000000000000e+00
8.404257852584205466e+03,0.000000000000000000e+00
8.336552035939370398e+03,0.000000000000000000e+00
8.269525484094183412e+03,0.000000000000000000e+00
8.203169511835945741e+03,0.000000000000000000e+00
8.137475572436867878e+03,0.000000000000000000e+00
8.072435254994743445e+03,0.000000000000000000e+00
8.008040281833967128e+03,0.000000000000000000e+00
7.944282505964984011e+03,0.000000000000000000e+00
7.881153908600625982e+03,0.000000000000000000e+00
7.818646596727848191e+03,0.000000000000000000e+00
7.756752800733405820e+03,0.000000000000000000e+00
7.695464872082083275e+03,0.000000000000000000e+00
7.634775281046106102e+03,0.000000000000000000e+00
7.574676614484109450e+03,0.000000000000000000e+00
7.515161573670230609e+03,0.000000000000000000e+00
7.456222972168032356e+03,0.000000000000000000e+00
7.397853733752505832e+03,0.000000000000000000e+00
7.340046890376567717e+03,0.000000000000000000e+00
7.282795580181465084e+03,0.000000000000000000e+00
7.226093045549980161e+03,0.000000000000000000e+00
7.169932631201390905e+03,0.000000000000000000e+00
7.114307782325838161e+03,0.000000000000000000e+00
7.059212042762557758e+03,0.000000000000000000e+00
7.004639053212779800e+03,0.000000000000000000e+00
6.950582549490591191e+03,0.000000000000000000e+00
6.897036360812890052e+03,0.000000000000000000e+00
6.843994408123780886e+03,0.000000000000000000e+00
6.791450702454491875e+03,0.000000000000000000e+00
6.739399343317571038e+03,0.000000000000000000e+00
6.687834517134526322e+03,0.000000000000000000e+00
6.636750495696325743e+03,0.000000000000000000e+00
6.586141634654963127e+03,0.000000000000000000e+00
6.536002372047460995e+03,0.000000000000000000e+00
6.486327226849017279e+03,0.000000000000000000e+00
6.437110797556629223e+03,0.000000000000000000e+00
6.388347760801455479e+03,0.000000000000000000e+00
6.340032869989539904e+03,0.000000000000000000e+00
6.292160953969654656e+03,0.000000000000000000e+00
6.244726915728714630e+03,0.000000000000000000e+00
6.197725731113365327e+03,0.000000000000000000e+00
