# particle radii (um) per size_bin (including water contribution to size), with size bins represented by columns and their number (starting from 1) given in second line of header, per time step which is represented by rows and corresponding times given in the time output file 
# 12345678
1.441524501818955981e-03,3.176237474501910144e-03,6.998482843476020246e-03,1.542037158859127510e-02,3.397705834942478520e-02,7.486463522930453252e-02,1.649558225546534918e-01,3.634616439569755553e-01
1.441524501818956415e-03,3.176237474501911445e-03,6.998482843476021981e-03,1.542037158859127857e-02,3.415803762181606612e-02,7.502436242176149794e-02,1.650701390808378410e-01,3.635275439341605352e-01
1.441524501818956415e-03,3.176237474501911445e-03,6.998482843476021981e-03,1.542037158859127857e-02,3.442425713414291183e-02,7.524356253521179150e-02,1.652343509826011969e-01,3.634616439569755553e-01
1.441524501818956415e-03,3.176237474501911445e-03,6.998482843476021981e-03,1.542037158859127857e-02,3.469031983744257086e-02,7.544878574716970543e-02,1.653967108408491704e-01,3.634616439569755553e-01
1.441524501818956415e-03,3.176237474501911445e-03,6.998482843476021981e-03,1.542037158859127857e-02,3.495090281650194142e-02,7.563622307417963708e-02,1.655537644037597678e-01,3.634616439569755553e-01
1.441524501818956415e-03,3.176237474501911445e-03,6.998482843476021981e-03,1.542037158859127857e-02,3.520617965615068651e-02,7.580684478288922390e-02,1.657054595909248362e-01,3.634616439569755553e-01
1.441524501818956415e-03,3.176237474501911445e-03,6.998482843476021981e-03,1.542037158859127857e-02,3.545657714969522450e-02,7.596181547230813902e-02,1.658519363662498136e-01,3.634616439569755553e-01
1.441524501818956415e-03,3.176237474501911445e-03,6.998482843476021981e-03,1.542037158859127857e-02,3.570247460732924732e-02,7.610222647034173282e-02,1.659933359958820354e-01,3.634616439569755553e-01
1.441524501818956415e-03,3.176237474501911445e-03,6.998482843476021981e-03,1.542037158859127857e-02,3.594420580731121778e-02,7.622909392988376498e-02,1.661297967803956332e-01,3.634616439569755553e-01
1.441524501818956415e-03,3.176237474501911445e-03,6.998482843476021981e-03,1.542037158859127857e-02,3.618206754956216492e-02,7.634336287538336097e-02,1.662614546515307212e-01,3.634616439569755553e-01
1.441524501818956415e-03,3.176237474501911445e-03,6.998482843476021981e-03,1.542037158859127857e-02,3.641632594282644131e-02,7.644591259226113378e-02,1.663884437770661306e-01,3.634616439569755553e-01
1.441524501818956415e-03,3.176237474501911445e-03,6.998482843476021981e-03,1.542037158859127857e-02,3.664722141801316641e-02,7.653755980169704709e-02,1.665108965166781363e-01,3.634616439569755553e-01
1.441524501818956415e-03,3.176237474501911445e-03,6.998482843476021981e-03,1.542037158859127857e-02,3.687496872426544725e-02,7.661905675499029733e-02,1.666289402390230823e-01,3.634616439569755553e-01
1.441524501818956415e-03,3.176237474501911445e-03,6.998482843476021981e-03,1.542037158859127857e-02,3.709976711460243742e-02,7.669110653252152188e-02,1.667427033193772112e-01,3.634616439569755553e-01
1.441524501818956415e-03,3.176237474501911445e-03,6.998482843476021981e-03,1.542037158859127857e-02,3.732179824894066300e-02,7.675435910074096535e-02,1.668523112055231572e-01,3.634616439569755553e-01
1.441524501818956415e-03,3.176237474501911445e-03,6.998482843476021981e-03,1.542037158859127857e-02,3.754122894162336549e-02,7.680941552612856327e-02,1.669578867543510814e-01,3.634616439569755553e-01
1.441524501818956415e-03,3.176237474501911445e-03,6.998482843476021981e-03,1.542037158859127857e-02,3.775821312770109850e-02,7.685683167599673127e-02,1.670595503027265949e-01,3.634616439569755553e-01
1.441524501818956415e-03,3.176237474501911445e-03,6.998482843476021981e-03,1.542037158859127857e-02,3.797289217605707978e-02,7.689712007207417932e-02,1.671574186694988751e-01,3.634616439569755553e-01
1.441524501818956415e-03,3.176237474501911445e-03,6.998482843476021981e-03,1.542037158859127857e-02,3.818539289116121282e-02,7.693074948163851345e-02,1.672516026692196511e-01,3.634616439569755553e-01
1.441524501818956415e-03,3.176237474501911445e-03,6.998482843476021981e-03,1.542037158859127857e-02,3.839584212901411830e-02,7.695816363977102392e-02,1.673422171057864505e-01,3.634616439569755553e-01
1.441524501818956415e-03,3.176237474501911445e-03,6.998482843476021981e-03,1.542037158859127857e-02,3.860435607219044052e-02,7.697977149561870125e-02,1.674293725434962132e-01,3.634616439569755553e-01
1.441524501818956415e-03,3.176237474501911445e-03,6.998482843476021981e-03,1.542037158859127857e-02,3.881104350667353986e-02,7.699595225248768993e-02,1.675131768291950596e-01,3.634616439569755553e-01
1.441524501818956415e-03,3.176237474501911445e-03,6.998482843476021981e-03,1.542037158859127857e-02,3.901600696297318621e-02,7.700705847137249982e-02,1.675937353828437504e-01,3.634616439569755553e-01
1.441524501818956415e-03,3.176237474501911445e-03,6.998482843476021981e-03,1.542037158859127857e-02,3.921934293408910893e-02,7.701341814179896161e-02,1.676711508851146393e-01,3.634616439569755553e-01
1.441524501818956415e-03,3.176237474501911445e-03,6.998482843476021981e-03,1.542037158859127857e-02,3.942114292291195449e-02,7.701533758385711859e-02,1.677455236657655890e-01,3.634616439569755553e-01
1.441524501818956415e-03,3.176237474501911445e-03,6.998482843476021981e-03,1.542037158859127857e-02,3.962149377065515149e-02,7.701310350319361120e-02,1.678169516353027746e-01,3.634616439569755553e-01
1.441524501818956415e-03,3.176237474501911445e-03,6.998482843476021981e-03,1.542037158859127857e-02,3.982047881682062446e-02,7.700698583598841740e-02,1.678855309443219868e-01,3.634616439569755553e-01
1.441524501818956415e-03,3.176237474501911445e-03,6.998482843476021981e-03,1.542037158859127857e-02,4.001817608101197049e-02,7.699723725996474033e-02,1.679513543043547330e-01,3.634616439569755553e-01
1.441524501818956415e-03,3.176237474501911445e-03,6.998482843476021981e-03,1.542037158859127857e-02,4.021466045105539372e-02,7.698409672917309876e-02,1.680145123481726066e-01,3.634616439569755553e-01
1.441524501818956415e-03,3.176237474501911445e-03,6.998482843476021981e-03,1.542037158859127857e-02,4.041000352016919928e-02,7.696779059751560070e-02,1.680750933955572901e-01,3.634616439569755553e-01
1.441524501818956415e-03,3.176237474501911445e-03,6.998482843476021981e-03,1.542037158859127857e-02,4.060427373526803718e-02,7.694853387949497636e-02,1.681331834237145828e-01,3.634616439569755553e-01
1.441524501818956415e-03,3.176237474501911445e-03,6.998482843476021981e-03,1.542037158859127857e-02,4.079753658193280980e-02,7.692653142221496376e-02,1.681888660797245805e-01,3.634616439569755553e-01
1.441524501818956415e-03,3.176237474501911445e-03,6.998482843476021981e-03,1.542037158859127857e-02,4.098985474965712722e-02,7.690197894470204854e-02,1.682422226976527657e-01,3.634616439569755553e-01
1.441524501818956415e-03,3.176237474501911445e-03,6.998482843476021981e-03,1.542037158859127857e-02,4.118128827595127217e-02,7.687506395018171845e-02,1.682933323173078921e-01,3.634616439569755553e-01
1.441524501818956415e-03,3.176237474501911445e-03,6.998482843476021981e-03,1.542037158859127857e-02,4.137189467217162325e-02,7.684596652149947027e-02,1.683422717045721106e-01,3.634616439569755553e-01
1.441524501818956415e-03,3.176237474501911445e-03,6.998482843476021981e-03,1.542037158859127857e-02,4.156172903390742412e-02,7.681486001033664690e-02,1.683891153734485835e-01,3.634616439569755553e-01
1.441524501818956415e-03,3.176237474501911445e-03,6.998482843476021981e-03,1.542037158859127857e-02,4.175084413839934977e-02,7.678191163080169690e-02,1.684339356099525398e-01,3.634616439569755553e-01
1.441524501818956415e-03,3.176237474501911445e-03,6.998482843476021981e-03,1.542037158859127857e-02,4.193929053112120664e-02,7.674728296770477742e-02,1.684768024979364232e-01,3.634616439569755553e-01
1.441524501818956415e-03,3.176237474501911445e-03,6.998482843476021981e-03,1.542037158859127857e-02,4.212711660335038966e-02,7.671113040940311101e-02,1.685177839468974259e-01,3.634616439569755553e-01
1.441524501818956415e-03,3.176237474501911445e-03,6.998482843476021981e-03,1.542037158859127857e-02,4.231436866228208138e-02,7.667360551456908757e-02,1.685569457217797051e-01,3.634616439569755553e-01
1.441524501818956415e-03,3.176237474501911445e-03,6.998482843476021981e-03,1.542037158859127857e-02,4.250109099500457704e-02,7.663485532161003200e-02,1.685943514747461069e-01,3.634616439569755553e-01
1.441524501818956415e-03,3.176237474501911445e-03,6.998482843476021981e-03,1.542037158859127857e-02,4.268732592744464704e-02,7.659502260878657542e-02,1.686300627788624162e-01,3.634616439569755553e-01
1.441524501818956415e-03,3.176237474501911445e-03,6.998482843476021981e-03,1.542037158859127857e-02,4.287311387920923755e-02,7.655424611235875365e-02,1.686641391636092557e-01,3.634616439569755553e-01
1.441524501818956415e-03,3.176237474501911445e-03,6.998482843476021981e-03,1.542037158859127857e-02,4.305849341509217221e-02,7.651266070935887342e-02,1.686966381521122216e-01,3.634616439569755553e-01
1.441524501818956415e-03,3.176237474501911445e-03,6.998482843476021981e-03,1.542037158859127857e-02,4.324350129387760644e-02,7.647039757086424028e-02,1.687276152999614143e-01,3.634616439569755553e-01
1.441524501818956415e-03,3.176237474501911445e-03,6.998482843476021981e-03,1.542037158859127857e-02,4.342817251495474651e-02,7.642758429093862715e-02,1.687571242354761747e-01,3.634616439569755553e-01
1.441524501818956415e-03,3.176237474501911445e-03,6.998482843476021981e-03,1.542037158859127857e-02,4.361254036315898031e-02,7.638434499573845682e-02,1.687852167012597326e-01,3.634616439569755553e-01
1.441524501818956415e-03,3.176237474501911445e-03,6.998482843476021981e-03,1.542037158859127857e-02,4.379663645216966966e-02,7.634080043664925874e-02,1.688119425968808429e-01,3.634616439569755553e-01
1.441524501818956415e-03,3.176237474501911445e-03,6.998482843476021981e-03,1.542037158859127857e-02,4.398049076672438940e-02,7.629706807073552421e-02,1.688373500225160140e-01,3.634616439569755553e-01
1.441524501818956415e-03,3.176237474501911445e-03,6.998482843476021981e-03,1.542037158859127857e-02,4.416413170385086184e-02,7.625326213125532826e-02,1.688614853233848245e-01,3.634616439569755553e-01
1.441524501818956415e-03,3.176237474501911445e-03,6.998482843476021981e-03,1.542037158859127857e-02,4.434758611326910377e-02,7.620949369051463473e-02,1.688843931348129046e-01,3.634616439569755553e-01
1.441524501818956415e-03,3.176237474501911445e-03,6.998482843476021981e-03,1.542037158859127857e-02,4.453087933707761820e-02,7.616587071691179045e-02,1.689061164277604055e-01,3.634616439569755553e-01
1.441524501818956415e-03,3.176237474501911445e-03,6.998482843476021981e-03,1.542037158859127857e-02,4.471403524880566971e-02,7.612249812765187196e-02,1.689266965546620813e-01,3.634616439569755553e-01
1.441524501818956415e-03,3.176237474501911445e-03,6.998482843476021981e-03,1.542037158859127857e-02,4.489707629188902788e-02,7.607947783828912514e-02,1.689461732954293527e-01,3.634616439569755553e-01
1.441524501818956415e-03,3.176237474501911445e-03,6.998482843476021981e-03,1.542037158859127857e-02,4.508002351760739823e-02,7.603690880998133228e-02,1.689645849034763225e-01,3.634616439569755553e-01
1.441524501818956415e-03,3.176237474501911445e-03,6.998482843476021981e-03,1.542037158859127857e-02,4.526289662250713303e-02,7.599488709510898721e-02,1.689819681516391836e-01,3.634616439569755553e-01
1.441524501818956415e-03,3.176237474501911445e-03,6.998482843476021981e-03,1.542037158859127857e-02,4.544571398532223222e-02,7.595350588172027073e-02,1.689983583778697784e-01,3.634616439569755553e-01
1.441524501818956415e-03,3.176237474501911445e-03,6.998482843476021981e-03,1.542037158859127857e-02,4.562849270339907476e-02,7.591285553710674927e-02,1.690137895305938442e-01,3.634616439569755553e-01
1.441524501818956415e-03,3.176237474501911445e-03,6.998482843476021981e-03,1.542037158859127857e-02,4.581124862862549774e-02,7.587302365068877841e-02,1.690282942136343003e-01,3.634616439569755553e-01
1.441524501818956415e-03,3.176237474501911445e-03,6.998482843476021981e-03,1.542037158859127857e-02,4.599399640286163521e-02,7.583409507629251811e-02,1.690419037306120364e-01,3.634616439569755553e-01
1.441524501818956415e-03,3.176237474501911445e-03,6.998482843476021981e-03,1.542037158859127857e-02,4.617674949286899172e-02,7.579615197382544300e-02,1.690546481287449054e-01,3.634616439569755553e-01
