# particle size bin bounds (um), with size bins represented by columns and their number (starting at 1 and in line with the lower bound) given in second line of header, per time step which is is represented by rows and corresponding times given in the time output file 
# 12345678
8.999999999999997585e-04,1.983049003637912203e-03,4.369425945365908517e-03,9.627539741586131974e-03,2.121320343559641997e-02,4.674091326325315043e-02,1.029883571953559007e-01,2.269232879139510828e-01,5.000000000000000000e-01
8.999999999999997585e-04,1.983049003637912203e-03,4.369425945365908517e-03,9.627539741586131974e-03,2.121320343559641997e-02,4.674091326325315043e-02,1.029883571953559007e-01,2.269232879139510828e-01,5.000000000000000000e-01
8.999999999999997585e-04,1.983049003637912203e-03,4.369425945365908517e-03,9.627539741586131974e-03,2.121320343559641997e-02,4.674091326325315043e-02,1.029883571953559007e-01,2.269232879139510828e-01,5.000000000000000000e-01
8.999999999999997585e-04,1.983049003637912203e-03,4.369425945365908517e-03,9.627539741586131974e-03,2.121320343559641997e-02,4.674091326325315043e-02,1.029883571953559007e-01,2.269232879139510828e-01,5.000000000000000000e-01
8.999999999999997585e-04,1.983049003637912203e-03,4.369425945365908517e-03,9.627539741586131974e-03,2.121320343559641997e-02,4.674091326325315043e-02,1.029883571953559007e-01,2.269232879139510828e-01,5.000000000000000000e-01
8.999999999999997585e-04,1.983049003637912203e-03,4.369425945365908517e-03,9.627539741586131974e-03,2.121320343559641997e-02,4.674091326325315043e-02,1.029883571953559007e-01,2.269232879139510828e-01,5.000000000000000000e-01
8.999999999999997585e-04,1.983049003637912203e-03,4.369425945365908517e-03,9.627539741586131974e-03,2.121320343559641997e-02,4.674091326325315043e-02,1.029883571953559007e-01,2.269232879139510828e-01,5.000000000000000000e-01
8.999999999999997585e-04,1.983049003637912203e-03,4.369425945365908517e-03,9.627539741586131974e-03,2.121320343559641997e-02,4.674091326325315043e-02,1.029883571953559007e-01,2.269232879139510828e-01,5.000000000000000000e-01
8.999999999999997585e-04,1.983049003637912203e-03,4.369425945365908517e-03,9.627539741586131974e-03,2.121320343559641997e-02,4.674091326325315043e-02,1.029883571953559007e-01,2.269232879139510828e-01,5.000000000000000000e-01
8.999999999999997585e-04,1.983049003637912203e-03,4.369425945365908517e-03,9.627539741586131974e-03,2.121320343559641997e-02,4.674091326325315043e-02,1.029883571953559007e-01,2.269232879139510828e-01,5.000000000000000000e-01
8.999999999999997585e-04,1.983049003637912203e-03,4.369425945365908517e-03,9.627539741586131974e-03,2.121320343559641997e-02,4.674091326325315043e-02,1.029883571953559007e-01,2.269232879139510828e-01,5.000000000000000000e-01
8.999999999999997585e-04,1.983049003637912203e-03,4.369425945365908517e-03,9.627539741586131974e-03,2.121320343559641997e-02,4.674091326325315043e-02,1.029883571953559007e-01,2.269232879139510828e-01,5.000000000000000000e-01
8.999999999999997585e-04,1.983049003637912203e-03,4.369425945365908517e-03,9.627539741586131974e-03,2.121320343559641997e-02,4.674091326325315043e-02,1.029883571953559007e-01,2.269232879139510828e-01,5.000000000000000000e-01
8.999999999999997585e-04,1.983049003637912203e-03,4.369425945365908517e-03,9.627539741586131974e-03,2.121320343559641997e-02,4.674091326325315043e-02,1.029883571953559007e-01,2.269232879139510828e-01,5.000000000000000000e-01
8.999999999999997585e-04,1.983049003637912203e-03,4.369425945365908517e-03,9.627539741586131974e-03,2.121320343559641997e-02,4.674091326325315043e-02,1.029883571953559007e-01,2.269232879139510828e-01,5.000000000000000000e-01
8.999999999999997585e-04,1.983049003637912203e-03,4.369425945365908517e-03,9.627539741586131974e-03,2.121320343559641997e-02,4.674091326325315043e-02,1.029883571953559007e-01,2.269232879139510828e-01,5.000000000000000000e-01
8.999999999999997585e-04,1.983049003637912203e-03,4.369425945365908517e-03,9.627539741586131974e-03,2.121320343559641997e-02,4.674091326325315043e-02,1.029883571953559007e-01,2.269232879139510828e-01,5.000000000000000000e-01
8.999999999999997585e-04,1.983049003637912203e-03,4.369425945365908517e-03,9.627539741586131974e-03,2.121320343559641997e-02,4.674091326325315043e-02,1.029883571953559007e-01,2.269232879139510828e-01,5.000000000000000000e-01
8.999999999999997585e-04,1.983049003637912203e-03,4.369425945365908517e-03,9.627539741586131974e-03,2.121320343559641997e-02,4.674091326325315043e-02,1.029883571953559007e-01,2.269232879139510828e-01,5.000000000000000000e-01
8.999999999999997585e-04,1.983049003637912203e-03,4.369425945365908517e-03,9.627539741586131974e-03,2.121320343559641997e-02,4.674091326325315043e-02,1.029883571953559007e-01,2.269232879139510828e-01,5.000000000000000000e-01
8.999999999999997585e-04,1.983049003637912203e-03,4.369425945365908517e-03,9.627539741586131974e-03,2.121320343559641997e-02,4.674091326325315043e-02,1.029883571953559007e-01,2.269232879139510828e-01,5.000000000000000000e-01
8.999999999999997585e-04,1.983049003637912203e-03,4.369425945365908517e-03,9.627539741586131974e-03,2.121320343559641997e-02,4.674091326325315043e-02,1.029883571953559007e-01,2.269232879139510828e-01,5.000000000000000000e-01
8.999999999999997585e-04,1.983049003637912203e-03,4.369425945365908517e-03,9.627539741586131974e-03,2.121320343559641997e-02,4.674091326325315043e-02,1.029883571953559007e-01,2.269232879139510828e-01,5.000000000000000000e-01
8.999999999999997585e-04,1.983049003637912203e-03,4.369425945365908517e-03,9.627539741586131974e-03,2.121320343559641997e-02,4.674091326325315043e-02,1.029883571953559007e-01,2.269232879139510828e-01,5.000000000000000000e-01
8.999999999999997585e-04,1.983049003637912203e-03,4.369425945365908517e-03,9.627539741586131974e-03,2.121320343559641997e-02,4.674091326325315043e-02,1.029883571953559007e-01,2.269232879139510828e-01,5.000000000000000000e-01
8.999999999999997585e-04,1.983049003637912203e-03,4.369425945365908517e-03,9.627539741586131974e-03,2.121320343559641997e-02,4.674091326325315043e-02,1.029883571953559007e-01,2.269232879139510828e-01,5.000000000000000000e-01
8.999999999999997585e-04,1.983049003637912203e-03,4.369425945365908517e-03,9.627539741586131974e-03,2.121320343559641997e-02,4.674091326325315043e-02,1.029883571953559007e-01,2.269232879139510828e-01,5.000000000000000000e-01
8.999999999999997585e-04,1.983049003637912203e-03,4.369425945365908517e-03,9.627539741586131974e-03,2.121320343559641997e-02,4.674091326325315043e-02,1.029883571953559007e-01,2.269232879139510828e-01,5.000000000000000000e-01
8.999999999999997585e-04,1.983049003637912203e-03,4.369425945365908517e-03,9.627539741586131974e-03,2.121320343559641997e-02,4.674091326325315043e-02,1.029883571953559007e-01,2.269232879139510828e-01,5.000000000000000000e-01
8.999999999999997585e-04,1.983049003637912203e-03,4.369425945365908517e-03,9.627539741586131974e-03,2.121320343559641997e-02,4.674091326325315043e-02,1.029883571953559007e-01,2.269232879139510828e-01,5.000000000000000000e-01
8.999999999999997585e-04,1.983049003637912203e-03,4.369425945365908517e-03,9.627539741586131974e-03,2.121320343559641997e-02,4.674091326325315043e-02,1.029883571953559007e-01,2.269232879139510828e-01,5.000000000000000000e-01
8.999999999999997585e-04,1.983049003637912203e-03,4.369425945365908517e-03,9.627539741586131974e-03,2.121320343559641997e-02,4.674091326325315043e-02,1.029883571953559007e-01,2.269232879139510828e-01,5.000000000000000000e-01
8.999999999999997585e-04,1.983049003637912203e-03,4.369425945365908517e-03,9.627539741586131974e-03,2.121320343559641997e-02,4.674091326325315043e-02,1.029883571953559007e-01,2.269232879139510828e-01,5.000000000000000000e-01
8.999999999999997585e-04,1.983049003637912203e-03,4.369425945365908517e-03,9.627539741586131974e-03,2.121320343559641997e-02,4.674091326325315043e-02,1.029883571953559007e-01,2.269232879139510828e-01,5.000000000000000000e-01
8.999999999999997585e-04,1.983049003637912203e-03,4.369425945365908517e-03,9.627539741586131974e-03,2.121320343559641997e-02,4.674091326325315043e-02,1.029883571953559007e-01,2.269232879139510828e-01,5.000000000000000000e-01
8.999999999999997585e-04,1.983049003637912203e-03,4.369425945365908517e-03,9.627539741586131974e-03,2.121320343559641997e-02,4.674091326325315043e-02,1.029883571953559007e-01,2.269232879139510828e-01,5.000000000000000000e-01
8.999999999999997585e-04,1.983049003637912203e-03,4.369425945365908517e-03,9.627539741586131974e-03,2.121320343559641997e-02,4.674091326325315043e-02,1.029883571953559007e-01,2.269232879139510828e-01,5.000000000000000000e-01
8.999999999999997585e-04,1.983049003637912203e-03,4.369425945365908517e-03,9.627539741586131974e-03,2.121320343559641997e-02,4.674091326325315043e-02,1.029883571953559007e-01,2.269232879139510828e-01,5.000000000000000000e-01
8.999999999999997585e-04,1.983049003637912203e-03,4.369425945365908517e-03,9.627539741586131974e-03,2.121320343559641997e-02,4.674091326325315043e-02,1.029883571953559007e-01,2.269232879139510828e-01,5.000000000000000000e-01
8.999999999999997585e-04,1.983049003637912203e-03,4.369425945365908517e-03,9.627539741586131974e-03,2.121320343559641997e-02,4.674091326325315043e-02,1.029883571953559007e-01,2.269232879139510828e-01,5.000000000000000000e-01
8.999999999999997585e-04,1.983049003637912203e-03,4.369425945365908517e-03,9.627539741586131974e-03,2.121320343559641997e-02,4.674091326325315043e-02,1.029883571953559007e-01,2.269232879139510828e-01,5.000000000000000000e-01
8.999999999999997585e-04,1.983049003637912203e-03,4.369425945365908517e-03,9.627539741586131974e-03,2.121320343559641997e-02,4.674091326325315043e-02,1.029883571953559007e-01,2.269232879139510828e-01,5.000000000000000000e-01
8.999999999999997585e-04,1.983049003637912203e-03,4.369425945365908517e-03,9.627539741586131974e-03,2.121320343559641997e-02,4.674091326325315043e-02,1.029883571953559007e-01,2.269232879139510828e-01,5.000000000000000000e-01
8.999999999999997585e-04,1.983049003637912203e-03,4.369425945365908517e-03,9.627539741586131974e-03,2.121320343559641997e-02,4.674091326325315043e-02,1.029883571953559007e-01,2.269232879139510828e-01,5.000000000000000000e-01
8.999999999999997585e-04,1.983049003637912203e-03,4.369425945365908517e-03,9.627539741586131974e-03,2.121320343559641997e-02,4.674091326325315043e-02,1.029883571953559007e-01,2.269232879139510828e-01,5.000000000000000000e-01
8.999999999999997585e-04,1.983049003637912203e-03,4.369425945365908517e-03,9.627539741586131974e-03,2.121320343559641997e-02,4.674091326325315043e-02,1.029883571953559007e-01,2.269232879139510828e-01,5.000000000000000000e-01
8.999999999999997585e-04,1.983049003637912203e-03,4.369425945365908517e-03,9.627539741586131974e-03,2.121320343559641997e-02,4.674091326325315043e-02,1.029883571953559007e-01,2.269232879139510828e-01,5.000000000000000000e-01
8.999999999999997585e-04,1.983049003637912203e-03,4.369425945365908517e-03,9.627539741586131974e-03,2.121320343559641997e-02,4.674091326325315043e-02,1.029883571953559007e-01,2.269232879139510828e-01,5.000000000000000000e-01
8.999999999999997585e-04,1.983049003637912203e-03,4.369425945365908517e-03,9.627539741586131974e-03,2.121320343559641997e-02,4.674091326325315043e-02,1.029883571953559007e-01,2.269232879139510828e-01,5.000000000000000000e-01
8.999999999999997585e-04,1.983049003637912203e-03,4.369425945365908517e-03,9.627539741586131974e-03,2.121320343559641997e-02,4.674091326325315043e-02,1.029883571953559007e-01,2.269232879139510828e-01,5.000000000000000000e-01
8.999999999999997585e-04,1.983049003637912203e-03,4.369425945365908517e-03,9.627539741586131974e-03,2.121320343559641997e-02,4.674091326325315043e-02,1.029883571953559007e-01,2.269232879139510828e-01,5.000000000000000000e-01
8.999999999999997585e-04,1.983049003637912203e-03,4.369425945365908517e-03,9.627539741586131974e-03,2.121320343559641997e-02,4.674091326325315043e-02,1.029883571953559007e-01,2.269232879139510828e-01,5.000000000000000000e-01
8.999999999999997585e-04,1.983049003637912203e-03,4.369425945365908517e-03,9.627539741586131974e-03,2.121320343559641997e-02,4.674091326325315043e-02,1.029883571953559007e-01,2.269232879139510828e-01,5.000000000000000000e-01
8.999999999999997585e-04,1.983049003637912203e-03,4.369425945365908517e-03,9.627539741586131974e-03,2.121320343559641997e-02,4.674091326325315043e-02,1.029883571953559007e-01,2.269232879139510828e-01,5.000000000000000000e-01
8.999999999999997585e-04,1.983049003637912203e-03,4.369425945365908517e-03,9.627539741586131974e-03,2.121320343559641997e-02,4.674091326325315043e-02,1.029883571953559007e-01,2.269232879139510828e-01,5.000000000000000000e-01
8.999999999999997585e-04,1.983049003637912203e-03,4.369425945365908517e-03,9.627539741586131974e-03,2.121320343559641997e-02,4.674091326325315043e-02,1.029883571953559007e-01,2.269232879139510828e-01,5.000000000000000000e-01
8.999999999999997585e-04,1.983049003637912203e-03,4.369425945365908517e-03,9.627539741586131974e-03,2.121320343559641997e-02,4.674091326325315043e-02,1.029883571953559007e-01,2.269232879139510828e-01,5.000000000000000000e-01
8.999999999999997585e-04,1.983049003637912203e-03,4.369425945365908517e-03,9.627539741586131974e-03,2.121320343559641997e-02,4.674091326325315043e-02,1.029883571953559007e-01,2.269232879139510828e-01,5.000000000000000000e-01
8.999999999999997585e-04,1.983049003637912203e-03,4.369425945365908517e-03,9.627539741586131974e-03,2.121320343559641997e-02,4.674091326325315043e-02,1.029883571953559007e-01,2.269232879139510828e-01,5.000000000000000000e-01
8.999999999999997585e-04,1.983049003637912203e-03,4.369425945365908517e-03,9.627539741586131974e-03,2.121320343559641997e-02,4.674091326325315043e-02,1.029883571953559007e-01,2.269232879139510828e-01,5.000000000000000000e-01
8.999999999999997585e-04,1.983049003637912203e-03,4.369425945365908517e-03,9.627539741586131974e-03,2.121320343559641997e-02,4.674091326325315043e-02,1.029883571953559007e-01,2.269232879139510828e-01,5.000000000000000000e-01
