# particle size bin bounds (um), with size bins represented by columns and their number (starting at 1 and in line with the lower bound) given in second line of header, per time step which is is represented by rows and corresponding times given in the time output file 
# 
1.000000000000000021e-03,5.000500000000000611e+00,1.000000000000000000e+01
1.000000000000000021e-03,5.000500000000000611e+00,1.000000000000000000e+01
1.000000000000000021e-03,5.000500000000000611e+00,1.000000000000000000e+01
1.000000000000000021e-03,5.000500000000000611e+00,1.000000000000000000e+01
1.000000000000000021e-03,5.000500000000000611e+00,1.000000000000000000e+01
1.000000000000000021e-03,5.000500000000000611e+00,1.000000000000000000e+01
1.000000000000000021e-03,5.000500000000000611e+00,1.000000000000000000e+01
1.000000000000000021e-03,5.000500000000000611e+00,1.000000000000000000e+01
1.000000000000000021e-03,5.000500000000000611e+00,1.000000000000000000e+01
1.000000000000000021e-03,5.000500000000000611e+00,1.000000000000000000e+01
1.000000000000000021e-03,5.000500000000000611e+00,1.000000000000000000e+01
1.000000000000000021e-03,5.000500000000000611e+00,1.000000000000000000e+01
1.000000000000000021e-03,5.000500000000000611e+00,1.000000000000000000e+01
1.000000000000000021e-03,5.000500000000000611e+00,1.000000000000000000e+01
1.000000000000000021e-03,5.000500000000000611e+00,1.000000000000000000e+01
1.000000000000000021e-03,5.000500000000000611e+00,1.000000000000000000e+01
1.000000000000000021e-03,5.000500000000000611e+00,1.000000000000000000e+01
1.000000000000000021e-03,5.000500000000000611e+00,1.000000000000000000e+01
1.000000000000000021e-03,5.000500000000000611e+00,1.000000000000000000e+01
1.000000000000000021e-03,5.000500000000000611e+00,1.000000000000000000e+01
1.000000000000000021e-03,5.000500000000000611e+00,1.000000000000000000e+01
1.000000000000000021e-03,5.000500000000000611e+00,1.000000000000000000e+01
1.000000000000000021e-03,5.000500000000000611e+00,1.000000000000000000e+01
1.000000000000000021e-03,5.000500000000000611e+00,1.000000000000000000e+01
1.000000000000000021e-03,5.000500000000000611e+00,1.000000000000000000e+01
1.000000000000000021e-03,5.000500000000000611e+00,1.000000000000000000e+01
1.000000000000000021e-03,5.000500000000000611e+00,1.000000000000000000e+01
1.000000000000000021e-03,5.000500000000000611e+00,1.000000000000000000e+01
1.000000000000000021e-03,5.000500000000000611e+00,1.000000000000000000e+01
1.000000000000000021e-03,5.000500000000000611e+00,1.000000000000000000e+01
1.000000000000000021e-03,5.000500000000000611e+00,1.000000000000000000e+01
1.000000000000000021e-03,5.000500000000000611e+00,1.000000000000000000e+01
1.000000000000000021e-03,5.000500000000000611e+00,1.000000000000000000e+01
1.000000000000000021e-03,5.000500000000000611e+00,1.000000000000000000e+01
1.000000000000000021e-03,5.000500000000000611e+00,1.000000000000000000e+01
1.000000000000000021e-03,5.000500000000000611e+00,1.000000000000000000e+01
1.000000000000000021e-03,5.000500000000000611e+00,1.000000000000000000e+01
1.000000000000000021e-03,5.000500000000000611e+00,1.000000000000000000e+01
1.000000000000000021e-03,5.000500000000000611e+00,1.000000000000000000e+01
1.000000000000000021e-03,5.000500000000000611e+00,1.000000000000000000e+01
1.000000000000000021e-03,5.000500000000000611e+00,1.000000000000000000e+01
1.000000000000000021e-03,5.000500000000000611e+00,1.000000000000000000e+01
1.000000000000000021e-03,5.000500000000000611e+00,1.000000000000000000e+01
1.000000000000000021e-03,5.000500000000000611e+00,1.000000000000000000e+01
1.000000000000000021e-03,5.000500000000000611e+00,1.000000000000000000e+01
1.000000000000000021e-03,5.000500000000000611e+00,1.000000000000000000e+01
1.000000000000000021e-03,5.000500000000000611e+00,1.000000000000000000e+01
1.000000000000000021e-03,5.000500000000000611e+00,1.000000000000000000e+01
1.000000000000000021e-03,5.000500000000000611e+00,1.000000000000000000e+01
1.000000000000000021e-03,5.000500000000000611e+00,1.000000000000000000e+01
1.000000000000000021e-03,5.000500000000000611e+00,1.000000000000000000e+01
1.000000000000000021e-03,5.000500000000000611e+00,1.000000000000000000e+01
1.000000000000000021e-03,5.000500000000000611e+00,1.000000000000000000e+01
1.000000000000000021e-03,5.000500000000000611e+00,1.000000000000000000e+01
1.000000000000000021e-03,5.000500000000000611e+00,1.000000000000000000e+01
1.000000000000000021e-03,5.000500000000000611e+00,1.000000000000000000e+01
1.000000000000000021e-03,5.000500000000000611e+00,1.000000000000000000e+01
1.000000000000000021e-03,5.000500000000000611e+00,1.000000000000000000e+01
1.000000000000000021e-03,5.000500000000000611e+00,1.000000000000000000e+01
1.000000000000000021e-03,5.000500000000000611e+00,1.000000000000000000e+01
1.000000000000000021e-03,5.000500000000000611e+00,1.000000000000000000e+01
