# particle radii (um) per size_bin (including water contribution to size), with size bins represented by columns and their number (starting from 1) given in second line of header, per time step which is represented by rows and corresponding times given in the time output file 
# 
2.703555127238318256e+00,7.500250000000000306e+00
2.705375116882643205e+00,7.937005259840990417e+06
2.707832887661262511e+00,7.937005259840990417e+06
2.710276906928234641e+00,7.937005259840990417e+06
2.712706266160201274e+00,7.937005259840990417e+06
2.715121030483168774e+00,7.937005259840990417e+06
2.717521271079422096e+00,7.937005259840990417e+06
2.719907061621466671e+00,7.937005259840990417e+06
2.722278478891951625e+00,7.937005259840990417e+06
2.724635601671980378e+00,7.937005259840990417e+06
2.726978510461711469e+00,7.937005259840990417e+06
2.729307287052028741e+00,7.937005259840990417e+06
2.731622014278531463e+00,7.937005259840990417e+06
2.733922775759441315e+00,7.937005259840990417e+06
2.736209655444686195e+00,7.937005259840990417e+06
2.738482737894668340e+00,7.937005259840990417e+06
2.740742107804559513e+00,7.937005259840990417e+06
2.742987849939730882e+00,7.937005259840990417e+06
2.745220049042946364e+00,7.937005259840990417e+06
2.747438789745404009e+00,7.937005259840990417e+06
2.749644157290066282e+00,7.937005259840990417e+06
2.751836234980804985e+00,7.937005259840990417e+06
2.754015106717203398e+00,7.937005259840990417e+06
2.756180856035123750e+00,7.937005259840990417e+06
2.758333566184318020e+00,7.937005259840990417e+06
2.760473319913570034e+00,7.937005259840990417e+06
2.762600199563655323e+00,7.937005259840990417e+06
2.764714287021411643e+00,7.937005259840990417e+06
2.766815663704147443e+00,7.937005259840990417e+06
2.768904410546351613e+00,7.937005259840990417e+06
2.770980607989037114e+00,7.937005259840990417e+06
2.773044335971304619e+00,7.937005259840990417e+06
2.775095673923772654e+00,7.937005259840990417e+06
2.777134700763597142e+00,7.937005259840990417e+06
2.779161494927320675e+00,7.937005259840990417e+06
2.781176134206122086e+00,7.937005259840990417e+06
2.783178696013909548e+00,7.937005259840990417e+06
2.785169257188223835e+00,7.937005259840990417e+06
2.787147894044451402e+00,7.937005259840990417e+06
2.789114682376454546e+00,7.937005259840990417e+06
2.791069697457620791e+00,7.937005259840990417e+06
2.793013014042149411e+00,7.937005259840990417e+06
2.794944706523886158e+00,7.937005259840990417e+06
2.796864848445085094e+00,7.937005259840990417e+06
2.798773512976143074e+00,7.937005259840990417e+06
2.800670772908366857e+00,7.937005259840990417e+06
2.802556700386605204e+00,7.937005259840990417e+06
2.804431367100318262e+00,7.937005259840990417e+06
2.806294844237649855e+00,7.937005259840990417e+06
2.808147202488510796e+00,7.937005259840990417e+06
2.809988512047829623e+00,7.937005259840990417e+06
2.811818842591877310e+00,7.937005259840990417e+06
2.813638263391144978e+00,7.937005259840990417e+06
2.815446843135452237e+00,7.937005259840990417e+06
2.817244650106507375e+00,7.937005259840990417e+06
2.819031752070173091e+00,7.937005259840990417e+06
2.820808216310703553e+00,7.937005259840990417e+06
2.822574109623297023e+00,7.937005259840990417e+06
2.824329498394044347e+00,7.937005259840990417e+06
2.826074448518657967e+00,7.937005259840990417e+06
2.827809025432770795e+00,7.937005259840990417e+06
