# tendency to change, top row gives equation number (%/hour)
3.600000000000000000e+01,4.600000000000000000e+01,1.300000000000000000e+01,0.000000000000000000e+00,0.000000000000000000e+00
0.000000000000000000e+00,0.000000000000000000e+00,0.000000000000000000e+00,0.000000000000000000e+00,1.324842258622187091e-56
-2.357518291527912021e+07,-2.676512177995094776e+09,2.428718030604484558e+09,0.000000000000000000e+00,-5.893795728819734603e+07
-5.118121878649913520e+07,-5.810650795753300667e+09,5.655292500929977417e+09,0.000000000000000000e+00,-1.279530469662459046e+08
-7.716312177583298087e+07,-8.760400115126327515e+09,8.647146286767698288e+09,0.000000000000000000e+00,-1.929078044395779371e+08
-1.005408131314571798e+08,-1.141449089489230919e+10,1.132643407266302299e+10,0.000000000000000000e+00,-2.513520328286348879e+08
-1.212193561374967843e+08,-1.376214488246710777e+10,1.369093688594439316e+10,0.000000000000000000e+00,-3.030483903437294960e+08
-1.393462586157708466e+08,-1.582010877639668846e+10,1.576155215970615005e+10,0.000000000000000000e+00,-3.483656465394093990e+08
-1.551467156495900750e+08,-1.761394918140568542e+10,1.756496863941447830e+10,0.000000000000000000e+00,-3.878667891239516139e+08
-1.688089625017789006e+08,-1.916503661983905792e+10,1.912376600162493134e+10,0.000000000000000000e+00,-4.220224062544171810e+08
-1.807477474826589823e+08,-2.052045784845149231e+10,2.048519108592993927e+10,0.000000000000000000e+00,-4.518693687066105008e+08
-1.910696975001094341e+08,-2.169231831806667328e+10,2.166183364793832397e+10,0.000000000000000000e+00,-4.776742437502291203e+08
-1.999559585845436454e+08,-2.270118370396013641e+10,2.267445910638506699e+10,0.000000000000000000e+00,-4.998898964613068700e+08
-2.076016926398843229e+08,-2.356921091640515518e+10,2.354531226328294373e+10,0.000000000000000000e+00,-5.190042315996504426e+08
-2.141931042140318751e+08,-2.431753992881548691e+10,2.429637756075423431e+10,0.000000000000000000e+00,-5.354827605350109339e+08
-2.198510058459941149e+08,-2.495988669975106812e+10,2.494068278592925644e+10,0.000000000000000000e+00,-5.496275146149078608e+08
-2.247361023373581767e+08,-2.551449619299674225e+10,2.549681899837993240e+10,0.000000000000000000e+00,-5.618402558433090448e+08
-2.288929730417032838e+08,-2.598642954352527618e+10,2.596973002220442581e+10,0.000000000000000000e+00,-5.722324326041628122e+08
-2.324874372564467788e+08,-2.639451236853247833e+10,2.637886071780121231e+10,0.000000000000000000e+00,-5.812185931410124302e+08
-2.355523391811917722e+08,-2.674247350017756653e+10,2.672732926465219498e+10,0.000000000000000000e+00,-5.888808479528656006e+08
-2.381926557810109854e+08,-2.704223106976141739e+10,2.702776213578249359e+10,0.000000000000000000e+00,-5.954816394524041414e+08
-2.404117346642730534e+08,-2.729416513433800125e+10,2.727962663325576019e+10,0.000000000000000000e+00,-6.010293366605497599e+08
-2.423260757469412088e+08,-2.751150203641043091e+10,2.749760589364686203e+10,0.000000000000000000e+00,-6.058151893672107458e+08
-2.439472389182892740e+08,-2.769555418082955170e+10,2.768175965558835983e+10,0.000000000000000000e+00,-6.098680972955710888e+08
-2.453193999845512211e+08,-2.785133688746724701e+10,2.783762668786396027e+10,0.000000000000000000e+00,-6.132984999612162113e+08
-2.464906386496068537e+08,-2.798430868928212738e+10,2.797043705794295502e+10,0.000000000000000000e+00,-6.162265966238454580e+08
-2.474690707926762700e+08,-2.809539098949918747e+10,2.808147225098051834e+10,0.000000000000000000e+00,-6.186726769815093279e+08
-2.483062323085829318e+08,-2.819043470561053848e+10,2.817625606741204453e+10,0.000000000000000000e+00,-6.207655807712659836e+08
-2.490043709557765722e+08,-2.826969502769829941e+10,2.825530368212490845e+10,0.000000000000000000e+00,-6.225109273892402649e+08
-2.495879834389790595e+08,-2.833595308915787888e+10,2.832131283273889923e+10,0.000000000000000000e+00,-6.239699585972366333e+08
-2.500750394970807731e+08,-2.839124901095667267e+10,2.837632475629401779e+10,0.000000000000000000e+00,-6.251875987424808741e+08
-2.504771595971820354e+08,-2.843690207540183258e+10,2.842167756694120789e+10,0.000000000000000000e+00,-6.261928989927241802e+08
-2.508061484048504531e+08,-2.847425247702174377e+10,2.845871232549934387e+10,0.000000000000000000e+00,-6.270153710118851662e+08
-2.510727704256459475e+08,-2.850452232002339935e+10,2.848854554926891327e+10,0.000000000000000000e+00,-6.276819260638638735e+08
-2.512867328841917217e+08,-2.852881367453757095e+10,2.851256645896823883e+10,0.000000000000000000e+00,-6.282168322102184296e+08
-2.514528104234701693e+08,-2.854766861016915131e+10,2.853105803399559784e+10,0.000000000000000000e+00,-6.286320260584045649e+08
-2.515800501301987767e+08,-2.856211425098591614e+10,2.854508808660866928e+10,0.000000000000000000e+00,-6.289501253252160549e+08
-2.516741590695429742e+08,-2.857279852533993149e+10,2.855552574537833405e+10,0.000000000000000000e+00,-6.291853976735665798e+08
-2.517398054675896466e+08,-2.858025142122815704e+10,2.856252957780872726e+10,0.000000000000000000e+00,-6.293495136686732769e+08
-2.517807942822120786e+08,-2.858490491901405716e+10,2.856749038779082489e+10,0.000000000000000000e+00,-6.294519857052192688e+08
-2.518025701472460926e+08,-2.858737715297972488e+10,2.856873839224088669e+10,0.000000000000000000e+00,-6.295064253677942753e+08
-2.518061600121025443e+08,-2.858778471363535690e+10,2.856917936951990891e+10,0.000000000000000000e+00,-6.295154000299254656e+08
-2.517957617396692634e+08,-2.858660418821174240e+10,2.856758477024081039e+10,0.000000000000000000e+00,-6.294894043488321304e+08
-2.517735218542657793e+08,-2.858407927358717728e+10,2.856484838813866043e+10,0.000000000000000000e+00,-6.294338046353135109e+08
-2.517414818064099848e+08,-2.858044173751469803e+10,2.856081435781262589e+10,0.000000000000000000e+00,-6.293537045156639814e+08
-2.517016869221501648e+08,-2.857592378773988342e+10,2.855609856182497787e+10,0.000000000000000000e+00,-6.292542173050043583e+08
-2.516552191431616247e+08,-2.857064825809525299e+10,2.855044802395543289e+10,0.000000000000000000e+00,-6.291380478575230837e+08
-2.516041345581766367e+08,-2.856484857822377014e+10,2.854446748797348022e+10,0.000000000000000000e+00,-6.290103363950505257e+08
-2.515485270882045925e+08,-2.855853541106394577e+10,2.853779888178056717e+10,0.000000000000000000e+00,-6.288713177201105356e+08
-2.514906912360246778e+08,-2.855196925362454987e+10,2.853106418662119293e+10,0.000000000000000000e+00,-6.287267280896506310e+08
-2.514301800626951158e+08,-2.854509936451686859e+10,2.852353265674925613e+10,0.000000000000000000e+00,-6.285754501563168764e+08
-2.513681379714223742e+08,-2.853805566888843536e+10,2.851663028576622009e+10,0.000000000000000000e+00,-6.284203449281250238e+08
-2.513048151872842014e+08,-2.853086657502225113e+10,2.850912253729517365e+10,0.000000000000000000e+00,-6.282620379677695036e+08
-2.512417292464480996e+08,-2.852370437019377518e+10,2.850181589321640015e+10,0.000000000000000000e+00,-6.281043231156693697e+08
-2.511778415509113967e+08,-2.851645114141745758e+10,2.849426216552813339e+10,0.000000000000000000e+00,-6.279446038768174648e+08
-2.511150316093862355e+08,-2.850932027104434586e+10,2.848699530816271591e+10,0.000000000000000000e+00,-6.277875790229947567e+08
-2.510519543358766735e+08,-2.850215905022541046e+10,2.847954814985658646e+10,0.000000000000000000e+00,-6.276298858392108679e+08
-2.509904183459083140e+08,-2.849517281274309158e+10,2.847243541072228622e+10,0.000000000000000000e+00,-6.274760458642798662e+08
-2.509290872215556800e+08,-2.848820983384235764e+10,2.846520302680952835e+10,0.000000000000000000e+00,-6.273227180533883572e+08
-2.508694996267843246e+08,-2.848144479945700455e+10,2.845831963244717789e+10,0.000000000000000000e+00,-6.271737490664501190e+08
-2.508105484489168525e+08,-2.847475201806750107e+10,2.845137348025886154e+10,0.000000000000000000e+00,-6.270263711217713356e+08
-2.507533296732705832e+08,-2.846825591789395905e+10,2.844476600264610291e+10,0.000000000000000000e+00,-6.268833241826456785e+08
-2.506971600782744884e+08,-2.846187893216365433e+10,2.843815404355194473e+10,0.000000000000000000e+00,-6.267429001951454878e+08
-2.506425952232593298e+08,-2.845568413403786850e+10,2.843185325479701996e+10,0.000000000000000000e+00,-6.266064880575976372e+08
-2.505895333796662688e+08,-2.844965997417984772e+10,2.842560929024008179e+10,0.000000000000000000e+00,-6.264738334486050606e+08
-2.505377391566135883e+08,-2.844377972844651031e+10,2.841962856999813843e+10,0.000000000000000000e+00,-6.263443478909634352e+08
-2.504879628591827750e+08,-2.843812857966315079e+10,2.841378643598712158e+10,0.000000000000000000e+00,-6.262199071473762989e+08
-2.504389002589098215e+08,-2.843255845757389450e+10,2.840820331723944855e+10,0.000000000000000000e+00,-6.260972506466840506e+08
-2.503914115868493915e+08,-2.842716702500078201e+10,2.840259540034277344e+10,0.000000000000000000e+00,-6.259785289665229321e+08
-2.503460283626511395e+08,-2.842201462585801315e+10,2.839732367511740112e+10,0.000000000000000000e+00,-6.258650709060174227e+08
-2.503013682862229645e+08,-2.841694432634603119e+10,2.839206768286912918e+10,0.000000000000000000e+00,-6.257534207149369717e+08
-2.502580351768431664e+08,-2.841202467862231445e+10,2.838710076607431412e+10,0.000000000000000000e+00,-6.256450879414776564e+08
-2.502159478388295472e+08,-2.840724646446644974e+10,2.838214778399142456e+10,0.000000000000000000e+00,-6.255398695964336395e+08
-2.501756162194945514e+08,-2.840266757866537857e+10,2.837749261070965576e+10,0.000000000000000000e+00,-6.254390405480861664e+08
-2.501365095800628662e+08,-2.839822776595828247e+10,2.837288275110658264e+10,0.000000000000000000e+00,-6.253412739494969845e+08
-2.500986707626194060e+08,-2.839393189024642563e+10,2.836829167767988586e+10,0.000000000000000000e+00,-6.252466769058784246e+08
-2.500618507136839032e+08,-2.838975167625935364e+10,2.836424854971350861e+10,0.000000000000000000e+00,-6.251546267835297585e+08
-2.500265418437843323e+08,-2.838574302781674957e+10,2.836009099663737106e+10,0.000000000000000000e+00,-6.250663546087708473e+08
-2.499921058893532753e+08,-2.838183348226934814e+10,2.835592863110343552e+10,0.000000000000000000e+00,-6.249802647226833105e+08
-2.499585729832017124e+08,-2.837802646062286758e+10,2.835222388090483856e+10,0.000000000000000000e+00,-6.248964324572944641e+08
-2.499265783455440402e+08,-2.837439408001190948e+10,2.834851690231108475e+10,0.000000000000000000e+00,-6.248164458631403446e+08
-2.498952367329589427e+08,-2.837083583793745422e+10,2.834481293020862198e+10,0.000000000000000000e+00,-6.247380918316677809e+08
-2.498649995973356068e+08,-2.836740298814730072e+10,2.834112851720862961e+10,0.000000000000000000e+00,-6.246624989925993681e+08
-2.498355530252351165e+08,-2.836405989176029205e+10,2.833790901796039200e+10,0.000000000000000000e+00,-6.245888825623382330e+08
-2.498073885370889902e+08,-2.836086235154263687e+10,2.833464250530465317e+10,0.000000000000000000e+00,-6.245184713419630527e+08
-2.497799173092612028e+08,-2.835774351780591583e+10,2.833139316644952393e+10,0.000000000000000000e+00,-6.244497932723835707e+08
-2.497531489177670181e+08,-2.835470447772393799e+10,2.832829548507432556e+10,0.000000000000000000e+00,-6.243828722936382294e+08
-2.497273023111805916e+08,-2.835177008872949982e+10,2.832530957590672684e+10,0.000000000000000000e+00,-6.243182557771621943e+08
-2.497024784818540514e+08,-2.834895181657714462e+10,2.832243001624979782e+10,0.000000000000000000e+00,-6.242561962038359642e+08
-2.496783935334737897e+08,-2.834621743025751877e+10,2.831958635992451096e+10,0.000000000000000000e+00,-6.241959838328753710e+08
-2.496547163375424445e+08,-2.834352933644807816e+10,2.831683857391549301e+10,0.000000000000000000e+00,-6.241367908430371284e+08
-2.496318423452686667e+08,-2.834093243108788681e+10,2.831419489936471558e+10,0.000000000000000000e+00,-6.240796058623427153e+08
-2.496098533684742451e+08,-2.833843600234824753e+10,2.831164433080776978e+10,0.000000000000000000e+00,-6.240246334203467369e+08
-2.495885657603040636e+08,-2.833601920063296127e+10,2.830916784566522598e+10,0.000000000000000000e+00,-6.239714143999114037e+08
-2.495679097765702307e+08,-2.833367410782028580e+10,2.830676306933066940e+10,0.000000000000000000e+00,-6.239197744405668974e+08
-2.495478344626882374e+08,-2.833139493898943329e+10,2.830442470070934296e+10,0.000000000000000000e+00,-6.238695861558519602e+08
-2.495283475920515358e+08,-2.832918257666089249e+10,2.830215578041458130e+10,0.000000000000000000e+00,-6.238208689792503119e+08
-2.495094046538218260e+08,-2.832703196747830582e+10,2.829994922214836121e+10,0.000000000000000000e+00,-6.237735116336661577e+08
-2.494910015298568904e+08,-2.832494264390519333e+10,2.829780596381945419e+10,0.000000000000000000e+00,-6.237275038237439394e+08
-2.494731130386687517e+08,-2.832291174706409454e+10,2.829572231095519638e+10,0.000000000000000000e+00,-6.236827825957635641e+08
-2.494557233128404319e+08,-2.832093747551257706e+10,2.829369671999161530e+10,0.000000000000000000e+00,-6.236393082811828852e+08
-2.494388131113085151e+08,-2.831901764479502869e+10,2.829172680657751083e+10,0.000000000000000000e+00,-6.235970327773431540e+08
-2.494223677839848697e+08,-2.831715059167348862e+10,2.828981101246551514e+10,0.000000000000000000e+00,-6.235559194590241909e+08
-2.494063800789254904e+08,-2.831533549282808685e+10,2.828794877790105820e+10,0.000000000000000000e+00,-6.235159501963658333e+08
-2.493908350173934102e+08,-2.831357064770905685e+10,2.828613806459200668e+10,0.000000000000000000e+00,-6.234770875425256491e+08
-2.493757178897958994e+08,-2.831185438632281876e+10,2.828437715031416702e+10,0.000000000000000000e+00,-6.234392947235219479e+08
-2.493610111518999636e+08,-2.831018471685647583e+10,2.828266385758154297e+10,0.000000000000000000e+00,-6.234025278787722588e+08
-2.493467045160878003e+08,-2.830856047134733200e+10,2.828099725351636887e+10,0.000000000000000000e+00,-6.233667612892318964e+08
-2.493327908299011290e+08,-2.830698083777022171e+10,2.827937663195510864e+10,0.000000000000000000e+00,-6.233319770737553835e+08
-2.493192476030181348e+08,-2.830544326277825165e+10,2.827779874774514771e+10,0.000000000000000000e+00,-6.232981190065380335e+08
-2.493060623767137825e+08,-2.830394633192091370e+10,2.827626250535710907e+10,0.000000000000000000e+00,-6.232651559407670498e+08
-2.492932236731730700e+08,-2.830248874211133194e+10,2.827476659321342087e+10,0.000000000000000000e+00,-6.232330591819053888e+08
-2.492807178149594367e+08,-2.830106894053755951e+10,2.827330930678137970e+10,0.000000000000000000e+00,-6.232017945363614559e+08
-2.492685421945206523e+08,-2.829968663116180038e+10,2.827189080171095657e+10,0.000000000000000000e+00,-6.231713554852546453e+08
-2.492566811421541274e+08,-2.829834003498831558e+10,2.827050870052332687e+10,0.000000000000000000e+00,-6.231417028543283939e+08
-2.492451242978945076e+08,-2.829702797584072876e+10,2.826916199194340897e+10,0.000000000000000000e+00,-6.231128107436693907e+08
-2.492338643019604981e+08,-2.829574961815630341e+10,2.826784994078964615e+10,0.000000000000000000e+00,-6.230846607538244724e+08
-2.492228916729911268e+08,-2.829450388550740814e+10,2.826657134344831467e+10,0.000000000000000000e+00,-6.230572291813911200e+08
-2.492121992658256590e+08,-2.829328996669739151e+10,2.826532546284675598e+10,0.000000000000000000e+00,-6.230304981634675264e+08
-2.492017715214154422e+08,-2.829210609529315948e+10,2.826411008653066254e+10,0.000000000000000000e+00,-6.230044288024321795e+08
-2.491916019321449697e+08,-2.829095153247914505e+10,2.826292483497640228e+10,0.000000000000000000e+00,-6.229790048292461634e+08
-2.491816865540838540e+08,-2.828982583049729919e+10,2.826176937554713440e+10,0.000000000000000000e+00,-6.229542163840833902e+08
-2.491720137855549455e+08,-2.828872767219857025e+10,2.826064198748321915e+10,0.000000000000000000e+00,-6.229300344627512693e+08
-2.491625775704245269e+08,-2.828765637002452087e+10,2.825954221026286316e+10,0.000000000000000000e+00,-6.229064439249151945e+08
-2.491533706170285344e+08,-2.828661109614583206e+10,2.825846912784473801e+10,0.000000000000000000e+00,-6.228834265414153337e+08
-2.491443841166303456e+08,-2.828559085049854279e+10,2.825742162235889435e+10,0.000000000000000000e+00,-6.228609602904099226e+08
-2.491356112533667982e+08,-2.828459485927145386e+10,2.825639898036360550e+10,0.000000000000000000e+00,-6.228390281322412491e+08
-2.491270470988411605e+08,-2.828362256293914032e+10,2.825540071906635284e+10,0.000000000000000000e+00,-6.228176177459172010e+08
-2.491186854552961588e+08,-2.828267325786453247e+10,2.825442604596680069e+10,0.000000000000000000e+00,-6.227967136370447874e+08
-2.491105175581312180e+08,-2.828174594899447632e+10,2.825347378135447693e+10,0.000000000000000000e+00,-6.227762938941226006e+08
-2.491025411750997603e+08,-2.828084038289996338e+10,2.825254401641937637e+10,0.000000000000000000e+00,-6.227563529365340471e+08
-2.490947509294370115e+08,-2.827995594915194702e+10,2.825163595325434494e+10,0.000000000000000000e+00,-6.227368773223673105e+08
-2.490871387576660216e+08,-2.827909173229648209e+10,2.825074848401593781e+10,0.000000000000000000e+00,-6.227178468929297924e+08
-2.490796991108299792e+08,-2.827824710235540390e+10,2.824988108293517685e+10,0.000000000000000000e+00,-6.226992477758297920e+08
-2.490724280041740835e+08,-2.827742160693583679e+10,2.824903337062414932e+10,0.000000000000000000e+00,-6.226810700091801882e+08
-2.490653197187634408e+08,-2.827661459676184845e+10,2.824820456681318665e+10,0.000000000000000000e+00,-6.226632992956436872e+08
-2.490583695393514633e+08,-2.827582553650716400e+10,2.824739417022665405e+10,0.000000000000000000e+00,-6.226459238471039534e+08
-2.490515738005103171e+08,-2.827505401003238678e+10,2.824660181681399918e+10,0.000000000000000000e+00,-6.226289344999910593e+08
-2.490449289845908880e+08,-2.827429961797558594e+10,2.824582710760478973e+10,0.000000000000000000e+00,-6.226123224601826668e+08
-2.490384300625507534e+08,-2.827356178938495255e+10,2.824506934631966019e+10,0.000000000000000000e+00,-6.225960751550724506e+08
-2.490320727032086551e+08,-2.827284003253750229e+10,2.824432806296834946e+10,0.000000000000000000e+00,-6.225801817567073107e+08
-2.490258521372258365e+08,-2.827213380596582031e+10,2.824360265498400497e+10,0.000000000000000000e+00,-6.225646303417403698e+08
-2.490197650937125981e+08,-2.827144273832279587e+10,2.824289283847967148e+10,0.000000000000000000e+00,-6.225494127329473495e+08
-2.490138073717037737e+08,-2.827076635266899109e+10,2.824219804475709534e+10,0.000000000000000000e+00,-6.225345184279153347e+08
-2.490079759121074378e+08,-2.827010430170288849e+10,2.824151799732001495e+10,0.000000000000000000e+00,-6.225199397789145708e+08
-2.490022673366673589e+08,-2.826945620188795471e+10,2.824085227237735748e+10,0.000000000000000000e+00,-6.225056683403044939e+08
-2.489966778375779390e+08,-2.826882162092052841e+10,2.824020037856551361e+10,0.000000000000000000e+00,-6.224916945925710201e+08
-2.489912045539653897e+08,-2.826820023400296783e+10,2.823956205449083328e+10,0.000000000000000000e+00,-6.224780113835297823e+08
-2.489858448231707513e+08,-2.826759173884116364e+10,2.823893700658570099e+10,0.000000000000000000e+00,-6.224646120565333366e+08
-2.489805948674804270e+08,-2.826699570654781342e+10,2.823832467996174622e+10,0.000000000000000000e+00,-6.224514871672976017e+08
-2.489754519760703146e+08,-2.826641182936057281e+10,2.823772484748297501e+10,0.000000000000000000e+00,-6.224386299387624264e+08
-2.489704130318360031e+08,-2.826583975339170837e+10,2.823713709363465881e+10,0.000000000000000000e+00,-6.224260325781667233e+08
-2.489654758482239246e+08,-2.826527923039979172e+10,2.823656125650522995e+10,0.000000000000000000e+00,-6.224136896191266775e+08
-2.489606373029602170e+08,-2.826472990591019440e+10,2.823599686029298019e+10,0.000000000000000000e+00,-6.224015932559574842e+08
-2.489558949949237406e+08,-2.826419150732143021e+10,2.823544369561922836e+10,0.000000000000000000e+00,-6.223897374858564138e+08
-2.489512464644197524e+08,-2.826366375538209534e+10,2.823490146157525253e+10,0.000000000000000000e+00,-6.223781161595865488e+08
-2.489466407976596355e+08,-2.826314086980298615e+10,2.823444531048593521e+10,0.000000000000000000e+00,-6.223666019926763773e+08
-2.489422120528320372e+08,-2.826263807033343887e+10,2.823384936057648849e+10,0.000000000000000000e+00,-6.223555301305975914e+08
-2.489378379590557814e+08,-2.826214147544796371e+10,2.823333809420603180e+10,0.000000000000000000e+00,-6.223445948961468935e+08
-2.489335435870358944e+08,-2.826165393144674301e+10,2.823283671929340744e+10,0.000000000000000000e+00,-6.223338589660873413e+08
-2.489292904889645278e+08,-2.826117107331481934e+10,2.823240893760993576e+10,0.000000000000000000e+00,-6.223232262208989859e+08
-2.489251813468424082e+08,-2.826070455863408279e+10,2.823186216410433197e+10,0.000000000000000000e+00,-6.223129533655837774e+08
-2.489211310390393138e+08,-2.826024472346765137e+10,2.823138892318866348e+10,0.000000000000000000e+00,-6.223028275960661173e+08
-2.489171214116244614e+08,-2.825978950678306961e+10,2.823097929010299301e+10,0.000000000000000000e+00,-6.222928035275192261e+08
-2.489132310629582107e+08,-2.825934783192441559e+10,2.823046753755957794e+10,0.000000000000000000e+00,-6.222830776558436155e+08
-2.489093756166216433e+08,-2.825891011955931854e+10,2.823006868464698410e+10,0.000000000000000000e+00,-6.222734390399923325e+08
-2.489056231281298399e+08,-2.825848409609293747e+10,2.822957953012984467e+10,0.000000000000000000e+00,-6.222640578187528849e+08
-2.489019276968090832e+08,-2.825806455037961578e+10,2.822916649354146957e+10,0.000000000000000000e+00,-6.222548192404412031e+08
-2.488983809513302743e+08,-2.825766188510654449e+10,2.822873159761996841e+10,0.000000000000000000e+00,-6.222459523767342567e+08
-2.488948318256233037e+08,-2.825725894960398102e+10,2.822832175990573120e+10,0.000000000000000000e+00,-6.222370795624569654e+08
-2.488913349147011340e+08,-2.825686194209391403e+10,2.822791270496206284e+10,0.000000000000000000e+00,-6.222283372851415873e+08
-2.488878866838527918e+08,-2.825647046127735901e+10,2.822753254632495499e+10,0.000000000000000000e+00,-6.222197167080109119e+08
-2.488845344089321792e+08,-2.825608987442544556e+10,2.822711491298205948e+10,0.000000000000000000e+00,-6.222113360206995010e+08
-2.488813317180130482e+08,-2.825572626998266220e+10,2.822675049514255905e+10,0.000000000000000000e+00,-6.222033292933917046e+08
-2.488780755203979015e+08,-2.825535659087551880e+10,2.822636656701831436e+10,0.000000000000000000e+00,-6.221951887993440628e+08
-2.488748630591570437e+08,-2.825499187719913101e+10,2.822599056194672012e+10,0.000000000000000000e+00,-6.221871576462318897e+08
-2.488717023494696319e+08,-2.825463303892416000e+10,2.822562944406157303e+10,0.000000000000000000e+00,-6.221792558720035553e+08
-2.488686409649603069e+08,-2.825428547712792206e+10,2.822526689500506210e+10,0.000000000000000000e+00,-6.221716024107203484e+08
-2.488655977587417662e+08,-2.825393997912973404e+10,2.822490987300478363e+10,0.000000000000000000e+00,-6.221639943951641321e+08
-2.488625941838699877e+08,-2.825359898051476288e+10,2.822457666019468307e+10,0.000000000000000000e+00,-6.221564854579747915e+08
-2.488597117203203738e+08,-2.825327173177947617e+10,2.822421964044446564e+10,0.000000000000000000e+00,-6.221492792990908623e+08
-2.488568257774732113e+08,-2.825294408803634262e+10,2.822388680338240814e+10,0.000000000000000000e+00,-6.221420644419630766e+08
