2.974369339191229665e+04 1.206202772178763336e-04
5.181139371449370728e+11 2.229209429537917913e+03
1.398318908921817064e+09 8.598733803599837984e+02
1.172314566552773094e+10 -3.010296210308798592e+01
1.286933564126282959e+11 1.961788967765317295e+02
8.017967744339334313e+05 5.302329968209400397e-03
2.447526370158825682e+00 1.053059616690816028e-08
9.375295313992785290e+06 8.567286492747475113e-02
1.379477241023635864e+07 7.403313756712458227e-02
8.863986266830952168e+08 6.629957980742834378e-02
6.998500622540818155e+07 3.679928157178659376e+02
1.122486795147311211e+10 1.266794064919812627e+04
4.919677575202071190e+09 -1.535493389315481920e+02
1.398372127989808559e+09 1.014713325938844974e+02
1.888826687388843155e+10 -2.013699602701020240e+03
4.900267927956018448e+09 9.021761885160621830e+00
0.000000000000000000e+00 0.000000000000000000e+00
0.000000000000000000e+00 0.000000000000000000e+00
0.000000000000000000e+00 0.000000000000000000e+00
1.208299563220167458e+08 -9.289046382926036927e+01
0.000000000000000000e+00 0.000000000000000000e+00
2.780744332555964355e+11 -1.040494090999821992e+03
7.240023404054974206e+06 2.226122488951786868e-02
3.840386821485060733e+06 1.758619114886924087e-02
6.855544151385799090e+00 3.844341392338377730e-09
5.027399043892551767e+00 2.819185751149095682e-09
9.341854763502626419e+08 2.469202027662455556e+00
5.447648835273665190e+08 1.951314076803478903e+00
1.311247916932504326e+08 5.258293809183997025e-01
1.284094773713088483e+08 -2.001545612319443279e+01
8.152994669733724109e-01 -1.965457212069847154e-09
1.318063412826950836e+10 -2.791371210530244866e+02
6.172360269373808056e+07 -4.161918632587645384e+00
9.733212467110831101e-01 8.718198638122527157e-10
2.206402820824937820e+10 -1.168258445574807354e+02
4.452330427705087513e+07 -9.313836879065553020e+00
2.945678233363843337e+07 3.975616703727494899e-02
2.163771460406120121e+07 5.002582872532612690e-02
7.394308717580462107e+05 4.119012696673403774e-04
7.965528698352713883e+07 1.630708887355007131e-01
1.466321071911465836e+10 -5.902566582091222926e+02
8.148752452458731454e+01 -6.218119706497055645e-08
4.669790481553072333e+08 -4.906729896347007980e+01
7.462057754239546776e+09 -9.758677309455985949e+01
4.855856557101408555e+01 4.519444758317242456e-08
4.113636819843986034e+09 2.229268393610367127e+01
1.111169787749216557e+09 -1.015214702280650361e+00
7.074898615790455341e+08 -6.760942996399527116e-01
1.295114257525536772e+01 1.805797743980908082e-08
5.152233480286906706e+05 1.023343395014718327e-03
8.518624440743078613e+10 1.308585499259212526e+01
2.553657501823814164e+04 -5.746348086332641637e-03
2.697298310219218209e+07 9.024217749243286513e-02
4.105871991490261555e+08 -1.437677064479380995e+01
3.317003341791574300e+00 -5.866841092778250359e-09
2.731949062352997717e+06 -2.752729483744129069e-01
2.451474720351420939e+08 -1.165940101041960553e+00
2.602287486932458815e+00 3.307873941790172751e-10
1.123075054640494287e+08 -2.276471488972734392e+01
2.392365944046031311e+07 -2.369042349978089845e+01
6.720490800050169230e+08 -8.054814948576020583e+01
1.223033303941342115e+09 -5.605892126873476400e+01
1.018808775731950283e+09 -4.465894921939235207e-01
4.007265904608821216e+01 -4.888573834719087175e-08
8.541417665640425682e+07 -6.777216189531583446e+00
1.322503461364514351e+09 -1.293269785086775414e+02
3.032136851387092972e+10 -7.529898727485010568e+02
4.513531419781918526e+09 -2.961986513285746359e+00
9.815729134900596738e+07 3.456189186391719903e-01
8.745420484346033633e+07 5.744158034865303186e-01
4.577593301115797949e+05 -9.888111564694033184e-01
2.876328226119355055e-03 -7.594791150020731573e-10
1.207031522554024607e+08 -4.602559692285647763e+00
2.877534745568354797e+10 -4.385935006746104818e+02
2.664821072219753638e+07 1.730788663278263291e-03
1.516215217316966038e+06 -2.043885266225965378e-02
1.151633460972963715e+10 5.355879941287865904e+02
3.654185414943190990e+05 -9.763740440887947597e-03
7.679245662933605490e+05 -2.750309263209099395e-02
6.283344137567023188e+07 -3.283000166361787087e-03
3.379835440497200470e+05 3.267057227176378698e-02
9.067857064364845864e+05 7.488707135968458717e-01
5.040754623487363569e+05 -9.178026812921251734e-03
6.683665201834375039e+06 3.237588722621453363e-01
3.552145150499950349e+07 5.094271135010016716e-01
6.061988520728528500e+07 4.375480940026766907e-01
6.601810995753856897e+08 -5.934392042095558706e-01
1.224166875736931562e+09 -1.336549557806804511e+00
1.730007436810741410e+02 1.636514613752553343e-07
9.070822734673241153e+06 2.185786705729337448e-02
1.247984742796219349e+09 -3.402205802523801026e+01
3.181543194775610566e+08 6.264797021953930622e-01
9.407661701410754418e+00 3.247391785296375962e-08
6.031303651090697385e+05 -6.052301698683901221e-02
2.174624282767433760e+04 -6.374841122244274613e-03
2.730961297439897060e+08 -3.043461406262885749e+00
2.157075669539460540e+08 -2.438317183489108420e+00
2.708041000836051371e+00 -7.919583056842164442e-09
1.282210504418292985e+05 -1.773293598146797722e-03
4.306543760712210900e-01 -7.506692490504018088e-09
1.751958927703011036e+07 -2.681534494429148818e+00
5.581716671545593999e+06 -4.788798878005873227e-01
1.282101990345358849e+09 -1.076577697413940626e+02
1.645431560020755278e+06 -3.758591758304303809e-01
5.326838116881124675e+06 -2.053489331488681735e+00
3.810429327125011086e+08 -1.674343141096553040e+02
1.101943811758169904e+07 -1.887907477650836441e+00
4.447254195363544160e-01 -1.789196495938752082e-08
1.028976395097352147e+09 -6.118436502860807025e+01
7.081856469993166314e+00 -2.642606967049834065e-08
5.238969036009177216e+05 -2.600354741834514510e-02
2.055300356054903008e+06 3.506748432278844696e+00
3.481352318882173300e+08 1.101499186877596458e+03
3.811725877745608985e+07 4.999234464711023520e+02
1.053439861445592818e-01 1.498394114914950015e-07
6.143422523809738411e-02 -1.279888425005139198e-09
3.045929388033948839e+06 -3.585456710273848269e-01
1.445807892864281079e+06 4.685812617379446210e-01
9.638782916493429244e+07 7.187804275428939604e+01
1.055017790759852827e+08 1.438659335424479764e+02
3.244979283904364333e+07 1.124921754326633483e+01
7.459142731974119186e+09 4.092492609728591560e+03
1.280495194676566273e+08 6.074024974103297225e+00
3.009339379896805156e+06 1.408216339460613753e+00
3.756725449582579586e+02 4.527653215808127119e-06
6.357775000663067400e+07 1.010695958772316105e+00
3.967310873638913035e+07 4.844600722995524933e+01
5.593129056628303528e+08 2.204758012700564596e+00
2.396299567435634434e+08 -8.934516308209076385e+00
6.504082101557224327e+00 3.032565885728558613e-08
4.017582506504083518e+06 1.118730168858042204e-02
2.507542442174168110e+09 -1.070164822438571228e+01
7.666497756415946782e+07 4.466568439459835949e-01
3.806728169709757785e+05 -8.563808492061194544e-01
2.448318120982484556e-03 -8.121626908374006409e-10
2.749306079796474427e+07 -1.136144839395624752e-02
2.416928131146028754e+05 -1.063817150893520830e-02
6.860641552742554341e+05 -1.299498232464264651e-02
2.424987017138855457e+09 -2.270409247925694984e+01
6.998726669172622496e+05 -3.028056459360598321e-02
5.494853942760007828e+07 -1.348949528012197141e-01
8.378153347909208387e+05 1.330781979155856831e+00
2.941927206559495926e+09 1.456294149406300953e+01
1.633517353707197122e+06 -1.091475293130449720e-01
3.244815690468645189e+06 -1.782341244964237570e-02
7.386165723633205891e+08 6.655838024054111512e-01
4.861442371877258420e+08 1.390484611047391628e+00
7.609383968955656385e+00 2.454220772940912690e-08
3.450036528643186903e+05 4.348200777008733920e-04
1.936674758689442024e+04 -7.248732752443917855e-03
1.329466539463195652e+08 -7.780093666127830820e-01
5.409530453165935278e+08 -4.317022447658648510e+00
5.055813662872233749e+01 -1.645880357582007498e-07
2.229464464382906444e+06 -5.607933813036220655e-03
1.087501527824664954e+06 -3.319640139925685851e-01
4.934011314937553834e+05 -2.301230022861013719e-02
3.504782238178303465e+06 -1.428591294758318364e+00
2.484578811924758554e+08 -1.137640768654586054e+02
8.530042207958854735e+06 -8.232434015734634292e-01
5.049205196350263432e+06 -4.381840562371520087e-01
2.701729381176942280e+00 -6.393471394763644098e-08
4.542801637685151945e+03 -8.216785889576293592e-04
7.819362228484135121e+06 -4.878625707264355044e-02
1.117221965678453259e+07 -3.009802991030934738e+00
7.884842476405379275e-02 -3.950199512147072552e-09
7.593565000815851688e+08 -2.792452704659839924e+01
5.164742757832158804e+08 -4.211978551508342328e+00
5.694600428701247274e+00 -3.474017587485282947e-08
3.791035729581523919e+05 -3.299979538325988754e-02
1.056006242540290207e+07 4.995236141677757757e+01
9.394604658087683802e-02 1.532536074245085419e-07
1.932958138558128150e+06 1.301664173135457306e-02
4.166596666829432361e+06 2.080320336433480813e-02
9.753007906379288062e+06 -5.359486876368015906e+00
3.510037395925813355e+06 -2.628902670245847895e-01
1.803503769274848700e+09 -1.928705490169300674e+03
1.151087553133020923e+07 -3.123140296712485497e-01
1.892805227064628601e+09 -3.663425913620416452e+01
5.642519048564276099e+07 2.958931510290564448e-01
2.386271416161852831e+05 -3.163877940779590836e-01
2.515203857800245996e-02 -9.785289701933651453e-09
7.374990847330803983e+06 -1.931504585232795224e+00
5.590324073483695276e+06 -1.295862778430435958e+00
5.132184401882872865e-02 -3.006574604738434354e-09
1.882037150129935518e+07 -3.355519341558743207e+01
5.353389052171211224e+05 -2.286380778839974537e-01
5.736527667878624052e+05 -1.401442688834277084e-02
5.015983922789876908e+07 -1.398518252019329999e+00
9.435097482177350336e-01 -7.990888266410054180e-09
6.087074074244052172e+05 -3.287238972590565689e-02
6.432506796755114794e+08 3.043094607030180327e+02
4.259851523408540338e+07 -1.764084415123654825e-01
7.562287213240027195e+05 1.330421583822423148e+00
2.264897514103638381e+07 -2.669347097666938229e+00
7.205339367538690567e+06 -3.255144482705264464e-01
1.671508740049325943e+09 -7.240463323431281140e+01
4.731513293169393390e+07 -1.869520975523996764e+00
4.905992614214613190e-01 1.036540612419719236e-09
3.498855701448987126e+08 -1.053973739665924256e+02
5.577392811679337174e+06 -6.758348169609919021e-01
4.635213770835135877e+07 -2.262372800078328439e+01
4.310949780765438999e-01 -3.763336587346941210e-08
3.930979792026434094e+07 -5.177019938426814072e+00
1.188130826069157362e+09 -2.118001457198561752e+02
3.912881456829752326e+08 7.368069101929954900e-01
6.422037735093352850e+00 1.801806579141505712e-08
9.745496159841452027e+05 -2.667217836341730930e+00
3.955950205257839989e+05 -2.472060170965992287e-02
4.805017933959705260e+03 -1.188461373549426492e-02
1.169211851937739266e+04 -3.846653100048524204e-02
5.413099343933800235e+06 -3.326860695418574765e-01
3.483216516681209207e+06 -2.602971382537422329e-01
2.244650722441579926e+00 -6.285972175865461692e-08
2.524238177966214607e+03 -1.658053828069089091e-04
9.535265991182220168e+05 9.503880739958550650e-02
9.497349824107658118e+06 -2.689430055194338642e+00
6.854806970078264339e-02 -4.167620430712269281e-09
3.990405278371263761e+06 3.402331870508005368e-02
1.413172325118819026e+04 3.481721365673819471e-03
3.175085823990204334e+08 -4.431708162540548557e+00
2.200519419390949607e+08 -3.100010096391158765e+00
4.451016661081084180e+00 -2.999878781747741116e-08
2.120029744216979295e+07 -7.582118764923414522e-01
5.814459242332698777e+06 2.025319689893828112e+01
8.737533260125117385e-02 1.548044499638815677e-07
4.895667104267536779e+05 -4.803980458791413943e-02
1.026749677720837411e+06 -1.082267864059183460e-01
1.721520614293319639e+06 -1.931941048561423933e-03
3.884850212299284176e+05 -1.107461610256104678e-01
9.688617099848919315e+05 -2.952161243962710402e-01
1.280143332603494741e+02 -3.775531101623703098e-04
6.305190352180384099e+06 -2.313994458742098637e+00
4.457523016647609720e-02 -3.126918146417727290e-09
4.583129099359821703e+04 -2.335073673947604331e-02
2.179919814788185977e+04 -2.206749696035564812e-01
7.031313987677270779e+04 -1.005371752635010330e+00
5.170127330945429392e+06 -6.803534507851860269e+01
3.376674313588411896e+05 -8.290118495656523478e+00
1.402101116151816679e-03 -5.466853272873320513e-09
4.504308959302629228e+05 -1.175957863821320420e-02
1.165823518501196988e+07 2.644646016613025452e+00
3.678020345283037052e+06 7.695518044491981291e-01
2.094289940354623832e+06 2.580070208970837164e-01
8.402716884349809885e+08 2.224200950315592422e+02
5.539963348242712673e+05 -3.496639791314182927e-02
4.296019724664857984e+07 1.855568191671411737e+00
4.730478486442297181e-01 3.332115645218684018e-09
6.746370962168344297e+06 2.490724186949509811e+00
1.400556942457774654e+07 1.062621095857220688e+01
2.173452863901947567e+05 9.653297351395984105e-01
6.665314446101685462e+04 1.291993569675549125e-01
1.555588011134135909e+07 4.669844366596861818e+01
2.179288334604789734e+09 -3.188279066421514685e+01
5.493101474214475602e+07 2.765361145302430259e+02
5.835194790828240104e+06 -2.947506495642259416e+00
1.852976199097283185e+06 -7.974882116692431078e-01
4.984279409805623889e+08 -1.316019300400792531e+02
7.891708304479226470e+06 -2.388259202201862497e+00
1.352209342820092104e+06 -5.811337423174240957e-01
1.186780520944984429e-01 -1.313233857816572249e-08
4.486300310267042369e+07 3.537469129413162960e+01
1.489929340740675805e+06 -7.400112497608867246e-01
1.124856097463873401e+07 1.603653360687766538e+00
1.914402295213997126e+09 6.683983607063961472e+02
2.084083277743658982e+06 -3.372173631628209378e+00
3.734412372021965981e+08 -8.220918554566537750e+02
7.636257898516538553e+06 -1.087390121139850763e+01
1.176927801837956422e-01 -3.799057592096321973e-08
1.799090792132040860e+03 -1.825744247923068511e-02
1.487753061744956937e-05 -4.544784085106492519e-11
3.476385865408020327e+05 -2.577284090078360568e-02
1.119706858684271538e+04 -4.695860880417351835e-02
2.818767983062763233e+06 -1.551331975628633952e-01
3.655979464608235285e+06 -3.182648520992341079e-01
1.145760743580420460e+00 -3.393874584603717910e-08
5.251487614988577116e+04 -4.013161593027063552e-03
1.207154582619513199e+07 3.178355959936473685e+00
2.444367858146815897e-01 2.976343834745195268e-08
2.097527105064030886e+08 2.716580876856783107e+02
3.397436896322778426e+06 2.198345104054843624e+00
3.994674323512753937e+06 -4.681962078436697761e-01
6.399939957813555180e-02 -4.217233794214658984e-09
1.196673949011589026e-03 9.796129188738946636e-12
1.066349105552967194e+04 2.882792079050632353e-02
3.602379064183237404e+07 -1.823137520766509851e+02
1.039958622325270987e+01 -3.792708886354106913e-05
4.758658942276349291e+06 -1.341517694859865273e+00
2.836533847889851779e+06 -8.001720705062234096e-01
3.632400375595854630e-02 -3.177045847326066111e-09
2.406180075599274460e+03 -9.183658837661446642e-04
1.372405555854449340e+05 -1.391152082289323078e+00
1.253665300587814783e-03 -5.357506697365657040e-09
4.407669134861204028e+07 -1.017704496355205990e+01
1.000776095592122692e+04 7.973981538578152123e-05
6.691396324108772387e+04 1.533239130340529721e+00
1.136460111563896947e+07 3.684622654923791174e+02
5.973439772708076845e+01 -7.332076551658048974e-04
9.942579162644473399e+03 -1.375703810151122641e-01
1.640184684131014533e+07 -3.438991221442212254e+00
2.852679732558271498e+05 -2.663090859909425859e-02
1.017455430107965185e+04 -4.582383531621042616e-02
1.014037231573214194e+04 -4.406337631298004945e-03
2.559621208636910524e+04 -1.100740027098183124e-02
1.255609245992259821e+05 -5.631043488495297150e-02
4.300472106813687424e+04 5.317413316145017110e-02
2.961804319678756874e+06 -8.521669636383235602e-01
3.307693248483582066e-02 -3.241976073925267801e-09
6.971385143500570848e+04 -5.555170702987041187e-01
1.173777648138746429e-03 -5.317783618442080807e-09
5.940815643559608725e+04 -1.106264396001762768e-01
1.091612028285007738e+07 -3.976023324462635600e+01
2.757192872216450633e+05 -4.673137444183499967e-01
3.129124906692714453e-03 -1.433450173903507269e-09
3.105434726394503959e+05 -3.685457652490834235e+00
3.805805932723639533e+06 1.771005951169209343e-03
1.294383597409815900e+07 2.726717894042110860e-02
1.184754211550749677e-02 5.104211853454104992e-11
3.449287008858331246e+05 2.024549017111803835e-04
1.246753325460452586e+06 1.146068926988865313e-03
1.099376875679126941e+06 8.851777349019818381e-04
1.128021075730634853e+06 6.550756488372746784e-04
7.112042886960873147e+03 3.148160060939127441e-05
5.810155981786843040e+04 1.985431229171826320e-06
5.384262571971613215e+05 -1.430105205890994991e-04
7.904199760144872125e+05 -2.102736255735318299e-04
3.109837000499750138e+05 -3.845798438956124667e-05
6.885893810718732886e+06 7.484033936626692182e-03
1.220830009585105814e+07 1.726668809858593681e-02
4.590021443144652992e+06 2.301358876176040017e-03
1.617277166160403565e+07 3.439098568821315899e-02
1.275978429361916333e+07 2.068566096731557988e-02
3.718957827768438961e+06 -6.449789331571492923e+00
8.744924618570560589e+06 -1.552441445898328709e+01
1.570235098016387783e+07 -2.626874802185549029e+01
1.498153892354707932e+04 6.051640544279800893e-05
2.979237156511179055e+05 -6.475076300396970241e-02
1.027035399499413907e+05 -3.097367942982193756e-01
2.141441303005254827e+06 -5.675143748074366279e+00
7.859187749241516925e+06 -1.793670308086910836e+01
6.184253312092172913e+06 -1.286233478841101174e+01
1.369333271112518944e+07 -7.852075552832118888e+00
7.283248857152886689e+07 -2.253284495965857204e+01
9.127743694850102067e+07 -3.229366281297689767e+01
6.432252615063044429e+07 -1.307653169152131589e+01
1.268708825932492018e+08 -2.161978164105429556e+01
4.289528128209181557e-02 -5.473213995720254336e-11
1.332314116188734465e-01 -1.176327734850563879e-10
8.203100558957342192e-02 -8.676677716780533122e-11
4.782577592996947735e-02 -2.910910687197854748e-11
8.844525820640896166e-04 2.267405341171208972e-12
6.906227999787657203e-03 -1.036712893404961264e-11
5.556003899666887846e-02 -1.070778029183340205e-10
5.097699557749035132e-02 -9.826654065001115908e-11
7.802547001493629342e-01 -5.518742253244683993e-10
1.170088608053562185e+00 7.730651062413325073e-11
1.609693491878987359e+00 3.922528210126664706e-10
1.788600405117469760e+00 1.479055646864141875e-09
8.229238724270716565e-01 -3.330843916643874581e-11
2.483093229600176588e+07 -1.878069256636150186e+01
3.871841433402794600e+07 -3.976987660462589957e+01
6.273707881995715201e+07 -6.336338076194034130e+01
1.041773015905835433e+06 -1.440005023002510209e-01
6.459888160201684805e+05 -1.019856033128195172e+00
8.983003149925116450e+06 -1.483792550993970849e+01
2.931055397748479992e+07 -4.446454598292550031e+01
2.018594005149640888e+07 -3.063912045965128428e+01
6.381395439214992523e+07 -1.448814661105269863e+01
3.394155063858880401e+08 -8.366946938482236362e+00
3.191768531690036654e+08 -4.199785789586879048e+01
2.698229517001854777e+08 2.472417676076757331e+00
5.322035295016304255e+08 2.974402260771641338e+01
0.000000000000000000e+00 0.000000000000000000e+00
2.878007443708077793e-03 1.042875735538524605e-11
8.960370056668114662e+07 -3.481964061091199625e+01
8.120983393660342321e+06 -2.888557360786364825e+00
2.935349155171914399e+07 -7.273291519767424163e+00
2.588366732844782993e+07 -5.424035510876230148e+00
2.655806069695900753e+07 -2.256204697125128611e+00
3.527243792275964515e+05 3.194472781526044858e-02
1.674455538216799323e+05 -4.835870150194915285e-02
1.367940581405958626e+06 -8.758586163849191308e-01
1.267668155806365423e+07 -5.939034843863081115e+00
1.860960510165581480e+07 -5.228912145962928193e+00
7.321782064934750088e+06 -9.804054018320054187e-01
1.621210364142597914e+08 1.496763536805552697e+01
2.874313654841917157e+08 7.419964192576256323e+01
1.080671388896756023e+08 3.252213152376069871e+01
3.047487865452347994e+08 6.585390159681413991e+01
3.807705936185093522e+08 1.093832986924546873e+02
3.004154370214886069e+08 1.051250318096558516e+02
3.522095349011546466e+06 -1.212920329059014701e+00
1.596076830921354238e+06 -5.083700174082458334e-01
8.076682015604367480e+06 -1.865592066696848628e+00
1.831359022402996942e+07 -3.546242870681064918e+00
1.565895591974485479e+07 -1.241781226014092798e+00
3.466176793865603395e+05 7.084612181299209700e-03
3.290931424471100036e+04 -1.084330711072997722e-02
3.763920236515718279e+05 -2.067969482059623942e-01
7.972613552492373623e+06 -3.191846857825670902e+00
1.828741538209097460e+07 -4.353731345661771890e+00
5.756015656614655629e+06 -6.270059720032951089e-01
3.186284473285777122e+07 3.833363003015149761e+00
1.694730330523206592e+08 4.420969126757555046e+01
1.061961669558347613e+08 3.335402202685717299e+01
5.989453229191895574e+07 1.269966009047366917e+01
1.197370573487143368e+08 3.298432459169214326e+01
2.361714701173823774e+08 8.019018005007217198e+01
3.522095349011546466e+06 -1.212920329059014701e+00
1.596076830921354238e+06 -5.083700174082458334e-01
3.290931424471100036e+04 -1.084330711072997722e-02
5.989453229191895574e+07 1.269966009047366917e+01
1.448419412652098799e+03 -2.874073716474323872e-03
1.312734769758835114e+02 -2.500460987845473529e-04
4.744910982379728921e+02 -7.956868243922411970e-04
4.184023709657735139e+02 -7.057063057074882502e-04
4.293037640729002646e+02 -6.784038318087376148e-04
5.701687564821049214e+00 -3.743816283224465358e-06
2.706709081590339405e+00 -2.916058215757283517e-06
2.211239599014865931e+01 -5.684723728809990147e-05
2.049151630307573839e+02 -4.706725970195472391e-04
3.008192477482503477e+02 -6.054707573293741140e-04
1.183546287174651752e+02 -2.177253454404027026e-04
0.000000000000000000e+00 0.000000000000000000e+00
0.000000000000000000e+00 0.000000000000000000e+00
2.620640199970590402e+03 -2.155235100446908740e-03
4.646245565655085557e+03 -2.826963135083694709e-03
1.746874400102695290e+03 -1.071007103009282216e-03
4.926176526597009797e+03 -3.055963248363736777e-03
6.155047104655714975e+03 -3.316064677250036077e-03
4.856129216292324600e+03 -2.394302487225178234e-03
9.718786859306096204e+00 -4.975100180046513709e-05
3.555330181711016921e+05 -1.267139992065524912e-01
2.073270449340320774e+05 -8.352625143352888915e-02
4.313291798884345667e+02 -6.362371747062051238e-04
2.755417127403970881e+03 -3.846383894640630768e-03
5.770429647705568641e+02 -7.117372235749605666e-04
1.026539209074765313e+04 1.469271065394346263e-03
2.316627172817368887e+02 -3.955404571843549873e-04
2.091234928667557688e+04 -1.248430857568946437e-03
8.234906667002562244e+03 -1.009818508470756993e-02
2.663584762864273330e+02 -4.206336754034968660e-04
8.276255487839426550e+00 -4.601515951503524685e-05
2.391319212091210647e+04 -3.031773428761052030e-03
1.121069585572452161e+04 -1.315072297961459614e-02
1.286282438470207410e+02 1.406510440724913083e-03
9.198374333972522265e+01 -1.200634633429234016e-04
1.014180740476106439e+04 -1.265752514358579363e-02
3.031526399724397197e+04 -6.220241558303486393e-03
1.461579206074138028e+03 -2.044889711413956212e-03
3.328338947089260910e+04 -1.333641071747004511e-02
2.917721623441752308e+04 -1.111101687705353530e-02
4.990357273280654044e+04 -1.773531254526037118e-02
1.189760760956736796e+01 -2.175471070229368275e-05
4.300418552840902464e+01 -6.919253130033506415e-05
3.792073908560698214e+01 -6.129401357542711834e-05
3.890875664302090087e+01 -5.875958684488313089e-05
5.167566765417821451e-01 -3.266724230355372683e-07
2.453150869350588514e-01 -2.570442038013858956e-07
2.004095637692139942e+00 -4.948225258496465753e-06
1.857191724396593813e+01 -4.091760034598112682e-05
2.726391812820330784e+01 -5.253254974107038556e-05
1.072674353318700113e+01 -1.884639246091931181e-05
0.000000000000000000e+00 0.000000000000000000e+00
2.375144678142665953e+02 -1.848815694988260210e-04
4.210996038285745726e+02 -2.398941088791269234e-04
1.583231243753790807e+02 -9.036257987807085382e-05
4.464703727417992809e+02 -2.606825598935212846e-04
5.578456567197865752e+02 -2.809427985080824720e-04
4.401218288449196052e+02 -2.010814896569568624e-04
8.808353549688188178e-01 -4.486453469110227607e-06
3.222275125519623180e+04 -1.059147298259388581e-02
1.879051296837718837e+04 -7.029452628221447355e-03
3.909232537520893658e+01 -5.556291943378578746e-05
2.497296008882451019e+02 -3.371785389089398152e-04
5.229869075909257248e+01 -6.180928849517118356e-05
9.303754195163314762e+02 1.473770037330177150e-04
2.099610845317814523e+01 -3.456708921708424414e-05
1.895332916990908643e+03 -6.792777597788705098e-05
7.463479586372200174e+02 -8.789802273129564527e-04
2.414066257011789318e+01 -3.676331256535912055e-05
7.500955146104625326e-01 -4.150396669680592444e-06
2.167306006876324773e+03 -2.250048970849835030e-04
1.016050374700007865e+03 -1.146276879018091280e-03
1.165786538684249329e+01 1.274309107579514686e-04
8.336691763302500391e+00 -1.042869892711691068e-05
9.191746277257451538e+02 -1.104183018865625976e-03
2.747540079053988848e+03 -5.009660458397368872e-04
1.324661837716834611e+02 -1.792023442630642327e-04
3.016547945401127890e+03 -1.160894332744713282e-03
2.644396293027452884e+03 -9.663658246510408757e-04
4.522872225397995862e+03 -1.487056269325158584e-03
2.829001723066911836e+03 -3.993651273346797426e-03
2.494590565292812244e+03 -3.526298639366806219e-03
2.559586647470988737e+03 -3.350613804120640415e-03
3.399449880239781407e+01 -1.866279712921698901e-05
1.613789167765161281e+01 -1.531663905394717778e-05
1.318380832281409312e+02 -2.877517787130949188e-04
1.221741113797682146e+03 -2.368258112819439810e-03
1.793538606639876662e+03 -3.019311805882121669e-03
7.056516525256660088e+02 -1.074955638652067913e-03
0.000000000000000000e+00 0.000000000000000000e+00
1.562473228849289444e+04 -9.977571451165062957e-03
2.770175964463443233e+04 -1.232877881357787031e-02
1.041518216899809158e+04 -4.545036104464729963e-03
2.937075916435417093e+04 -1.367012176519882480e-02
3.669750898587467964e+04 -1.428312139139673205e-02
2.895312443819390319e+04 -9.838817937723913845e-03
5.794517537621445769e+01 -2.900509656690727846e-04
2.119752516593232285e+06 -4.993886661738125010e-01
1.236121542909421492e+06 -3.434372937366955703e-01
2.571662728165501903e+03 -3.246800566972013816e-03
1.642829675593518186e+04 -1.989318166068674426e-02
3.440434751023427907e+03 -3.539777772283380503e-03
6.120413829999871086e+04 1.318894246064397299e-02
1.381215054320094168e+03 -2.029069385263110141e-03
1.246832324903429544e+05 5.482848689257264346e-03
4.909800680538365123e+04 -5.064751212345926928e-02
1.588077482715453243e+03 -2.156085627112421313e-03
4.934454064962641695e+01 -2.685472312077003400e-04
1.425748041734255967e+05 -3.744416977833026766e-03
6.684020267724680889e+04 -6.630484771600465843e-02
7.669051057801965499e+02 8.379436783230182623e-03
5.484237446378435834e+02 -5.986451678094987985e-04
6.046729531026026234e+04 -6.411866183732739533e-02
1.807451220683507563e+05 -1.895402184885268057e-02
8.714200341371948525e+03 -1.056269377314217155e-02
1.984416325656784174e+05 -6.461123410375053944e-02
1.739598799866524059e+05 -5.353905965411876605e-02
2.975341783784370054e+05 -7.107643144715164452e-02
4.496109637144593762e+03 -6.381219919832998438e-03
4.613254938906659845e+03 -6.082558185729410212e-03
6.126976830303384958e+01 -3.146561777425081345e-05
2.908602612601834636e+01 -2.648705431626543295e-05
2.376175475462638644e+02 -5.251052980332296003e-04
2.201997471178987325e+03 -4.320277004823834879e-03
3.232573102922644921e+03 -5.509259131052490766e-03
1.271826849942412764e+03 -1.965936816515246634e-03
0.000000000000000000e+00 0.000000000000000000e+00
2.816113652210645523e+04 -1.685736123019627997e-02
4.992808976266805985e+04 -2.027508499085044560e-02
1.877173717694898369e+04 -7.494272538994825941e-03
5.293620032660855213e+04 -2.251647076479338511e-02
6.614152116202162870e+04 -2.313771009675167148e-02
5.218347915833629668e+04 -1.573482086199390340e-02
1.044371169800234469e+02 -5.185567939502453783e-04
3.820522423678764142e+06 -7.504442810177240908e-01
2.227915775408904534e+06 -5.312025334263146270e-01
4.635020089651085982e+03 -5.816306121489744733e-03
2.960943663658783771e+04 -3.534189995014568736e-02
6.200845851142764332e+03 -6.322967141770450931e-03
1.103108883316865104e+05 2.795624385902739303e-02
2.489424262028895100e+03 -3.658344292669966826e-03
2.247220307517933543e+05 1.690463816360083388e-02
8.849148204196894949e+04 -9.004341825450529191e-02
2.862261441108270901e+03 -3.873564413735789899e-03
8.893581789530357185e+01 -4.804395724566948257e-04
2.569687908323810261e+05 1.528113093359777805e-03
1.204690162312355533e+05 -1.175475940727232077e-01
1.382226552127025798e+03 1.513415288941530323e-02
9.884480780725049271e+02 -1.073619926100683169e-03
1.089828472992436291e+05 -1.140571743799893983e-01
3.257648200975359068e+05 -2.347062610990244616e-02
1.570598381350538148e+04 -1.877002924894860189e-02
3.576600104415074456e+05 -1.025247825949574809e-01
3.135354800404570997e+05 -8.442670658991162369e-02
5.362588281395316590e+05 -1.071746056942433079e-01
6.362167299778655433e+03 -7.781489685853391382e-03
8.449750008513562705e+01 -3.413923186294056972e-05
4.011271021496293798e+01 -3.168100427291363074e-05
3.276997673535029776e+02 -6.892738530339398298e-04
3.036787772127091557e+03 -5.647736820024075108e-03
4.458060768529411689e+03 -7.167029540146126719e-03
1.753983978106368568e+03 -2.553431641530369296e-03
0.000000000000000000e+00 0.000000000000000000e+00
3.883718852229597542e+04 -1.775450250619953207e-02
6.885612208204377384e+04 -1.878969894636837307e-02
2.588821303385769716e+04 -6.844690656722499794e-03
7.300462514130982163e+04 -2.140799848033717728e-02
9.121616106875380501e+04 -2.011469835947533868e-02
7.196654324060825456e+04 -1.242724631498635587e-02
1.440298444093749026e+02 -6.979718852142495879e-04
5.268905020839559846e+06 -4.049531018650837089e-01
3.072531787086562719e+06 -3.598808192466955158e-01
6.392183697580382614e+03 -7.370028699269262976e-03
4.083454941672219138e+04 -4.435782083050702346e-02
8.551623296077174018e+03 -7.851482350123116169e-03
1.521304003760515770e+05 5.406683954812281645e-02
3.433179781963522601e+03 -4.708909704462855075e-03
3.099154854661879363e+05 5.492955862840927239e-02
1.220391272102822695e+05 -1.112995170251626226e-01
3.947361740575561271e+03 -4.948057470811698284e-03
1.226519111849338657e+02 -6.478157526423228589e-04
3.543871833653803333e+05 3.841327290209445994e-02
1.661395343007548945e+05 -1.447537420910543493e-01
1.906236953109297019e+03 2.097097524976291455e-02
1.363174612145980973e+03 -1.345685405558078116e-03
1.502988909233029117e+05 -1.418185491360134942e-01
4.492641948415429797e+05 1.404081635454701438e-02
2.166021528433920321e+04 -2.355647421294307375e-02
4.932510402950526332e+05 -8.990655241342904169e-02
4.323986395922044176e+05 -7.187253712697015684e-02
7.395577160075772554e+05 -6.056150302410061997e-02
1.122232963606583089e+00 -3.452576997745566529e-07
5.327471591362618053e-01 -3.449833362500513133e-07
4.352258458673816222e+00 -3.713455005759671074e-06
4.033230486848226803e+01 -2.869294683330823203e-05
5.920857861545188427e+01 -3.295500122757009373e-05
2.329508442175078287e+01 -1.010363949129337783e-05
0.000000000000000000e+00 0.000000000000000000e+00
5.158065379158126689e+02 -8.797224779845635957e-05
9.144956569448391974e+02 -3.534082258364102432e-05
3.438279164424248506e+02 6.120835836007400412e-06
9.695930167618664655e+02 -8.678452105915635385e-05
1.211465080473800072e+03 -3.463345963706996038e-05
9.558059810417707922e+02 3.428199069919712997e-05
1.912897319523301665e+00 -9.107538329940586107e-06
6.997767739146630629e+04 2.281869553328714183e-03
4.080708121846653376e+04 1.588054582164000531e-04
8.489618344128837180e+01 -5.131569364396468047e-05
5.423339016694809516e+02 -3.586935698458950154e-04
1.135762429749347433e+02 -4.563218382300810464e-05
2.020483158333797292e+03 6.646670323352334197e-04
4.559690897109188512e+01 -3.213715228575363570e-05
4.116066996857349295e+03 1.148408828509761732e-03
1.620832198818590768e+03 -7.198452608033395267e-04
5.242589143282220476e+01 -3.468306494148950267e-05
1.628971477751993246e+00 -8.444880594525129024e-06
4.706707095723574639e+03 9.236475035208441481e-04
2.206540888862502925e+03 -1.007027365174028351e-03
2.531723164309801888e+01 2.728964005118021739e-04
1.810466128062956059e+01 -7.782870681876815795e-06
1.996157246859455881e+03 -9.917361603596717284e-04
5.966793046059302469e+03 6.931963574574984783e-04
2.876747540334452538e+02 -1.885042623927674359e-04
6.550994472733283146e+03 -1.325806000612949264e-03
5.742798055492856292e+03 -1.098224533210308230e-03
9.822255633354860038e+03 1.536239282094487317e-04
5.058121721545832256e-03 -5.153075653701360285e-09
4.132214486233697776e-02 -5.401254297449784161e-08
3.829316027317514193e-01 -4.392531719042397865e-07
5.621507468932606111e-01 -5.457187569158547774e-07
2.211731667002831414e-01 -1.837078982850311067e-07
0.000000000000000000e+00 0.000000000000000000e+00
4.897280788296802356e+00 -2.918738546759210416e-06
8.682600078074269589e+00 -3.831760052226433749e-06
3.264444507194305789e+00 -1.283081908982528637e-06
9.205717144785605655e+00 -4.481847394158588911e-06
1.150215045675494352e+01 -4.814442197404249530e-06
9.074817249741753855e+00 -3.219113815403812422e-06
1.816183752757269398e-02 -9.300582315143440217e-08
6.643969831302761122e+02 -2.177386692270000235e-04
3.874392925900222053e+02 -1.401187726294357745e-04
8.060394525972078839e-01 -7.848727452592707678e-07
5.149142221278091291e+00 -5.320095089512271523e-06
1.078339785177668819e+00 -8.266671265226526081e-07
1.918330069938193105e+01 4.121220231164327718e-07
4.329159005009117767e-01 -4.664923590105913243e-07
3.907963890810589902e+01 -1.655522668338048660e-06
1.538885080857835064e+01 -1.254528467978691816e-05
4.977530803873347898e-01 -5.130000965491419735e-07
1.546612834052698421e-02 -8.579957818565869513e-08
4.468741976865805299e+01 -5.579291525792299114e-06
2.094981097750478938e+01 -1.715980088908466153e-05
2.403721975906490116e-01 2.553524750809443303e-06
1.718931349618163518e-01 -1.359337658954853223e-07
1.895234174546245498e+01 -1.628937528167265667e-05
5.665119599627555402e+01 -1.172195529689905877e-05
2.731303021831696043e+00 -2.808990287112866020e-06
6.219784487176765708e+01 -3.219456719723144027e-05
5.452449430904656680e+01 -2.739907212602754876e-05
9.325655288373059193e+01 -3.170307506281363542e-05
2.926822945442883128e+00 -9.702947466945962068e-06
2.712281202589425178e+01 -8.097401956166384027e-05
3.981678687223917024e+01 -1.054240479601235695e-04
1.566555643784428753e+01 -3.843108086973396286e-05
0.000000000000000000e+00 0.000000000000000000e+00
3.468708646635909076e+02 -3.980742547535900196e-04
6.149822275858321063e+02 -5.527839374281744156e-04
2.312182444112888788e+02 -2.146716482630873807e-04
6.520341880962085952e+02 -5.835764476427706543e-04
8.146888518486783823e+02 -6.555574997356783742e-04
6.427626473877140825e+02 -4.926095468187733934e-04
1.286389292836366049e+00 -6.845831556017591469e-06
4.705874117896650569e+04 -2.694306588614826109e-02
2.744203585450068203e+04 -1.718166724507051019e-02
5.709121776222176692e+01 -1.073581144690955499e-04
3.647100996300019915e+02 -6.360784393673561818e-04
7.637805758472046591e+01 -1.240003665162924733e-04
1.358738444760053653e+03 1.366579038826865932e-05
3.066314108270680450e+01 -6.640005637410494326e-05
2.767981467719911052e+03 -7.015767079102956834e-04
1.089981504054265315e+03 -1.737867668982491943e-03
3.525550978999340401e+01 -7.063173429897682946e-05
1.095454267641047252e+00 -6.320768860150427777e-06
3.165176288835040850e+03 -9.944074212587311265e-04
1.483860259419625436e+03 -2.248665091483437531e-03
1.702537137659815514e+01 1.860669876265788299e-04
1.217507230008167518e+01 -2.088166334357178538e-05
1.342381009660222844e+03 -2.153464079813837296e-03
4.012561526658875209e+03 -1.571489282999132941e-03
1.934562629164045973e+02 -3.387142718518668062e-04
4.405425594881460711e+03 -2.368258671516662844e-03
3.861928028911609999e+03 -1.987289816912409836e-03
6.605291694093548358e+03 -3.726512322615148538e-03
8.030334969496811937e+02 -2.151762622548428379e-03
1.178867975316115462e+03 -2.787637076990875842e-03
4.638150017050659812e+02 -1.012091010994106352e-03
0.000000000000000000e+00 0.000000000000000000e+00
1.026991434595561259e+04 -9.630501574519676269e-03
1.820797185585022817e+04 -1.287292203685765600e-02
6.845751058701071088e+03 -4.974618187661494079e-03
1.930498102912145987e+04 -1.369433921620612400e-02
2.412074889814601920e+04 -1.504939623511765238e-02
1.903047567169518516e+04 -1.110145448916596139e-02
3.808653350166046181e+01 -1.969323488787185622e-04
1.393282981292582816e+06 -5.787106505493615494e-01
8.124850008853676263e+05 -3.782342191571593792e-01
1.690317567257629435e+03 -2.823327777894314543e-03
1.079808641298603288e+04 -1.676912301301684838e-02
2.261349089749275663e+03 -3.207882820623389995e-03
4.022859932370674505e+04 5.129717522958572064e-03
9.078532049928945753e+02 -1.760631080120677152e-03
8.195250160345091717e+04 -9.453180300945362644e-03
3.227142430088392575e+04 -4.506956524996397900e-02
1.043820914720923383e+03 -1.866226381191936649e-03
3.243345985665379061e+01 -1.821302130402880129e-04
9.371237436757642718e+04 -1.669275492896695606e-02
4.393311665951593750e+04 -5.828849529752285624e-02
5.040755990922642695e+02 5.536957049379137401e-03
3.604711783650652137e+02 -5.417706224613286952e-04
3.974429589297912025e+04 -5.610403259887943028e-02
1.188011768331591156e+05 -3.037540524708388229e-02
5.727720298557071146e+03 -8.926380301179547699e-03
1.304328301284291811e+05 -5.458655450036451612e-02
1.143413258586066804e+05 -4.539433556684440568e-02
1.955649537887204788e+05 -8.028673913151371244e-02
2.917654094169935888e+03 -6.047604356393081540e-03
1.147924780135251012e+03 -2.185469722908617296e-03
0.000000000000000000e+00 0.000000000000000000e+00
2.541765542818711401e+04 -1.803959132886065811e-02
4.506405312839866383e+04 -2.245866546982642348e-02
1.694297904613852734e+04 -8.608146269093048739e-03
4.777911040489253355e+04 -2.422950078400665924e-02
5.969795726517806906e+04 -2.550245471783422688e-02
4.709972004697952798e+04 -1.811008696629043402e-02
9.426275883702720648e+01 -4.717900579208851911e-04
3.448323717634567525e+06 -8.428403190104329923e-01
2.010870241528654471e+06 -5.844043425964443594e-01
4.183473058062317250e+03 -6.072254739417291304e-03
2.672486240791208911e+04 -3.605154700201924217e-02
5.596754857387892116e+03 -6.745209429042357471e-03
9.956429712553937861e+04 2.530465152178583768e-02
2.246902848592600549e+03 -3.833677779180770431e-03
2.028294086777397024e+05 6.477027239541010076e-03
7.987057479612668976e+04 -9.482802146383109698e-02
2.583417894083551346e+03 -4.041903700869633499e-03
8.027161073041925476e+01 -4.371860679396910349e-04
2.319346590905800404e+05 -7.573362179169301940e-03
1.087328309150954883e+05 -1.225548422241928559e-01
1.247568616277738784e+03 1.375516739341263797e-02
8.921527491509079937e+02 -1.146455204247310688e-03
9.836565479639220575e+04 -1.188901065809482710e-01
2.940285167314986465e+05 -3.228565622498632409e-02
1.417589476206963809e+04 -1.918065424511023950e-02
3.228164345850035897e+05 -9.317083824990234076e-02
2.829905569227983942e+05 -7.621476272855057243e-02
4.840160117013258860e+05 -1.178904704954627791e-01
4.835553455342458733e+02 -8.435226035451464559e-04
0.000000000000000000e+00 0.000000000000000000e+00
1.070701070684829392e+04 -5.720847430872071787e-03
1.898291952478389430e+04 -6.391826140927930541e-03
7.137112251216600271e+03 -2.434974456201042994e-03
2.012661863764935333e+04 -7.021488830549768925e-03
2.514735028517142928e+04 -6.871173312409752099e-03
1.984043025621069683e+04 -4.563357393385473158e-03
3.970753409796279243e+01 -1.934204381504528783e-04
1.452582471531646093e+06 -1.571022376283761623e-01
8.470651522149427328e+05 -1.282480163936786655e-01
1.762259023091824474e+03 -2.306359222393084864e-03
1.125766303034228622e+04 -1.359223117895367108e-02
2.357594190521607288e+03 -2.510777779965862790e-03
4.194077186090099713e+04 1.506555058937841807e-02
9.464922447064491280e+02 -1.477178208234176645e-03
8.544048531836553593e+04 1.243361855723928294e-02
3.364492594011488109e+04 -3.516219255592074877e-02
1.088246877623745831e+03 -1.547058501363873621e-03
3.381385979643251005e+01 -1.795568084751213091e-04
9.770087076321804489e+04 7.870131462478882275e-03
4.580295151945811813e+04 -4.533559901902654843e-02
5.255297034098858830e+02 5.810079652682075164e-03
3.758131620607298942e+02 -4.304960758606507618e-04
4.143585041261706647e+04 -4.438347219867393861e-02
1.238574786336053512e+05 5.307001548253075743e-04
5.971497394390639784e+03 -7.229488707455634933e-03
1.359841908154382254e+05 -2.449462479842891977e-02
1.192078155375385541e+05 -1.941129863904716632e-02
2.038883917355485901e+05 -2.245156820109558277e-02
0.000000000000000000e+00 0.000000000000000000e+00
0.000000000000000000e+00 0.000000000000000000e+00
0.000000000000000000e+00 0.000000000000000000e+00
0.000000000000000000e+00 0.000000000000000000e+00
0.000000000000000000e+00 0.000000000000000000e+00
0.000000000000000000e+00 0.000000000000000000e+00
0.000000000000000000e+00 0.000000000000000000e+00
0.000000000000000000e+00 0.000000000000000000e+00
0.000000000000000000e+00 0.000000000000000000e+00
0.000000000000000000e+00 0.000000000000000000e+00
0.000000000000000000e+00 0.000000000000000000e+00
0.000000000000000000e+00 0.000000000000000000e+00
0.000000000000000000e+00 0.000000000000000000e+00
0.000000000000000000e+00 0.000000000000000000e+00
0.000000000000000000e+00 0.000000000000000000e+00
0.000000000000000000e+00 0.000000000000000000e+00
0.000000000000000000e+00 0.000000000000000000e+00
0.000000000000000000e+00 0.000000000000000000e+00
0.000000000000000000e+00 0.000000000000000000e+00
0.000000000000000000e+00 0.000000000000000000e+00
0.000000000000000000e+00 0.000000000000000000e+00
0.000000000000000000e+00 0.000000000000000000e+00
0.000000000000000000e+00 0.000000000000000000e+00
0.000000000000000000e+00 0.000000000000000000e+00
0.000000000000000000e+00 0.000000000000000000e+00
0.000000000000000000e+00 0.000000000000000000e+00
0.000000000000000000e+00 0.000000000000000000e+00
0.000000000000000000e+00 0.000000000000000000e+00
0.000000000000000000e+00 0.000000000000000000e+00
4.741555241673771889e+03 -1.535727861378473509e-03
8.406507013362399448e+03 -9.875544984381549787e-04
3.160640375850254259e+03 -2.871013431192120263e-04
8.912989627951776129e+03 -1.331049344044487508e-03
1.113639971692249492e+04 -7.334175572405290987e-04
8.786252015384159677e+03 -4.467003125617441758e-05
1.758431690929043612e+01 -8.218207112516285457e-05
6.432701270909917075e+05 5.770925134159159836e-02
3.751192920047650114e+05 1.732856647636113467e-02
7.804086156214324319e+02 -4.693020879065310674e-04
4.985407112352738295e+03 -3.160478653619997521e-03
1.044050197912818703e+03 -4.025986903184619495e-04
1.857329710087420608e+04 1.025600956365998670e-02
4.191498387772380170e+02 -3.036608296581859326e-04
3.783695978409754753e+04 1.707586453802322282e-02
1.489950831177091641e+04 -6.363926313487754637e-03
4.819252872229507716e+02 -3.195663735728042788e-04
1.497432761060611028e+01 -7.650910795498950699e-05
4.326642067558770941e+04 1.611942053171735306e-02
2.028363779622246147e+04 -8.378045744818044677e-03
2.327286420708630317e+02 2.626303486106800616e-03
1.664271930425378798e+02 -6.972390024359558121e-05
1.834968522783230947e+04 -8.385208344372042932e-03
5.484976514053530263e+04 1.591017666773385242e-02
2.644451632919881376e+03 -1.670837023178144403e-03
6.022003578699551872e+04 6.699997336050942135e-04
5.279068731540826411e+04 1.623365379576621531e-03
9.029112921724638727e+04 7.938833032425074085e-03
2.712574925720483880e+05 1.885302009414223032e-02
1.019861607585901220e+05 1.053950301948811293e-02
2.876004538390440284e+05 9.426708661405169137e-03
3.593444815523856087e+05 3.956620641003014832e-02
2.835109418578781188e+05 4.863679672203120169e-02
5.674030774635199350e+02 -2.568629035112966578e-03
2.075676010450133681e+07 5.000763193035804299e+00
1.210418576674415171e+07 2.437737455437711809e+00
2.518188457135346471e+04 -1.091902434252328344e-02
1.608669417093530647e+05 -7.586534463500051173e-02
3.368895622864947654e+04 -7.466363723846031024e-03
5.993150880402401090e+05 3.955356856528048914e-01
1.352494394062035826e+04 -7.445044598471966049e-03
1.220906572701662779e+06 6.991069458252124891e-01
4.807708327004699386e+05 -1.262656442223072939e-01
1.555055478952819249e+04 -7.682807724284236583e-03
4.831850779495900952e+02 -2.396410790033891899e-03
1.396102058343253564e+06 6.882956648334764838e-01
6.545035792757356539e+05 -1.673750588466679790e-01
7.509587643129463686e+03 8.486237741816150815e-02
5.370200041865867206e+03 -1.365189595584651201e-03
5.920996403876194963e+05 -1.768096130332178495e-01
1.769868381325091003e+06 7.281719257843785043e-01
8.533001147581168334e+04 -3.996689579911822526e-02
1.943153963764213258e+06 2.384149375310243291e-01
1.703426978755030083e+06 2.381848511545679448e-01
2.913474820022634231e+06 6.852995683811221594e-01
7.837405143381994276e+04 1.042424110517453650e-02
2.210144237161968485e+05 1.551028349468127655e-02
2.761480806270160829e+05 4.127345961998914181e-02
2.178717264105358336e+05 4.563112647182303305e-02
4.360363827869627471e+02 -1.950269789953530675e-03
1.595109896543356217e+07 4.640433148043715761e+00
9.301792016496133059e+06 2.323995595922105473e+00
1.935170726259106596e+04 -7.906701008444356679e-03
1.236225955874264473e+05 -5.418303281778816954e-02
2.588919884685434954e+04 -5.028004886891457824e-03
4.605600305336829042e+05 3.353446179555669704e-01
1.039361281739455626e+04 -5.537625011780328461e-03
9.382389771967189154e+05 5.919274499543148993e-01
3.694614804970637779e+05 -8.586769795016878370e-02
1.195024876365516684e+04 -5.634295637720633347e-03
3.713167629908946310e+02 -1.822051372829268856e-03
1.072872728246274637e+06 5.925941843767726924e-01
5.029711530934980256e+05 -1.112375451018487310e-01
5.770947342238820966e+03 6.574342890023469888e-02
4.126876957736237273e+03 -9.470648731305603227e-04
4.550151426968328306e+05 -1.209505390624867199e-01
1.360103659592137672e+06 6.403919191781430875e-01
6.557417823777622834e+04 -2.857024193549430324e-02
1.493269679608194390e+06 2.841332482722754849e-01
1.309044936242745491e+06 2.724255972265416936e-01
2.238939259267931804e+06 6.422666432436224815e-01
1.675428907178798545e+04 -1.027212528048429855e-04
2.093376852309843161e+04 1.469162947197845967e-03
1.651605277733366165e+04 2.192187644991407027e-03
3.305431260180841235e+01 -1.512778556889041821e-04
1.209194066782834707e+06 2.346523363146887364e-01
7.051345932896205923e+05 1.096738901848855058e-01
1.466981584135313824e+03 -6.815456529152585149e-04
9.371373368707550981e+03 -4.757161724005220561e-03
1.962564729006782954e+03 -4.987846491150058331e-04
3.491336101366749790e+04 2.099787421445452329e-02
7.879014582164388685e+02 -4.544782439403860334e-04
7.112444264017698879e+04 3.701565540362775769e-02
2.800751303929425558e+04 -8.311481423389208145e-03
9.059042976590890248e+02 -4.742455331547486860e-04
2.814815643876269746e+01 -1.409689173453598538e-04
8.133053181237526587e+04 3.579828492335362239e-02
3.812838955144489591e+04 -1.115890743466529771e-02
4.374743014949685289e+02 4.911201485298006229e-03
3.128433275920306187e+02 -8.921645753733466015e-05
3.449302101102751476e+04 -1.153667879796338620e-02
1.031044513104024809e+05 3.696594431172659651e-02
4.970936776701190865e+03 -2.505351403682515646e-03
1.131992789051245636e+05 7.313814266491427962e-03
9.923387923397448321e+04 8.065290071121654705e-03
1.697257400943363900e+05 3.178771731466684125e-02
2.267712162781895895e+05 3.279426808784445535e-02
1.789150087046500121e+05 3.702161884000807618e-02
3.580705854049700747e+02 -1.615135470110120501e-03
1.309895117703529820e+07 3.416084933103363586e+00
7.638578330731377006e+06 1.707623963966482084e+00
1.589151040833315528e+04 -6.288755066111338665e-03
1.015181642784726282e+05 -4.455532278186795370e-02
2.126006092791018091e+04 -3.961888120694074741e-03
3.782092812423369614e+05 2.476352600475469345e-01
8.535174772031006796e+03 -4.326642399748332861e-03
7.704765005269503454e+05 4.447340333735811946e-01
3.033996403235003818e+05 -6.915134039204358374e-02
9.813475322658758159e+03 -4.461373583151812677e-03
3.049232021593706463e+02 -1.506712276977089380e-03
8.810369715293215122e+05 4.377260486480616941e-01
4.130370193501029862e+05 -9.329602315558924164e-02
4.739069605140249223e+03 5.329487526231097699e-02
3.388967564415375818e+03 -7.384353063534578607e-04
3.736558179677455337e+05 -9.999429308209639711e-02
1.116909375382883707e+06 4.642185407080506310e-01
5.384913782189843187e+04 -2.342091471589343235e-02
1.226264575691770297e+06 1.465459531003040772e-01
1.074980266015071422e+06 1.453968187280915980e-01
1.838604114387383685e+06 4.648285304714750432e-01
4.509893539681325201e+05 1.213767939941376162e-01
9.025851013270989824e+02 -4.011806628686479317e-03
3.301840107122532278e+07 1.072821319281010943e+01
1.925449141531008855e+07 5.536006196641333865e+00
4.005757895296397328e+04 -1.369845407621456991e-02
2.558958688331547601e+05 -9.764512481821488454e-02
5.359003308208470844e+04 -7.071950938296354267e-03
9.533485184591178549e+05 6.877630293541673323e-01
2.151453384346834355e+04 -9.810693037236044647e-03
1.942132754117003875e+06 1.244636427305042981e+00
7.647765820241090842e+05 -1.314904386416898552e-01
2.473673382582042177e+04 -9.942521065326732910e-03
7.686170008730899781e+02 -3.747640195848200070e-03
2.220821475949671119e+06 1.245668660094150226e+00
1.041138477085670573e+06 -1.757170243604385118e-01
1.194572748981864970e+04 1.350912423290301367e-01
8.542538274147143966e+03 -1.408076110878607803e-03
9.418706590635317843e+05 -1.989784696551873677e-01
2.815382789882023353e+06 1.351140729388339734e+00
1.357370083399701398e+05 -5.127779661847686049e-02
3.091033387838638388e+06 5.766616653227883971e-01
2.709692475520784501e+06 5.480426100196669204e-01
4.634551821875510737e+06 1.469990789717599888e+00
5.653916751696808074e-01 -5.231529030684492695e-06
2.068317758975524703e+04 -9.168959298736144292e-02
1.206127643191020434e+04 -5.385321912050602955e-02
2.509261333125759208e+01 -1.267781696766487061e-04
1.602966650412347178e+02 -8.208253811481433905e-04
3.356952722631390884e+01 -1.627348390707151614e-04
5.971905918916345399e+02 -2.454118803490579984e-03
1.347699687442038829e+01 -6.937652562734944732e-05
1.216578557562798778e+03 -5.060325249155975431e-03
4.790664820261125101e+02 -2.346494774262685400e-03
1.549542705403175091e+01 -7.913022894717227902e-05
4.814722171168246967e-01 -4.659127826366874460e-06
1.391152997973501670e+03 -5.904201112622685030e-03
6.521833529840596384e+02 -3.200910362222262120e-03
7.482967140671488160e+00 4.884283159188250424e-05
5.351162352394792876e+00 -2.606077073335357784e-05
5.900006341691175749e+02 -2.918622223413738521e-03
1.763594354241436804e+03 -7.630710407882872193e-03
8.502751455309568485e+01 -4.349200463294192946e-04
1.936265739340582513e+03 -9.005818426471089849e-03
1.697388561471433604e+03 -7.871065627501127454e-03
2.903146612671795538e+03 -1.291307305961644954e-02
8.727021327189084888e+07 3.006671575672132590e+01
5.089112453453949094e+07 1.591103759052400335e+01
1.058753048489766516e+05 -2.971181084733115832e-02
6.763527451558487955e+05 -2.240462654482810456e-01
1.416426374494656629e+05 -1.088293100485028184e-02
2.519774789887045510e+06 1.717101803389325942e+00
5.686458973174170387e+04 -2.170011436402207936e-02
5.133208809744196944e+06 3.202879397429772901e+00
2.021364160078482470e+06 -2.371951551511286005e-01
6.538111618162036757e+04 -2.203901273845223358e-02
2.031514782082831289e+03 -9.872033947270970541e-03
5.869804917166650295e+06 3.182810974224851819e+00
2.751810244514662772e+06 -3.460387739770197091e-01
3.157349799071519737e+04 3.519070580310585394e-01
2.257859492438053348e+04 -2.435625281483710328e-03
2.489437646697458345e+06 -4.122956015527228790e-01
7.441276978519556113e+06 3.440070135246195093e+00
3.587635018531973474e+05 -1.168482166594048827e-01
8.169843245809975080e+06 1.241096055071496229e+00
7.161929389308378100e+06 1.175548488345935061e+00
1.224948257512288168e+07 4.059813946844184507e+00
2.967686754003874958e+07 8.303850931061385054e+00
6.174057731876996695e+04 -1.953604666441027815e-02
3.944112276483534952e+05 -1.448144270349155105e-01
8.259809226917744672e+04 -9.224702605646652176e-03
1.469392205502171302e+06 9.682468594771277415e-01
3.316025969484456436e+04 -1.387979308482006034e-02
2.993401264226287603e+06 1.791536410183012684e+00
1.178746926907128887e+06 -1.805952318468548312e-01
3.812662325167899689e+04 -1.422293844828597699e-02
1.184666199114062920e+03 -5.795364100388424033e-03
3.422943057484744582e+06 1.769195710557519341e+00
1.604702371989967069e+06 -2.565993481487415795e-01
1.841190348277377052e+04 2.053206086597484381e-01
1.316657822117468822e+04 -1.870877930406018462e-03
1.451701295644732658e+06 -2.902337090355569527e-01
4.339337975172257051e+06 1.894375920970482463e+00
2.092108803615887009e+05 -7.570939546087276928e-02
4.764197203727282584e+06 6.092690908385363091e-01
4.176438018667789642e+06 5.883016761466208777e-01
7.143215528196664527e+06 2.145556120949676515e+00
1.003854226780626959e+02 -1.200750851176041726e-04
5.559799972641263821e+02 -6.564723321312697108e-04
1.164340349237371726e+02 -1.150343248735273143e-04
2.071321444227613483e+03 1.761735125682155551e-04
4.674421845238011741e+01 -6.479556893326781232e-05
4.219633630928142338e+03 -1.937860355616109114e-04
1.661615311921753573e+03 -1.651515995646761319e-03
5.374502863213989912e+01 -6.961542618107193609e-05
1.669958914132522620e+00 -9.188369041883792288e-06
4.825135095346887283e+03 -5.753541521118058248e-04
2.262061417080606134e+03 -2.202371737122555545e-03
2.595424758669510013e+01 2.753143212223540279e-04
1.856020933050748667e+01 -1.943713955308635884e-05
2.046384196508321793e+03 -2.116936050075942342e-03
6.116926727048175053e+03 -1.201339964607772400e-03
2.949131694415075913e+02 -3.477278762309160445e-04
9.911567330892361497e+03 -4.230176407371308983e-03
8.688776901666304184e+03 -3.594418002636604742e-03
1.486094334904829338e+04 -4.305493179021440547e-03
5.241801421707522422e+03 -6.137362368935367872e-03
1.097744642308427501e+03 -1.034805936940783391e-03
1.952850182769305320e+04 8.278059700985079599e-04
4.407063076592887683e+02 -5.787139710080045933e-04
3.978287443049400463e+04 -2.678833855486228120e-03
1.566577465459160521e+04 -1.518905750712936688e-02
5.067102269923734070e+02 -6.266288896057217207e-04
1.574443986478912549e+01 -8.738347574480605814e-05
4.549156664300602279e+04 -6.576263200826023940e-03
2.132680436530304360e+04 -2.037829542100629346e-02
2.446976566938793951e+02 2.611849803917624165e-03
1.749863768366454337e+02 -1.722445504628640381e-04
1.929339084893238032e+04 -1.947611359686245158e-02
5.767063002985741332e+04 -1.296749601272071013e-02
2.780453032522384547e+03 -3.248757304361478849e-03
2.645642461390874018e+02 -2.964763891984274454e-04
6.331708749041502597e+04 -3.151297553490863684e-02
5.550565589203892887e+04 -2.676244978926571594e-02
9.493469566183269490e+04 -3.241970401480165354e-02
2.298910719977790222e+02 -1.717508798054550256e-04
4.089683255815061784e+03 1.222796755405293175e-03
9.229327492273681344e+01 -1.050451767694786067e-04
8.331379430124181454e+03 1.451835910056172843e-03
3.280746271385164619e+03 -2.474960682160723315e-03
1.061158981525254035e+02 -1.115031146880960896e-04
3.297220211163536696e+00 -1.740525689648237547e-05
9.526900869165750919e+03 9.568524224054003775e-04
4.466286228939089597e+03 -3.291193681315048632e-03
5.124489748601251193e+01 5.532579783876142307e-04
3.664586919173166280e+01 -2.950664945758816427e-05
4.040446236812480947e+03 -3.217591372403647964e-03
1.207745553076697433e+04 2.826267043524857475e-04
5.822859691531340331e+02 -5.476929897910125114e-04
5.540537915433470317e+01 -5.122672937192680845e-05
1.325994341308910043e+04 -3.057828140582702879e-03
1.162406371264431255e+04 -2.536552894341528863e-03
1.988134264186399741e+04 -1.724137513437237106e-03
7.275409955892871949e+04 6.669794055997695092e-02
1.641865453410561486e+03 3.252656166358901734e-05
1.482124396552167018e+05 1.324570460309033026e-01
5.836335216111934278e+04 1.525194104628372488e-02
1.887765270839912773e+03 9.753094481146464326e-05
5.865643703610722071e+01 -2.656173525102617592e-04
1.694803663418549113e+05 1.372165549535478701e-01
7.945370611684820324e+04 1.866743517545759595e-02
9.116298900124849069e+02 1.018206299189221807e-02
6.519174118207537276e+02 1.746423756011562692e-04
7.187815617276733974e+04 1.421815310305660739e-02
2.148538772320024727e+05 1.572375444418782631e-01
1.035866820683201331e+04 5.253137727663604673e-04
9.856426470591272846e+02 1.433716957532638872e-04
2.358899630591908062e+05 9.353082077453452048e-02
2.067882113464025897e+05 8.325523116935484857e-02
3.536823914552176720e+05 2.331146073010088304e-01
3.705254342556417413e+01 -5.783802381992382086e-05
3.344758909783723993e+03 -4.389601084184977160e-04
1.317105578597467911e+03 -1.493903333579891558e-03
4.260184559421773542e+01 -6.210026147349193828e-05
1.323719167022555876e+00 -7.388149157713041604e-06
3.824719149655500587e+03 -7.730459620738409313e-04
1.793058634862025656e+03 -1.983275223330858202e-03
2.057304154242299532e+01 2.170321415366762644e-04
1.471204292570884853e+01 -1.773863244640743475e-05
1.622098697438918862e+03 -1.901672664535647948e-03
4.848678078779978932e+03 -1.349719686220389415e-03
2.337675722022975435e+02 -3.068304926923003302e-04
2.224333411211391365e+01 -2.938242310524162923e-05
5.323405667961826111e+03 -2.717811123488149492e-03
4.666656913282966343e+03 -2.321365869595583623e-03
7.981667172412755463e+03 -3.106995058016698199e-03
3.019338849909529090e+05 2.554918384122729647e-01
1.188960603652105492e+05 1.711760074327607281e-02
3.845698558397418310e+03 -3.316864881378933151e-04
1.194931145883070940e+02 -5.474496151945835174e-04
3.452602588052559877e+05 2.640390204387949580e-01
1.618606911299707717e+05 2.072330457682977634e-02
1.857144586683652960e+03 2.078816218310274022e-02
1.328066507511841564e+03 1.814889245698110597e-04
1.464280104535744758e+05 1.254578659582236515e-02
4.376937979891608120e+05 3.008194205948179212e-01
2.110236621965614177e+04 -1.276551463809480740e-03
2.007921498502537361e+03 3.042640598885540490e-05
4.805478618013304076e+05 1.787278143892690463e-01
4.212626571599727031e+05 1.598467779349772300e-01
7.205110425135599216e+05 4.356964355264889566e-01
4.681911378053843509e+04 -3.622658971073328821e-02
1.514366486377152341e+03 -1.594334125859180485e-03
4.705421303903492003e+01 -2.507264133107892372e-04
1.359571956814593868e+05 9.278801274630767495e-03
6.373780419301643269e+04 -4.828280288136418269e-02
7.313093685608304213e+02 7.931380330602316384e-03
5.229685353623253832e+02 -4.196019248243782894e-04
5.766069546048877964e+04 -4.692347892350904465e-02
1.723558386478998000e+05 -1.863835494250452515e-03
8.309729262529854168e+03 -8.039394730633201563e-03
7.906831251432651015e+02 -7.374323509348159255e-04
1.892309758276593930e+05 -5.201283654748582036e-02
1.658855430269797507e+05 -4.318234381880745737e-02
2.837241256250084261e+05 -3.604741011511146398e-02
4.898225866840794396e+01 -6.674454436783573089e-05
1.521970654989621030e+00 -8.430169059577347692e-06
4.397541749570178581e+03 -6.977699419407850214e-04
2.061602324331397085e+03 -2.123236416622307967e-03
2.365423653524577219e+01 2.500649500453469543e-04
1.691544308439008759e+01 -1.883148381454554510e-05
1.865037966898124068e+03 -2.038017567824183546e-03
5.574857515119805612e+03 -1.312430969814042288e-03
2.687785888502178864e+02 -3.320331766236050345e-04
2.557468430770889967e+01 -3.148306533514556800e-05
6.120684446299184856e+03 -2.930398373942867413e-03
5.365575380798479273e+03 -2.499893426108552950e-03
9.177069805708490094e+03 -3.173995921246677235e-03
8.606872016594839803e-01 -8.695049789528723740e-06
2.486846659931491104e+03 -1.160296052480705963e-02
1.165853080252036079e+03 -6.222179986473509207e-03
1.337666786547648634e+01 8.181029371602723942e-05
9.565820875583860072e+00 -5.071709902189040770e-05
1.054694287839593244e+03 -5.670265815867546119e-03
3.152628600596694469e+03 -1.496994632256224388e-02
1.519965043117319681e+02 -8.427752452994334694e-04
1.446269280973735505e+01 -7.876917770496852887e-05
3.461298633636029990e+03 -1.754921792005204734e-02
3.034278088644658965e+03 -1.534099893365529696e-02
5.189709905182540751e+03 -2.529288885947882440e-02
3.948038041496326332e+05 2.695470172762477468e-01
1.850870887797883479e+05 9.522301131853780007e-03
2.123637807780305138e+03 2.361716675501902840e-02
1.518639025642865818e+03 9.783112166904893285e-05
1.674398765933157119e+05 1.636201629342751629e-03
5.005012078328973148e+05 3.028187706232983722e-01
2.413047606107756656e+04 -3.320707852412074518e-03
2.296050638928065837e+03 -1.341638238444846799e-04
5.495046701079360209e+05 1.576543105542985157e-01
4.817122617803256144e+05 1.419115305098698765e-01
8.239016603884733049e+05 4.306914306984591101e-01
8.677028205060433538e+04 -6.475175233166051425e-02
9.955775428684761437e+02 1.072818368960188652e-02
7.119499561139859907e+02 -5.578535815726949230e-04
7.849713148348101822e+04 -6.283968540503429012e-02
2.346388526081101154e+05 -6.413392190918573883e-03
1.131255709084261252e+04 -1.077743665146586871e-02
1.076406661279981790e+03 -9.819120175968188997e-04
2.576120415433411254e+05 -7.704558664280765357e-02
2.258304343483421835e+05 -6.451946003919029060e-02
3.862515089874569676e+05 -5.293697749900282828e-02
1.142300869806041952e+01 2.261852122444793197e-04
8.168711760087981943e+00 8.738748285691927918e-05
9.006537500739369762e+02 9.669158250961885567e-03
2.692180886971813834e+03 2.979704491986997703e-02
1.297970440494732429e+02 1.387536056856180765e-03
1.235038278977009973e+01 1.319815140448139942e-04
2.955769023177341296e+03 3.178059739223030450e-02
2.591115815444888540e+03 2.779105830139367433e-02
4.431741498092036636e+03 4.922257118157195854e-02
5.841548050250056079e+00 -5.094391639814769186e-06
6.440687816923118589e+02 -5.446260475150686885e-04
1.925211095913862437e+03 -2.117088819880514610e-05
9.281950292080966847e+01 -9.117861525081077468e-05
8.831914428933407279e+00 -8.674754471013149397e-06
2.113705975241881333e+03 -5.420251245565116047e-04
1.852937996053650522e+03 -4.552405478636547100e-04
3.169192484086967852e+03 -3.730209937961545845e-04
7.101278823417714739e+04 -6.082680241213140465e-02
2.122671050012096530e+05 -1.457661602518942404e-02
1.023395637631735735e+04 -1.030446326919102346e-02
9.737762035777330993e+02 -9.469563395357624529e-04
2.330499035114195722e+05 -7.825352505696919758e-02
2.042985282367896871e+05 -6.589343265655762949e-02
3.494241833035203745e+05 -6.174049031325787307e-02
6.344960625674074981e+05 3.342203441248741691e-01
3.059071955924239592e+04 -6.668212935707865975e-03
2.910752393244097220e+03 -3.957726569512376772e-04
6.966187985312986420e+05 1.444871200208963924e-01
6.106769151773544727e+05 1.316900737550199540e-01
1.044477720015960163e+06 4.626675574891799259e-01
1.474859203316210142e+03 -1.720112455493783520e-03
1.403350493513459583e+02 -1.570359610194957563e-04
3.358581765615772019e+04 -1.645060511081615842e-02
2.944233399048428328e+04 -1.395730731346416648e-02
5.035701281134582678e+04 -1.690442578178034602e-02
7.648239136323315324e+05 -1.000774414927195766e-01
6.704675629989102017e+05 -8.216297045622880657e-02
1.146741250942203682e+06 1.493385243259832407e-01
5.877519590706910240e+05 -6.772841426137413134e-02
1.005267742017782759e+06 1.426780422654899683e-01
1.719370423190580448e+06 5.457721061953414443e-01
0.000000000000000000e+00 0.000000000000000000e+00
0.000000000000000000e+00 0.000000000000000000e+00
