# chamber environmental conditions throughout the simulation, with rows corresponding to the time points in the time output file, first column is temperature (K), second is pressure (Pa), third is relative humidity (fraction (0-1), fourth is transmission factor of light (0-1))
293.15,101300.0,0.6000002033565666,0.5
293.15,101300.0,0.60000020209305,0.5
293.15,101300.0,0.6000002024493211,0.5
293.15,101300.0,0.600000204372898,0.5
293.15,101300.0,0.600000203197429,0.5
293.15,101300.0,0.6000002020868636,0.5
293.15,101300.0,0.6000002127919339,0.5
293.15,101300.0,0.6000002126237625,0.5
293.15,101300.0,0.6000002133754399,0.5
293.15,101300.0,0.6000002131809378,0.5
293.15,101300.0,0.6000002116738905,0.5
293.15,101300.0,0.6000002104124624,0.5
293.15,101300.0,0.6000002089730432,0.5
293.15,101300.0,0.6000002088200835,0.5
293.15,101300.0,0.6000002074526712,0.5
293.15,101300.0,0.6000002047939355,0.5
293.15,101300.0,0.6000002040539136,0.5
293.15,101300.0,0.6000002042816143,0.5
293.15,101300.0,0.6000002046901711,0.5
293.15,101300.0,0.6000002118410934,0.5
293.15,101300.0,0.6000002107863104,0.5
293.15,101300.0,0.6000002134264135,0.5
293.15,101300.0,0.6000002266439028,0.5
293.15,101300.0,0.6000002222128445,0.5
293.15,101300.0,0.6000002217760853,0.5
293.15,101300.0,0.6000002276545485,0.5
293.15,101300.0,0.6000002285716,0.5
293.15,101300.0,0.6000002304279747,0.5
293.15,101300.0,0.6000002311755035,0.5
293.15,101300.0,0.6000002384052274,0.5
293.15,101300.0,0.6000002376791155,0.5
293.15,101300.0,0.6000002365322883,0.5
293.15,101300.0,0.6000002382428073,0.5
293.15,101300.0,0.6000002389917679,0.5
293.15,101300.0,0.6000002473537536,0.5
293.15,101300.0,0.6000002498333865,0.5
293.15,101300.0,0.6000002508487876,0.5
293.15,101300.0,0.6000002509661434,0.5
293.15,101300.0,0.60000025202743,0.5
293.15,101300.0,0.6000002527290769,0.5
293.15,101300.0,0.6000002561751275,0.5
293.15,101300.0,0.6000002679038401,0.5
293.15,101300.0,0.6000002679094673,0.5
293.15,101300.0,0.6000002697398119,0.5
293.15,101300.0,0.60000026932609,0.5
293.15,101300.0,0.6000002708859311,0.5
293.15,101300.0,0.6000002712198033,0.5
293.15,101300.0,0.6000002715286022,0.5
293.15,101300.0,0.6000002734890136,0.5
293.15,101300.0,0.6000002743997639,0.5
293.15,101300.0,0.6000002751989884,0.5
293.15,101300.0,0.6000002782036076,0.5
293.15,101300.0,0.6000002776488148,0.5
293.15,101300.0,0.6000002781912732,0.5
293.15,101300.0,0.6000002800397234,0.5
293.15,101300.0,0.6000002808217471,0.5
293.15,101300.0,0.6000002827829056,0.5
293.15,101300.0,0.6000002837156667,0.5
293.15,101300.0,0.600000284419712,0.5
293.15,101300.0,0.6000002867204036,0.5
293.15,101300.0,0.600000285282322,0.5
293.15,101300.0,0.6000002906342831,0.5
293.15,101300.0,0.6000002911505797,0.5
293.15,101300.0,0.6000002906020184,0.5
293.15,101300.0,0.6000002904460154,0.5
293.15,101300.0,0.6000002909015397,0.5
293.15,101300.0,0.6000002912303104,0.5
293.15,101300.0,0.6000002916790095,0.5
293.15,101300.0,0.6000002922168399,0.5
293.15,101300.0,0.6000002928123478,0.5
293.15,101300.0,0.6000002931823428,0.5
293.15,101300.0,0.6000002935329091,0.5
293.15,101300.0,0.6000002938329221,0.5
293.15,101300.0,0.6000002942073632,0.5
293.15,101300.0,0.6000002943663181,0.5
293.15,101300.0,0.6000002942298972,0.5
293.15,101300.0,0.6000002939464026,0.5
293.15,101300.0,0.6000002934156982,0.5
293.15,101300.0,0.6000002926021011,0.5
293.15,101300.0,0.6000002914928232,0.5
293.15,101300.0,0.6000002898261642,0.5
293.15,101300.0,0.6000002879429471,0.5
293.15,101300.0,0.6000002867989396,0.5
293.15,101300.0,0.6000002856263849,0.5
293.15,101300.0,0.6000002842172616,0.5
293.15,101300.0,0.6000002825806946,0.5
293.15,101300.0,0.6000002812459054,0.5
293.15,101300.0,0.60000027976977,0.5
293.15,101300.0,0.6000002781667733,0.5
293.15,101300.0,0.6000002764552321,0.5
293.15,101300.0,0.6000002746546055,0.5
293.15,101300.0,0.6000002727892955,0.5
293.15,101300.0,0.600000270885705,0.5
293.15,101300.0,0.6000002689727107,0.5
293.15,101300.0,0.6000002670802195,0.5
293.15,101300.0,0.600000265238639,0.5
293.15,101300.0,0.6000002634756542,0.5
293.15,101300.0,0.6000002618210799,0.5
293.15,101300.0,0.6000002612155266,0.5
293.15,101300.0,0.6000002606296684,0.5
293.15,101300.0,0.6000002600722024,0.5
293.15,101300.0,0.6000002595510046,0.5
293.15,101300.0,0.6000002590728315,0.5
293.15,101300.0,0.6000002584558227,0.5
293.15,101300.0,0.6000002579159417,0.5
293.15,101300.0,0.6000002574565302,0.5
293.15,101300.0,0.6000002570849807,0.5
293.15,101300.0,0.6000002568050143,0.5
293.15,101300.0,0.6000002565545762,0.5
293.15,101300.0,0.6000002564090193,0.5
293.15,101300.0,0.6000002563766771,0.5
293.15,101300.0,0.6000002564257679,0.5
293.15,101300.0,0.6000002565572065,0.5
293.15,101300.0,0.6000002567697142,0.5
293.15,101300.0,0.6000002570609014,0.5
293.15,101300.0,0.6000002574277422,0.5
293.15,101300.0,0.6000002578667746,0.5
293.15,101300.0,0.6000002581587762,0.5
293.15,101300.0,0.6000002584865898,0.5
293.15,101300.0,0.6000002588479805,0.5
293.15,101300.0,0.6000002592408127,0.5
