# particle radii (um) per size_bin (including water contribution to size), with size bins represented by columns and their number (starting from 1) given in second line of header, per time step which is represented by rows and corresponding times given in the time output file 
# [1 1 1 1 1 1 1 1 1 1 1 1 1 1 1 1 1 1 1 1 1 1 1 1 1 1 1 1 1 1 1 1 1 1 1 1 1
#  1 1 1 1 1 1 1 1 1 1 1 1 1 1 1 1 1 1 1 1 1 1 1 1 1 1 1 1 1 1 1 1 1 1 1 1 1
#  1 1 1 1 1 1 1 1 1 1 1 1 1 1 1 1 1 1 1 1 1 1 1 1 1 1 1 1 1 1 1 1 1 1 1 1 1
#  1 1 1 1 1 1 1 1 1 1 1 1 1 1 1 1 1 1 1 1 1 1 1 1 1 1 1 1 1 1 1 1 1 1 1 1 1
#  1 1 1 1 1 1 1 1 1 1 1 1 1 1 1 1 1 1 1 1 1 1 1 1 1 1 1 1 1 1 1 1 1 1 1 1 1
#  1 1 1 1 1 1 1 1 1 1 1 1 1 1 1 1 1 1 1 1 1 1 1 1 1 1 1 1 1 1 1 1 1 1 1 1 1
#  1 1 1 1 1 1 1 1 1 1 1 1 1 1 1 1 1 1 1 1 1 1 1 1 1 1 1 1 1 1 1 1 1 1 1 1 1
#  1 1 1 1 1 1 1 1 1 1 1 1 1 1 1 1 1 1 1 1 1 1 1 1 1 1 1 1 1 1 1 1 1 1 1 1 1
#  1 1 1 1 1 1 1 1 1 1 1 1 1 1 1 1 1 1 1 1 1 1 1 1 1 1 1 1 1 1 1 1 1 1 1 1 1
#  1 1 1 1 1 1 1 1 1 1 1 1 1 1 1 1 1 1 1 1 1 1 1 1 1 1 1 1 1 1 1 1 1 1 1 1 1
#  1 1 1 1 1 1 1 1 1 1 1 1 1 1 1 1 1 1 1 1 1 1 1 1 1 1 1 1 1 1 1 1 1 1 1 1 1
#  1 1 1 1 1 1 1 1 1 1 1 1 1 1 1 1 1 1 1 1 1 1 1 1 1 1 1 1 1 1 1 1 1 1 1 1 1
#  1 1 1 1 1 1 1 1 1 1 1 1 1 1 1 1 1 1 1 1 1 1 1 1 1 1 1 1 1 1 1 1 1 1 1 1 1
#  1 1 1 1 1 1 1 1 1 1 1 1 1 1 1 1 1 1 1 1 1 1 1 1 1 1 1 1 1 1 1 1 1 1 1 1 1
#  1 1 1 1 1 1 1 1 1 1 1 1 1 1 1 1 1 1 1 1 1 1 1 1 1 1 1 1 1 1 1 1 1 1 1 1 1
#  1 1 1 1 1 1 1 1 1 1 1 1 1 1 1 1 1 1 1 1 1 1 1 1 1 1 1 1 1 1 1 1 1 1 1 1 1
#  1 1 1 1 1 1 1 1 1 1]
1.000000000000000056e-01
1.054823674343163403e-01
1.055267432776809955e-01
1.055278922952900128e-01
1.055279224170460328e-01
1.055279234545343087e-01
1.055279238675925907e-01
1.055279239650138007e-01
1.055279240605041802e-01
1.055279241004573459e-01
1.055279240976829264e-01
1.055279240880556552e-01
1.055279240683377334e-01
1.055279240662989476e-01
1.055279240462953377e-01
1.055279239939724278e-01
1.055279239792682733e-01
1.055279239905996813e-01
1.055279239924736129e-01
1.055279241347806124e-01
1.055279241168595589e-01
1.055279241686456898e-01
1.055279244391175847e-01
1.055279243507626502e-01
1.055279243386016003e-01
1.055279244672180233e-01
1.055279244763396435e-01
1.055279245206258987e-01
1.055279245269098026e-01
1.055279246703875323e-01
1.055279246498262991e-01
1.055279246335796423e-01
1.055279246675800142e-01
1.055279246804525090e-01
1.055279248508961126e-01
1.055279249148528831e-01
1.055279249243116085e-01
1.055279249322364638e-01
1.055279249474784797e-01
1.055279249527976970e-01
1.055279250200698987e-01
1.055279252650768718e-01
1.055279252589704231e-01
1.055279252977589510e-01
1.055279252841567067e-01
1.055279253131807538e-01
1.055279253241048487e-01
1.055279253229644693e-01
1.055279253694496738e-01
1.055279253777629961e-01
1.055279253912178722e-01
1.055279254527018984e-01
1.055279254375048603e-01
1.055279254455930293e-01
1.055279254885517770e-01
1.055279254945769712e-01
1.055279255408931582e-01
1.055279255495964880e-01
1.055279255603462224e-01
1.055279256039336894e-01
1.055279255736316646e-01
1.063793055983360547e-01
1.075253366585378484e-01
1.085627770074530929e-01
1.094786742233507942e-01
1.103014908285628037e-01
1.110500912349203506e-01
1.117353084621171971e-01
1.123639860470622420e-01
1.129409765075682914e-01
1.134701726196724325e-01
1.139549838536278864e-01
1.143985857443180071e-01
1.148038973450411782e-01
1.151739640927206265e-01
1.155113782054623256e-01
1.158188860308447671e-01
1.160988711873409268e-01
1.163536730198821423e-01
1.165856413663723390e-01
1.167966908157065387e-01
1.169887566815914076e-01
1.171637220879803015e-01
1.173231068695227003e-01
1.174684429512915518e-01
1.176011822813004398e-01
1.177224859628156484e-01
1.178335223860719760e-01
1.179354198199275006e-01
1.180290253343432849e-01
1.181152336967956490e-01
1.181947800419720085e-01
1.182684025471498757e-01
1.183367105640800859e-01
1.184002674064754956e-01
1.184596687267424481e-01
1.185152904440999050e-01
1.185675352112892378e-01
1.186167743150482595e-01
1.186633354621949438e-01
1.187075108170988491e-01
1.187495661117123069e-01
1.187897350045266087e-01
1.188282198465059059e-01
1.188652530513013145e-01
1.189009534033175219e-01
1.189354617014140442e-01
1.189689089315076193e-01
1.190014107014967792e-01
1.190330691930962526e-01
1.190639731390790712e-01
1.190942043878352452e-01
1.191238340609605956e-01
1.191529247629169869e-01
1.191815318067911966e-01
1.192097040502888700e-01
1.192374847110269642e-01
1.192649119414464914e-01
1.192920194252721916e-01
1.193188368857696774e-01
1.193453905588296587e-01
