# time (s), these correspond to the rows in the concentrations_all_components_all_times_gas_particle_wall, particle_number_concentration and size_bin_radius output files
0.000000000000000000e+00
6.000000000000000000e+01
1.200000000000000000e+02
1.800000000000000000e+02
2.400000000000000000e+02
3.000000000000000000e+02
3.600000000000000000e+02
4.200000000000000000e+02
4.800000000000000000e+02
5.400000000000000000e+02
6.000000000000000000e+02
6.600000000000000000e+02
7.200000000000000000e+02
7.800000000000000000e+02
8.400000000000000000e+02
9.000000000000000000e+02
9.600000000000000000e+02
1.020000000000000000e+03
1.080000000000000000e+03
1.140000000000000000e+03
1.200000000000000000e+03
1.260000000000000000e+03
1.320000000000000000e+03
1.380000000000000000e+03
1.440000000000000000e+03
1.500000000000000000e+03
1.560000000000000000e+03
1.620000000000000000e+03
1.680000000000000000e+03
1.740000000000000000e+03
1.800000000000000000e+03
1.860000000000000000e+03
1.920000000000000000e+03
1.980000000000000000e+03
2.040000000000000000e+03
2.100000000000000000e+03
2.160000000000000000e+03
2.220000000000000000e+03
2.280000000000000000e+03
2.340000000000000000e+03
2.400000000000000000e+03
2.460000000000000000e+03
2.520000000000000000e+03
2.580000000000000000e+03
2.640000000000000000e+03
2.700000000000000000e+03
2.760000000000000000e+03
2.820000000000000000e+03
2.880000000000000000e+03
2.940000000000000000e+03
3.000000000000000000e+03
3.060000000000000000e+03
3.120000000000000000e+03
3.180000000000000000e+03
3.240000000000000000e+03
3.300000000000000000e+03
3.360000000000000000e+03
3.420000000000000000e+03
3.480000000000000000e+03
3.540000000000000000e+03
3.600000000000000000e+03
3.660000000000000000e+03
3.720000000000000000e+03
3.780000000000000000e+03
3.840000000000000000e+03
3.900000000000000000e+03
3.960000000000000000e+03
4.020000000000000000e+03
4.080000000000000000e+03
4.140000000000000000e+03
4.200000000000000000e+03
4.260000000000000000e+03
4.320000000000000000e+03
4.380000000000000000e+03
4.440000000000000000e+03
4.500000000000000000e+03
4.560000000000000000e+03
4.620000000000000000e+03
4.680000000000000000e+03
4.740000000000000000e+03
4.800000000000000000e+03
4.860000000000000000e+03
4.920000000000000000e+03
4.980000000000000000e+03
5.040000000000000000e+03
5.100000000000000000e+03
5.160000000000000000e+03
5.220000000000000000e+03
5.280000000000000000e+03
5.340000000000000000e+03
5.400000000000000000e+03
5.460000000000000000e+03
5.520000000000000000e+03
5.580000000000000000e+03
5.640000000000000000e+03
5.700000000000000000e+03
5.760000000000000000e+03
5.820000000000000000e+03
5.880000000000000000e+03
5.940000000000000000e+03
6.000000000000000000e+03
6.060000000000000000e+03
6.120000000000000000e+03
6.180000000000000000e+03
6.240000000000000000e+03
6.300000000000000000e+03
6.360000000000000000e+03
6.420000000000000000e+03
6.480000000000000000e+03
6.540000000000000000e+03
6.600000000000000000e+03
6.660000000000000000e+03
6.720000000000000000e+03
6.780000000000000000e+03
6.840000000000000000e+03
6.900000000000000000e+03
6.960000000000000000e+03
7.020000000000000000e+03
7.080000000000000000e+03
7.140000000000000000e+03
7.200000000000000000e+03
