# particle number concentration assuming water not removed from particles (#/cc (air)), with time changing with rows (corresponding times given in the time output file) and size bin changing with columns with size bin numbers given in the second row of the header
# 
0.000000000000000000e+00,0.000000000000000000e+00,0.000000000000000000e+00,0.000000000000000000e+00,0.000000000000000000e+00,0.000000000000000000e+00,0.000000000000000000e+00,0.000000000000000000e+00,0.000000000000000000e+00,0.000000000000000000e+00,0.000000000000000000e+00,0.000000000000000000e+00,0.000000000000000000e+00,0.000000000000000000e+00,0.000000000000000000e+00,0.000000000000000000e+00,0.000000000000000000e+00,0.000000000000000000e+00,0.000000000000000000e+00,0.000000000000000000e+00,0.000000000000000000e+00,0.000000000000000000e+00,0.000000000000000000e+00,0.000000000000000000e+00
1.999999999999999545e+03,0.000000000000000000e+00,0.000000000000000000e+00,1.961755191104373125e+03,0.000000000000000000e+00,1.350958904895246115e-01,0.000000000000000000e+00,0.000000000000000000e+00,0.000000000000000000e+00,0.000000000000000000e+00,0.000000000000000000e+00,0.000000000000000000e+00,0.000000000000000000e+00,0.000000000000000000e+00,0.000000000000000000e+00,0.000000000000000000e+00,0.000000000000000000e+00,0.000000000000000000e+00,0.000000000000000000e+00,0.000000000000000000e+00,0.000000000000000000e+00,0.000000000000000000e+00,0.000000000000000000e+00,0.000000000000000000e+00
2.000000000000000000e+03,1.971611559213262353e+03,1.958938229582550775e+03,2.265578832082520977e-01,1.949933394355364953e+03,4.045581866037333829e-01,1.969425335021237970e+03,6.251507664099678063e-01,1.938912493001020266e+03,9.618481816558392961e-01,3.304038155280917821e-01,3.044110062118173810e-01,2.972094201427616933e-01,9.569862104950342674e-02,4.712667396043826011e-06,0.000000000000000000e+00,0.000000000000000000e+00,0.000000000000000000e+00,0.000000000000000000e+00,0.000000000000000000e+00,0.000000000000000000e+00,0.000000000000000000e+00,0.000000000000000000e+00,0.000000000000000000e+00
1.999999999999998181e+03,1.960125915945341148e+03,1.982275365591977788e+03,1.959989695166306774e+03,1.949187223900362142e+03,6.345069025694025644e-01,1.941485833610523969e+03,8.469974668170383580e-01,1.961705219605004686e+03,1.103652650783789602e+00,1.931897637182187964e+03,1.458364083816295897e+00,3.403820781490605185e-01,1.066573444514524738e+00,3.131977407965207960e-01,1.311985572386495935e+00,1.244742350108266199e-01,0.000000000000000000e+00,0.000000000000000000e+00,0.000000000000000000e+00,0.000000000000000000e+00,0.000000000000000000e+00,0.000000000000000000e+00,0.000000000000000000e+00
1.352338896162549645e+03,1.905861210434399254e+03,1.966059385012116309e+03,1.937553449772601425e+03,1.964169325524474061e+03,1.944145634186672169e+03,1.932772251808050669e+03,2.664411282161835093e+00,1.924516798241792912e+03,2.768709996048900113e+00,1.945670562838659407e+03,1.916494441489630844e+03,3.182567744136665766e+00,1.801774425355675335e+00,1.060025109796048692e+00,2.402515590810544666e+00,2.462619058412367501e+00,3.677322272719336649e+00,6.353813468925797459e+00,8.722466503288409702e-07,0.000000000000000000e+00,0.000000000000000000e+00,0.000000000000000000e+00,0.000000000000000000e+00
4.503407626560037897e+02,1.273848831490450721e+03,1.868715660609231236e+03,1.943975348629949394e+03,1.920168784984439071e+03,1.949098182084490873e+03,1.929553976777473736e+03,1.917750909766619543e+03,4.068512909123022325e+00,1.911729188514509360e+03,3.038489569575515858e+00,1.932415597487191917e+03,1.901844796789663178e+03,3.157168760986067912e+00,3.951512019525573738e+00,2.556712127960835801e+00,3.212358447335589950e+00,4.090207431941143668e+00,6.233931616358791672e+00,1.381896590367006716e+01,2.479958828384232206e-02,0.000000000000000000e+00,0.000000000000000000e+00,0.000000000000000000e+00
1.376825702601563535e+02,4.172200610975539234e+02,1.241468217923526936e+03,1.842540945107376729e+03,1.925172385965176545e+03,1.904608949392482373e+03,1.934335422209675244e+03,1.914406083400520856e+03,1.904593678744572571e+03,5.695662629013975575e+00,1.897987026937922110e+03,1.919499407798578204e+03,3.988229716383448142e+00,1.887721449473224993e+03,5.297021075609905871e+00,5.545204415334134218e+00,3.911202543710379231e+00,3.193753712121973010e+00,5.396683440652855879e+00,9.659300131834035241e+00,2.071375127272039407e+01,9.374722703919248223e-01,0.000000000000000000e+00,0.000000000000000000e+00
4.165647301198259811e+01,1.253711769547782069e+02,4.034280182191523636e+02,1.218991199257554854e+03,1.820112024208547155e+03,1.907655382988856900e+03,1.889728395374877891e+03,1.919871803351416929e+03,1.901216515618923722e+03,1.892321115537303740e+03,5.651785086857047169e+00,1.886442152083729752e+03,1.904209898658438760e+03,6.361844461698759723e+00,1.875710175138395471e+03,7.136773539876844374e+00,6.340769061048277422e+00,4.473180519131648047e+00,3.840870823027114689e+00,6.580393301556848762e+00,1.357383660457221453e+01,2.532347439444182058e+01,3.860788409776955810e+00,0.000000000000000000e+00
1.256373287284441176e+01,3.454433046371212868e+01,1.202662373344095386e+02,3.942237727787281187e+02,1.200352817849997109e+03,1.800040123382228558e+03,1.891188247855414374e+03,1.875535879957647921e+03,1.906011138052515889e+03,1.888514950389472006e+03,1.879711813179154433e+03,6.287755734481099701e+00,1.873301067121352617e+03,1.892324797951546543e+03,7.761267665976461672e+00,1.862931981710953096e+03,9.425741000922959856e+00,6.922716314966075757e+00,5.192823044780829456e+00,4.386360209461177995e+00,7.781016903188426426e+00,1.731776435245071610e+01,2.951015760914649633e+01,7.571585279351697118e+00
3.785671344117872650e+00,1.018509463367708534e+01,3.290283273747905923e+01,1.169781710431957436e+02,3.868923357218334900e+02,1.183956825925865814e+03,1.781420032418508981e+03,1.875486638804120275e+03,1.860929140958122389e+03,1.892053241075739152e+03,1.876179632509504700e+03,1.867570396031458358e+03,7.430730705903065392e+00,1.859932489111101404e+03,1.881520448273513239e+03,1.850613847120184801e+03,9.004542686739496204e+00,1.127293412638666936e+01,7.175795209794946672e+00,6.451742443535782634e+00,4.362645825079514594e+00,9.526844509641678727e+00,1.988393555984504601e+01,4.596575072766536607e+01
1.140362744245067006e+00,3.008361946373011797e+00,9.639313061132128269e+00,3.186989413396110749e+01,1.144368508866164120e+02,3.805966363870400642e+02,1.169020891052387014e+03,1.763487170577677716e+03,1.860349108054013413e+03,1.847219511147222192e+03,1.878531823084166490e+03,1.864165539093732150e+03,1.854796875995627488e+03,1.846969895922304659e+03,9.425945720264108374e+00,1.870093046531128493e+03,1.838419999412933748e+03,1.057807277631011189e+01,1.298258123937948483e+01,7.712119274442034822e+00,6.701943981236032855e+00,5.571736283958312441e+00,1.063600749069526330e+01,7.759034219380265540e+01
8.896202447147620873e-01,2.829829619181321920e+00,9.300382924776327442e+00,3.108657891944344343e+01,1.122974128713160979e+02,3.749555881323711333e+02,1.155061184672483932e+03,1.746490596316276424e+03,1.845712141869790912e+03,1.833377645386560971e+03,1.865830137929800912e+03,1.851818918307118565e+03,1.842705851173842348e+03,1.835544576440794799e+03,1.005800680085518906e+01,1.858575044433309813e+03,1.827166127024819389e+03,1.196802852909624981e+01,1.396245534780451258e+01,8.861620779612689347e+00,6.660043858671261141e+00,7.002965215423413881e+00,1.341724513858455481e+01,8.735578709045957169e+01
8.317212993380549424e-01,2.719864793576070472e+00,9.046631048840840350e+00,3.043621346164163555e+01,1.104099901137562370e+02,3.697832714792430124e+02,1.141910454668641705e+03,1.730180509466869353e+03,1.831498348906081901e+03,1.819894877429665030e+03,1.853411282339189256e+03,1.838992561598894554e+03,1.831600807549056981e+03,1.823618090563357782e+03,1.139476704596436463e+01,1.847277239198728012e+03,1.815605185027477319e+03,1.381873841449331586e+01,1.489096367560143719e+01,9.405713432785359984e+00,7.178513831584386828e+00,8.378117232073416076e+00,1.611903237351586426e+01,9.691703202511241955e+01
7.962670885974895141e-01,2.638326392476443516e+00,8.838098153415899105e+00,2.986862999111076178e+01,1.086977478075733927e+02,3.649619836227566907e+02,1.129405173878923051e+03,1.714444660447871911e+03,1.817650403236091961e+03,1.806726022749060348e+03,1.841059651114489043e+03,1.826600089118074266e+03,1.820692481545375131e+03,1.811937077647857905e+03,1.266535830761595705e+01,1.835658811901153058e+03,1.804791440608844823e+03,1.557236558909695923e+01,1.479565975622044682e+01,1.032622560645888576e+01,8.262122004318294799e+00,9.706573297709333303e+00,1.874253404557807201e+01,1.062936201831303578e+02
7.701905203762605678e-01,2.571870307935634870e+00,8.657563256830554721e+00,2.935788017342796152e+01,1.071150121162175282e+02,3.604142264689220383e+02,1.117410086416548211e+03,1.699223606125538936e+03,1.803051484917976722e+03,1.794079899085505076e+03,1.828704256455338509e+03,1.814728625434875767e+03,1.809945959728275284e+03,1.799981527536637259e+03,1.390404849178093016e+01,1.824267983893137625e+03,1.794186527345188324e+03,1.780565223190348689e+01,1.470510038724625268e+01,1.125293041652444259e+01,9.306024612085746384e+00,1.103679217727988693e+01,2.137552396911818775e+01,1.154993924492441408e+02
7.490920344163887190e-01,2.514725625888329041e+00,8.496158966501608845e+00,2.888889275747555985e+01,1.056329022456937423e+02,3.560904523163885074e+02,1.105864765026572741e+03,1.684320892331605137e+03,1.788897390300013285e+03,1.780993913285691860e+03,1.816712825564390187e+03,1.803517834351630427e+03,1.799416214573736170e+03,1.788232306118583210e+03,1.477487107963053781e+01,1.813366783699738335e+03,1.783757840256328564e+03,1.979773959957911700e+01,1.477249156110093864e+01,1.159358191571459429e+01,1.034624069448385164e+01,1.230093478023220754e+01,2.448905299913137767e+01,1.245408193466100499e+02
7.310609655998207002e-01,2.463922804477816975e+00,8.348743478433148013e+00,2.845210962659506748e+01,1.042317524559354922e+02,3.519517677506821656e+02,1.094708184671698291e+03,1.669800346200180456e+03,1.774822359286430128e+03,1.768368529286199873e+03,1.804862605989560734e+03,1.792525267882843309e+03,1.789034318901153938e+03,1.776674542267184279e+03,1.561097364189438963e+01,1.802629400727232451e+03,1.773471460280576366e+03,2.120420978399869938e+01,1.534979859788856871e+01,1.152583081895151729e+01,1.175205017030510035e+01,1.327126905245689770e+01,2.778274111292018489e+01,1.334267104633383099e+02
7.151137760524712839e-01,2.417741945238708112e+00,8.212069940756475006e+00,2.804108568416525671e+01,1.028976069134447187e+02,3.479721600208537211e+02,1.083884038794227990e+03,1.655627944114114143e+03,1.761025124909619990e+03,1.755958469658668037e+03,1.793194853892313859e+03,1.781687483874791042e+03,1.778399794803780878e+03,1.765682001409682016e+03,1.603856637164922816e+01,1.792421876892001592e+03,1.763170872149192292e+03,2.220323683558951799e+01,1.641599439973332863e+01,1.145926714379371880e+01,1.311314322005748778e+01,1.421444925448603946e+01,3.099256933419350446e+01,1.421687529083293668e+02
7.006813360068676610e-01,2.375099214225645738e+00,8.083954382356365542e+00,2.765125158568662656e+01,1.016201044906916735e+02,3.441304143881926620e+02,1.073349886067950365e+03,1.641775086707664059e+03,1.747438775282975257e+03,1.743787345895784028e+03,1.781696688085359938e+03,1.770979221324936816e+03,1.767921479588582315e+03,1.754839903218917698e+03,1.595610150941074323e+01,1.782832369466649880e+03,1.753008715152651348e+03,2.279018634337518989e+01,1.782635641560337092e+01,1.139367394451470616e+01,1.443311733655520968e+01,1.463055910490858480e+01,3.462898221097255913e+01,1.507687885732344739e+02
6.874053547259568742e-01,2.335266959316728119e+00,7.962854636515018569e+00,2.727925433931028110e+01,1.003913374403607008e+02,3.404097158617155969e+02,1.063085604238956194e+03,1.628204035208562345e+03,1.734090524067667957e+03,1.731800146289548138e+03,1.770357172497105012e+03,1.760407485055878169e+03,1.757576036722253320e+03,1.744010081739645329e+03,1.600295015674226917e+01,1.772706590371197990e+03,1.743615103176608727e+03,2.335706777419484226e+01,1.919407890413670259e+01,1.132461949788514310e+01,1.571947117259571236e+01,1.503671303612977894e+01,3.817126310615960705e+01,1.592400244010594861e+02
6.750457665129844242e-01,2.297732692656845987e+00,7.847640733658319157e+00,2.692254887697288979e+01,9.920520445152683919e+01,3.367963582701901828e+02,1.053065999137069866e+03,1.614863064288529131e+03,1.720992995892549061e+03,1.719943772859532146e+03,1.759191390385775776e+03,1.749634629102278723e+03,1.746718813538703671e+03,1.734297576133900975e+03,1.603248698736252820e+01,1.762710784798883196e+03,1.733844975729577754e+03,2.438385765979843001e+01,2.004616290584182181e+01,1.173264504340622061e+01,1.648302676611927353e+01,1.591984565834060206e+01,4.163222529861864274e+01,1.675801422308868780e+02
6.634336911917811941e-01,2.262121241469581268e+00,7.737457685100661564e+00,2.657915636707356910e+01,9.805680838978678082e+01,3.332799814114859487e+02,1.043267721489681890e+03,1.601676482088090324e+03,1.708190125293728670e+03,1.708251766122735717e+03,1.748165816631715643e+03,1.738993612022516572e+03,1.735994694527227921e+03,1.724691830505961889e+03,1.605844919988508224e+01,1.752589579817387175e+03,1.724420778524465959e+03,2.488887403810002397e+01,2.088793715609284973e+01,1.260624267775127194e+01,1.673527110810994500e+01,1.727178994414715518e+01,4.501516592951511342e+01,1.757936070391203884e+02
6.524457139369839176e-01,2.228149384881620954e+00,7.631642278870944374e+00,2.624750455100221913e+01,9.694217980348099672e+01,3.298515449995451831e+02,1.033674607218414849e+03,1.588717220080129437e+03,1.695578585602907424e+03,1.696715294271290986e+03,1.737273389551545051e+03,1.728473932949109894e+03,1.725401047836574207e+03,1.715187761554735062e+03,1.608119643551046352e+01,1.742580675605714760e+03,1.714763070749264671e+03,2.570859240664008638e+01,2.158545662639527052e+01,1.357882487491617418e+01,1.697856074144045024e+01,1.859173089656334099e+01,4.832330107688427034e+01,1.838842879200627749e+02
6.419887925264379236e-01,2.195597760502988383e+00,7.529668878213380268e+00,2.592632368099395634e+01,9.585803827207175232e+01,3.265035762751113566e+02,1.024271370471760974e+03,1.575970885607071523e+03,1.683137004364928316e+03,1.685336332480880401e+03,1.726507880136093036e+03,1.718074042950511739e+03,1.714928508733637273e+03,1.705780885835666595e+03,1.610102458840956530e+01,1.732679114315828201e+03,1.705208629836541604e+03,2.646517398828656553e+01,2.230206465344136646e+01,1.452736435202472087e+01,1.721156917184195834e+01,1.988293001679770100e+01,5.155947378176770712e+01,1.918556342326369020e+02
6.319909588685744817e-01,2.164292779247668719e+00,7.431113357106418960e+00,2.561457103980293937e+01,9.480166246918160766e+01,3.232296878468542900e+02,1.015044909737619719e+03,1.563424927570564250e+03,1.670867391029451937e+03,1.674097858659584745e+03,1.715860140883024769e+03,1.707792100207902195e+03,1.704570941385239848e+03,1.696468318670869166e+03,1.611818075771574499e+01,1.722880278278680862e+03,1.695753488684071954e+03,2.719950967672025754e+01,2.299927701899344612e+01,1.545289026042813596e+01,1.743669171384805594e+01,2.114367598987262653e+01,5.472731828179781388e+01,1.997107462063626997e+02
6.223953362628060759e-01,2.134094550099684628e+00,7.335628023804774855e+00,2.531137845590802016e+01,9.377075599948662443e+01,3.200244146959797717e+02,1.005983432385192941e+03,1.551068749366460906e+03,1.658761484491708643e+03,1.662993760752297703e+03,1.705328991903418682e+03,1.697620099399240871e+03,1.694325180543143006e+03,1.687245347370179843e+03,1.612955327068749867e+01,1.713184050381046291e+03,1.686355874946548965e+03,2.795032265136223160e+01,2.367799861719072041e+01,1.635636995271860528e+01,1.765436852957954628e+01,2.237603153943128476e+01,5.782823350203699420e+01,2.074524699575223394e+02
6.131561455244523007e-01,2.104888558666758058e+00,7.242923990583949312e+00,2.501601484058777913e+01,9.276335601989178770e+01,3.168829208945234654e+02,9.970725425057077018e+02,1.538890132719937128e+03,1.646818963579165484e+03,1.652008439661996817e+03,1.694919146157939849e+03,1.687552842118557692e+03,1.684188213571770120e+03,1.678108773457810912e+03,1.613877577491786752e+01,1.703279783289735860e+03,1.677354899656462294e+03,2.867691148504238541e+01,2.403028480735886774e+01,1.755034463122123611e+01,1.786501608679333941e+01,2.358095775910597780e+01,6.086442907805420077e+01,2.150834320289778532e+02
6.042359544447483133e-01,2.076579776010675005e+00,7.152758353703040584e+00,2.472785807947895265e+01,9.177777042375787175e+01,3.138012354423944430e+02,9.883085703291824302e+02,1.526882491767250485e+03,1.635025927517762284e+03,1.641147421970679943e+03,1.684617071971660835e+03,1.677587747118494008e+03,1.674155372556338307e+03,1.669022548163747615e+03,1.617914810166136874e+01,1.693024051291582282e+03,1.668887669326352807e+03,2.938323345841303791e+01,2.437338531840131850e+01,1.871605107135986401e+01,1.806901790926182727e+01,2.475400095151638880e+01,6.384330412796287391e+01,2.226060682338033132e+02
5.956037370672979669e-01,2.049088402750622429e+00,7.064924737007252986e+00,2.444637367118840388e+01,9.081253691523163241e+01,3.107757603523714351e+02,9.796837665928899241e+02,1.515038058432226535e+03,1.623376428344161013e+03,1.630406201731916099e+03,1.674419126738591331e+03,1.667721432309703914e+03,1.664122474823814400e+03,1.660119049674095777e+03,1.611509342462303707e+01,1.682977136986035021e+03,1.660489682843098990e+03,3.007016216204955938e+01,2.470761067266679234e+01,1.985455358838936135e+01,1.826659482648100408e+01,2.590133901563565999e+01,6.676149302478441427e+01,2.300226457059437166e+02
5.872334566447304782e-01,2.022346688722723940e+00,6.979246073931628658e+00,2.417109899444530541e+01,8.986637367217730343e+01,3.078033224750601562e+02,9.711912247923130508e+02,1.503349843467653272e+03,1.611865074330368998e+03,1.619780676229292339e+03,1.664321023444004823e+03,1.657951684531683895e+03,1.654190058617296017e+03,1.651292277430674858e+03,1.605104137392745400e+01,1.673031474280351631e+03,1.652158985496349032e+03,3.073850282285025770e+01,2.503324154363415488e+01,2.096684821220770800e+01,1.845815766324826512e+01,2.702361256223766972e+01,6.962071814506217038e+01,2.373352809084752266e+02
5.791030350569368323e-01,1.996296583193884588e+00,6.895569201965458639e+00,2.390163011915358737e+01,8.893815274096704115e+01,3.048810543548086684e+02,9.628248089149179805e+02,1.491811530333314977e+03,1.600484229071834079e+03,1.609269554881780778e+03,1.654320714370515361e+03,1.648059789281430767e+03,1.644570186226863143e+03,1.642260232170253630e+03,1.626686286395992198e+01,1.663184163140290138e+03,1.643893772354955445e+03,3.138900030052248624e+01,2.492314351627935665e+01,2.248101704227254061e+01,1.864415613887809187e+01,2.770786894603658013e+01,7.283622245697902997e+01,2.445460607051454360e+02
