# particle radii (um) per size_bin (including water contribution to size), with size bins represented by columns and their number (starting from 1) given in second line of header, per time step which is represented by rows and corresponding times given in the time output file 
# 
5.465033770110374993e-03,6.481603873268357643e-03,7.687269747487561478e-03,9.117205760499392381e-03,1.081312918757022443e-02,1.282451728068476071e-02,1.521005072903776519e-02,1.803932562267557271e-02,2.139488386450019014e-02,2.537462126633306669e-02,3.009464358337539044e-02,3.569265380965744305e-02,4.233196955619724505e-02,5.020628771576368665e-02,5.954533541964683596e-02,7.062157214872095967e-02,8.375813852769764534e-02,9.933828370248262707e-02,1.178165463370664801e-01,1.397320154268704429e-01,1.657240578025019895e-01,1.965509711616570399e-01,2.331121068169215715e-01,2.764741075734998832e-01
5.895234348501130796e-03,1.128028219170201275e-02,1.298968639883046373e-02,9.117205760499394115e-03,1.081312918757022616e-02,1.282451728068476418e-02,1.521005072903776865e-02,1.803932562267557618e-02,2.139488386450019361e-02,2.537462126633307363e-02,3.009464358337539391e-02,3.569265380965744999e-02,4.233196955619725199e-02,5.020628771576369359e-02,5.954533541964684290e-02,7.062157214872097355e-02,8.375813852769764534e-02,9.933828370248264095e-02,1.178165463370664801e-01,1.397320154268704429e-01,1.657240578025019895e-01,1.965509711616570676e-01,2.331121068169215715e-01,2.764741075734998832e-01
7.524891107401555229e-03,1.605916364701045346e-02,2.415060114372619485e-02,2.691763543089564434e-02,3.066019549438388919e-02,3.252039154214699662e-02,3.584825993785049209e-02,3.731868433782545291e-02,4.000491785210195939e-02,4.100384565993778208e-02,4.252100699775546166e-02,4.294597448895275116e-02,4.508289764579453268e-02,4.752515347499832593e-02,5.900296365008207700e-02,7.062157214872097355e-02,8.375813852769764534e-02,9.933828370248264095e-02,1.178165463370664801e-01,1.397320154268704429e-01,1.657240578025019895e-01,1.965509711616570676e-01,2.331121068169215715e-01,2.764741075734998832e-01
9.744048441898271393e-03,2.279521146157884037e-02,3.583819877435444334e-02,4.378116859623238516e-02,4.994991485143498305e-02,5.179985047611643245e-02,5.474218856269440214e-02,5.609873459804268908e-02,5.858985841608271850e-02,5.969791453907793283e-02,6.171964457780184515e-02,6.255480540379572407e-02,6.363931133023816022e-02,6.425802340201769436e-02,6.563907173629783542e-02,6.852399025025357471e-02,7.326991783982948758e-02,9.933828370248264095e-02,1.178165463370664801e-01,1.397320154268704429e-01,1.657240578025019895e-01,1.965509711616570676e-01,2.331121068169215715e-01,2.764741075734998832e-01
2.000000000000000909e-03,1.070666764849349112e-02,2.946360110557113415e-02,4.252650730258229761e-02,5.364601096600444402e-02,6.028870632069358720e-02,6.548466739359243283e-02,6.719050860900623034e-02,6.956262873132701419e-02,7.224043176929696719e-02,7.286541162126339288e-02,7.557209467144007653e-02,7.581595854433940962e-02,7.626795504806997694e-02,7.779519153456494751e-02,7.935558839592253555e-02,8.039998942509309077e-02,8.279069752091421097e-02,8.932053943084138081e-02,1.079356391800352782e-01,1.657240578025019895e-01,1.965509711616570676e-01,2.331121068169215715e-01,2.764741075734998832e-01
2.000000000000000909e-03,9.418118095829068268e-03,2.495359933770505828e-02,4.312993691748809311e-02,5.441894717769669987e-02,6.414776266356615742e-02,7.005929834670543421e-02,7.473579288814476140e-02,7.721841364750424430e-02,7.843730449799904414e-02,8.092449121259409628e-02,8.145169490603570983e-02,8.393238916880034484e-02,8.419794782125557264e-02,8.603780389617586566e-02,8.699913419643730272e-02,8.811349434423590421e-02,8.884710491035092972e-02,9.140997181435464580e-02,9.802265123062234298e-02,1.133364707007365607e-01,1.965509711616570676e-01,2.331121068169215715e-01,2.764741075734998832e-01
2.000000000000000475e-03,7.976323239858978606e-03,2.000838740214731098e-02,3.493427160736619491e-02,5.095142190889802303e-02,6.116469098507339858e-02,7.014390848572051029e-02,7.566623022674616450e-02,8.006637514132218525e-02,8.308674838264371032e-02,8.356632111199403801e-02,8.642778759476438255e-02,8.653328212610114645e-02,8.878777953538223577e-02,9.044194022391391363e-02,9.140391041535503303e-02,9.222976150592303302e-02,9.280416490825239839e-02,9.400749745197115037e-02,9.644668906194754643e-02,1.029640429012240732e-01,1.114679927365783141e-01,2.331121068169215715e-01,2.764741075734998832e-01
2.000000000000000909e-03,6.935100308011560299e-03,1.606724960585213455e-02,2.778212001945552789e-02,4.108157142272300666e-02,5.576793635556805129e-02,6.536397767221209520e-02,7.390847371060536852e-02,7.920453406558632115e-02,8.344249806374766376e-02,8.637796644746083274e-02,8.682379496180794853e-02,8.959027342811418104e-02,9.109392935272428438e-02,9.187993363388992363e-02,9.401716829922891761e-02,9.480901428745197590e-02,9.538377149000200339e-02,9.620211965508221330e-02,9.713192917303505036e-02,9.994998463115808973e-02,1.059138242035820715e-01,1.131948357715706760e-01,2.764741075734998832e-01
2.000000000000000909e-03,6.282511707014062051e-03,1.354845976589377776e-02,2.263659292066160997e-02,3.316199054681097380e-02,4.533951269716648969e-02,5.917040385562823829e-02,6.835994039735725225e-02,7.661241440237435973e-02,8.175502712567023211e-02,8.588173943113185105e-02,8.892579211191539712e-02,8.917977249208731971e-02,9.188212586087159128e-02,9.382853946166115622e-02,9.412133901352047471e-02,9.654606507880127142e-02,9.716561700470592589e-02,9.792509784365920067e-02,9.851505826494434681e-02,9.949969111506433428e-02,1.024729146751590797e-01,1.080354862426290419e-01,1.150989802672455486e-01
2.000000000000000909e-03,5.855914803308594381e-03,1.198015519511852651e-02,1.934988767317915442e-02,2.759013937531579891e-02,3.719528057472636789e-02,4.859550391169492611e-02,6.181670418059126426e-02,7.070802130210387948e-02,7.874227664010260974e-02,8.376936393311992801e-02,8.781154973203791902e-02,9.096287362857775893e-02,9.104481184338816813e-02,9.370027769685411456e-02,9.590005700388198884e-02,9.598042905977637040e-02,9.853861219209464339e-02,9.892086047327351694e-02,1.000915431696868113e-01,1.002433730241984872e-01,1.014489406728930482e-01,1.042763598863769431e-01,1.115745365318579485e-01
2.000000000000000909e-03,5.540147314184574664e-03,1.090726535504127521e-02,1.720297066944446313e-02,2.394767765558605474e-02,3.146076454970511693e-02,4.039817866275285940e-02,5.122588105418024451e-02,6.398243682565236956e-02,7.264246979420209416e-02,8.050463368284430099e-02,8.543995888749965351e-02,8.941252025052445762e-02,9.259461056090283193e-02,9.270746219875385108e-02,9.521267471647981706e-02,9.737940024240843151e-02,9.793681354614738876e-02,1.002390380447297086e-01,1.003629255104846185e-01,1.015331583929487136e-01,1.021491882718123800e-01,1.030548467804199841e-01,1.111839639436603688e-01
5.281687933626651003e-03,1.008058941813454353e-02,1.565386045437664603e-02,2.146416909236135984e-02,2.762434946214212608e-02,3.459056664591669827e-02,4.302979629696970093e-02,5.341816726492431416e-02,6.580681302824042955e-02,7.427910417089203521e-02,8.200103343935161160e-02,8.686013765616837357e-02,9.077553213369736473e-02,9.391621987016009199e-02,9.416629658697103777e-02,9.650222920806035554e-02,9.864178134185649927e-02,9.954449257903733028e-02,1.016105349112783746e-01,1.018034138715955134e-01,1.027553359596344446e-01,1.037419469633369395e-01,1.048971261411481698e-01,1.127655904137168791e-01
9.390451933617875030e-03,1.441989254690533712e-02,1.960233530582562722e-02,2.492548793082446576e-02,3.063225128921205284e-02,3.718556066289620265e-02,4.524104589717375946e-02,5.528122416682138690e-02,6.737046836669481620e-02,7.568743123407653539e-02,8.329230166401455082e-02,8.808615177530229601e-02,9.195412451124522490e-02,9.505936991310967588e-02,9.554129184731965929e-02,9.761890089627849043e-02,9.973520399769947309e-02,1.009031724288257381e-01,1.028173506231409157e-01,1.030363215263335464e-01,1.038165870227392151e-01,1.051136505238412511e-01,1.064402047304424948e-01,1.141520329082463397e-01
1.337398351415207756e-02,1.808398244300890578e-02,2.284922440151353901e-02,2.778392999606223157e-02,3.314367624890343644e-02,3.937752999118190184e-02,4.712904595939856195e-02,5.688652188960314354e-02,6.872724369018273771e-02,7.691350898191567920e-02,8.441889350240407153e-02,8.915695444051432994e-02,9.298470232747636788e-02,9.605924480814420630e-02,9.676127179698365555e-02,9.859532517388297501e-02,1.006927899522707809e-01,1.020950551008591722e-01,1.037537503657222360e-01,1.041598547289669247e-01,1.049169909758248809e-01,1.063130082725128045e-01,1.077592451458023459e-01,1.153808804253343423e-01
1.678086315428308287e-02,2.112855876023308696e-02,2.555255043324427405e-02,3.018583899046957744e-02,3.527533356845059115e-02,4.125581407423280222e-02,4.876087647008799097e-02,5.828450196223999152e-02,6.991542839829725797e-02,7.799110866426313404e-02,8.541015992176795302e-02,9.009987683675997616e-02,9.389323814586716943e-02,9.694041139802898888e-02,9.783497707164426349e-02,9.945566049290266442e-02,1.015378331053901351e-01,1.031276869349352643e-01,1.045758448693439868e-01,1.051136211482320837e-01,1.059114099952834925e-01,1.073151526129442895e-01,1.088438387611044417e-01,1.164789088159614711e-01
1.963805124202168059e-02,2.368196418371423112e-02,2.783751110630486650e-02,3.223423719504624890e-02,3.710866093164277152e-02,4.288381521069303121e-02,5.018534581447788717e-02,5.951201774504549791e-02,7.096397960624806212e-02,7.894303464029417405e-02,8.628677380669114161e-02,9.093597119793743466e-02,9.469984948464942043e-02,9.772263158303030883e-02,9.877037966014884374e-02,1.002197393830040889e-01,1.022886995526431225e-01,1.040271826630149443e-01,1.053295954114317895e-01,1.059468363833630938e-01,1.067541817840695489e-01,1.081587559699564438e-01,1.097917923457537165e-01,1.174664968581501934e-01
2.205027511096373932e-02,2.585191357546271287e-02,2.979502670046864712e-02,3.400259011787300917e-02,3.870238872605262503e-02,4.430807652193508722e-02,5.143892261992039083e-02,6.059792846418696199e-02,7.189493119310333413e-02,7.978993981243932831e-02,8.706816093094268960e-02,9.168199040741656369e-02,9.542005415445004024e-02,9.842095193915746665e-02,9.961347591976191240e-02,1.009022347960299576e-01,1.029595904242642523e-01,1.047766864871538667e-01,1.060540993509478114e-01,1.065985999262689110e-01,1.075892626160730864e-01,1.089116232553502539e-01,1.106362135227677568e-01,1.183596974451362888e-01
2.411049617517625407e-02,2.771877057943532285e-02,3.149109498473114804e-02,3.554458518679383394e-02,4.010011460350178247e-02,4.556379627896092743e-02,5.254960599486365597e-02,6.156436829441100378e-02,7.272641308053470754e-02,8.054774769236761056e-02,8.776821038720312995e-02,9.235090558089588397e-02,9.606542915411758754e-02,9.904754007351561362e-02,1.003096874427110707e-01,1.015151326002061705e-01,1.035615885857474050e-01,1.054519824643781606e-01,1.067044979434498136e-01,1.071816910046701904e-01,1.083421525620358872e-01,1.095979682407497574e-01,1.113985131033114334e-01,1.191713894185119915e-01
2.588995963995383010e-02,2.934188502521815206e-02,3.297457614124625624e-02,3.690049430760315718e-02,4.133505485037636956e-02,4.667820083804911924e-02,5.353938210446465562e-02,6.242895096191457965e-02,7.347249117480619818e-02,8.122885473482960306e-02,8.839813000149407407e-02,9.295325208992781529e-02,9.664684285232069683e-02,9.961203909869893736e-02,1.008743668019833478e-01,1.020678785647774062e-01,1.041042502076763299e-01,1.060169544207283099e-01,1.073435452630690651e-01,1.077073170866284374e-01,1.090229286439219347e-01,1.101276491992838197e-01,1.121033445969087661e-01,1.199122940469734000e-01
2.744191470076834394e-02,3.076550664912103966e-02,3.428227651148202382e-02,3.810106649634970033e-02,4.243291999729760511e-02,4.767264157051097351e-02,5.442578451854825083e-02,6.320584133448792219e-02,7.414469406286532116e-02,8.184341016749410724e-02,8.896705015439659858e-02,9.349764987361305901e-02,9.717253650019398725e-02,1.001221592590537390e-01,1.013980363678735896e-01,1.025673825717084015e-01,1.045949956155614452e-01,1.065338051518431028e-01,1.079303866680067225e-01,1.081818823942771457e-01,1.096416048655721037e-01,1.106126696280666510e-01,1.127425131492668098e-01,1.205911161730028880e-01
2.880683918401366617e-02,3.202356741025697007e-02,3.544278755121572227e-02,3.917051099958380328e-02,4.341421825023661363e-02,4.856435714650694097e-02,5.522309298151991536e-02,6.390658845199348459e-02,7.475247249210768830e-02,8.239977738972842358e-02,8.948258439103028150e-02,9.399053569931423158e-02,9.764813239143713131e-02,1.005844912131508423e-01,1.018727703219973330e-01,1.030206259568074018e-01,1.050397127659609547e-01,1.070231978417868907e-01,1.084244583001573586e-01,1.086829270875988712e-01,1.101365662133378248e-01,1.111047801395266821e-01,1.133236791449108716e-01,1.212152451469629133e-01
3.001571382617605407e-02,3.314231533920563438e-02,3.647848469388119408e-02,4.012798705295427676e-02,4.429534938758564883e-02,4.936727806418671899e-02,5.594294103461638218e-02,6.454053473579117461e-02,7.530355687916913399e-02,8.290503984447528119e-02,8.995113618874094052e-02,9.443867491711373241e-02,9.808057784452312022e-02,1.010051433221283018e-01,1.023064514754206816e-01,1.034329041905609758e-01,1.054442465292358411e-01,1.074595888012537526e-01,1.088602866308430034e-01,1.091495819980118770e-01,1.105741584234790909e-01,1.115524310854098256e-01,1.138541829767123897e-01,1.217908083631418920e-01
3.109285715752703461e-02,3.414258993520607327e-02,3.740733283728205072e-02,4.098903875547740827e-02,4.508974846785398366e-02,5.009291690970846256e-02,5.659504423056661848e-02,6.511609818867294952e-02,7.580486476101730431e-02,8.336514525066981984e-02,9.037811513584145806e-02,9.484720305077459779e-02,9.847483522124612920e-02,1.013888073884994800e-01,1.027037351810562299e-01,1.038089608261588970e-01,1.058126734855904805e-01,1.078760194165241937e-01,1.092488496960343503e-01,1.096076762212191413e-01,1.109744848564766934e-01,1.119721770512916714e-01,1.143400892983815337e-01,1.223230651529818719e-01
3.205758490731689531e-02,3.504111486576653306e-02,3.824388893611863766e-02,4.176637395003353348e-02,4.580848911926057448e-02,5.075083785322995894e-02,5.718752718550283026e-02,6.564007806503099896e-02,7.626201471410291866e-02,8.378513744097654259e-02,9.076812657745758628e-02,9.522048864919691047e-02,9.883509592973693803e-02,1.017395324242506977e-01,1.030685647343198702e-01,1.041527662463211656e-01,1.061494716496324126e-01,1.082574001687317544e-01,1.096126504357054637e-01,1.100309723188729188e-01,1.113438152317455937e-01,1.123629685691652225e-01,1.147864899956268225e-01,1.228165294806611851e-01
3.292548316726967572e-02,3.585151104897588842e-02,3.900011134827190834e-02,4.247051392263181957e-02,4.646080657820335358e-02,5.134907147982811781e-02,5.772725712300805223e-02,6.611825172075533330e-02,7.667985120255935150e-02,8.416935372976765140e-02,9.112511910791867842e-02,9.556228263283829405e-02,9.916496361745062715e-02,1.020608024481385323e-01,1.034043319053806614e-01,1.044677239581234679e-01,1.064579878520251766e-01,1.086109599028393102e-01,1.099508645277593177e-01,1.104221904665123044e-01,1.116856301863179274e-01,1.127263230285516643e-01,1.151977083232152282e-01,1.232751081608892962e-01
3.370930587808932538e-02,3.658501783751616498e-02,3.968594295831568558e-02,4.311026751169009380e-02,4.705448282142200150e-02,5.189442636051899010e-02,5.822008901657371727e-02,6.655557269855097435e-02,7.706253027324548588e-02,8.452153090136325930e-02,9.145251544097920959e-02,9.587583018776613120e-02,9.946756159311349876e-02,1.023556347836159508e-01,1.037132465455776476e-01,1.047567892549945423e-01,1.067410267714082039e-01,1.089412883687410766e-01,1.102655843330405949e-01,1.107843293616222607e-01,1.120025836462404528e-01,1.130645238425675020e-01,1.155773553194262837e-01,1.237021997546905588e-01
3.441961311415596414e-02,3.725101044341851825e-02,4.030973348705756826e-02,4.369307755268075216e-02,4.759613050559467762e-02,5.239271842691377995e-02,5.867103111479500532e-02,6.695627910828315377e-02,7.741363567565201498e-02,8.484489622981961077e-02,9.175328531284863975e-02,9.616395667567619043e-02,9.974561098244723312e-02,1.026266602186363674e-01,1.039986195771959304e-01,1.050219680401676264e-01,1.070013883355678402e-01,1.092481977786149833e-01,1.105277054498529782e-01,1.111524618084817340e-01,1.122970483907720640e-01,1.133794417443720476e-01,1.159286084608033285e-01,1.241007797379383298e-01
3.506523639520552071e-02,3.785738091657418758e-02,4.087855350738719279e-02,4.422528084442378660e-02,4.809140801611791471e-02,5.284895122511160115e-02,5.908445447198702738e-02,6.732412379095720212e-02,7.773632610179845304e-02,8.514230221536450705e-02,9.203003430399198104e-02,9.642913528269636547e-02,1.000014919795927798e-01,1.028761175022714497e-01,1.042663721503802182e-01,1.052653380365510261e-01,1.072412849477495794e-01,1.095339059501552331e-01,1.107706636161571168e-01,1.114917484288123067e-01,1.125710949357869306e-01,1.136720144004352145e-01,1.162543140576209472e-01,1.244734594603655042e-01
3.565364746450504913e-02,3.841084582394280189e-02,4.139845290287277185e-02,4.471232618256441860e-02,4.854520352169237191e-02,5.326746547553505573e-02,5.946414849349187376e-02,6.766235585105997985e-02,7.803335815795654773e-02,8.541624292399457863e-02,9.228505299819228513e-02,9.667354614775024169e-02,1.002370729993747045e-01,1.031061536234861020e-01,1.044972023545839290e-01,1.054896817535392606e-01,1.074625269986411724e-01,1.098002307289583646e-01,1.109970346552429932e-01,1.118042309475159729e-01,1.128264398004253793e-01,1.139448928729996924e-01,1.165567358217631799e-01,1.248225448017333261e-01
3.619116647791798674e-02,3.891711434269645026e-02,4.187459692524091170e-02,4.515888447628202407e-02,4.896172311684152123e-02,5.365200992415088826e-02,5.981339731073851557e-02,6.797380095654315113e-02,7.830713642483426440e-02,8.566889664277774208e-02,9.252034351849545979e-02,9.689909698625628898e-02,1.004544191274090448e-01,1.033185072236283419e-01,1.047100938518534946e-01,1.056966693401787533e-01,1.076667920122908323e-01,1.100487626181360368e-01,1.112082106477098598e-01,1.120927583637663927e-01,1.130647199817097492e-01,1.141995904530438838e-01,1.168379629965271699e-01,1.251500683377274603e-01
3.668323938984570376e-02,3.938112970136483509e-02,4.231147754905701525e-02,4.556903429484534390e-02,4.934465364826520067e-02,5.400588234582791303e-02,6.013510131591003061e-02,6.826096376443192837e-02,7.855979343412224092e-02,8.590220153219756127e-02,9.273769312859644898e-02,9.710722898371726419e-02,1.006549716606385259e-01,1.035143109147113466e-01,1.049278104735732187e-01,1.058878551237520255e-01,1.078556006805686945e-01,1.102809479071882454e-01,1.113955462747567432e-01,1.123525141620696638e-01,1.132874333068182165e-01,1.144166497273611943e-01,1.170926091999169860e-01,1.254578702659621681e-01
