# particle size bin bounds (um), with size bins represented by columns and their number (starting at 1 and in line with the lower bound) given in second line of header, per time step which is is represented by rows and corresponding times given in the time output file 
# 
4.999999999999999237e-03,5.930067540220750749e-03,7.033140206315965405e-03,8.341399288659158417e-03,9.893012232339628079e-03,1.173324614280081904e-02,1.391578841856870238e-02,1.650431303950682799e-02,1.957433820584431397e-02,2.321542952315606978e-02,2.753381300951006361e-02,3.265547415724071728e-02,3.872983346207417577e-02,4.593410565032031434e-02,5.447846978120705203e-02,6.461220105808661296e-02,7.663094323935530638e-02,9.088533381603999817e-02,1.077912335889252421e-01,1.278418590852077319e-01,1.516221717685331538e-01,1.798259438364708529e-01,2.132759984868432546e-01,2.529482151469998885e-01,2.999999999999999334e-01
4.999999999999999237e-03,7.837164410479305690e-03,1.003680647308479758e-02,1.105164232955443797e-02,1.210166257033584540e-02,1.290763022562506183e-02,1.418674465625873599e-02,1.674420207499983243e-02,1.985884984237070230e-02,2.355286416727210216e-02,2.793401505551376326e-02,3.313011918974800157e-02,3.929276888215386954e-02,4.660175466269135536e-02,5.527031052851142517e-02,6.555133488060939373e-02,7.774476863872845089e-02,9.220634578529919578e-02,1.093579716287546855e-01,1.297000315640120249e-01,1.538259894286709561e-01,1.824397013506605381e-01,2.163759502054240780e-01,2.566247997595214603e-01,2.999999999999994893e-01
4.999999999999999237e-03,1.316908824496208080e-02,2.088809755010456737e-02,2.560886249883142715e-02,2.891003838664703979e-02,3.161765424879575681e-02,3.426512718735788554e-02,3.659824161652820013e-02,3.870840497212962861e-02,4.051053976306826648e-02,4.177620078893430622e-02,4.273454725020955913e-02,4.404035797321610018e-02,4.633620672603903229e-02,5.387535113667032971e-02,6.532884380875475516e-02,7.774476863872845089e-02,9.220634578529919578e-02,1.093579716287546855e-01,1.297000315640120249e-01,1.538259894286709561e-01,1.824397013506605381e-01,2.163759502054240780e-01,2.566247997595214603e-01,2.999999999999985456e-01
4.999999999999999237e-03,1.855186267733855907e-02,3.070101496331746269e-02,4.020200705261067070e-02,4.706766136575947501e-02,5.089169415800654656e-02,5.331161738608732742e-02,5.542876150031287447e-02,5.737133830877047536e-02,5.914907585860924855e-02,6.072560685937693908e-02,6.214003112716590810e-02,6.310171811772355421e-02,6.395016386201073100e-02,6.495588829893395033e-02,6.711253397344611737e-02,7.097628976183496807e-02,8.822933752515371708e-02,1.093579716287546855e-01,1.297000315640120249e-01,1.538259894286709561e-01,1.824397013506605381e-01,2.163759502054240780e-01,2.566247997595214603e-01,2.999999999999981015e-01
4.999999999999999237e-03,1.187674742220096342e-02,2.375349484440192685e-02,3.714320142339436887e-02,4.872067299842649385e-02,5.716034746906809710e-02,6.299383220949174300e-02,6.634855242372986184e-02,6.839713588263995891e-02,7.092680499942338734e-02,7.255426758377277185e-02,7.424342244574239080e-02,7.569422302178412110e-02,7.604262846170176116e-02,7.703914233741340767e-02,7.858313602400469888e-02,7.988120264700940276e-02,8.161285139306211078e-02,8.617931059453431963e-02,9.949873608515474865e-02,1.258421416751369926e-01,1.538259894286709561e-01,1.824397013506605381e-01,2.163759502054240780e-01,2.999999999999978795e-01
4.999999999999999237e-03,1.007722627147987146e-02,2.015445254295974292e-02,3.631312509899892876e-02,4.941910382260280427e-02,5.967983910351424420e-02,6.723347400075078972e-02,7.247298611760441545e-02,7.599737832804411009e-02,7.783263115510806462e-02,7.970030210304647478e-02,8.118894891389268065e-02,8.271064255765114837e-02,8.406537821691165147e-02,8.512781699922758460e-02,8.652113936466084010e-02,8.755985984059157234e-02,8.848182023475049951e-02,9.014675390088855433e-02,9.483158826807626396e-02,1.062314477912111588e-01,1.442838001141339976e-01,1.824397013506605381e-01,2.163759502054240780e-01,2.999999999999976574e-01
4.999999999999999237e-03,8.104595461393913555e-03,1.620919092278782711e-02,2.936517437617871748e-02,4.438726736926085908e-02,5.651943986390944863e-02,6.595988610067955726e-02,7.300949418798033386e-02,7.792841504431717581e-02,8.160450952557203597e-02,8.332722476790749289e-02,8.502113069224467856e-02,8.648056703267828493e-02,8.767502400761754966e-02,8.962249258294055498e-02,9.092546967451187179e-02,9.181869296274200454e-02,9.251785476274862474e-02,9.340970660500756695e-02,9.524271034627573851e-02,9.981175596679177364e-02,1.073843782095394439e-01,1.649630492166592466e-01,2.163759502054240780e-01,2.999999999999974909e-01
4.999999999999999237e-03,6.542820350702948859e-03,1.308564070140589772e-02,2.338951872077448674e-02,3.567096101751617704e-02,4.951361485075103652e-02,6.094369429859939485e-02,6.989735172062058743e-02,7.664798783549199579e-02,8.137869124572741364e-02,8.493559551562278320e-02,8.660145449137206242e-02,8.822872045231335003e-02,9.034835767773345683e-02,9.148861968887733731e-02,9.296083509670784173e-02,9.441475157433082410e-02,9.509726133077582577e-02,9.579469330432169305e-02,9.666926024822478092e-02,9.856110033705038631e-02,1.030182177289865331e-01,1.096751711666081736e-01,1.918289570895112817e-01,2.999999999999973244e-01
4.999999999999999237e-03,5.549779529511861785e-03,1.109955905902372357e-02,1.916853889641306416e-02,2.885863877624285714e-02,4.017341018714622874e-02,5.315457497439426970e-02,6.409455593055618516e-02,7.272030420900230108e-02,7.926713004046875843e-02,8.386914614279881997e-02,8.743026190752234417e-02,8.905296339095969405e-02,9.055111103182793275e-02,9.286553161728410000e-02,9.397516730735655521e-02,9.534911722936147138e-02,9.685683179424303679e-02,9.754683571699558631e-02,9.822096394791522689e-02,9.900982268411001597e-02,1.010081824547305052e-01,1.053276431860098727e-01,1.116789215898421339e-01,2.999999999999971023e-01
4.999999999999999237e-03,4.932638829177367866e-03,9.865277658354735732e-03,1.648783334276218010e-02,2.417208463047420403e-02,3.308964110552208709e-02,4.363985094629255213e-02,5.598659733282667500e-02,6.655929719183453774e-02,7.494048345288480129e-02,8.133349922334009996e-02,8.583804431109515187e-02,8.941497783934954091e-02,9.100386117990104384e-02,9.239162523001427652e-02,9.481292676286491583e-02,9.594025986435439357e-02,9.727633946623411021e-02,9.873010631544291982e-02,9.950964494997241450e-02,1.001675156313253795e-01,1.008497597162150983e-01,1.028820761592735833e-01,1.070439550739139545e-01,2.999999999999969358e-01
4.999999999999999237e-03,4.509921878381575010e-03,9.019843756763150019e-03,1.472745213434634333e-02,2.111384465288176221e-02,2.820449986098892345e-02,3.647688190777713391e-02,4.644308093621297290e-02,5.830191412720683170e-02,6.858581803185544168e-02,7.677483344842898905e-02,8.304562172976806544e-02,8.747134360461179814e-02,9.103137367120492374e-02,9.265107074395403930e-02,9.397676431254128881e-02,9.630822413204301324e-02,9.765890228922884109e-02,9.910129655292121420e-02,1.003010200327120599e-01,1.009514332978173334e-01,1.018421049038852888e-01,1.026040160281384839e-01,1.045002534802341454e-01,2.999999999999967137e-01
4.999999999999999237e-03,8.367522352103541269e-03,1.344444157918654216e-02,1.900306673147263148e-02,2.492485158738287979e-02,3.149267251729281902e-02,3.926363788571529678e-02,4.877707751104217587e-02,6.024931386119463522e-02,7.029822606713019562e-02,7.833037834809204736e-02,8.450043988354655200e-02,8.886096494849217431e-02,9.237257201939264029e-02,9.404142448073750382e-02,9.534856982728714958e-02,9.758373285284810406e-02,9.909519278060009706e-02,1.005881226788696570e-01,1.017070658361488439e-01,1.022815897708581889e-01,1.032509983425039940e-01,1.043227344144820740e-01,1.089733945404206539e-01,2.999999999999965472e-01
4.999999999999999237e-03,1.241427361153646380e-02,1.739700237490468537e-02,2.257765221587508531e-02,2.806892327923655311e-02,3.422262134921891241e-02,4.160323047799280305e-02,5.075762171555249502e-02,6.191594210025654077e-02,7.176989904061903403e-02,7.967134309972982720e-02,8.575622184175295259e-02,9.006166860860982670e-02,9.353252046386001384e-02,9.530094013115791851e-02,9.659126834265920059e-02,9.868839810383266131e-02,1.003225876228270863e-01,1.018692536360148171e-01,1.029269525365950622e-01,1.034279258651144284e-01,1.044691447795541017e-01,1.057810865607455991e-01,1.104307558230878672e-01,2.999999999999965472e-01
4.999999999999999237e-03,1.607396033941704827e-02,2.074029998480054343e-02,2.555479673522479886e-02,3.069774796698499300e-02,3.652657549835713197e-02,4.359782772739734941e-02,5.246147845016963657e-02,6.336006678333244713e-02,7.304972258192055090e-02,8.084040469164213705e-02,8.685254273966049043e-02,9.111103112551255379e-02,9.454696858189412523e-02,9.641153626657145148e-02,9.768690698754567414e-02,9.965509402468891720e-02,1.013987705822518293e-01,1.029310850440247338e-01,1.039571991546868190e-01,1.045397937545081146e-01,1.056196125560009275e-01,1.070410117552205581e-01,1.117000745566036762e-01,2.999999999999965472e-01
4.999999999999999237e-03,1.920081263211638814e-02,2.354833141925455342e-02,2.806045168437411308e-02,3.292725198668306624e-02,3.849783177505374659e-02,4.531905931703150703e-02,5.394302894384084973e-02,6.462328839670601621e-02,7.417308015343085370e-02,8.186871511604273954e-02,8.781762950056896944e-02,9.203564449188650354e-02,9.544114673617726252e-02,9.738974847503342747e-02,9.865197504725624345e-02,1.005075306745994573e-01,1.023389346867350780e-01,1.038568141058116706e-01,1.048454226033333769e-01,1.055140235870499626e-01,1.066179017602072732e-01,1.080849008854343346e-01,1.127905828672767924e-01,2.999999999999965472e-01
4.999999999999999237e-03,2.184713554575309219e-02,2.592625160464355483e-02,3.019592075490382110e-02,3.484193197621767574e-02,4.020363294522677489e-02,4.681924809251936798e-02,5.524233515334764366e-02,6.573674898221308627e-02,7.516525771216561735e-02,8.277778136973611145e-02,8.867231326325158980e-02,9.285605211729255903e-02,9.623497725537692726e-02,9.824929896475939617e-02,9.950033750267932298e-02,1.012647872976740471e-01,1.031652650930803827e-01,1.046824400484665379e-01,1.056391175198891086e-01,1.063520412747964994e-01,1.074610585131792334e-01,1.089813917338913335e-01,1.137585877171591320e-01,2.999999999999965472e-01
4.999999999999999237e-03,2.410100786073289536e-02,2.796247795784041063e-02,3.203695729408729403e-02,3.650376136741641936e-02,4.169365172067183989e-02,4.813757835768064236e-02,5.639032516982895454e-02,6.672458964561109318e-02,7.604734407192022261e-02,8.358748449437290728e-02,8.943458122900357909e-02,9.358834829450854431e-02,9.694372628075464959e-02,9.902080437051077877e-02,1.002619967561673292e-01,1.019412928791402911e-01,1.038760850347850428e-01,1.054192626663403298e-01,1.063270467351741660e-01,1.070962222309835288e-01,1.082544811926970524e-01,1.097806914644218756e-01,1.146280549135837018e-01,2.999999999999965472e-01
4.999999999999999237e-03,2.603963076885956046e-02,2.972461770408126730e-02,3.363994722140632027e-02,3.795902856581082757e-02,4.300548942013097259e-02,4.930415051523212577e-02,5.741086140191739573e-02,6.760610830982080599e-02,7.683611808983299707e-02,8.431256756822677612e-02,9.011781808387536730e-02,9.424476803237692712e-02,9.757926861676109731e-02,9.968260897853604974e-02,1.009160097922732341e-01,1.025485703454696862e-01,1.045153335267956507e-01,1.060819373343211552e-01,1.069436267947426328e-01,1.077650458738566713e-01,1.089736784150298482e-01,1.105055750571864170e-01,1.154158206251839625e-01,2.999999999999965472e-01
4.999999999999999237e-03,2.772337434058834427e-02,3.126375529018236843e-02,3.504747739344703933e-02,3.924305318623520084e-02,4.416822073117370601e-02,5.034256713612970252e-02,5.832289943875410693e-02,6.839649697665212136e-02,7.754462916606598422e-02,8.496472704888130556e-02,9.073286199248029038e-02,9.483601116228601580e-02,9.815183584095370228e-02,1.002471768059658291e-01,1.014746321080951252e-01,1.030961200737054301e-01,1.050693071336640111e-01,1.066843737899512146e-01,1.075257388452285079e-01,1.083691157781924708e-01,1.095780732548844449e-01,1.111242784450963833e-01,1.161390836293837853e-01,2.999999999999965472e-01
4.999999999999999237e-03,2.919829005492494134e-02,3.261868109152291084e-02,3.629212799686429292e-02,4.038316111435974465e-02,4.520461582370538522e-02,5.127158112586584215e-02,5.914167709308262161e-02,6.910812894879847512e-02,7.818357438297346418e-02,8.555351803070464223e-02,9.128856278205121910e-02,9.537049404969737132e-02,9.866939188463043353e-02,1.007641366075494038e-01,1.019860613262264515e-01,1.035911108297040278e-01,1.055733017402647467e-01,1.072366429562431195e-01,1.080562808671527292e-01,1.089166345028879102e-01,1.101292778373856446e-01,1.116877452184432823e-01,1.167986666441178933e-01,2.999999999999965472e-01
4.999999999999999237e-03,3.050001729605519851e-02,3.381959956298122294e-02,3.739953741269276544e-02,4.140111176318771180e-02,4.613302337088056454e-02,5.210645549801735943e-02,5.987964882225394608e-02,6.975114277335084378e-02,7.876175172796595625e-02,8.608686544628318948e-02,9.179190703378577176e-02,9.585422560306910977e-02,9.913805472184131218e-02,1.012327294001784395e-01,1.024499133020986413e-01,1.040399653842773858e-01,1.060407305441891102e-01,1.077283847411471679e-01,1.085538465486612786e-01,1.094145747702845173e-01,1.106227917231443342e-01,1.122251975729662704e-01,1.174020764687003782e-01,2.999999999999965472e-01
4.999999999999999237e-03,3.165621598917899016e-02,3.489015036455574842e-02,3.838996975755626373e-02,4.231427469781470080e-02,4.696823810526730425e-02,5.285960939077182646e-02,6.054694727851759467e-02,7.033380129462905861e-02,7.928649345839687557e-02,8.657145925193623914e-02,9.224948039010452683e-02,9.629406115334812610e-02,9.956433685527778243e-02,1.016599617789278182e-01,1.028727614862843254e-01,1.044482583791620511e-01,1.064614553999283370e-01,1.081644723713877376e-01,1.090051262590917280e-01,1.098664881293332091e-01,1.110654489288753766e-01,1.127150580380741479e-01,1.179559988325918213e-01,2.999999999999965472e-01
4.999999999999999237e-03,3.268885524578839935e-02,3.584929013078051036e-02,3.927983455403858543e-02,4.313684968225452165e-02,4.772246396953821329e-02,5.354138612161980088e-02,6.115240250555061680e-02,7.086353956532524812e-02,7.976415110083262539e-02,8.701293591632772162e-02,9.266654246913841320e-02,9.669504289314206913e-02,9.995305935831065580e-02,1.020505070185070695e-01,1.032593054216370265e-01,1.048203927363166033e-01,1.068543072016575474e-01,1.085667744267997392e-01,1.094285571151032976e-01,1.102953150021260265e-01,1.114755632586296452e-01,1.131685195884963302e-01,1.184660627370078684e-01,2.999999999999965472e-01
4.999999999999999237e-03,3.361555019733959704e-02,3.671235406382652305e-02,4.008252106886815713e-02,4.388051766574547347e-02,4.840581957539292352e-02,5.416042362307049024e-02,6.170327304651884032e-02,7.134638658273843859e-02,8.020000152327579068e-02,8.741608602182363019e-02,9.304756941794910252e-02,9.706144464575656994e-02,1.003083387282276973e-01,1.024083605487150633e-01,1.036135017348703280e-01,1.051605969097180876e-01,1.072137968952596027e-01,1.089392402739785409e-01,1.098222097329550340e-01,1.106912864857652612e-01,1.118557133588186786e-01,1.135876564266472960e-01,1.189370467888947042e-01,2.999999999999965472e-01
4.999999999999999237e-03,3.445062681849715008e-02,3.749191660514152730e-02,4.080909325590433706e-02,4.455500158991815979e-02,4.902678611670074210e-02,5.472401094563871665e-02,6.220571996958635524e-02,7.178751139975984852e-02,8.059858987981056988e-02,8.778502368075957740e-02,9.339640209230724854e-02,9.739693862241285971e-02,1.006337157188223336e-01,1.027369596354419101e-01,1.039387478092794886e-01,1.054722449873807116e-01,1.075452490829285346e-01,1.092850192384200309e-01,1.101870315222862051e-01,1.110575036899249801e-01,1.122083896212820037e-01,1.139754127435042980e-01,1.193730478788248700e-01,2.999999999999965472e-01
4.999999999999999237e-03,3.520588578568222687e-02,3.819841316849947183e-02,4.146879686434590262e-02,4.516847954557096090e-02,4.959254194928527926e-02,5.523835407021991661e-02,6.266501833354508333e-02,7.219135184869746036e-02,8.096382523304421208e-02,8.812330524830387646e-02,9.371636676938699395e-02,9.770470487913981983e-02,1.009322580021900645e-01,1.030389125423796376e-01,1.042376296763537491e-01,1.057582150880893579e-01,1.078523792767993594e-01,1.096074364439893895e-01,1.105255655219023331e-01,1.113967872631435735e-01,1.125360589791496724e-01,1.143347462369090906e-01,1.197775601648225080e-01,2.999999999999965472e-01
4.999999999999999237e-03,3.589115286855937975e-02,3.884059104852847361e-02,4.206943001574228735e-02,4.572788911932750694e-02,5.010920982921871630e-02,5.570876380331385436e-02,6.308568555081396634e-02,7.256172393140890298e-02,8.129908199366754629e-02,8.843401002531611765e-02,9.401035471010157907e-02,9.798751311947738463e-02,1.012066393062390351e-01,1.033171944942965909e-01,1.045127988656887608e-01,1.060209171776827358e-01,1.081364638489642066e-01,1.098916760543801885e-01,1.108409639907538685e-01,1.117276865092107635e-01,1.128408407044097506e-01,1.146681926122672529e-01,1.201536502472636825e-01,2.999999999999965472e-01
4.999999999999999237e-03,3.651468488993611650e-02,3.942584471165044846e-02,4.261762107196400556e-02,4.623915755950679107e-02,5.058204826362713152e-02,5.613984803170291027e-02,6.347169865625033880e-02,7.290200147558514865e-02,8.160733950061779818e-02,8.871984977933089489e-02,9.428089976688787399e-02,9.824778696285892121e-02,1.014591663112197478e-01,1.035759100230517482e-01,1.047682363801896582e-01,1.062624971556973136e-01,1.083997175078461050e-01,1.101557561621771125e-01,1.111323757160678771e-01,1.120340213142423103e-01,1.131242331916095661e-01,1.149776632875701698e-01,1.205040362567936785e-01,2.999999999999965472e-01
4.999999999999999237e-03,3.708349678650673525e-02,3.996049070870691389e-02,4.311906061974636606e-02,4.670739765726773102e-02,5.101561341484990575e-02,5.653560601615693210e-02,6.382650573912115877e-02,7.321511988117321290e-02,8.189120093465616923e-02,8.898320252068354919e-02,9.453023267055010725e-02,9.848754391169374511e-02,1.016918499958827521e-01,1.038063381490153536e-01,1.049957874228172605e-01,1.064852420703751024e-01,1.086439540198580050e-01,1.104018761597105186e-01,1.114020949952777423e-01,1.123176611679018166e-01,1.133884244164762856e-01,1.152656100083575136e-01,1.208310021428878611e-01,2.999999999999965472e-01
4.999999999999999237e-03,3.760354258739915384e-02,4.044991445047370349e-02,4.357862045593277611e-02,4.713700345861655122e-02,5.141383557988749714e-02,5.689950027332391080e-02,6.415310265035337189e-02,7.350363761733950951e-02,8.215293893724416596e-02,8.922614624257753368e-02,9.476030440844458724e-02,9.870877222031503029e-02,1.019065869986145734e-01,1.040189547696231120e-01,1.052056945202319849e-01,1.066908256085113693e-01,1.088708060236139030e-01,1.106315244644530127e-01,1.116522364291364783e-01,1.125808370195201247e-01,1.136349886998305331e-01,1.155338394321121925e-01,1.211366048195944845e-01,2.999999999999965472e-01
4.999999999999999237e-03,3.807996956480890621e-02,4.089879254513739681e-02,4.400054874558505247e-02,4.753182158226489096e-02,5.178016830877012200e-02,5.723458501833107032e-02,6.445414211463436349e-02,7.376982451692012943e-02,8.239457283726150938e-02,8.945053322641617621e-02,9.497271980899757438e-02,9.891291234087612461e-02,1.021046595241178329e-01,1.042258531255342291e-01,1.054100187524768667e-01,1.068807847746731793e-01,1.090817557168282936e-01,1.108410491429431544e-01,1.118760766513161586e-01,1.128219105785433218e-01,1.138548414193781694e-01,1.157700927816777137e-01,1.214193221544526552e-01,2.999999999999965472e-01
