# particle_number_conc
3.240000000000000000e+04
3.194651229255358339e+04
3.150093016545355931e+04
3.106308917225032928e+04
3.063281764810657114e+04
3.020993822171606371e+04
2.979419660686403222e+04
2.938542335996159454e+04
2.898345961517319665e+04
2.858815163648737507e+04
2.819935058082139221e+04
2.781691229006581489e+04
2.744069709749413960e+04
2.707056964366182729e+04
2.669731305112081463e+04
2.633039523146837018e+04
2.596966616523746779e+04
2.561498100923256425e+04
2.526619985292257115e+04
2.492318748809476165e+04
2.458581319178765989e+04
2.425395052174117154e+04
2.392747712352390226e+04
2.360627454865616164e+04
2.329022808297251322e+04
2.297922658457436046e+04
2.267316233070823000e+04
2.237193087307838505e+04
2.207543090088261306e+04
2.178356411135284361e+04
2.149623508685394700e+04
2.121335117868055386e+04
2.093482239675386882e+04
2.066056130504486646e+04
2.039048292219964787e+04
2.012450462716052425e+04
1.986254606944492116e+04
1.960452908376766572e+04
1.935037760888843331e+04
1.910001761032167633e+04
1.885337700664867225e+04
1.861038559927964889e+04
1.837097500557546300e+04
1.813507859479455146e+04
1.790263142720241376e+04
1.767357019574375227e+04
1.744783317032728519e+04
1.722536014461636660e+04
1.700609238505137910e+04
1.678997258209680149e+04
1.657694480355863561e+04
1.636695444988015515e+04
1.615994821129718002e+04
1.595587402672041389e+04
1.575468104436227986e+04
1.555631958396815571e+04
1.536074110048573675e+04
1.516789814924822167e+04
1.497774435241097308e+04
1.479023436689896880e+04
1.460532385342255475e+04
1.442296944675812301e+04
1.424312872714178047e+04
1.406576019274061400e+04
1.389082323315196663e+04
1.371827810388377111e+04
1.354808590175163408e+04
1.338020854121353477e+04
1.321460873155645641e+04
1.305124995484176543e+04
1.289009644469945488e+04
1.273111316583561893e+04
1.257426579425787531e+04
1.241952069841180673e+04
1.226684492010985559e+04
1.211620615733049453e+04
1.196757274685671109e+04
1.182103878306828301e+04
1.167666284440289928e+04
1.153440593748576248e+04
1.139422994901614038e+04
1.125609762092501478e+04
1.111997252634489450e+04
1.098581904651015248e+04
1.085360234853915063e+04
1.072328836378560845e+04
1.059484376695432729e+04
1.046823595591582853e+04
1.034343303222717441e+04
1.022040378227248038e+04
1.009911765902529987e+04
9.979544764404403395e+03
9.861655832193631795e+03
9.745422211524606610e+03
9.630815850901692102e+03
9.517809282665895807e+03
9.406375608006681432e+03
9.296488482433809622e+03
9.188122101696795653e+03
9.081251188139904116e+03
8.975850977486161355e+03
8.871897206015521078e+03
8.769366098101896569e+03
8.668234354146594342e+03
8.568479138989489002e+03
8.470078070333674987e+03
8.373009207977678670e+03
8.277251043110130922e+03
8.182782487981349732e+03
8.089582865618600408e+03
7.997631900204130034e+03
7.906909707521230303e+03
7.817396785757879115e+03
7.729074006414612995e+03
7.641922605806078536e+03
7.555924176592976437e+03
7.471060659498571113e+03
7.387314335316689721e+03
7.304667817138923056e+03
7.223104042802297045e+03
7.142606267540686531e+03
7.063158056832123293e+03
6.984743279459976293e+03
6.907346100733324420e+03
6.830950975907834618e+03
6.755542643778391721e+03
6.681106120442036627e+03
6.607626693226097814e+03
6.535089914803164902e+03
6.463481597343322392e+03
6.392787807012558005e+03
6.322994858464361641e+03
6.254089309554698957e+03
6.186057956117138929e+03
6.118887826906249757e+03
6.052566178693204165e+03
5.987080491438557146e+03
5.922418463701370456e+03
5.858568007996800588e+03
5.795517246376109142e+03
5.733254506091291660e+03
5.671768315366849492e+03
5.611047399276691976e+03
5.551080675718387283e+03
5.491857251490293493e+03
5.433366418460930618e+03
5.375597651827768459e+03
5.318540600250083116e+03
5.262185088884064498e+03
5.206521113413178682e+03
5.151538836694119709e+03
