# tendency to change, top row gives equation number (%/hour)
3.600000000000000000e+01,4.600000000000000000e+01,1.300000000000000000e+01,0.000000000000000000e+00,0.000000000000000000e+00
0.000000000000000000e+00,0.000000000000000000e+00,0.000000000000000000e+00,7.653953878847921515e-61,1.324842258622187125e-66
-1.373235469120712660e+05,-1.559046845814421028e+07,3.188204276722184848e+06,-4.685515042012917250e+07,-3.433088672801781213e+05
-1.512675980780009413e+05,-1.717354939924729615e+07,9.695173340870795771e+06,-5.170328881500484794e+07,-3.781689951950023533e+05
-1.624344676689260232e+05,-1.844133436437787488e+07,1.475648653736760654e+07,-5.556640156017097831e+07,-4.060861691723150434e+05
-1.683519546276333276e+05,-1.911315209597402811e+07,1.747889088988299668e+07,-5.768976107501735538e+07,-4.208798865690833190e+05
-1.708736136867103924e+05,-1.939943836593111977e+07,1.871711614519468695e+07,-5.868237604777215421e+07,-4.271840342167759663e+05
-1.301173765040982544e+05,-1.477234531046982110e+07,1.405992042453385329e+04,-4.478608071164483577e+07,-3.252934412602456287e+05
-1.302435946761962696e+05,-1.478667497552135587e+07,1.903847621151378917e+04,-4.477628953219144046e+07,-3.256089866904906812e+05
-1.304068349228275329e+05,-1.480520779071170278e+07,2.418595785857474038e+04,-4.476232351009605825e+07,-3.260170873070688103e+05
-1.305850811491843342e+05,-1.482544424856825918e+07,2.949113436399400234e+04,-4.474677154087685794e+07,-3.264627028729608282e+05
-1.307777048499592638e+05,-1.484731299430598319e+07,3.494088664069546212e+04,-4.472963975812891126e+07,-3.269442621248981450e+05
-1.309845148769922525e+05,-1.487079232669863105e+07,4.052331634604356805e+04,-4.471102865474533290e+07,-3.274612871924806386e+05
-1.312050182107687870e+05,-1.489582627278771438e+07,4.622832809155389259e+04,-4.469092650142484903e+07,-3.280125455269219237e+05
-1.314388658499861485e+05,-1.492237521013466828e+07,5.204793302607072837e+04,-4.466937162998954952e+07,-3.285971646249654004e+05
-1.316857221141300106e+05,-1.495040102862225845e+07,5.797593913612424512e+04,-4.464640755446855724e+07,-3.292143052853249828e+05
-1.319637929872391396e+05,-1.498197067034664936e+07,6.401730625057524594e+04,-4.461988019630746543e+07,-3.299094824680978199e+05
-1.322536732738265709e+05,-1.501488104563409276e+07,7.016129553192526510e+04,-4.459210589585980028e+07,-3.306341831845663837e+05
-1.325551279855970934e+05,-1.504910547604752146e+07,7.640572323768444767e+04,-4.456306691633093357e+07,-3.313878199639927479e+05
-1.328678480550113309e+05,-1.508460887286520749e+07,8.274920015795424115e+04,-4.453279669189484417e+07,-3.321696201375282835e+05
-1.331916236726659699e+05,-1.512136741623281129e+07,8.919113368397658633e+04,-4.450135882583085448e+07,-3.329790591816648957e+05
-1.335261863658865041e+05,-1.515935062620091997e+07,9.573148952303780243e+04,-4.446879230125036836e+07,-3.338154659147162456e+05
-1.338710554153932317e+05,-1.519850392626800761e+07,1.023705625104652718e+05,-4.443506058500071615e+07,-3.346776385384830646e+05
-1.342260936388393457e+05,-1.523881174199618958e+07,1.091093003241421829e+05,-4.440023668510614336e+07,-3.355652340970983496e+05
-1.345910550270117528e+05,-1.528024614373346604e+07,1.159489194248631247e+05,-4.436435210478444397e+07,-3.364776375675293966e+05
-1.349657391318852024e+05,-1.532278437443134934e+07,1.228909622717074526e+05,-4.432744836525213718e+07,-3.374143478297130205e+05
-1.353498519901203108e+05,-1.536639306016182154e+07,1.299371300944288232e+05,-4.428953138460542262e+07,-3.383746299753008061e+05
-1.357432953214141889e+05,-1.541106104307178780e+07,1.370894933347077458e+05,-4.425066655143830925e+07,-3.393582383035354433e+05
-1.361455583218007523e+05,-1.545673033111763746e+07,1.443498778060102486e+05,-4.421078016819684207e+07,-3.403638958045018953e+05
-1.365568737154770643e+05,-1.550342734569129720e+07,1.517210021642358624e+05,-4.417003636308482289e+07,-3.413921842886926606e+05
-1.369767126262100937e+05,-1.555109204298808426e+07,1.592049380578129494e+05,-4.412834743773592263e+07,-3.424417815655252198e+05
-1.374051329131614184e+05,-1.559973099181177467e+07,1.668043416132025013e+05,-4.408581206064742059e+07,-3.435128322829035460e+05
-1.378418440083654423e+05,-1.564931120371424779e+07,1.745216152703772532e+05,-4.404241213708324730e+07,-3.446046100209135911e+05
-1.382865145108875004e+05,-1.569979505444289558e+07,1.823590829470002209e+05,-4.399811387484888732e+07,-3.457162862772187800e+05
-1.387395913271643512e+05,-1.575123328169610910e+07,1.903202369908962282e+05,-4.395312753267632425e+07,-3.468489783179108636e+05
-1.392003010421405197e+05,-1.580353807895200513e+07,1.984068857749777962e+05,-4.390727211633735895e+07,-3.480007526053512702e+05
-1.396685600512292585e+05,-1.585669995450503193e+07,2.066217372134760371e+05,-4.386058360699272901e+07,-3.491714001280731172e+05
-1.401448732450938551e+05,-1.591077622905610316e+07,2.149684692313690903e+05,-4.381327880156487972e+07,-3.503621831127346377e+05
-1.406284608385219472e+05,-1.596567837287356518e+07,2.234486768672149046e+05,-4.376516835020349920e+07,-3.515711520963048679e+05
-1.411193776387659018e+05,-1.602141260827513784e+07,2.320652936684501183e+05,-4.371632241420137137e+07,-3.527984440969147254e+05
-1.416176007514623925e+05,-1.607797633604272082e+07,2.408211635375338083e+05,-4.366678391852314770e+07,-3.540440018786559813e+05
-1.421229129536332039e+05,-1.613534489465199970e+07,2.497187413721118355e+05,-4.361653343258716911e+07,-3.553072823840829660e+05
-1.426353270808766247e+05,-1.619351974134024791e+07,2.587608384141369024e+05,-4.356562018843735754e+07,-3.565883177021915326e+05
-1.431545794071780401e+05,-1.625247093505070359e+07,2.679498656750232331e+05,-4.351400656520027667e+07,-3.578864485179451294e+05
-1.436805815010926453e+05,-1.631218843608018197e+07,2.772883031573240296e+05,-4.346170736070841551e+07,-3.592014537527315551e+05
-1.442133832022680726e+05,-1.637267790276967734e+07,2.867790539094564738e+05,-4.340877661649963260e+07,-3.605334580056701088e+05
-1.447528112873750215e+05,-1.643391966891545057e+07,2.964245233695366769e+05,-4.335519948858372122e+07,-3.618820282184375683e+05
-1.452992740063552337e+05,-1.649596008350849710e+07,3.062283036134112044e+05,-4.330113316508854181e+07,-3.632481850158880698e+05
-1.458518542195819609e+05,-1.655869502284429967e+07,3.161911521840233472e+05,-4.324633730748637766e+07,-3.646296355489548878e+05
-1.464115943043376610e+05,-1.662224282897350006e+07,3.263181173903839081e+05,-4.319115345007193089e+07,-3.660289857608441380e+05
-1.469772135146527435e+05,-1.668645809762938693e+07,3.366089306816292228e+05,-4.313523308473257720e+07,-3.674430337866318296e+05
-1.475491542458446929e+05,-1.675139105435883440e+07,3.470672445608068374e+05,-4.307873686282014847e+07,-3.688728856146116741e+05
-1.481273435213871999e+05,-1.681703341406976432e+07,3.576955424383340287e+05,-4.302167144027555734e+07,-3.703183588034679997e+05
-1.487120667077665275e+05,-1.688341757468155771e+07,3.684972193548685173e+05,-4.296414596439351141e+07,-3.717801667694163043e+05
-1.493023722645345842e+05,-1.695043550693284720e+07,3.794725655677117174e+05,-4.290591095447957516e+07,-3.732559306613364024e+05
-1.498999689687537611e+05,-1.701828120985360071e+07,3.906284501044949284e+05,-4.284748162497765571e+07,-3.747499224218844320e+05
-1.505025804943804105e+05,-1.708669625005651265e+07,4.019615876984731294e+05,-4.278822853553412855e+07,-3.762564512359510409e+05
-1.511103964360564714e+05,-1.715570215239550173e+07,4.134748434118317091e+05,-4.272823248390448838e+07,-3.777759910901411786e+05
-1.517246908395970531e+05,-1.722544356046258286e+07,4.251746405242481851e+05,-4.266787667461314052e+07,-3.793117270989926183e+05
-1.523463399821824860e+05,-1.729601995881119743e+07,4.370661052107958822e+05,-4.260742424652288109e+07,-3.808658499554562150e+05
-1.529727680307476840e+05,-1.736713891074670106e+07,4.491443927824169514e+05,-4.254617116820482165e+07,-3.824319200768691953e+05
-1.536050447710234148e+05,-1.743892187002606690e+07,4.614151705153195071e+05,-4.248443730260614306e+07,-3.840126119275585515e+05
-1.542431277459886333e+05,-1.751136401646467671e+07,4.738809325705845258e+05,-4.242222864915519953e+07,-3.856078193649715977e+05
-1.548869806499145634e+05,-1.758446122823979333e+07,4.865441937377486029e+05,-4.235955233180295676e+07,-3.872174516247863648e+05
-1.555365728832055174e+05,-1.765821003135119751e+07,4.994074921248324681e+05,-4.229641637364213169e+07,-3.888414322080137790e+05
-1.561918821300757991e+05,-1.773260789226723835e+07,5.124734011607220164e+05,-4.223283039183791727e+07,-3.904797053251894540e+05
-1.568529010151027760e+05,-1.780765397364940122e+07,5.257445565602864372e+05,-4.216880736287948489e+07,-3.921322525377569254e+05
-1.575184057466872036e+05,-1.788320933731297031e+07,5.392191922771657119e+05,-4.210403440753544122e+07,-3.937960143667180091e+05
-1.581907367565485765e+05,-1.795953969462152198e+07,5.529083503119728994e+05,-4.203915252637432516e+07,-3.954768418913714122e+05
-1.588683269952688424e+05,-1.803646713701476529e+07,5.668091494692198467e+05,-4.197375534766982496e+07,-3.971708174881720915e+05
-1.595511170670241700e+05,-1.811398492123025656e+07,5.809240090385619551e+05,-4.190784169598147273e+07,-3.988777926675603958e+05
-1.602396865339896176e+05,-1.819215884549424425e+07,5.952578037407629890e+05,-4.184157666461594403e+07,-4.005992163349740440e+05
-1.609337155364607752e+05,-1.827095259584058449e+07,6.098121192493604030e+05,-4.177488793496686220e+07,-4.023342888411519816e+05
-1.616331712089644279e+05,-1.835036244102190807e+07,6.245895841115539661e+05,-4.170777859952445328e+07,-4.040829280224110698e+05
-1.623382984123289061e+05,-1.843041618031305075e+07,6.395946470204945654e+05,-4.164032261289200932e+07,-4.058457460308222799e+05
-1.630482054445639951e+05,-1.851101257796772569e+07,6.548252353534155991e+05,-4.157230426687559485e+07,-4.076205136114099878e+05
-1.637640372007957485e+05,-1.859228161498156562e+07,6.702892702696935739e+05,-4.150402285924103111e+07,-4.094100930019893567e+05
-1.644851779435891367e+05,-1.867415338611781597e+07,6.859873323790822178e+05,-4.143533230081907660e+07,-4.112129448589728563e+05
-1.652116760581661074e+05,-1.875663338459517434e+07,7.019223793971720152e+05,-4.136625460644479841e+07,-4.130291901454152539e+05
-1.659423027075137070e+05,-1.883958209941847250e+07,7.180919381786830490e+05,-4.129693023650874943e+07,-4.148557567687842529e+05
-1.666761301257078303e+05,-1.892289420046988875e+07,7.344943795269890688e+05,-4.122747079383550584e+07,-4.166903253142695758e+05
-1.674132763528287178e+05,-1.900658308894818276e+07,7.511326807394115021e+05,-4.115791228414954245e+07,-4.185331908820717945e+05
-1.681534396548562218e+05,-1.909061450871280953e+07,7.680077158780936152e+05,-4.108818713017570227e+07,-4.203835991371404962e+05
-1.688954517643271538e+05,-1.917485582528522983e+07,7.851163159607214620e+05,-4.101801885302199423e+07,-4.222386294108178699e+05
-1.696418211075695290e+05,-1.925959182261129096e+07,8.024724691609640140e+05,-4.094802506304538250e+07,-4.241045527689238079e+05
-1.703916292719171324e+05,-1.934471823245711997e+07,8.200744523664508015e+05,-4.087798622916407883e+07,-4.259790731797928456e+05
-1.711444270260941703e+05,-1.943018405318322033e+07,8.379224765354447300e+05,-4.080780007149530947e+07,-4.278610675652354257e+05
-1.719001097806254402e+05,-1.951597741065036133e+07,8.560183782416307367e+05,-4.073744835854750872e+07,-4.297502744515636005e+05
-1.726589309637578262e+05,-1.960212707680027559e+07,8.743658526761241956e+05,-4.066699757199075073e+07,-4.316473274093945511e+05
-1.734208052044335927e+05,-1.968862335937833786e+07,8.929669070196651155e+05,-4.059643320641725510e+07,-4.335520130110839964e+05
-1.741857262605859141e+05,-1.977546554971696064e+07,9.118239698110559257e+05,-4.052575950225251168e+07,-4.354643156514647417e+05
-1.749536852364425431e+05,-1.986265263787095249e+07,9.309394771931930445e+05,-4.045497994455044717e+07,-4.373842130911063869e+05
-1.757246687479778193e+05,-1.995018310433958098e+07,9.503158592941651586e+05,-4.038409687115223706e+07,-4.393116718699445482e+05
-1.764987828051910619e+05,-2.003806898453547060e+07,9.699562813175761839e+05,-4.031313980506876111e+07,-4.412469570129776257e+05
-1.772759612812670530e+05,-2.012630277102053538e+07,9.898629124937885208e+05,-4.024209843622321635e+07,-4.431899032031676034e+05
-1.780562724134676682e+05,-2.021489221083381027e+07,1.010038634470608667e+06,-4.017099300223971158e+07,-4.451406810336690978e+05
-1.788395302901499381e+05,-2.030381619725564867e+07,1.030485166625026381e+06,-4.009978626361156255e+07,-4.470988257253748016e+05
-1.796258105208926718e+05,-2.039308331431100890e+07,1.051205498461730313e+06,-4.002850009372182190e+07,-4.490645263022316503e+05
-1.804151100475988351e+05,-2.048269321481132135e+07,1.072202271840803325e+06,-3.995713840792858601e+07,-4.510377751189970295e+05
-1.812074279226434592e+05,-2.057264579117185250e+07,1.093478167381313164e+06,-3.988570547863853723e+07,-4.530185698066086043e+05
-1.820027676185343589e+05,-2.066294143762960657e+07,1.115035916274966439e+06,-3.981420642465884238e+07,-4.550069190463359118e+05
-1.828009627444978687e+05,-2.075356126368715987e+07,1.136877059759607539e+06,-3.974260929476480186e+07,-4.570024068612446426e+05
-1.836018557502993499e+05,-2.084448738252161816e+07,1.159003580732730450e+06,-3.967088483476715535e+07,-4.590046393757483456e+05
-1.844058858966438856e+05,-2.093576966380443424e+07,1.181420944796543568e+06,-3.959913266683416069e+07,-4.610147147416096996e+05
-1.852137393270884932e+05,-2.102748600604408607e+07,1.204136799689429579e+06,-3.952750260950353742e+07,-4.630343483177212183e+05
-1.860239884356110124e+05,-2.111947433181714639e+07,1.227144224255690584e+06,-3.945569242786758393e+07,-4.650599710890275310e+05
-1.868361122723039880e+05,-2.121167549720196053e+07,1.250442591618718812e+06,-3.938359855277518928e+07,-4.670902806807599845e+05
-1.876524059055998805e+05,-2.130435006342644244e+07,1.274050197459594114e+06,-3.931170960766413808e+07,-4.691310147639997303e+05
-1.884715079452951613e+05,-2.139734347060989588e+07,1.297960938625042792e+06,-3.923974126365695149e+07,-4.711787698632378597e+05
-1.892938631571950100e+05,-2.149070621342285722e+07,1.322180587054249598e+06,-3.916778984471369535e+07,-4.732346578929874813e+05
-1.901195249278360570e+05,-2.158444435288787633e+07,1.346713399679678027e+06,-3.909586888809171319e+07,-4.752988123195901862e+05
-1.909476222764960839e+05,-2.167845900576327741e+07,1.371555451849540463e+06,-3.902380235907185078e+07,-4.773690556912401807e+05
-1.917787328854812949e+05,-2.177281575685207173e+07,1.396714096875625663e+06,-3.895171300394122303e+07,-4.794468322137032519e+05
-1.926128648192862165e+05,-2.186751552172373980e+07,1.422192503119803732e+06,-3.887960549723345786e+07,-4.815321620482155122e+05
-1.934484688812413078e+05,-2.196238241865693405e+07,1.447982016342298593e+06,-3.880717203428611904e+07,-4.836211722031032550e+05
-1.942884379519410722e+05,-2.205774487904361635e+07,1.474107615370463813e+06,-3.873499781646400690e+07,-4.857210948798526661e+05
-1.951313442030412261e+05,-2.215344080021993071e+07,1.500561808749071555e+06,-3.866279787210557610e+07,-4.878283605076030362e+05
-1.959771865506067697e+05,-2.224947005912574008e+07,1.527347799667454092e+06,-3.859057514658892155e+07,-4.899429663765169098e+05
-1.968259648839217843e+05,-2.234583264319136366e+07,1.554468799830805976e+06,-3.851833261693679541e+07,-4.920649122098044027e+05
-1.976777896737941483e+05,-2.244254109426911920e+07,1.581929151326217456e+06,-3.844609469920346141e+07,-4.941944741844853270e+05
-1.985326148211639083e+05,-2.253959017869038135e+07,1.609731685829694616e+06,-3.837385494525464624e+07,-4.963315370529097272e+05
-1.993904335965500795e+05,-2.263697913245098665e+07,1.637879698450024473e+06,-3.830161463595245034e+07,-4.984760839913751697e+05
-2.002513806324095931e+05,-2.273472324049747735e+07,1.666377500948710833e+06,-3.822940201147685200e+07,-5.006284515810239245e+05
-2.011151873361370526e+05,-2.283279200926456600e+07,1.695226733667105669e+06,-3.815716810800525546e+07,-5.027879683403425734e+05
-2.019819813744348066e+05,-2.293119993287028000e+07,1.724431722773189191e+06,-3.808493991220990568e+07,-5.049549534360870020e+05
-2.028517728904639953e+05,-2.302994816287701577e+07,1.753996062028621556e+06,-3.801272171035477519e+07,-5.071294322261599591e+05
-2.037245667341870139e+05,-2.312903724990547448e+07,1.783923337569351075e+06,-3.794051671095398068e+07,-5.093114168354675057e+05
-2.046003707161355414e+05,-2.322846808069247752e+07,1.814217199930533301e+06,-3.786832859825225919e+07,-5.115009267903388245e+05
-2.054791942538870790e+05,-2.332824172442426160e+07,1.844881353046274278e+06,-3.779616126796944439e+07,-5.136979856347176828e+05
-2.063600674818929401e+05,-2.342824807137394324e+07,1.875910642748749582e+06,-3.772383950792630762e+07,-5.159001687047323794e+05
-2.072449998700107390e+05,-2.352871525850081444e+07,1.907326784562556539e+06,-3.765173376523301750e+07,-5.181124996750268620e+05
-2.081328148014149920e+05,-2.362950970341556892e+07,1.939123193561205408e+06,-3.757962996139885485e+07,-5.203320370035374654e+05
-2.090243090586134931e+05,-2.373072186556842551e+07,1.971311031820236472e+06,-3.750767356005236506e+07,-5.225607726465337328e+05
-2.099181147666265315e+05,-2.383219644885608926e+07,2.003880680768197868e+06,-3.743562033463598788e+07,-5.247952869165663142e+05
-2.108145551920257276e+05,-2.393397015402946621e+07,2.036839677029470680e+06,-3.736353186021777987e+07,-5.270363879800642608e+05
-2.117141708250797819e+05,-2.403610434344537929e+07,2.070196789924962912e+06,-3.729150641877894104e+07,-5.292854270626994548e+05
-2.126169544781309960e+05,-2.413859820108244941e+07,2.103955922178384382e+06,-3.721954400630977005e+07,-5.315423861953275045e+05
-2.135239210838167637e+05,-2.424156695317554474e+07,2.138132042256716173e+06,-3.714782247735027969e+07,-5.338098027095418656e+05
-2.144330837298885453e+05,-2.434478502375146002e+07,2.172707991137854755e+06,-3.707599622191625834e+07,-5.360827093247213634e+05
-2.153453655373365909e+05,-2.444835721558440849e+07,2.207697612522342708e+06,-3.700422832886775583e+07,-5.383634138433415210e+05
-2.162607817215179966e+05,-2.455228525608785450e+07,2.243105183524312917e+06,-3.693252270566764474e+07,-5.406519543037950061e+05
-2.171793491451586888e+05,-2.465657105970257521e+07,2.278935044206804130e+06,-3.686088349687880278e+07,-5.429483728628966492e+05
-2.181010901988695841e+05,-2.476121716845519468e+07,2.315191642661700025e+06,-3.678931568382062018e+07,-5.452527254971739603e+05
-2.190260007666221645e+05,-2.486622311504922062e+07,2.351879187646518461e+06,-3.671781968744440377e+07,-5.475650019165554550e+05
-2.199541633521390613e+05,-2.497159826620808244e+07,2.389002879323268775e+06,-3.664641035747811198e+07,-5.498854083803476533e+05
-2.208856050026174635e+05,-2.507734569262493402e+07,2.426567353213337716e+06,-3.657509299592940509e+07,-5.522140125065436587e+05
-2.218203987218871771e+05,-2.518347368249164894e+07,2.464576642365019768e+06,-3.650388034434662759e+07,-5.545509968047179282e+05
-2.227525267175344634e+05,-2.528929903030616045e+07,2.502970812381993048e+06,-3.643178866480427235e+07,-5.568813167938360712e+05
-2.236964792774818488e+05,-2.539646683177044615e+07,2.541914297730527818e+06,-3.636119611480555683e+07,-5.592411981937045930e+05
-2.246405041808267706e+05,-2.550364284644712508e+07,2.581280057335047517e+06,-3.629017036383762211e+07,-5.616012604520668974e+05
-2.255879141913126223e+05,-2.561120317544785514e+07,2.621110279161137994e+06,-3.621925841676886380e+07,-5.639697854782815557e+05
-2.265342069193078205e+05,-2.571863665834082663e+07,2.661356495789142791e+06,-3.614774191117480397e+07,-5.663355172982695512e+05
