# particle_number_conc (#/cc (air))
6.000000000000000000e+02
5.996917639646039788e+02
5.993838357270576580e+02
5.990762162055422095e+02
5.987689049980849632e+02
5.984619013992921737e+02
5.981552049441926329e+02
5.978488150651731985e+02
5.975427312759321694e+02
5.972369530658278336e+02
5.969314799525180888e+02
5.966263114542425683e+02
5.963214471014217679e+02
5.960168864305263696e+02
5.957126289859744475e+02
5.954086743182285772e+02
5.951050219838417661e+02
5.948016715443759495e+02
5.944986206721695225e+02
5.941958630576558562e+02
5.938933984547555838e+02
5.935912273212405807e+02
5.932893485169248606e+02
5.929877592728699938e+02
5.926864552815815159e+02
5.923854307575098801e+02
5.920846785698774966e+02
5.917841904901231374e+02
5.914839575622080474e+02
5.911839705902118567e+02
5.908842207171109067e+02
5.905847000265816860e+02
5.902854020487740172e+02
5.899863220157769774e+02
5.896874567595718872e+02
5.893888043266397290e+02
5.890903635964017440e+02
5.887921340901026497e+02
5.884941159691135226e+02
5.881963100898295806e+02
5.878987180312630016e+02
5.876013420843187305e+02
5.873041852145501025e+02
5.870072510012112161e+02
5.867105435652360939e+02
5.864140674827183375e+02
5.861178276870432455e+02
5.858218293645963968e+02
5.855260778357320532e+02
