# particle_size
2.500000000000000000e-01
2.844342826204800945e-01
2.849180898880382395e-01
2.853086214564204415e-01
2.856823997747049426e-01
2.860559782866369249e-01
2.864180982665807673e-01
2.867745870079709825e-01
2.871223567018829081e-01
2.874632429192253147e-01
2.877966316169855987e-01
2.881231066543978314e-01
2.884427093965934441e-01
2.887557084453383771e-01
2.890622624640277194e-01
2.893625786770219199e-01
2.896568357024169593e-01
2.899452291819457073e-01
2.902972567932671777e-01
2.908506878368388171e-01
2.913806319430305991e-01
2.918656857708434305e-01
2.923615083378381385e-01
2.929191739975168796e-01
2.935812362054707192e-01
2.943822130078771471e-01
2.953460216102600233e-01
2.964833580637549759e-01
2.977905629408889587e-01
2.992501741046800778e-01
3.008329511180761195e-01
3.025013294615257475e-01
3.042143262626641476e-01
3.059337134897985311e-01
3.076300859316330460e-01
3.092858104748589243e-01
3.108923509975076716e-01
3.124452480120034625e-01
3.139402771842739748e-01
3.153724665006466532e-01
3.167365636004147444e-01
3.180275825970331760e-01
3.192410992651082968e-01
3.203734773938317626e-01
3.214219062573890895e-01
3.223845013721489128e-01
3.232603731838945005e-01
3.240496451349059726e-01
3.247536042111033860e-01
