# particle_number_conc
4.000000000000000000e+00
3.990618095511899277e+00
3.981261938805940037e+00
3.971934538840808937e+00
3.962639326581840038e+00
3.953379796217117992e+00
3.944146964448831394e+00
3.934939363714804905e+00
3.925757502458345094e+00
3.916601170643471796e+00
3.907470181109690355e+00
3.898364383540373623e+00
3.889283644259932782e+00
3.880227832962864998e+00
3.871196817414236158e+00
3.862190462230698618e+00
3.853208629460983747e+00
3.844251179642871552e+00
3.835317972933485198e+00
3.826408869875598917e+00
3.817523732821146432e+00
3.808662425573325017e+00
3.799824814531934880e+00
3.791010768664215380e+00
3.782220159999233111e+00
3.773452863790343503e+00
3.764708758354541107e+00
3.755987725199196881e+00
3.747289649074903917e+00
3.738614417895914421e+00
3.729961922724034373e+00
3.721332057608202515e+00
3.712724719529684414e+00
3.704139808227067121e+00
3.695577226223859313e+00
3.687036878618503710e+00
3.678518672995512606e+00
3.670022519316442189e+00
3.661548329794646062e+00
3.653096018804568246e+00
3.644665502700403348e+00
3.636256699777042467e+00
3.627869530422188404e+00
3.619503916625932849e+00
3.611159781994171869e+00
3.602837051705202409e+00
3.594535652064829279e+00
3.586255511603982260e+00
3.577996559782092412e+00
3.569758727377332796e+00
3.561541946394633840e+00
3.553346149995821879e+00
3.545171272523626627e+00
3.537017249253725293e+00
3.528884016293709625e+00
3.520771510918845326e+00
3.512679671271060400e+00
3.504608436736387667e+00
3.496557747142591932e+00
3.488527543121266117e+00
3.480517766032284133e+00
3.472528357973728497e+00
3.464559261727021777e+00
3.456610420820661389e+00
3.448681779413869553e+00
3.440773282261474719e+00
3.432884874667603281e+00
3.425016502517452821e+00
3.417168112252080281e+00
3.409339650872925009e+00
3.401531065868840908e+00
3.393742305186289165e+00
3.385973317335869481e+00
3.378224051220414470e+00
3.370494456051390753e+00
3.362784481662701719e+00
3.355094078315508543e+00
3.347423196496225106e+00
3.339771787379505419e+00
3.332139802227143566e+00
3.324527192805067255e+00
3.316933911263105550e+00
3.309359910279657147e+00
3.301805142706923490e+00
3.294269561678917935e+00
3.286753120760815161e+00
3.279255773756199588e+00
3.271777475211147035e+00
3.264318179178449686e+00
3.256877840794056844e+00
3.249456415153762823e+00
3.242053858144755552e+00
3.234670125418009246e+00
3.227305172911743458e+00
3.219958957173071568e+00
3.212631434910076855e+00
3.205322563329190633e+00
3.198032299943610379e+00
3.190760602428031500e+00
3.183507428838608710e+00
3.176272737589011186e+00
3.169056487510578890e+00
3.161858637563883079e+00
3.154679146915856158e+00
3.147517975041496108e+00
3.140375081757089681e+00
3.133250427225283019e+00
3.126143971955224199e+00
3.119055676895400087e+00
3.111985503141811105e+00
3.104933413030924516e+00
3.097899368435383938e+00
3.090883331523935240e+00
3.083885264835922513e+00
3.076905131311370667e+00
3.069942894296915803e+00
3.062998517602064208e+00
3.056071965283889025e+00
3.049163201774313325e+00
3.042272192264226849e+00
3.035398902160239665e+00
3.028543297061260908e+00
3.021705343000288035e+00
3.014885006484756769e+00
3.008082254398682931e+00
3.001297054093146510e+00
2.994529373393505001e+00
2.987779180613563401e+00
2.981046444570013332e+00
2.974331134717632885e+00
2.967633220823729712e+00
2.960952673187376316e+00
2.954289462632160301e+00
2.947643560528694362e+00
2.941014938868881323e+00
2.934403571759752971e+00
2.927809432847925830e+00
2.921232496247494037e+00
2.914672736498179262e+00
2.908130128857374430e+00
2.901604649321352092e+00
2.895096274952831283e+00
2.888604983721509978e+00
2.882130754124814676e+00
2.875673565397533160e+00
2.869233397567137356e+00
2.862810231644551173e+00
2.856404048531139939e+00
2.850014831130684989e+00
2.843642563446364679e+00
2.837287230470179278e+00
