# tendency to change, top row gives equation number (%/hour)
3.600000000000000000e+01,4.600000000000000000e+01,1.300000000000000000e+01,0.000000000000000000e+00,0.000000000000000000e+00
0.000000000000000000e+00,0.000000000000000000e+00,0.000000000000000000e+00,2.454519096940158225e-63,1.324842258622187125e-66
-6.995579619095562957e+05,-7.942145819156575203e+07,3.335823648745113611e+07,-8.663041478281874442e+05,-1.748894904773890739e+06
-1.410410283010339830e+06,-1.601251753597258627e+08,1.246848270767880082e+08,-1.741115294520167401e+06,-3.526025707525849342e+06
-2.342024360467976891e+06,-2.658921775699612796e+08,2.374623189517830014e+08,-2.885144892044329084e+06,-5.855060901169941761e+06
-3.338160616627539974e+06,-3.789844420132442117e+08,3.556350201005323529e+08,-4.104614136046815664e+06,-8.345401541568850167e+06
-4.321813625568698160e+06,-4.906594719298193455e+08,4.711946837366703153e+08,-5.305531520385410637e+06,-1.080453406392174587e+07
-5.237563279240812408e+05,-5.946253715309502184e+07,3.617414246408230974e+05,-6.420991593663400272e+05,-1.309390819810203044e+06
-5.113215363021825324e+05,-5.805080383478115499e+07,4.814127592100378824e+05,-6.256141081303906394e+05,-1.278303840755456127e+06
-5.121832415728114429e+05,-5.814863402591770142e+07,5.843796718061674619e+05,-6.253676198094979627e+05,-1.280458103932028636e+06
-5.130331032420248375e+05,-5.824511960210327059e+07,6.831666872572452994e+05,-6.251316195407179184e+05,-1.282582758105061948e+06
-5.138785655150164966e+05,-5.834110571079348028e+07,7.819670938030729303e+05,-6.248835164765431546e+05,-1.284696413787541213e+06
-5.147337843844555318e+05,-5.843819949484303594e+07,8.820759637812750880e+05,-6.246414706600692589e+05,-1.286834460961138830e+06
-5.156033287652393337e+05,-5.853691966735829413e+07,9.839281470117912395e+05,-6.244125296628302895e+05,-1.289008321913098451e+06
-5.164888668068853440e+05,-5.863745561488671601e+07,1.087691789327232400e+06,-6.241993060821245890e+05,-1.291222167017213302e+06
-5.173911407393771224e+05,-5.873989160348032415e+07,1.193448285143275978e+06,-6.240026929683270864e+05,-1.293477851848442806e+06
-5.183106898648814531e+05,-5.884428886060963571e+07,1.301254225927952910e+06,-6.238230951228559716e+05,-1.295776724662203575e+06
-5.192479979710289044e+05,-5.895070231112888455e+07,1.411155910943859257e+06,-6.236607889802844729e+05,-1.298119994927572319e+06
-5.202032894635840785e+05,-5.905915743203070015e+07,1.523196823473913828e+06,-6.235157593736225972e+05,-1.300508223658960080e+06
-5.211770591274241451e+05,-5.916971039669682086e+07,1.637418250129398657e+06,-6.233883583759857574e+05,-1.302942647818560479e+06
-5.221697152499550139e+05,-5.928240755837158114e+07,1.753860494226158829e+06,-6.232788800369823584e+05,-1.305424288124887506e+06
-5.231812023579337401e+05,-5.939724261912673712e+07,1.872552485746187391e+06,-6.231870963405005168e+05,-1.307953005894834409e+06
-5.242121881775531219e+05,-5.951429138653049618e+07,1.993535041721961927e+06,-6.231137044095786987e+05,-1.310530470443882747e+06
-5.252626945193756837e+05,-5.963355633675605804e+07,2.116834327832622454e+06,-6.230586131774148671e+05,-1.313156736298439326e+06
-5.263330936610469362e+05,-5.975507973482656479e+07,2.242482129642459098e+06,-6.230221994363268605e+05,-1.315832734152617166e+06
-5.274235632644930156e+05,-5.987888175086374581e+07,2.370504831550641917e+06,-6.230046066173327854e+05,-1.318558908161232481e+06
-5.285343246548458701e+05,-6.000498751211319119e+07,2.500927813635553233e+06,-6.230060521850337973e+05,-1.321335811637114501e+06
-5.296656226355723338e+05,-6.013342481133742630e+07,2.633776123069867957e+06,-6.230267884795858990e+05,-1.324164056588930776e+06
-5.308176825201670872e+05,-6.026421922858451307e+07,2.769074059394238517e+06,-6.230670372294669505e+05,-1.327044206300417660e+06
-5.319906361030191183e+05,-6.039738572659253329e+07,2.906843309693720192e+06,-6.231269163244719384e+05,-1.329976590257547563e+06
-5.331847074105545180e+05,-6.053294973928751051e+07,3.047106509421045426e+06,-6.232066548098777421e+05,-1.332961768526386237e+06
-5.344000091352445306e+05,-6.067092406074921787e+07,3.189884181347876322e+06,-6.233063482446016278e+05,-1.336000022838111501e+06
-5.356368209772626869e+05,-6.081134044559536129e+07,3.335199320876937360e+06,-6.234262869909500005e+05,-1.339092052443156717e+06
-5.368952966678674566e+05,-6.095421634707696736e+07,3.483073321375844069e+06,-6.235666071675489657e+05,-1.342238241669668350e+06
-5.381756779846178833e+05,-6.109957921442249417e+07,3.633529205600409303e+06,-6.237275451158179203e+05,-1.345439194961544825e+06
-5.394780416568119545e+05,-6.124743775877959281e+07,3.786587559081692714e+06,-6.239091379617749481e+05,-1.348695104142029770e+06
-5.408026556391136255e+05,-6.139782240128751844e+07,3.942272224905789830e+06,-6.241116462631978793e+05,-1.352006639097784180e+06
-5.421496501362551935e+05,-6.155074792420913279e+07,4.100606165524815675e+06,-6.243351616524225101e+05,-1.355374125340637984e+06
-5.435192614119634964e+05,-6.170624115078243613e+07,4.261614031971272081e+06,-6.245798943080729805e+05,-1.358798153529908741e+06
-5.449117422519610263e+05,-6.186433078000278771e+07,4.425322007354008034e+06,-6.248460679953068029e+05,-1.362279355629902566e+06
-5.463272974623894552e+05,-6.202504006369959563e+07,4.591756420349792577e+06,-6.251338452360259835e+05,-1.365818243655973347e+06
-5.477660852716371883e+05,-6.218838696568723023e+07,4.760944500082490034e+06,-6.254433310819686158e+05,-1.369415213179092854e+06
-5.492285305661534658e+05,-6.235441972371463478e+07,4.932917964408211410e+06,-6.257749261887101457e+05,-1.373071326415383490e+06
-5.507148619120925432e+05,-6.252316428710733354e+07,5.107705018261845224e+06,-6.261288039115516003e+05,-1.376787154780231183e+06
-5.522251060429383069e+05,-6.269462369094230980e+07,5.285335184967160225e+06,-6.265049156758253230e+05,-1.380562765107345534e+06
-5.537597777441539802e+05,-6.286885637928621471e+07,5.465845468551878817e+06,-6.269037435352309840e+05,-1.384399444360384950e+06
-5.553191006298518041e+05,-6.304588773925466090e+07,5.649270265323569067e+06,-6.273254380099606933e+05,-1.388297751574629685e+06
-5.569031504987140652e+05,-6.322572637634169310e+07,5.835647200060297735e+06,-6.277699805015742313e+05,-1.392257876246785279e+06
-5.585128187936516479e+05,-6.340847349688008428e+07,6.025015607445506379e+06,-6.282382492038710043e+05,-1.396282046984129120e+06
-5.601479648369468050e+05,-6.359411312959925830e+07,6.217412119907250628e+06,-6.287300104262754321e+05,-1.400369912092366954e+06
-5.618091494376960909e+05,-6.378270894367126375e+07,6.412881545060419478e+06,-6.292457562539853388e+05,-1.404522873594240285e+06
-5.634966971954270266e+05,-6.397429779117869586e+07,6.611467600587628782e+06,-6.297857299508342985e+05,-1.408741742988567566e+06
-5.652110009792307392e+05,-6.416892427491044253e+07,6.813216527568576857e+06,-6.303502449700323632e+05,-1.413027502448076848e+06
-5.669523944084068062e+05,-6.436662627097215503e+07,7.018174565563164651e+06,-6.309395432682833634e+05,-1.417380986021017190e+06
-5.687213907456302550e+05,-6.456746205054689199e+07,7.226394361936448142e+06,-6.315540659371167421e+05,-1.421803476864075754e+06
-5.705183676648546243e+05,-6.477147449130564928e+07,7.437929750638442114e+06,-6.321940882437706459e+05,-1.426295919162136503e+06
-5.723438749236378353e+05,-6.497872600772908330e+07,7.652835866108246148e+06,-6.328600685746429954e+05,-1.430859687309094472e+06
-5.741984986432468286e+05,-6.518928314270321280e+07,7.871168996765155345e+06,-6.335525185336625436e+05,-1.435496246608117130e+06
-5.760824095460630488e+05,-6.540316527849683911e+07,8.092982407194062136e+06,-6.342714734266916057e+05,-1.440206023865157738e+06
-5.779962471737602027e+05,-6.562044502286382765e+07,8.318338371694322675e+06,-6.350175026535149664e+05,-1.444990617934400681e+06
-5.799406339417125564e+05,-6.584119303919349611e+07,8.547304703213712201e+06,-6.357911119908231776e+05,-1.449851584854281507e+06
-5.819159748180528404e+05,-6.606545530389006436e+07,8.779946303617520258e+06,-6.365925831201083492e+05,-1.454789937045132276e+06
-5.839230517923800508e+05,-6.629332059695120901e+07,9.016335559827681631e+06,-6.374226031900666421e+05,-1.459807629480950069e+06
-5.859626346854218282e+05,-6.652487631683149189e+07,9.256548066719081253e+06,-6.382818408129872987e+05,-1.464906586713554570e+06
-5.880348247076728148e+05,-6.676013395405135304e+07,9.500641194252105430e+06,-6.391702294110662770e+05,-1.470087061769182095e+06
-5.901406439820509404e+05,-6.699920955116482824e+07,9.748717332247408107e+06,-6.400887051601930289e+05,-1.475351609955127351e+06
-5.922806430298287887e+05,-6.724216560935783386e+07,1.000083445548647642e+07,-6.410376799242047127e+05,-1.480701607574571855e+06
-5.944556439387636492e+05,-6.748909546100881696e+07,1.025708324039644003e+07,-6.420178534903420368e+05,-1.486139109846909065e+06
-5.966661045471645193e+05,-6.774005108492167294e+07,1.051754629891873337e+07,-6.430295246290633222e+05,-1.491665261367911473e+06
-5.989132081668920582e+05,-6.799516682357919216e+07,1.078232182925923169e+07,-6.440737712738935370e+05,-1.497283020417230204e+06
-6.011972648016514722e+05,-6.825447787198688090e+07,1.105148507392441481e+07,-6.451507236041023862e+05,-1.502993162004128797e+06
-6.035193926514690975e+05,-6.851811118042115867e+07,1.132515788283723779e+07,-6.462613762476963457e+05,-1.508798481628672685e+06
-6.058802521487034392e+05,-6.878614172837452590e+07,1.160341627632164210e+07,-6.474062222397830337e+05,-1.514700630371758481e+06
-6.082811501549772220e+05,-6.905871788504779339e+07,1.188637769678391889e+07,-6.485864378741090186e+05,-1.520702875387442997e+06
-6.107221907595149241e+05,-6.933585146778623760e+07,1.217413257028385252e+07,-6.498019151448283810e+05,-1.526805476898787310e+06
-6.132047536381065147e+05,-6.961769911245000362e+07,1.246680630108609982e+07,-6.510538919497653842e+05,-1.533011884095266229e+06
-6.157296764107281342e+05,-6.990435591480460763e+07,1.276448847246243246e+07,-6.523430164919444360e+05,-1.539324191026820103e+06
-6.182982593939034268e+05,-7.019596950097976625e+07,1.306732578106669150e+07,-6.536704371662756894e+05,-1.545745648484758567e+06
-6.209111269146797713e+05,-7.049261075139878690e+07,1.337542375864690356e+07,-6.550365688493257621e+05,-1.552277817286699312e+06
-6.235700921131151263e+05,-7.079448551351845264e+07,1.368892339968951792e+07,-6.564430630093099317e+05,-1.558925230282787932e+06
-6.262750595124278916e+05,-7.110158294777199626e+07,1.400792783142594807e+07,-6.578895769488840597e+05,-1.565687648781069554e+06
-6.290278168997209286e+05,-7.141410602327190340e+07,1.433259916582063772e+07,-6.593777119374043541e+05,-1.572569542249302147e+06
-6.318296047561938176e+05,-7.173219557298853993e+07,1.466306387895071693e+07,-6.609085054231614340e+05,-1.579574011890484719e+06
-6.346819842517351499e+05,-7.205602883797381818e+07,1.499947972667834722e+07,-6.624833139186094049e+05,-1.586704960629337933e+06
-6.375856273508338491e+05,-7.238568210697357357e+07,1.534197723175151274e+07,-6.641025639763623476e+05,-1.593964068377084564e+06
-6.405414032539121108e+05,-7.272125406111040711e+07,1.569068788971917145e+07,-6.657668634387799539e+05,-1.601353508134780219e+06
-6.435518243526691804e+05,-7.306302993452239037e+07,1.604587770224796422e+07,-6.674785246298655402e+05,-1.608879560881672893e+06
-6.466178006127565168e+05,-7.341111303644602001e+07,1.640761268436697870e+07,-6.692381897367938654e+05,-1.616544501531891059e+06
-6.497413499101273483e+05,-7.376573245819239318e+07,1.677610441412542947e+07,-6.710476284276907099e+05,-1.624353374775318429e+06
-6.529221094518715981e+05,-7.412684701154905558e+07,1.715150895283187553e+07,-6.729061701563234674e+05,-1.632305273629679112e+06
-6.561634839964505518e+05,-7.449484324187251925e+07,1.753399812591325119e+07,-6.748169536463429686e+05,-1.640408709991126321e+06
-6.594668261482181260e+05,-7.486987471157789230e+07,1.792387582486102730e+07,-6.767810744547317736e+05,-1.648667065370545257e+06
-6.628341948140669847e+05,-7.525217517025652528e+07,1.832123670720048621e+07,-6.788002776501682820e+05,-1.657085487035167404e+06
-6.662651843297865707e+05,-7.564169856247782707e+07,1.872628138301176205e+07,-6.808738224796631839e+05,-1.665662960824466543e+06
-6.697635353574168403e+05,-7.603886956904020905e+07,1.913926564127540961e+07,-6.830051425657673972e+05,-1.674408838393541984e+06
-6.733311138072238537e+05,-7.644390002845068276e+07,1.956041620535159484e+07,-6.851957641626796685e+05,-1.683327784518059576e+06
-6.769694422300608130e+05,-7.685696279730655253e+07,1.998995342353592440e+07,-6.874468705423023785e+05,-1.692423605575151974e+06
-6.806804731004808564e+05,-7.727827954183784127e+07,2.042807191302412748e+07,-6.897600438702163519e+05,-1.701701182751202257e+06
-6.844671502336305566e+05,-7.770818447608299553e+07,2.087517844835918769e+07,-6.921378748968739528e+05,-1.711167875584076159e+06
-6.883304701004851377e+05,-7.814679073030744493e+07,2.133136489168048650e+07,-6.945809557742966572e+05,-1.720826175251212902e+06
-6.922733281976885628e+05,-7.859442703290563822e+07,2.179696223527746648e+07,-6.970917764543746598e+05,-1.730683320494221523e+06
-6.962981560593552422e+05,-7.905136943817974627e+07,2.227226321747704595e+07,-6.996723523477443960e+05,-1.740745390148387989e+06
-7.004065045916723320e+05,-7.951779402193424106e+07,2.275749025023033842e+07,-7.023237969979658956e+05,-1.751016261479180772e+06
-7.046023393772428390e+05,-7.999415100040571392e+07,2.325307623760675266e+07,-7.050496340671812650e+05,-1.761505848443106981e+06
-7.088867488949862309e+05,-8.048056394960604608e+07,2.375921989655814320e+07,-7.078504664190271869e+05,-1.772216872237465344e+06
-7.132634097749848152e+05,-8.097745028072668612e+07,2.427629243313042074e+07,-7.107294746192219900e+05,-1.783158524437461980e+06
-7.177354301162260817e+05,-8.148516285910150409e+07,2.480464929117941484e+07,-7.136892528681427939e+05,-1.794338575290565379e+06
-7.223057657569455914e+05,-8.200403726376126707e+07,2.534464606852490827e+07,-7.167322240690812469e+05,-1.805764414392363979e+06
-7.269775030978451250e+05,-8.253442389661356807e+07,2.589665331882176176e+07,-7.198609199309425894e+05,-1.817443757744612638e+06
-7.317538466203049757e+05,-8.307668656537388265e+07,2.646102682016232982e+07,-7.230779671695497818e+05,-1.829384616550762439e+06
-7.366382726709715789e+05,-8.363121994287115335e+07,2.703826475576651841e+07,-7.263862441651178524e+05,-1.841595681677428773e+06
-7.416354730040208669e+05,-8.419855668826791644e+07,2.762869940631425008e+07,-7.297897818924820749e+05,-1.854088682510052342e+06
-7.467468016438605264e+05,-8.477885052519926429e+07,2.823281294615927711e+07,-7.332893711966949049e+05,-1.866867004109651316e+06
-7.519763408424918307e+05,-8.537256491548584402e+07,2.885098281505853310e+07,-7.368883585432640975e+05,-1.879940852106229635e+06
-7.573292012219727039e+05,-8.598028007274566591e+07,2.948375849370527267e+07,-7.405911162994190818e+05,-1.893323003054931760e+06
-7.628096698337605922e+05,-8.660248270986978710e+07,3.013164392099359259e+07,-7.444011811708637979e+05,-1.907024174584401306e+06
-7.684220665263392730e+05,-8.723966326322577894e+07,3.079515907708121464e+07,-7.483220940291519510e+05,-1.921055166315848241e+06
-7.741709288503904827e+05,-8.789233688511177897e+07,3.147483295486402512e+07,-7.523575779950201977e+05,-1.935427322125976207e+06
-7.800610821823831648e+05,-8.856105140495201945e+07,3.217129878119717911e+07,-7.565116080346640665e+05,-1.950152705455957912e+06
-7.860974165020568762e+05,-8.924636198663941026e+07,3.288510804403992370e+07,-7.607881736332117580e+05,-1.965243541255142307e+06
-7.922854418540316401e+05,-8.994889419060243666e+07,3.361681490734776855e+07,-7.651918382751212921e+05,-1.980713604635078926e+06
-7.986302515388950706e+05,-9.066922626393672824e+07,3.436717594750902802e+07,-7.697267528537212638e+05,-1.996575628847237676e+06
-8.051366923035789514e+05,-9.140790846227478981e+07,3.513680025922812521e+07,-7.743967590721305460e+05,-2.012841730758947320e+06
-8.118121450104695978e+05,-9.216577874170508981e+07,3.592646515069236606e+07,-7.792080967787114205e+05,-2.029530362526173936e+06
-8.186629894764686469e+05,-9.294356140870246291e+07,3.673692740736023337e+07,-7.841660121821087087e+05,-2.046657473691171501e+06
-8.256957173306619516e+05,-9.374199346388174593e+07,3.756897301457205415e+07,-7.892758180808150209e+05,-2.064239293326654937e+06
-8.329175285654363688e+05,-9.456189232899418473e+07,3.842344420926751941e+07,-7.945434522249919828e+05,-2.082293821413591038e+06
-8.403357816805402981e+05,-9.540409342127744853e+07,3.930121621794319153e+07,-7.999749610485691810e+05,-2.100839454201350920e+06
-8.479581883629470831e+05,-9.626947225563935935e+07,4.020320771282436699e+07,-8.055766776552279480e+05,-2.119895470907367766e+06
-8.557928692081102636e+05,-9.715895077074320614e+07,4.113038503854595125e+07,-8.113552722879265202e+05,-2.139482173020275775e+06
-8.638484727758147055e+05,-9.807351084552794695e+07,4.208371800269724429e+07,-8.173178616360934684e+05,-2.159621181939536706e+06
-8.721336733949509216e+05,-9.901413728452277184e+07,4.306440375861888379e+07,-8.234715395428920165e+05,-2.180334183487377129e+06
-8.806580648332474520e+05,-9.998191927699294686e+07,4.407349141281268001e+07,-8.298241840602071024e+05,-2.201645162083118688e+06
-8.894313251264318824e+05,-1.009779555792271197e+08,4.511208715365154296e+07,-8.363837054762436310e+05,-2.223578312816079706e+06
-8.984636801024193410e+05,-1.020034071388643086e+08,4.618150038791567832e+07,-8.431584640943143750e+05,-2.246159200256048236e+06
-9.077672533162338659e+05,-1.030596503542459011e+08,4.728309936313192546e+07,-8.501585323576088995e+05,-2.269418133290584665e+06
-9.173595738595845178e+05,-1.041486753192598969e+08,4.841853781580337137e+07,-8.573989604337492492e+05,-2.293398934648961294e+06
-9.272421043066155398e+05,-1.052706480812927634e+08,4.958867885121367872e+07,-8.648798152453760849e+05,-2.318105260766538791e+06
-9.374328459553723224e+05,-1.064276123442517668e+08,5.079553356305315346e+07,-8.726163529833168723e+05,-2.343582114888430573e+06
-9.479420665266334545e+05,-1.076207338119111955e+08,5.204035869744616747e+07,-8.806165974151237169e+05,-2.369855166316583753e+06
-9.587877170467199758e+05,-1.088520504807832241e+08,5.332514161376968771e+07,-8.888956287920520408e+05,-2.396969292616799939e+06
-9.699854710806930671e+05,-1.101233417851106375e+08,5.465173471193988621e+07,-8.974663254091842100e+05,-2.424963677701732609e+06
-9.815545826980486745e+05,-1.114367936570945531e+08,5.602224541099654883e+07,-9.063447732491856441e+05,-2.453886456745121628e+06
-9.935080386200203793e+05,-1.127938804911292493e+08,5.743838497713757306e+07,-9.155411862382070394e+05,-2.483770096550050657e+06
-1.005865426062615239e+06,-1.141968260418453366e+08,5.890267378911563009e+07,-9.250717583490874385e+05,-2.514663565156538039e+06
-1.018644981798646040e+06,-1.156477007468167841e+08,6.041721343321638554e+07,-9.349512855737796053e+05,-2.546612454496615101e+06
-1.031867134739826666e+06,-1.171488239191612005e+08,6.198440366770000011e+07,-9.451964766101504210e+05,-2.579667836849566549e+06
-1.045556469453648780e+06,-1.187029866674149930e+08,6.360707028939271718e+07,-9.558277163795054657e+05,-2.613891173634122126e+06
-1.059728932656448102e+06,-1.203119994369360805e+08,6.528759511385015398e+07,-9.668573708247017348e+05,-2.649322331641119905e+06
-1.074422052463329863e+06,-1.219801228291144222e+08,6.702967599473836273e+07,-9.783172619562457548e+05,-2.686055131158324890e+06
-1.089657544048460899e+06,-1.237098221876257360e+08,6.883618998142422736e+07,-9.902247956707038684e+05,-2.724143860121152364e+06
-1.105462356563441455e+06,-1.255041570744129270e+08,7.071043080255021155e+07,-1.002601914320292883e+06,-2.763655891408603638e+06
