# particle_size
1.197588059126884596e+00
1.196654541829294205e+00
1.196961942589377159e+00
1.197523941584445195e+00
1.198378173595940233e+00
1.199533220873198802e+00
1.199954021797129844e+00
1.200259709788782381e+00
1.200614366135875466e+00
1.200958213739167224e+00
1.201293041993515276e+00
1.201621841942576818e+00
1.201945936106738611e+00
1.202265539842408026e+00
1.202580421465704763e+00
1.202890242978521984e+00
1.203194712160686297e+00
1.203493624113466165e+00
1.203786868922306130e+00
1.204074401798520322e+00
1.204356300784633182e+00
1.204632614508933663e+00
1.204903492096326856e+00
1.205169082548223303e+00
1.205429580350434682e+00
1.205685197122100316e+00
1.205936133530300935e+00
1.206182604334036013e+00
1.206424832055502216e+00
1.206663035373264359e+00
1.206897434647054457e+00
1.207128239106074030e+00
1.207355656044775349e+00
1.207579880046659282e+00
1.207801110876643769e+00
1.208019532240663496e+00
1.208235322401487011e+00
1.208448652258254929e+00
1.208659683749602642e+00
1.208868572825406495e+00
1.209075461114204275e+00
1.209280488635313455e+00
1.209483811188188040e+00
1.209685541833471767e+00
1.209885796415769654e+00
1.210084688371538597e+00
1.210282291706249014e+00
1.210478782805463061e+00
1.210674220347409014e+00
1.210868700057949887e+00
1.211062310397201802e+00
1.211255134505054176e+00
1.211447258886931388e+00
1.211638747972177965e+00
1.211829657581895203e+00
1.212020075922421114e+00
1.212210063949107353e+00
1.212399719154346522e+00
1.212589064185602972e+00
1.212778156467950286e+00
1.212967046992611042e+00
1.213155788384493672e+00
1.213344428714551171e+00
1.213533022816090545e+00
1.213721615043880098e+00
1.213910246954258865e+00
1.214098956177780630e+00
1.214287783929036912e+00
1.214476769516087185e+00
1.214665953205682269e+00
1.214855368664147894e+00
1.215045047083459728e+00
1.215235030525841031e+00
1.215425344679208708e+00
1.215616007325873271e+00
1.215807067523690721e+00
1.215998555603416964e+00
1.216190482213381330e+00
1.216382904275097321e+00
1.216575819394118962e+00
1.216769266909193403e+00
1.216963274588421573e+00
1.217157885105171866e+00
1.217353105887838405e+00
1.217548955385609588e+00
1.217745467417598704e+00
1.217942656641474608e+00
1.218140589234013582e+00
1.218339206026989974e+00
1.218538608464954542e+00
1.218738783991188068e+00
1.218939805412453836e+00
1.219141640483678790e+00
1.219344310663222464e+00
1.219547870989420080e+00
1.219752330649312766e+00
1.219957734058168874e+00
1.220164106170608109e+00
1.220371457038808449e+00
1.220579819894868745e+00
1.220789225846179660e+00
1.220999712704633700e+00
1.221211288255084515e+00
1.221423968530067850e+00
1.221637780537304874e+00
1.221852755130997670e+00
1.222068924061371353e+00
1.222286319458615100e+00
1.222504983772775500e+00
1.222724928582892723e+00
1.222946283327492223e+00
1.223168994929121789e+00
1.223393091905200958e+00
1.223618611173371562e+00
1.223845593338964477e+00
1.224074080111965390e+00
1.224304119821807646e+00
1.224535737748463360e+00
1.224768973421374474e+00
1.225003909111221700e+00
1.225240568062798463e+00
1.225478971161283459e+00
1.225719166322040588e+00
1.225961206477509835e+00
1.226205134237273731e+00
1.226451002784114674e+00
1.226698866695429935e+00
1.226948782740073129e+00
1.227200809937130321e+00
1.227455023214453433e+00
1.227711461500145207e+00
1.227970188988924072e+00
1.228231269753877086e+00
1.228494771131890317e+00
1.228760769681631615e+00
1.229029513939386753e+00
1.229300959585114095e+00
1.229575168482729630e+00
1.229852198317017864e+00
1.230132141158933212e+00
1.230415092552458622e+00
1.230701187180036182e+00
1.230990542659425424e+00
1.231283233601075278e+00
1.231579359951967989e+00
1.231879029241358392e+00
1.232182372630449496e+00
1.232489393739911065e+00
1.232800345962393518e+00
1.233115378530709627e+00
1.233434629191687781e+00
