# chamber environmental conditions throughout the simulation, with rows corresponding to the time points in the time output file, first column is temperature (K), second is pressure (Pa) and third is relative humidity (fraction (0-1))
2.941499999999999773e+02,9.800000000000000000e+04,6.500002203029472403e-01
2.941499999999999773e+02,9.800000000000000000e+04,6.058232756277515119e-01
2.941499999999999773e+02,9.800000000000000000e+04,5.765323769242577390e-01
2.941499999999999773e+02,9.800000000000000000e+04,5.521142633291774571e-01
2.941499999999999773e+02,9.800000000000000000e+04,5.317541859182357555e-01
2.941499999999999773e+02,9.800000000000000000e+04,5.148289667681746895e-01
2.941499999999999773e+02,9.800000000000000000e+04,5.007223034382262128e-01
2.941499999999999773e+02,9.800000000000000000e+04,4.889552552261226537e-01
2.941499999999999773e+02,9.800000000000000000e+04,4.791487405198735505e-01
2.941499999999999773e+02,9.800000000000000000e+04,4.710254650380207853e-01
2.941499999999999773e+02,9.800000000000000000e+04,4.641863734754078097e-01
2.941499999999999773e+02,9.800000000000000000e+04,4.584903393943550176e-01
2.941499999999999773e+02,9.800000000000000000e+04,4.537862044626624902e-01
2.941499999999999773e+02,9.800000000000000000e+04,4.498102504394305146e-01
2.941499999999999773e+02,9.800000000000000000e+04,4.464948303508062821e-01
2.941499999999999773e+02,9.800000000000000000e+04,4.437552705751664495e-01
2.941499999999999773e+02,9.800000000000000000e+04,4.414788788829617228e-01
2.941499999999999773e+02,9.800000000000000000e+04,4.395415762546386329e-01
2.941499999999999773e+02,9.800000000000000000e+04,4.379531562016356627e-01
2.941499999999999773e+02,9.800000000000000000e+04,4.366065363545741929e-01
2.941499999999999773e+02,9.800000000000000000e+04,4.355002003289385470e-01
2.941499999999999773e+02,9.800000000000000000e+04,4.345745295768536631e-01
2.941499999999999773e+02,9.800000000000000000e+04,4.337938582587291814e-01
2.941499999999999773e+02,9.800000000000000000e+04,4.331508536522330477e-01
2.941499999999999773e+02,9.800000000000000000e+04,4.326155723357711924e-01
2.941499999999999773e+02,9.800000000000000000e+04,4.321676964121548004e-01
2.941499999999999773e+02,9.800000000000000000e+04,4.317923144633457055e-01
2.941499999999999773e+02,9.800000000000000000e+04,4.314737424134335586e-01
2.941499999999999773e+02,9.800000000000000000e+04,4.312095052912015003e-01
2.941499999999999773e+02,9.800000000000000000e+04,4.309876800476334924e-01
2.941499999999999773e+02,9.800000000000000000e+04,4.308011552256848509e-01
2.941499999999999773e+02,9.800000000000000000e+04,4.306432568849502540e-01
2.941499999999999773e+02,9.800000000000000000e+04,4.305101076194661758e-01
2.941499999999999773e+02,9.800000000000000000e+04,4.303983113043320374e-01
2.941499999999999773e+02,9.800000000000000000e+04,4.303013127188809461e-01
2.941499999999999773e+02,9.800000000000000000e+04,4.302201344721617859e-01
2.941499999999999773e+02,9.800000000000000000e+04,4.301505893910217981e-01
2.941499999999999773e+02,9.800000000000000000e+04,4.300905505062603829e-01
2.941499999999999773e+02,9.800000000000000000e+04,4.300378260228199800e-01
2.941499999999999773e+02,9.800000000000000000e+04,4.299957779590480311e-01
2.941499999999999773e+02,9.800000000000000000e+04,4.299596485144249192e-01
2.941499999999999773e+02,9.800000000000000000e+04,4.299300537524536892e-01
2.941499999999999773e+02,9.800000000000000000e+04,4.299067571726701842e-01
2.941499999999999773e+02,9.800000000000000000e+04,4.298880860413922811e-01
2.941499999999999773e+02,9.800000000000000000e+04,4.298738170256706237e-01
2.941499999999999773e+02,9.800000000000000000e+04,4.298637130982285171e-01
2.941499999999999773e+02,9.800000000000000000e+04,4.298559087632833897e-01
2.941499999999999773e+02,9.800000000000000000e+04,4.298511591266945819e-01
2.941499999999999773e+02,9.800000000000000000e+04,4.298490040061486162e-01
2.941499999999999773e+02,9.800000000000000000e+04,4.298489875059716692e-01
2.941499999999999773e+02,9.800000000000000000e+04,4.298511277350539062e-01
2.941499999999999773e+02,9.800000000000000000e+04,4.298551465697849072e-01
2.941499999999999773e+02,9.800000000000000000e+04,4.298607414525731363e-01
2.941499999999999773e+02,9.800000000000000000e+04,4.298672755702816484e-01
2.941499999999999773e+02,9.800000000000000000e+04,4.298741279311125707e-01
2.941499999999999773e+02,9.800000000000000000e+04,4.298816526612564970e-01
2.941499999999999773e+02,9.800000000000000000e+04,4.298864389163232769e-01
2.941499999999999773e+02,9.800000000000000000e+04,4.298918485501089237e-01
2.941499999999999773e+02,9.800000000000000000e+04,4.298976640995465504e-01
2.941499999999999773e+02,9.800000000000000000e+04,4.299037748711164175e-01
2.941499999999999773e+02,9.800000000000000000e+04,4.299100007813740354e-01
