# particle radii (um) per size_bin (including water contribution to size), with size bins represented by columns and their number (starting from 1) given in second line of header, per time step which is represented by rows and corresponding times given in the time output file 
# 12
2.500675000000000203e+00,7.500225000000000364e+00
2.696447454931015564e+00,7.500225000000000364e+00
2.672600808397701311e+00,7.500225000000000364e+00
2.655517922392003349e+00,7.500225000000000364e+00
2.643098106153382698e+00,7.500225000000000364e+00
2.633893744361909928e+00,7.500225000000000364e+00
2.627015113012177494e+00,7.500225000000000364e+00
2.621829116683002336e+00,7.500225000000000364e+00
2.617914225719094823e+00,7.500225000000000364e+00
2.614978433239284694e+00,7.500225000000000364e+00
2.612823423950213275e+00,7.500225000000000364e+00
2.611237223107665262e+00,7.500225000000000364e+00
2.610130334725308643e+00,7.500225000000000364e+00
2.609421395544586630e+00,7.500225000000000364e+00
2.608996804859670338e+00,7.500225000000000364e+00
2.608821522757954092e+00,7.500225000000000364e+00
2.608857645304737183e+00,7.500225000000000364e+00
2.609059810728163509e+00,7.500225000000000364e+00
2.609379929565297740e+00,7.500225000000000364e+00
2.609820486968173814e+00,7.500225000000000364e+00
2.610341801237971104e+00,7.500225000000000364e+00
2.610942477620566304e+00,7.500225000000000364e+00
2.611600918892369894e+00,7.500225000000000364e+00
2.612304789407234207e+00,7.500225000000000364e+00
2.613049985977118350e+00,7.500225000000000364e+00
2.613827341636972168e+00,7.500225000000000364e+00
2.614628442641460992e+00,7.500225000000000364e+00
2.615449477404924838e+00,7.500225000000000364e+00
2.616283848546324897e+00,7.500225000000000364e+00
2.617131998243921398e+00,7.500225000000000364e+00
2.617989107629610679e+00,7.500225000000000364e+00
2.618852701674430072e+00,7.500225000000000364e+00
2.619721270458035267e+00,7.500225000000000364e+00
2.620592519309631108e+00,7.500225000000000364e+00
2.621465645768143560e+00,7.500225000000000364e+00
2.622338556495011463e+00,7.500225000000000364e+00
2.623211492090377739e+00,7.500225000000000364e+00
2.624083223159113576e+00,7.500225000000000364e+00
2.624953066172107885e+00,7.500225000000000364e+00
2.625821406978194883e+00,7.500225000000000364e+00
2.626687396950804665e+00,7.500225000000000364e+00
2.627550396542391642e+00,7.500225000000000364e+00
2.628411213282098036e+00,7.500225000000000364e+00
2.629268456632242845e+00,7.500225000000000364e+00
2.630122445868676273e+00,7.500225000000000364e+00
2.630973138200595418e+00,7.500225000000000364e+00
2.631819686994142149e+00,7.500225000000000364e+00
2.632662435977536131e+00,7.500225000000000364e+00
2.633501343554260021e+00,7.500225000000000364e+00
2.634336082224936870e+00,7.500225000000000364e+00
2.635166752363525156e+00,7.500225000000000364e+00
2.635993265810647301e+00,7.500225000000000364e+00
2.636815565017830210e+00,7.500225000000000364e+00
2.637633504321818201e+00,7.500225000000000364e+00
2.638446749092974386e+00,7.500225000000000364e+00
2.639255480339259385e+00,7.500225000000000364e+00
2.640058539922715664e+00,7.500225000000000364e+00
2.640857172805453512e+00,7.500225000000000364e+00
2.641651312017194719e+00,7.500225000000000364e+00
2.642440943410845122e+00,7.500225000000000364e+00
2.643226062875746241e+00,7.500225000000000364e+00
