# the total concentration (ug/m3) of injected (through initial gas-phase concentration, instantaneous and/or continuous gas-phase influx) components, with component index (relative to all components) in the first row and its cumulative injected concentrations in following rows
1.000000000000000000e+00,1.100000000000000000e+01,9.200000000000000000e+01,8.000000000000000000e+00
5.786493608586098958e+01,0.000000000000000000e+00,4.247559077279314721e+01,2.403852632338457010e-05
5.786493608586098958e+01,0.000000000000000000e+00,4.247559077279314721e+01,2.403852632338457010e-05
5.786493608586098958e+01,0.000000000000000000e+00,4.247559077279314721e+01,2.403852632338457010e-05
5.786493608586098958e+01,0.000000000000000000e+00,4.247559077279314721e+01,2.403852632338457010e-05
5.786493608586098958e+01,0.000000000000000000e+00,4.247559077279314721e+01,2.403852632338457010e-05
5.786493608586098958e+01,0.000000000000000000e+00,4.247559077279314721e+01,2.403852632338457010e-05
5.786493608586098958e+01,0.000000000000000000e+00,4.247559077279314721e+01,2.403852632338457010e-05
5.786493608586098958e+01,0.000000000000000000e+00,4.247559077279314721e+01,2.403852632338457010e-05
5.786493608586098958e+01,0.000000000000000000e+00,4.247559077279314721e+01,2.403852632338457010e-05
5.786493608586098958e+01,0.000000000000000000e+00,4.247559077279314721e+01,2.403852632338457010e-05
5.786493608586098958e+01,0.000000000000000000e+00,4.247559077279314721e+01,2.403852632338457010e-05
5.786493608586098958e+01,0.000000000000000000e+00,4.247559077279314721e+01,2.403852632338457010e-05
5.786493608586098958e+01,0.000000000000000000e+00,4.247559077279314721e+01,2.403852632338457010e-05
1.347255339488735615e+02,3.308733883220843836e+03,1.097569265568974970e+02,2.403852632338457010e-05
2.115861318118861334e+02,6.617467766441690401e+03,1.770382623410017402e+02,2.403852632338457010e-05
2.884467296748987337e+02,9.926201649662538330e+03,2.443195981251059550e+02,2.403852632338457010e-05
3.653073275379113056e+02,1.323493553288338626e+04,3.116009339092104256e+02,2.403852632338457010e-05
4.421679254009238775e+02,1.654366941610423237e+04,3.788822696933149246e+02,2.403852632338457010e-05
5.190285232639364494e+02,1.985240329932508030e+04,4.461636054774194236e+02,2.403852632338457010e-05
5.958891211269490213e+02,2.316113718254592823e+04,5.134449412615239225e+02,2.403852632338457010e-05
6.727497189899615933e+02,2.646987106576677616e+04,5.807262770456278531e+02,2.403852632338457010e-05
7.496103168529741652e+02,2.977860494898762408e+04,6.480076128297317837e+02,2.403852632338457010e-05
8.264709147159867371e+02,3.308733883220847201e+04,7.152889486138357142e+02,2.403852632338457010e-05
9.033315125789993090e+02,3.639607271542931994e+04,7.825702843979396448e+02,2.403852632338457010e-05
9.878781702283131381e+02,4.003567998697225266e+04,8.565797537604539684e+02,2.403852632338457010e-05
