# particle_number_conc
3.240000000000000000e+04
3.195068315350617195e+04
3.150156777310047255e+04
3.106376154563595264e+04
3.063583193888501046e+04
3.021684332216613257e+04
2.980589578172757683e+04
2.940257293505283815e+04
2.901000529121515137e+04
2.862772312942115241e+04
2.825508022621039345e+04
2.789151334349001263e+04
2.753652603961394561e+04
2.718967653231105214e+04
2.685056842936118119e+04
2.651884350257927872e+04
2.619417598297957738e+04
2.587626796954988822e+04
2.556484568533427228e+04
2.525965642719768221e+04
2.496046600340401346e+04
2.466705659981739154e+04
2.437922498091621310e+04
2.409678094198124381e+04
2.381954599647317082e+04
2.354735223865682565e+04
2.328004135533752196e+04
2.301746376407413482e+04
2.275947785759501130e+04
2.250594933677986774e+04
2.225675062127699857e+04
2.201176032389210377e+04
2.177086278539397972e+04
2.153394765080009529e+04
2.130090949686571548e+04
2.107164748868997776e+04
2.084606506932969569e+04
2.062406969082990327e+04
2.040557255147974502e+04
2.019048836734022188e+04
1.997873515525551556e+04
1.977023404425507397e+04
1.956490909718341572e+04
1.936268714774348700e+04
1.916349764591556959e+04
1.896727251118607091e+04
1.877394601672988574e+04
1.858345466394469622e+04
1.839573706442116963e+04
1.821073384542206259e+04
1.802838753916014321e+04
1.784864250671468471e+04
1.767144484773746080e+04
1.749674232061448856e+04
1.732448426893241776e+04
1.715462154750230911e+04
1.698710646495458786e+04
1.682189271782222568e+04
1.665893533069003752e+04
1.649819060014772549e+04
1.633961605185258850e+04
1.618317038493709697e+04
1.602881342570196466e+04
1.587650608296606151e+04
1.572621031091739860e+04
1.557788906827446044e+04
1.543150628560057157e+04
1.528702681925996876e+04
1.514441642462566233e+04
1.500364172137584319e+04
1.486467016485355089e+04
1.472747001661111062e+04
1.459201031673292528e+04
1.445826085741594761e+04
1.432619215767931382e+04
1.419577543935487665e+04
1.406698260407672569e+04
1.393978621126483449e+04
1.381415945705928061e+04
1.369007615415207511e+04
1.356751071246755964e+04
1.344643812064585472e+04
1.332683392828675278e+04
1.320867422891416209e+04
1.309193564362394318e+04
1.297659530498404274e+04
1.286263084273833192e+04
1.275002036893987315e+04
1.263874246444853998e+04
1.252877616452394432e+04
1.242010094642875447e+04
1.231269671699225728e+04
1.220654380063261306e+04
1.210162292781597898e+04
1.199791522393153900e+04
1.189540219856343538e+04
1.179406573514172669e+04
1.169388808095548848e+04
1.159485183751204386e+04
1.149693995122724118e+04
1.140013570443244498e+04
1.130442270668466881e+04
1.120978488636705697e+04
1.111620648256594541e+04
1.102367203721603073e+04
1.093216638750269340e+04
1.084167465850779627e+04
1.075218225609080218e+04
1.066367485999570272e+04
1.057613841717479590e+04
1.048955913532079103e+04
1.040392347659911138e+04
1.031921815157262972e+04
1.023543011331150228e+04
1.015254655168104364e+04
1.007055488780093219e+04
9.989442768669350698e+03
9.909198061945942754e+03
9.829808850887751760e+03
9.751263429432565317e+03
9.673550297424331802e+03
9.596658155975537738e+03
9.520575902961698375e+03
9.445292628643264834e+03
9.370797611410500394e+03
9.297080313647038565e+03
9.224130377703979320e+03
9.151937621990444313e+03
9.080492037171567063e+03
9.009783782467486162e+03
8.939803182052279226e+03
8.870540721549386944e+03
8.801987044620369488e+03
8.734132949643897518e+03
8.666969386482080154e+03
8.600487453331272263e+03
8.534678393654676256e+03
8.469533593194122659e+03
8.405044577058546565e+03
8.341203006886749790e+03
8.278000678679654811e+03
8.215429518835033377e+03
8.153481582224303565e+03
8.092149049592778283e+03
8.031424225473837396e+03
7.971299535048298821e+03
7.911767522017010378e+03
7.852820846325740604e+03
7.794452281767772547e+03
7.736654713882850956e+03
7.679421137827287566e+03
7.622744656265896083e+03
7.566618477316322242e+03
7.511035912541717153e+03
7.455990374990406963e+03
7.401475377281249166e+03
7.347484529733364980e+03
7.294011534821965142e+03
7.241050196958412926e+03
7.188594404882759591e+03
7.136638142144720405e+03
7.085175481146121456e+03
7.034200581615396004e+03
6.983707689025586660e+03
6.933691133032017206e+03
6.884145325966213932e+03
6.835064761336838274e+03
6.786444012375508464e+03
6.738277730613170206e+03
6.690560644487194622e+03
6.643287557978609584e+03
6.596453349278679525e+03
6.550052969484117966e+03
6.504081441320071463e+03
6.458533857890342006e+03
6.413405381453990231e+03
6.368691242227750081e+03
6.324386737213544620e+03
6.280487229050486349e+03
6.236988144890789044e+03
6.193884975298881727e+03
