# tendency to change, top row gives equation number (%/hour)
3.600000000000000000e+01,4.600000000000000000e+01,1.300000000000000000e+01,0.000000000000000000e+00,0.000000000000000000e+00
0.000000000000000000e+00,0.000000000000000000e+00,0.000000000000000000e+00,7.653953878847921015e-51,1.324842258622187091e-56
-2.498521817820440978e+06,-2.836594776979984641e+08,2.518937884387748241e+08,-8.525021199035423994e+08,-6.246304544551018625e+06
-2.238439663309049327e+06,-2.541321117246133685e+08,2.541954477652781606e+08,-8.922561302064467669e+08,-5.596099158272449858e+06
-1.965388136958758580e+06,-2.231323210496891737e+08,2.243524172720194459e+08,-8.945761863269053698e+08,-4.913470342396643944e+06
-1.785326580448073335e+06,-2.026897670927798152e+08,2.035375230993106067e+08,-8.947181509770152569e+08,-4.463316451119858772e+06
-1.659396702010025270e+06,-1.883928322853543162e+08,1.890290499226503074e+08,-8.949092045934933424e+08,-4.148491755024672486e+06
-1.307079223037264543e+06,-1.483939051771376133e+08,3.448861148555100081e+05,-7.473700425867446661e+08,-3.267698057592718396e+06
-1.265675278920959681e+06,-1.436932773583605886e+08,5.865577752672231290e+05,-7.524561174273992777e+08,-3.164188197301905602e+06
-1.230744532960927347e+06,-1.397275576740442812e+08,8.132191057510293322e+05,-7.567711983628101349e+08,-3.076861332401775755e+06
-1.200780089420573087e+06,-1.363256668666297495e+08,1.027653269741640775e+06,-7.604895282291671038e+08,-3.001950223550842609e+06
-1.174824827123254305e+06,-1.333789420894994885e+08,1.233288533860760275e+06,-7.637363055791360140e+08,-2.937062067807498854e+06
-1.152134330935197882e+06,-1.308028692085241377e+08,1.432674108955359785e+06,-7.665914004531428814e+08,-2.880335827337312512e+06
-1.132155446948721074e+06,-1.285346481523091197e+08,1.627611716990296496e+06,-7.691247133378057480e+08,-2.830388617371074855e+06
-1.114455143220056081e+06,-1.265251164063950777e+08,1.819379677310021594e+06,-7.713878784471251965e+08,-2.786137858049368020e+06
-1.098692847711915849e+06,-1.247356085144604445e+08,2.008928617225959199e+06,-7.734224255061771870e+08,-2.746732119278973900e+06
-1.084594060615927214e+06,-1.231349602610414922e+08,2.196971230300789699e+06,-7.752606113255355358e+08,-2.711485151538959239e+06
-1.071936484375105239e+06,-1.216979340002397299e+08,2.384079439284985419e+06,-7.769290866530057192e+08,-2.679841210936862044e+06
-1.060537474889229750e+06,-1.204037939795379639e+08,2.570708781297000125e+06,-7.784499172290513515e+08,-2.651343687222131062e+06
-1.050244658533659298e+06,-1.192352410813249350e+08,2.757207381400482263e+06,-7.798409575147465467e+08,-2.625611646333162673e+06
-1.040931020019643125e+06,-1.181778551431631297e+08,2.943891934217552189e+06,-7.811176365065848827e+08,-2.602327550048081204e+06
-1.032488676152447704e+06,-1.172193880868279785e+08,3.131002824307305273e+06,-7.822927911153922081e+08,-2.581221690380051732e+06
-1.024827124145123176e+06,-1.163495650477601886e+08,3.318749350626636762e+06,-7.833783416354249716e+08,-2.562067810361699667e+06
-1.017863890946991043e+06,-1.155590227847374231e+08,3.507305771207987797e+06,-7.843808461907234192e+08,-2.544659727366328705e+06
-1.011534749060011003e+06,-1.148404694908929020e+08,3.696824266304432880e+06,-7.853113628959854841e+08,-2.528836872648837976e+06
-1.005778552368602250e+06,-1.141869631915417463e+08,3.887425168368373532e+06,-7.861752949613671303e+08,-2.514446380920276511e+06
-1.000544787325012498e+06,-1.135927690371941924e+08,4.079227750482728239e+06,-7.869796264908932447e+08,-2.501361968311262317e+06
-9.957877945932212751e+05,-1.130527032814786285e+08,4.272327005569441244e+06,-7.877294533212256432e+08,-2.489469486481744796e+06
-9.914676717927515274e+05,-1.125622357704758644e+08,4.466808856517649256e+06,-7.884295327518169880e+08,-2.478669179480531253e+06
-9.875491062379850773e+05,-1.121173574225413054e+08,4.662751345857122913e+06,-7.890840897289316654e+08,-2.468872765593575314e+06
-9.840006255151373334e+05,-1.117144951456201226e+08,4.860223021171107888e+06,-7.896968190818222761e+08,-2.460001563786417246e+06
-9.807943273226919118e+05,-1.113504811657836437e+08,5.059288909114952199e+06,-7.902711564203630686e+08,-2.451985818305264693e+06
-9.779049943177738460e+05,-1.110224525349247605e+08,5.260006436036840081e+06,-7.908099973242239952e+08,-2.444762485792930704e+06
-9.753101652816201095e+05,-1.107278592102392614e+08,5.462432150814393535e+06,-7.913160892296198606e+08,-2.438275413202507421e+06
-9.729895153646531980e+05,-1.104643936928795129e+08,5.666618004033688456e+06,-7.917918717328879833e+08,-2.432473788410051726e+06
-9.709246514742274303e+05,-1.102299677981372327e+08,5.872611295540793799e+06,-7.922394904327543974e+08,-2.427311628683948424e+06
-9.690989730359335663e+05,-1.100226968475466520e+08,6.080461303153636865e+06,-7.926609924289476871e+08,-2.422747432588175405e+06
-9.674973524967033882e+05,-1.098408633961082697e+08,6.290217033397853374e+06,-7.930581723409953117e+08,-2.418743381240061484e+06
-9.661060735494629480e+05,-1.096829102188769728e+08,6.501915900461730547e+06,-7.934326872935038805e+08,-2.415265183871922083e+06
-9.649124771803877084e+05,-1.095474001263817847e+08,6.715606243290003389e+06,-7.937860473460032940e+08,-2.412281192949195392e+06
-9.639050997000336647e+05,-1.094330316354268938e+08,6.931328738850596361e+06,-7.941196469895929098e+08,-2.409762749248271808e+06
-9.630733746498844121e+05,-1.093386051262681931e+08,7.149131197679327801e+06,-7.944347550015829802e+08,-2.407683436622860841e+06
-9.624078046700875275e+05,-1.092630423549150974e+08,7.369055126650375314e+06,-7.947326564516613483e+08,-2.406019511673330329e+06
-9.618991154712596908e+05,-1.092052904027724713e+08,7.591137979951686226e+06,-7.950141562530578375e+08,-2.404747788676222321e+06
-9.615393899307623506e+05,-1.091644504316325933e+08,7.815420442837951705e+06,-7.952805267224758863e+08,-2.403848474824940786e+06
-9.613208691900029080e+05,-1.091396415711504072e+08,8.041944040466732346e+06,-7.955325959423981905e+08,-2.403302172973003704e+06
-9.612365492309248075e+05,-1.091300686487204283e+08,8.270762428782568313e+06,-7.957712455135108232e+08,-2.403091373075270560e+06
-9.612800373740028590e+05,-1.091350058975623697e+08,8.501905751607485116e+06,-7.959972948195668459e+08,-2.403200093432927504e+06
-9.614451176300192019e+05,-1.091537476107088625e+08,8.735411936777131632e+06,-7.962114328786914349e+08,-2.403612794072930235e+06
-9.617262235793516738e+05,-1.091856618274255991e+08,8.971331897131262347e+06,-7.964144246883330345e+08,-2.404315558946223464e+06
-9.621181468361403095e+05,-1.092301572348802984e+08,9.209695685374446213e+06,-7.966068870972195864e+08,-2.405295367088156287e+06
-9.626159717422986869e+05,-1.092866757538937330e+08,9.450566648690698668e+06,-7.967894613788079023e+08,-2.406539929353514221e+06
-9.632152592540177284e+05,-1.093547134157435000e+08,9.693975555583547801e+06,-7.969627030101135969e+08,-2.408038148132773582e+06
-9.639116704895910807e+05,-1.094337776232028008e+08,9.939960725011641160e+06,-7.971271499858957529e+08,-2.409779176221668720e+06
-9.647012340745136607e+05,-1.095234175024750531e+08,1.018856911877571978e+07,-7.972833156322482824e+08,-2.411753085183936637e+06
-9.655802332631468307e+05,-1.096232110880128294e+08,1.043984155309895799e+07,-7.974316779673770666e+08,-2.413950583155481610e+06
-9.665451865472662030e+05,-1.097327631209884882e+08,1.069383268620517850e+07,-7.975726998718166351e+08,-2.416362966365741100e+06
-9.675928608131787041e+05,-1.098517065430337638e+08,1.095057493219353817e+07,-7.977067895402935743e+08,-2.418982152030483820e+06
-9.687201229121030774e+05,-1.099796856448887140e+08,1.121010977941486053e+07,-7.978343592214192152e+08,-2.421800307277756743e+06
-9.699240833406856982e+05,-1.101163723785826117e+08,1.147248964397773892e+07,-7.979557933599336147e+08,-2.424810208349174354e+06
-9.712020506444805069e+05,-1.102614611808191985e+08,1.173777020844092965e+07,-7.980714544180678129e+08,-2.428005126608623192e+06
-9.725515206794798141e+05,-1.104146677538284063e+08,1.200597088272149116e+07,-7.981816906780854464e+08,-2.431378801696082577e+06
-9.739699636589288712e+05,-1.105757048885955215e+08,1.227714638314523362e+07,-7.982868143410146236e+08,-2.434924909144666512e+06
-9.754551356270598480e+05,-1.107443178267603815e+08,1.255134082510737889e+07,-7.983871510727255344e+08,-2.438637839064954780e+06
-9.770049010958069703e+05,-1.109202641244007498e+08,1.282861657865602337e+07,-7.984829935612280369e+08,-2.442512252736784052e+06
-9.786172734473438468e+05,-1.111033182389694303e+08,1.310900502128721774e+07,-7.985746305552864075e+08,-2.446543183615587186e+06
-9.802902496095178649e+05,-1.112932527598444521e+08,1.339255150108379498e+07,-7.986622959393361807e+08,-2.450725624020983931e+06
-9.820221127113335533e+05,-1.114898727690841556e+08,1.367928013922175020e+07,-7.987463388143590689e+08,-2.455055281775483862e+06
-9.838109303685416235e+05,-1.116929588813292086e+08,1.396925844433239289e+07,-7.988269131140795946e+08,-2.459527325918464921e+06
-9.856551999499092344e+05,-1.119023405014750808e+08,1.426252046794020943e+07,-7.989042792988889217e+08,-2.464137999871844891e+06
-9.875533703761275392e+05,-1.121178415340626389e+08,1.455912684786092117e+07,-7.989786813093404770e+08,-2.468883425937351305e+06
-9.895039928467428545e+05,-1.123392974954452068e+08,1.485912024565470219e+07,-7.990503312604562044e+08,-2.473759982113850303e+06
-9.915056665132523049e+05,-1.125665493460050672e+08,1.516254718860113807e+07,-7.991194388918223381e+08,-2.478764166280084290e+06
-9.935570685097106034e+05,-1.127994468995559961e+08,1.546945454854411818e+07,-7.991862058524318933e+08,-2.483892671271190513e+06
-9.956569420339871431e+05,-1.130378474701972902e+08,1.577988945023202337e+07,-7.992508263305821419e+08,-2.489142355081842281e+06
-9.978040932937393663e+05,-1.132816155255874395e+08,1.609389968880124204e+07,-7.993134879052572250e+08,-2.494510233231183141e+06
-9.999973881205238868e+05,-1.135306223025409132e+08,1.641153298575034551e+07,-7.993743709731467962e+08,-2.499993470298104919e+06
-1.002235746402411489e+06,-1.137847451749579757e+08,1.673283721856713668e+07,-7.994336497885434628e+08,-2.505589366002784111e+06
-1.004518140179441078e+06,-1.140438674375997186e+08,1.705786051381157711e+07,-7.994914927683033943e+08,-2.511295350445318501e+06
-1.006843590924135875e+06,-1.143078779973425716e+08,1.738665125173977017e+07,-7.995480628003070354e+08,-2.517108977307015099e+06
-1.009211166811636067e+06,-1.145766710632540584e+08,1.771925806626955792e+07,-7.996035175621458292e+08,-2.523027917025725357e+06
-1.011619980183405685e+06,-1.148501458586449623e+08,1.805572984484249353e+07,-7.996580098170804977e+08,-2.529049950455109589e+06
-1.014069185184116359e+06,-1.151282063527826369e+08,1.839611572811537609e+07,-7.997116876898218393e+08,-2.535172962956845760e+06
-1.016557975554020028e+06,-1.154107610102570653e+08,1.874046510978692025e+07,-7.997646949244467020e+08,-2.541394938881564420e+06
-1.019085582565447083e+06,-1.156977225567096323e+08,1.908882763622162119e+07,-7.998171711253254414e+08,-2.547713956410091370e+06
-1.021651273094497737e+06,-1.159890077599103302e+08,1.944125320615658164e+07,-7.998692519823517799e+08,-2.554128182732677553e+06
-1.024254350341940764e+06,-1.162845375116022080e+08,1.979779324161108956e+07,-7.999210714563419819e+08,-2.560635875851244666e+06
-1.026894155223095557e+06,-1.165842369852959067e+08,2.015849974719488621e+07,-7.999727571492022276e+08,-2.567235388054090552e+06
-1.029570039803329739e+06,-1.168880326203772426e+08,2.052342027246714756e+07,-8.000244324020515680e+08,-2.573925099504635204e+06
-1.032281396752977860e+06,-1.171958554661512822e+08,2.089260365836883336e+07,-8.000762200859655142e+08,-2.580703491878714412e+06
-1.035027630822914885e+06,-1.175076379434379488e+08,2.126610110572885722e+07,-8.001282363944809437e+08,-2.587569077053516172e+06
-1.037808203550310922e+06,-1.178233189200573415e+08,2.164396608373941854e+07,-8.001806000875960588e+08,-2.594520508871965110e+06
-1.040622586208738037e+06,-1.181428383692123443e+08,2.202625025678648055e+07,-8.002334246862384081e+08,-2.601556465517991222e+06
-1.043470274030660279e+06,-1.184661389841807932e+08,2.241300552095315978e+07,-8.002868211503344774e+08,-2.608675685072755441e+06
-1.046350785074882559e+06,-1.187931660497359633e+08,2.280428400736089423e+07,-8.003408980038057566e+08,-2.615876962683269754e+06
-1.049263659172628308e+06,-1.191238673224938512e+08,2.320013808052615821e+07,-8.003957614558106661e+08,-2.623159147927592508e+06
-1.052208456951075234e+06,-1.194581929200542420e+08,2.360062033601316065e+07,-8.004515155126032829e+08,-2.630521142373667564e+06
-1.055184758912526770e+06,-1.197960952164581865e+08,2.400578359740050137e+07,-8.005082620822563171e+08,-2.637961897277254611e+06
-1.058192164564169012e+06,-1.201375287433885187e+08,2.441568091263864562e+07,-8.005661010728812218e+08,-2.645480411406318191e+06
-1.061230291595006362e+06,-1.204824500967266709e+08,2.483036554982936010e+07,-8.006251304846549034e+08,-2.653075728983369190e+06
-1.064298775097749662e+06,-1.208308178482127786e+08,2.524989099245731905e+07,-8.006854464962496758e+08,-2.660746937740185764e+06
-1.067397266831420595e+06,-1.211825924617286026e+08,2.567431093405669555e+07,-8.007471435456537008e+08,-2.668493167074320372e+06
-1.070525434522916563e+06,-1.215377362140035182e+08,2.610367927233352885e+07,-8.008103144060968161e+08,-2.676313586303017102e+06
-1.073682961205248721e+06,-1.218962131194840372e+08,2.653805010277285427e+07,-8.008750502571140528e+08,-2.684207403008805122e+06
-1.076869544594236882e+06,-1.222579888595694304e+08,2.697747773085385188e+07,-8.009414407550641298e+08,-2.692173861481232569e+06
-1.080084896542139584e+06,-1.226230307205818594e+08,2.742201665062889084e+07,-8.010095741005061865e+08,-2.700212241350946482e+06
-1.083328742418046342e+06,-1.229913075234217197e+08,2.787172151285956427e+07,-8.010795370873436928e+08,-2.708321856040671002e+06
-1.086600820509325014e+06,-1.233627895556133986e+08,2.832664713274023682e+07,-8.011514151478418112e+08,-2.716502051268824376e+06
-1.089900881568359211e+06,-1.237374485198459774e+08,2.878684848196700215e+07,-8.012252924125990868e+08,-2.724752203916366678e+06
-1.093228688321913360e+06,-1.241152574782710522e+08,2.925238067866782099e+07,-8.013012517575221062e+08,-2.733071720800207928e+06
-1.096584015005893074e+06,-1.244961907996834964e+08,2.972329897670143843e+07,-8.013793748477333784e+08,-2.741460037510113791e+06
-1.099966646921714069e+06,-1.248802241091558188e+08,3.019965875428310782e+07,-8.014597421781852245e+08,-2.749916617299622390e+06
-1.103376380012606271e+06,-1.252673342399353832e+08,3.068151550188721716e+07,-8.015424331110689640e+08,-2.758440950026809238e+06
-1.106813020459259395e+06,-1.256574991875378191e+08,3.116892480949524418e+07,-8.016275259106246233e+08,-2.767032551143398508e+06
-1.110276384292829782e+06,-1.260506980658112466e+08,3.166194235305916891e+07,-8.017150977747536898e+08,-2.775690960727280006e+06
-1.113766297024953412e+06,-1.264469110649314076e+08,3.216062388029428199e+07,-8.018052248641477823e+08,-2.784415742557544727e+06
-1.117282593293414917e+06,-1.268461194111740440e+08,3.266502519570903853e+07,-8.018979823289434910e+08,-2.793206483228654601e+06
-1.120825116522246506e+06,-1.272483053283256441e+08,3.317520214486756921e+07,-8.019934443324601650e+08,-2.802062791300688870e+06
-1.124393718596062623e+06,-1.276534520007104129e+08,3.369121059790553898e+07,-8.020916840730657578e+08,-2.810984296485184692e+06
-1.127988259547015652e+06,-1.280615435376499742e+08,3.421310643225576729e+07,-8.021927738033143282e+08,-2.819970648862522095e+06
-1.131608607254310744e+06,-1.284725649393491298e+08,3.474094551460232586e+07,-8.022967848472412825e+08,-2.829021518130715005e+06
-1.135254637154755183e+06,-1.288865020640341341e+08,3.527478368197489530e+07,-8.024037876151442528e+08,-2.838136592881781049e+06
-1.138926231964280596e+06,-1.293033415963369459e+08,3.581467672207904607e+07,-8.025138516166132689e+08,-2.847315579905549064e+06
-1.142623281409349060e+06,-1.297230710168015063e+08,3.636068035272590071e+07,-8.026270454712967873e+08,-2.856558203518175054e+06
-1.146345681968035875e+06,-1.301456785724885464e+08,3.691285020043924451e+07,-8.027434369179451466e+08,-2.865864204914846458e+06
-1.150093336619438604e+06,-1.305711532485258728e+08,3.747124177814735472e+07,-8.028630928213565350e+08,-2.875233341543307528e+06
-1.153866154601550428e+06,-1.309994847406194955e+08,3.803591046199234575e+07,-8.029860791775010824e+08,-2.884665386498541571e+06
-1.157664051237260923e+06,-1.314306634352992028e+08,3.860691156490933895e+07,-8.031124611588439941e+08,-2.894160128087771591e+06
-1.161486947850642027e+06,-1.318646804004146457e+08,3.918430019845319539e+07,-8.032423031105161905e+08,-2.903717369621178135e+06
-1.165334771234053420e+06,-1.323015273246351182e+08,3.976813120991431922e+07,-8.033756684775159359e+08,-2.913336928079660516e+06
-1.169207453429787420e+06,-1.327411964926596582e+08,4.035845920157559961e+07,-8.035126198179972172e+08,-2.923018633568948600e+06
-1.173104931630481500e+06,-1.331836807739106268e+08,4.095533850596678257e+07,-8.036532188186602592e+08,-2.932762329070637468e+06
-1.177027147970690392e+06,-1.336289735988709480e+08,4.155882315636055171e+07,-8.037975262891484499e+08,-2.942567869921112899e+06
-1.180974049327446148e+06,-1.340770689364411980e+08,4.216896685625126213e+07,-8.039456021549360752e+08,-2.952435123312955257e+06
-1.184945587125044549e+06,-1.345279612717770338e+08,4.278582294771167636e+07,-8.040975054487190247e+08,-2.962363967806904111e+06
-1.188941717143969610e+06,-1.349816455845961869e+08,4.340944437850461900e+07,-8.042532943000557423e+08,-2.972354292854169384e+06
-1.192962399333029985e+06,-1.354381173278501332e+08,4.403988366788803786e+07,-8.044130259232140779e+08,-2.982405998326773290e+06
-1.197007597624845570e+06,-1.358973724067760706e+08,4.467719287099631876e+07,-8.045767566034437418e+08,-2.992518994056264404e+06
-1.201077279752752511e+06,-1.363594071581099629e+08,4.532142354154644907e+07,-8.047445416812041998e+08,-3.002693199375984259e+06
-1.205171417070456548e+06,-1.368242183296117187e+08,4.597262669283390790e+07,-8.049164355345878601e+08,-3.012928542670196388e+06
-1.209289984371080762e+06,-1.372918030595214367e+08,4.663085275648672879e+07,-8.050924915592876673e+08,-3.023224960921708960e+06
-1.213432935494789854e+06,-1.377621561072705984e+08,4.729613470817542076e+07,-8.052727460782258511e+08,-3.033582338730933610e+06
-1.217600252472155727e+06,-1.382352754327735603e+08,4.796853529806979746e+07,-8.054572683669030666e+08,-3.044000631174299866e+06
-1.221791942745662061e+06,-1.387111618809822798e+08,4.864810519664479047e+07,-8.056461054519866705e+08,-3.054479856858017389e+06
-1.226007994091623696e+06,-1.391898140641305745e+08,4.933489351233981550e+07,-8.058393081064234972e+08,-3.065019985222872347e+06
-1.230248361388224177e+06,-1.396712268594971597e+08,5.002892031862931699e+07,-8.060369017021340132e+08,-3.075620903464324307e+06
-1.234513058224717854e+06,-1.401554018098826110e+08,5.073025970681817830e+07,-8.062389597866619825e+08,-3.086282645555510186e+06
-1.238802078551725252e+06,-1.406423382284952402e+08,5.143894989807662368e+07,-8.064455198471859694e+08,-3.097005196372979321e+06
-1.243115422108329367e+06,-1.411320360857129097e+08,5.215503579586990923e+07,-8.066566277706793547e+08,-3.107788555264439434e+06
-1.247453087146371603e+06,-1.416244951830656528e+08,5.287856519126004726e+07,-8.068723273100323677e+08,-3.118632717859495897e+06
-1.251815087929151254e+06,-1.421197171398788691e+08,5.360958306442733109e+07,-8.070926660901125669e+08,-3.129537719816395547e+06
-1.256201428243319504e+06,-1.426177023860545456e+08,5.434813091224029660e+07,-8.073176857525627613e+08,-3.140503570601765998e+06
-1.260612111226765206e+06,-1.431184512778401375e+08,5.509424920102081448e+07,-8.075474260739296675e+08,-3.151530278060330544e+06
-1.265047141657220898e+06,-1.436219643576559424e+08,5.584797721191111952e+07,-8.077819256351203918e+08,-3.162617854136419483e+06
-1.269506525538112968e+06,-1.441282423070765436e+08,5.660935298642553389e+07,-8.080212216969388723e+08,-3.173766313838599250e+06
-1.273990269922841573e+06,-1.446372859268808663e+08,5.737841327948713303e+07,-8.082653501505522728e+08,-3.184975674800369889e+06
-1.278498382745761191e+06,-1.451490961178635359e+08,5.815519350996689498e+07,-8.085143454732856750e+08,-3.196245956857617944e+06
-1.283030872659052024e+06,-1.456636738623144627e+08,5.893972770868163556e+07,-8.087682406875398159e+08,-3.207577181640794501e+06
-1.287586607419317821e+06,-1.461808906156006157e+08,5.973217505297942460e+07,-8.090263501146121025e+08,-3.218966518541407771e+06
-1.292169463688615477e+06,-1.467011864987272024e+08,6.053239446931865811e+07,-8.092910110361894369e+08,-3.230423659214600455e+06
-1.296774606650376460e+06,-1.472240126105268896e+08,6.134054324691671133e+07,-8.095594654609972239e+08,-3.241936516618951689e+06
-1.301404983275776030e+06,-1.477497035233449340e+08,6.215662163450179994e+07,-8.098333190571306944e+08,-3.253512458182398230e+06
-1.306060224130767398e+06,-1.482782172949945927e+08,6.298063073569907993e+07,-8.101124920027260780e+08,-3.265150560319824610e+06
-1.310739808886369690e+06,-1.488094948520485759e+08,6.381256801597031951e+07,-8.103966737114727497e+08,-3.276849522208779119e+06
-1.315443804641208146e+06,-1.493435438122753799e+08,6.465245816710361838e+07,-8.106859217104213238e+08,-3.288609511595822871e+06
-1.320171883357057115e+06,-1.498803269331939220e+08,6.550030395262818038e+07,-8.109800492269382477e+08,-3.300429708385392558e+06
-1.324924811251724372e+06,-1.504199312042159438e+08,6.635616320615661144e+07,-8.112795406090620756e+08,-3.312312028122007847e+06
-1.329702191983368946e+06,-1.509623116282880008e+08,6.722003181919425726e+07,-8.115841638646761179e+08,-3.324255479951066431e+06
-1.334504033421580680e+06,-1.515074690988519192e+08,6.809192454087199271e+07,-8.118939344756158590e+08,-3.336260083546542563e+06
-1.339330343905502697e+06,-1.520554045626582801e+08,6.897185416472776234e+07,-8.122088670306807756e+08,-3.348325859756295104e+06
-1.344181128852818860e+06,-1.526061186347816586e+08,6.985983126396407187e+07,-8.125289731716960669e+08,-3.360452822124532424e+06
-1.349056391504139407e+06,-1.531596116831315458e+08,7.075586416029487550e+07,-8.128542621037356853e+08,-3.372640978752779774e+06
-1.353956132974055596e+06,-1.537158838342485130e+08,7.165995886125446856e+07,-8.131847406851178408e+08,-3.384890332427516114e+06
-1.358880351725506363e+06,-1.542749349136286080e+08,7.257211896085627377e+07,-8.135204131702084541e+08,-3.397200879306089599e+06
-1.363829045528705465e+06,-1.548367646681221128e+08,7.349234571638324857e+07,-8.138612824407182932e+08,-3.409572613814033102e+06
-1.368802207984552952e+06,-1.554013723712334037e+08,7.442063775681073964e+07,-8.142073479755052328e+08,-3.422005519953597803e+06
-1.373799830795390531e+06,-1.559687570809216499e+08,7.535699117508223653e+07,-8.145586072726129293e+08,-3.434499576980636455e+06
-1.378821902960027102e+06,-1.565389175482115149e+08,7.630139942127603292e+07,-8.149150554201047421e+08,-3.447054757392172702e+06
-1.383868410601290874e+06,-1.571118521976149678e+08,7.725385323678478599e+07,-8.152766850509637594e+08,-3.459671026495277882e+06
-1.388939336807817221e+06,-1.576875591091692448e+08,7.821434059041075408e+07,-8.156434863044799566e+08,-3.472348342011538800e+06
-1.394034661463116296e+06,-1.582660359990307391e+08,7.918284661448152363e+07,-8.160154467816847563e+08,-3.485086653649730608e+06
-1.399154361064730911e+06,-1.588472801989439130e+08,8.015935354129862785e+07,-8.163925514958027601e+08,-3.497885902653711382e+06
