# tendency to change, top row gives equation number (where number 0 is the first equation), 3rd column from end is gas-particle partitioning, 2nd column from end is gas-wall partitioning, final column is dilution (molecules/cm3/s (air))
9.120000000000000000e+02,9.130000000000000000e+02,9.140000000000000000e+02,0.000000000000000000e+00,0.000000000000000000e+00,0.000000000000000000e+00
0.000000000000000000e+00,0.000000000000000000e+00,0.000000000000000000e+00,0.000000000000000000e+00,0.000000000000000000e+00,-6.217906044702068716e+07
-5.121344073571406188e+05,-1.716814206481323636e+05,-7.711114656229674583e+05,-3.959618703779408825e+05,0.000000000000000000e+00,-3.200810755128307268e+07
-6.805848242319265846e+05,-2.281505944868390216e+05,-1.024744195576480473e+06,-1.729429751649477403e+05,0.000000000000000000e+00,-3.290982773067168519e+07
-7.737012637239950709e+05,-2.593657645438392356e+05,-1.164947925493515329e+06,-1.152057480302928452e+05,0.000000000000000000e+00,-3.379912280085090548e+07
-8.507437456045887666e+05,-2.851925056288110209e+05,-1.280949389688727679e+06,-1.091481091916867153e+05,0.000000000000000000e+00,-3.467722507840292901e+07
-9.252248154185956810e+05,-3.101605915323701338e+05,-1.393094182306408416e+06,-1.042577517904362467e+05,0.000000000000000000e+00,-3.554446044428864121e+07
-9.996041703068380011e+05,-3.350945798187695327e+05,-1.505085824609727832e+06,-9.939550082571944222e+04,0.000000000000000000e+00,-3.640096461669822782e+07
-1.074190502782914555e+06,-3.600979526374543202e+05,-1.617389109303820645e+06,-9.432563994557454134e+04,0.000000000000000000e+00,-3.724684105228254199e+07
-1.148920914831331233e+06,-3.851496248582302942e+05,-1.729909331990356790e+06,-8.896886615960250492e+04,0.000000000000000000e+00,-3.808219028063673526e+07
-1.223693641726124100e+06,-4.102154821695529390e+05,-1.842493267371721100e+06,-8.329575630343338707e+04,0.000000000000000000e+00,-3.890711443345497549e+07
-1.298421311040283879e+06,-4.352662349510042113e+05,-1.955009360373154981e+06,-7.729840716509793128e+04,0.000000000000000000e+00,-3.972171732996366173e+07
-1.373033189203264192e+06,-4.602781713806396583e+05,-2.067351108743551420e+06,-7.097886785629219958e+04,0.000000000000000000e+00,-4.052610398038768023e+07
-1.447470421816147864e+06,-4.852315618588223006e+05,-2.179429896484541241e+06,-6.434404895092004881e+04,0.000000000000000000e+00,-4.132038017047134042e+07
-1.521682063872366678e+06,-5.101093282299410785e+05,-2.291169016626006924e+06,-5.740435423156111210e+04,0.000000000000000000e+00,-4.210465217811974883e+07
-1.595622619679390918e+06,-5.348962190970685333e+05,-2.402499967130901292e+06,-5.017124731405085913e+04,0.000000000000000000e+00,-4.287902658212152123e+07
-1.669250654257662361e+06,-5.595783443250118289e+05,-2.513360360103867017e+06,-4.265772038777054695e+04,0.000000000000000000e+00,-4.364361012702717632e+07
-1.742528022776444443e+06,-5.841429167261944385e+05,-2.623692761566806119e+06,-3.487583106821080582e+04,0.000000000000000000e+00,-4.439850961855279654e+07
-1.815419433507931884e+06,-6.085781055509543512e+05,-2.733444033406829461e+06,-2.683977122789442001e+04,0.000000000000000000e+00,-4.514383183681749552e+07
-1.887892173002117546e+06,-6.328729443586643320e+05,-2.842564919577052351e+06,-1.856137633126748551e+04,0.000000000000000000e+00,-4.587968345998754352e+07
-1.959915918374357512e+06,-6.570172680914038792e+05,-2.951009763461390976e+06,-1.005147911177822607e+04,0.000000000000000000e+00,-4.660617099526140094e+07
-2.031462588635416934e+06,-6.810016632357363123e+05,-3.058736284024917986e+06,-1.179417359111991525e+07,0.000000000000000000e+00,-4.732340071515200287e+07
