# tendency to change, top row gives equation number (where number 0 is the first equation), 3rd column from end is gas-particle partitioning, 2nd column from end is gas-wall partitioning, final column is dilution (molecules/cm3/s (air))
2.520000000000000000e+03,2.521000000000000000e+03,2.522000000000000000e+03,2.523000000000000000e+03,2.524000000000000000e+03,0.000000000000000000e+00,0.000000000000000000e+00,0.000000000000000000e+00
0.000000000000000000e+00,0.000000000000000000e+00,0.000000000000000000e+00,0.000000000000000000e+00,0.000000000000000000e+00,0.000000000000000000e+00,0.000000000000000000e+00,-3.108953022351034358e+07
-2.678753404230303568e+04,-2.487413875356710050e+05,-3.826790577471862343e+04,-6.888223039449351199e+04,-1.764479895115340113e+01,-1.627833007692902756e+05,0.000000000000000000e+00,-1.563502985350945964e+07
-3.481668942238287855e+04,-3.232978303506980883e+05,-4.973812774626124883e+04,-8.952862994327023625e+04,-1.252774093666572419e+01,-6.954171059872364276e+04,0.000000000000000000e+00,-1.572246936688887700e+07
-3.874912260790396249e+04,-3.598132813591082231e+05,-5.535588943986281083e+04,-9.964060099175304640e+04,-1.093352210006467118e+01,-4.535583890406654245e+04,0.000000000000000000e+00,-1.580825496494005062e+07
-4.175057476159752696e+04,-3.876839085005484521e+05,-5.964367823085361306e+04,-1.073586208155364875e+05,-1.043342592326911777e+01,-4.210733695584766974e+04,0.000000000000000000e+00,-1.589271029120079800e+07
-4.452984896894454141e+04,-4.134914547116278554e+05,-6.361406995563505916e+04,-1.145053259201430919e+05,-1.034377502117207825e+01,-3.944546343923526729e+04,0.000000000000000000e+00,-1.597591758924815431e+07
-4.721872114262010291e+04,-4.384595534671866335e+05,-6.745531591802871844e+04,-1.214195686524516786e+05,-1.041861214363767907e+01,-3.691008698982831265e+04,0.000000000000000000e+00,-1.605790889271426201e+07
-4.983915463458724116e+04,-4.627921501783100539e+05,-7.119879233512462815e+04,-1.281578262032243219e+05,-1.056177887764731871e+01,-3.440485113733801700e+04,0.000000000000000000e+00,-1.613870712310845219e+07
-5.239435638100451615e+04,-4.865190235378990183e+05,-7.484908054429217009e+04,-1.347283449797258945e+05,-1.073469403812978662e+01,-3.189647671044909293e+04,0.000000000000000000e+00,-1.621833358390511572e+07
-5.488533566364782018e+04,-5.096495454481582856e+05,-7.840762237663974520e+04,-1.411337202779515064e+05,-1.092179261768177945e+01,-2.937164578891911515e+04,0.000000000000000000e+00,-1.629680913440823182e+07
-5.731345113829292677e+04,-5.321963319984342670e+05,-8.187635876898989954e+04,-1.473774457841817930e+05,-1.111680925950838628e+01,-2.682545691683713812e+04,0.000000000000000000e+00,-1.637415426508630812e+07
-5.968049520998842490e+04,-5.541760269498924026e+05,-8.525785029998345999e+04,-1.534641305399702105e+05,-1.131723650504973122e+01,-2.425678161550373989e+04,0.000000000000000000e+00,-1.645038903608284332e+07
-6.198847185849203379e+04,-5.756072386859974358e+05,-8.855495979784576048e+04,-1.593989276361223310e+05,-1.152208028425547326e+01,-2.166625420109585320e+04,0.000000000000000000e+00,-1.652553303564771265e+07
-6.423942799616548291e+04,-5.965089742501080036e+05,-9.177061142309354909e+04,-1.651871005615683680e+05,-1.173095329069087889e+01,-1.905568640953157592e+04,0.000000000000000000e+00,-1.659960536779874004e+07
-6.643536174363341706e+04,-6.168997876194531564e+05,-9.490765963376202853e+04,-1.708337873407716397e+05,-1.194371067322553515e+01,-1.642718974510055705e+04,0.000000000000000000e+00,-1.667262465821908042e+07
-6.857818147647222213e+04,-6.367973994243848138e+05,-9.796883068067461136e+04,-1.763438952252142481e+05,-1.216030429573008576e+01,-1.378330989143636180e+04,0.000000000000000000e+00,-1.674460906933159940e+07
-7.066969221575320989e+04,-6.562185705748511245e+05,-1.009567031653617305e+05,-1.817220656976510945e+05,-1.238072466042333097e+01,-1.112621703136702126e+04,0.000000000000000000e+00,-1.681557631887954846e+07
-7.271159542404428066e+04,-6.751791003661253490e+05,-1.038737077486346825e+05,-1.869726739475424110e+05,-1.260497776061869146e+01,-8.458699742845148648e+03,0.000000000000000000e+00,-1.688554369913511351e+07
-7.470549429124867311e+04,-6.936938755615948467e+05,-1.067221347017838270e+05,-1.920998424632108654e+05,-1.283307585711929732e+01,-5.782734291887692962e+03,0.000000000000000000e+00,-1.695452809552792087e+07
-7.665290118136545061e+04,-7.117769395412505837e+05,-1.095041445448077866e+05,-1.971074601806539868e+05,-1.306503371333413277e+01,-3.099952470491746681e+03,0.000000000000000000e+00,-1.702254600413830206e+07
-7.855524528939127049e+04,-7.294415634014902171e+05,-1.122217789848446700e+05,-2.019992021727203683e+05,-1.330086701704814978e+01,-3.594310166557995602e+06,0.000000000000000000e+00,-1.708961354793547094e+07
