# tendency to change, top row gives equation number (where number 0 is the first equation), 3rd column from end is gas-particle partitioning, 2nd column from end is gas-wall partitioning, final column is dilution (molecules/cm3/s (air))
1.364000000000000000e+03,1.365000000000000000e+03,1.366000000000000000e+03,1.367000000000000000e+03,1.368000000000000000e+03,0.000000000000000000e+00,0.000000000000000000e+00,0.000000000000000000e+00
0.000000000000000000e+00,0.000000000000000000e+00,0.000000000000000000e+00,0.000000000000000000e+00,0.000000000000000000e+00,0.000000000000000000e+00,0.000000000000000000e+00,-3.108953022351034358e+07
-6.311874477904665982e+05,-3.660887197184706456e+05,-2.146037322487586935e+05,-5.049499582323733921e+04,-3.821629050802245331e+01,-1.627215825884647202e+05,0.000000000000000000e+00,-1.562926044458940439e+07
-8.198453671951297438e+05,-4.755103129731752560e+05,-2.787474248463441618e+05,-6.558762937561038416e+04,-2.711586325627809302e+01,-6.946895099287689663e+04,0.000000000000000000e+00,-1.570649666671352275e+07
-9.117622657476594904e+05,-5.288221141336425208e+05,-3.099991703542043106e+05,-7.294098125981277553e+04,-2.364754312149742077e+01,-4.527358236104376556e+04,0.000000000000000000e+00,-1.578039133105084486e+07
-9.815994532019714825e+05,-5.693276828571434598e+05,-3.337438140886703623e+05,-7.852795625615773315e+04,-2.254784204829870831e+01,-4.199700798855387984e+04,0.000000000000000000e+00,-1.585199445295113511e+07
-1.046060763377792900e+06,-6.067152427591198357e+05,-3.556606595484496211e+05,-8.368486107022344368e+04,-2.233525700109350254e+01,-3.930867081902486098e+04,0.000000000000000000e+00,-1.592155926351604238e+07
-1.108248501243740087e+06,-6.427841307213691762e+05,-3.768044904228716623e+05,-8.865988009949921980e+04,-2.247703389582100897e+01,-3.674939899451559177e+04,0.000000000000000000e+00,-1.598917358376634307e+07
-1.168679191145805176e+06,-6.778339308645669371e+05,-3.973509249895737739e+05,-9.349433529166442167e+04,-2.276501352052558147e+01,-3.422337337979359290e+04,0.000000000000000000e+00,-1.605489538999990933e+07
-1.227428733171695378e+06,-7.119086652395832352e+05,-4.173257692783764796e+05,-9.819429865373564826e+04,-2.311573165049903267e+01,-3.169777027055570579e+04,0.000000000000000000e+00,-1.611877750112850778e+07
-1.284522029038908193e+06,-7.450227768425667891e+05,-4.367374898732288857e+05,-1.027617623231126781e+05,-2.349553593221622094e+01,-2.915968353250837754e+04,0.000000000000000000e+00,-1.618087142911209911e+07
-1.339992722500663018e+06,-7.771957790503844153e+05,-4.555975256502254633e+05,-1.071994178000530519e+05,-2.389088463999680201e+01,-2.660458500400900084e+04,0.000000000000000000e+00,-1.624122761345924623e+07
-1.393885054754823446e+06,-8.084533317577976268e+05,-4.739209186166400905e+05,-1.115108043803858891e+05,-2.429635547231513470e+01,-2.403168459848706334e+04,0.000000000000000000e+00,-1.629989520852506347e+07
-1.446248557625335176e+06,-8.388241634226944298e+05,-4.917245095926140784e+05,-1.156998846100268420e+05,-2.470979277737278323e+01,-2.144192282046400942e+04,0.000000000000000000e+00,-1.635692193820519932e+07
-1.497134033422872191e+06,-8.683377393852658570e+05,-5.090255713637766312e+05,-1.197707226738297904e+05,-2.513034906607037655e+01,-1.883738368179915415e+04,0.000000000000000000e+00,-1.641235404836055450e+07
-1.546591357930508908e+06,-8.970229875996951014e+05,-5.258410616963731591e+05,-1.237273086344407202e+05,-2.555769877023163517e+01,-1.622042226614609353e+04,0.000000000000000000e+00,-1.646623632041156851e+07
-1.594668484726527939e+06,-9.249077211413860787e+05,-5.421872848070195178e+05,-1.275734787781222403e+05,-2.599172403797148334e+01,-1.359379626227934023e+04,0.000000000000000000e+00,-1.651861211577650346e+07
-1.641411096847511595e+06,-9.520184361715567065e+05,-5.580797729281539796e+05,-1.313128877478009381e+05,-2.643238968116104814e+01,-1.095986618948238538e+04,0.000000000000000000e+00,-1.656952343252965249e+07
-1.686862576643426670e+06,-9.783802944531873800e+05,-5.735332760587651283e+05,-1.349490061314741324e+05,-2.687969341805693446e+01,-8.321576266003863566e+03,0.000000000000000000e+00,-1.661901096472409181e+07
-1.731064107239326695e+06,-1.004017182198809460e+06,-5.885617964613711229e+05,-1.384851285791461414e+05,-2.733364609868158368e+01,-5.681044873844995891e+03,0.000000000000000000e+00,-1.666711416030433029e+07
-1.774054826936384430e+06,-1.028951799623102881e+06,-6.031786411583707668e+05,-1.419243861549107532e+05,-2.779426367228480288e+01,-3.040029157657399992e+03,0.000000000000000000e+00,-1.671387127576000243e+07
-1.815871990562068531e+06,-1.053205754525999539e+06,-6.173964767911033705e+05,-1.452697592449655058e+05,-2.826156385197074172e+01,-3.524838484567745123e+06,0.000000000000000000e+00,-1.675931942706380971e+07
