# tendency to change, top row gives equation number (where number 0 is the first equation), 3rd column from end is gas-particle partitioning, 2nd column from end is gas-wall partitioning, final column is dilution (molecules/cm3/s (air))
2.128000000000000000e+03,2.129000000000000000e+03,2.130000000000000000e+03,2.131000000000000000e+03,2.132000000000000000e+03,0.000000000000000000e+00,0.000000000000000000e+00,0.000000000000000000e+00
0.000000000000000000e+00,0.000000000000000000e+00,0.000000000000000000e+00,0.000000000000000000e+00,0.000000000000000000e+00,0.000000000000000000e+00,0.000000000000000000e+00,-3.108953022351034358e+07
-4.088580301731895306e+05,-1.784107768028462888e+05,-1.189405178685642022e+05,-3.716891183392631501e+04,-6.027727395446282799e+01,-1.627579918806652422e+05,0.000000000000000000e+00,-1.563266398037984408e+07
-5.312659841127389809e+05,-2.318251567037405621e+05,-1.545501044691604038e+05,-4.829690764661262074e+04,-4.278528144396001665e+01,-6.951187085772708815e+04,0.000000000000000000e+00,-1.571591878178775869e+07
-5.910895510017506313e+05,-2.579299858916729281e+05,-1.719533239277819521e+05,-5.373541372743186366e+04,-3.732919193547331815e+01,-4.532209763034291973e+04,0.000000000000000000e+00,-1.579682557962541096e+07
-6.366653939546251204e+05,-2.778176264529272448e+05,-1.852117509686181729e+05,-5.787867217769318086e+04,-3.561006902775842065e+01,-4.206207011574903299e+04,0.000000000000000000e+00,-1.587600527811871096e+07
-6.788125974379233085e+05,-2.962091334274573601e+05,-1.974727556183049164e+05,-6.171023613072028820e+04,-3.529188294214232968e+01,-3.938932479218012304e+04,0.000000000000000000e+00,-1.595360977410789393e+07
-7.195417002087325091e+05,-3.139818328183559352e+05,-2.093212218789039762e+05,-6.541288183715749619e+04,-3.553437743796498438e+01,-3.684412425011567393e+04,0.000000000000000000e+00,-1.602969352768138610e+07
-7.591876221610498615e+05,-3.312818714884580113e+05,-2.208545809923053603e+05,-6.901705656009542872e+04,-3.600912887196881940e+01,-3.433033314825566049e+04,0.000000000000000000e+00,-1.610429338785755634e+07
-7.977993548927615630e+05,-3.481306275895686122e+05,-2.320870850597124081e+05,-7.252721408116012753e+04,-3.658439980208157749e+01,-3.181486018289410276e+04,0.000000000000000000e+00,-1.617744313993758708e+07
-8.353925540215141373e+05,-3.645349326639333158e+05,-2.430232884426222299e+05,-7.594477763831945776e+04,-3.720705482362696870e+01,-2.928455769738280287e+04,0.000000000000000000e+00,-1.624917577954269573e+07
-8.719883419033648679e+05,-3.805040037396500702e+05,-2.536693358264333801e+05,-7.927166744576043857e+04,-3.785570732587117959e+01,-2.673467901247168265e+04,0.000000000000000000e+00,-1.631952365497322008e+07
-9.076145605271981331e+05,-3.960499900482317898e+05,-2.640333266988212126e+05,-8.251041459338163259e+04,-3.852179546483215944e+01,-2.416423639749658469e+04,0.000000000000000000e+00,-1.638851834498415701e+07
-9.423023617014214396e+05,-4.111864851060747169e+05,-2.741243234040498501e+05,-8.566385106376557087e+04,-3.920192010170636365e+01,-2.157399198280541896e+04,0.000000000000000000e+00,-1.645619057566544600e+07
-9.760836210103321355e+05,-4.259273982590538799e+05,-2.839515988393693115e+05,-8.873487463730289892e+04,-3.989475096370540541e+01,-1.896587165850724705e+04,0.000000000000000000e+00,-1.652257019446246140e+07
-1.008989528598062578e+06,-4.402863397518817801e+05,-2.935242265012545395e+05,-9.172632078164204722e+04,-4.059978392637829359e+01,-1.634208955028327182e+04,0.000000000000000000e+00,-1.658768617990232073e+07
-1.041049956187670701e+06,-4.542763445182561991e+05,-3.028508963455041521e+05,-9.464090510797004390e+04,-4.131684408236881723e+01,-1.370528122465591514e+04,0.000000000000000000e+00,-1.665156666926228441e+07
-1.072293242237933911e+06,-4.679097784310983843e+05,-3.119398522873989423e+05,-9.748120383981216582e+04,-4.204588781917749429e+01,-1.105769806362542113e+04,0.000000000000000000e+00,-1.671423899320982397e+07
-1.102746182304920396e+06,-4.811983340966924443e+05,-3.207988893977949629e+05,-1.002496529368109332e+05,-4.278692398970872546e+01,-8.402195773040757558e+03,0.000000000000000000e+00,-1.677572971181283332e+07
-1.132434103773405077e+06,-4.941530634647585102e+05,-3.294353756431723596e+05,-1.029485548884913587e+05,-4.353998253537832142e+01,-5.740812374147089940e+03,0.000000000000000000e+00,-1.683606464953815937e+07
-1.161380974089073716e+06,-5.067844250570501899e+05,-3.378562833713667933e+05,-1.055800885535521375e+05,-4.430510170470352449e+01,-3.075234688932777317e+03,0.000000000000000000e+00,-1.689526892816665769e+07
-1.189609512710999930e+06,-5.191023328193453490e+05,-3.460682218795635854e+05,-1.081463193373636313e+05,-4.508232271666400948e+01,-3.565653040014220402e+06,0.000000000000000000e+00,-1.695336699737132341e+07
