# tendency to change, top row gives equation number (where number 0 is the first equation), 3rd column from end is gas-particle partitioning, 2nd column from end is gas-wall partitioning, final column is dilution (molecules/cm3/s (air))
1.804000000000000000e+03,1.805000000000000000e+03,1.806000000000000000e+03,1.807000000000000000e+03,1.808000000000000000e+03,0.000000000000000000e+00,0.000000000000000000e+00,0.000000000000000000e+00
0.000000000000000000e+00,0.000000000000000000e+00,0.000000000000000000e+00,0.000000000000000000e+00,0.000000000000000000e+00,0.000000000000000000e+00,0.000000000000000000e+00,-3.108953022351034358e+07
-4.885173749264400103e+05,-1.211523089817571308e+05,-9.379533598587647430e+04,-7.816277998823040980e+04,-7.350769023888426545e+01,-1.627553064532784629e+05,0.000000000000000000e+00,-1.563241294428945892e+07
-6.347566599051420344e+05,-1.574196516564752383e+05,-1.218732787017872761e+05,-1.015610655848227470e+05,-5.217486574589265302e+01,-6.950870589199371170e+04,0.000000000000000000e+00,-1.571522398284201138e+07
-7.062109020583792590e+05,-1.751403037104780669e+05,-1.355924931952088082e+05,-1.129937443293406977e+05,-4.551991212790336050e+01,-4.531851975634977134e+04,0.000000000000000000e+00,-1.579561360697058775e+07
-7.606366584421624430e+05,-1.886378912936563138e+05,-1.460422384208951844e+05,-1.217018653507460112e+05,-4.342206908584245184e+01,-4.205727117282707331e+04,0.000000000000000000e+00,-1.587423427666387707e+07
-8.109610191302687163e+05,-2.011183327443066519e+05,-1.557045156730115996e+05,-1.297537630608430045e+05,-4.303250289307921861e+01,-3.938337460186698445e+04,0.000000000000000000e+00,-1.595124530775455758e+07
-8.595861517333653755e+05,-2.131773656298746064e+05,-1.650405411328061309e+05,-1.375337842773384764e+05,-4.332652360176729900e+01,-3.683713437068436178e+04,0.000000000000000000e+00,-1.602670357341387682e+07
-9.069121951836113585e+05,-2.249142244055356132e+05,-1.741271414752533601e+05,-1.451059512293778243e+05,-4.390362992489490068e+01,-3.432243852181319380e+04,0.000000000000000000e+00,-1.610064743541498855e+07
-9.529976962956171483e+05,-2.363434286813130602e+05,-1.829755576887584757e+05,-1.524796314072987589e+05,-4.460317713891463853e+01,-3.180621558298117088e+04,0.000000000000000000e+00,-1.617311203851226903e+07
-9.978613972929072333e+05,-2.474696265286410053e+05,-1.915893882802381995e+05,-1.596578235668651760e+05,-4.536037193586632554e+01,-2.927533583775779698e+04,0.000000000000000000e+00,-1.624413170067652687e+07
-1.041528589372684481e+06,-2.582990901644257829e+05,-1.999734891595554363e+05,-1.666445742996295448e+05,-4.614913581844648860e+01,-2.672506887943646507e+04,0.000000000000000000e+00,-1.631374006231884658e+07
-1.084032605248393258e+06,-2.688400861016015406e+05,-2.081342602076914918e+05,-1.734452168397429341e+05,-4.695902835002667075e+01,-2.415444174030834256e+04,0.000000000000000000e+00,-1.638196995748274215e+07
-1.125410742582514184e+06,-2.791018641604635050e+05,-2.160788625758427079e+05,-1.800657188132022857e+05,-4.778590404109829137e+01,-2.156422991890468984e+04,0.000000000000000000e+00,-1.644885332622183859e+07
-1.165701172538769897e+06,-2.890938907896149904e+05,-2.238146251274438400e+05,-1.865121876062032243e+05,-4.862813986542516176e+01,-1.895637120620789938e+04,0.000000000000000000e+00,-1.651442118710145913e+07
-1.204941254808410304e+06,-2.988254311924857902e+05,-2.313487209232148016e+05,-1.927906007693456777e+05,-4.948512000942565692e+01,-1.633309038491801039e+04,0.000000000000000000e+00,-1.657870364727314189e+07
-1.243166780277254060e+06,-3.083053615087590297e+05,-2.386880218132327718e+05,-1.989066848443606868e+05,-5.035662998950256508e+01,-1.369703231161203257e+04,0.000000000000000000e+00,-1.664172993143163249e+07
-1.280411713399622822e+06,-3.175421049231064972e+05,-2.458390489727275854e+05,-2.048658741439396981e+05,-5.124261534877224733e+01,-1.105045671902916547e+04,0.000000000000000000e+00,-1.670352841812033765e+07
-1.316708179835420335e+06,-3.265436285991842742e+05,-2.528079705284007068e+05,-2.106733087736672896e+05,-5.214308555667555112e+01,-8.396226160745303787e+03,0.000000000000000000e+00,-1.676412667749322578e+07
-1.352086554970274912e+06,-3.353174656326281838e+05,-2.596006185542927706e+05,-2.163338487952440046e+05,-5.305807576207436682e+01,-5.736384920999133101e+03,0.000000000000000000e+00,-1.682355150802645832e+07
-1.386575592531044502e+06,-3.438707469476991100e+05,-2.662225137659605825e+05,-2.218520948049671715e+05,-5.398763121664291020e+01,-3.072625358193154170e+03,0.000000000000000000e+00,-1.688182897105249017e+07
-1.420202557713085087e+06,-3.522102343128451030e+05,-2.726788910809123190e+05,-2.272324092340936477e+05,-5.493180077385160587e+01,-3.562627912833257578e+06,0.000000000000000000e+00,-1.693898442284816504e+07
