# the total concentration (ug/m3) of injected (through initial gas-phase concentration, instantaneous and/or continuous gas-phase influx) components, with component index (relative to all components) in the first row and its cumulative injected concentrations in following rows
3.120000000000000000e+02,1.000000000000000000e+00,3.000000000000000000e+00,8.750000000000000000e+02,4.800000000000000000e+02,6.330000000000000000e+02,7.440000000000000000e+02,1.420000000000000000e+02
1.613021353884132125e+01,3.964680465752763894e+01,3.800082235733606240e+01,1.096161683267919962e+01,1.096161683267919962e+01,1.096161683267919962e+01,1.096161683267919962e+01,1.406626803605605680e+01
1.613021353884132125e+01,3.964680465752763894e+01,3.800082235733606240e+01,1.096161683267919962e+01,1.096161683267919962e+01,1.096161683267919962e+01,1.096161683267919962e+01,1.406626803605605680e+01
1.613021353884132125e+01,3.964680465752763894e+01,3.800082235733606240e+01,1.096161683267919962e+01,1.096161683267919962e+01,1.096161683267919962e+01,1.096161683267919962e+01,1.406626803605605680e+01
1.613021353884132125e+01,3.964680465752763894e+01,3.800082235733606240e+01,1.096161683267919962e+01,1.096161683267919962e+01,1.096161683267919962e+01,1.096161683267919962e+01,1.406626803605605680e+01
1.613021353884132125e+01,3.964680465752763894e+01,3.800082235733606240e+01,1.096161683267919962e+01,1.096161683267919962e+01,1.096161683267919962e+01,1.096161683267919962e+01,1.406626803605605680e+01
1.613021353884132125e+01,3.964680465752763894e+01,3.800082235733606240e+01,1.096161683267919962e+01,1.096161683267919962e+01,1.096161683267919962e+01,1.096161683267919962e+01,1.406626803605605680e+01
1.613021353884132125e+01,3.964680465752763894e+01,3.800082235733606240e+01,1.096161683267919962e+01,1.096161683267919962e+01,1.096161683267919962e+01,1.096161683267919962e+01,1.406626803605605680e+01
1.613021353884132125e+01,3.964680465752763894e+01,3.800082235733606240e+01,1.096161683267919962e+01,1.096161683267919962e+01,1.096161683267919962e+01,1.096161683267919962e+01,1.406626803605605680e+01
1.613021353884132125e+01,3.964680465752763894e+01,3.800082235733606240e+01,1.096161683267919962e+01,1.096161683267919962e+01,1.096161683267919962e+01,1.096161683267919962e+01,1.406626803605605680e+01
1.613021353884132125e+01,3.964680465752763894e+01,3.800082235733606240e+01,1.096161683267919962e+01,1.096161683267919962e+01,1.096161683267919962e+01,1.096161683267919962e+01,1.406626803605605680e+01
1.613021353884132125e+01,3.964680465752763894e+01,3.800082235733606240e+01,1.096161683267919962e+01,1.096161683267919962e+01,1.096161683267919962e+01,1.096161683267919962e+01,1.406626803605605680e+01
1.613021353884132125e+01,3.964680465752763894e+01,3.800082235733606240e+01,1.096161683267919962e+01,1.096161683267919962e+01,1.096161683267919962e+01,1.096161683267919962e+01,1.406626803605605680e+01
1.613021353884132125e+01,3.964680465752763894e+01,3.800082235733606240e+01,1.096161683267919962e+01,1.096161683267919962e+01,1.096161683267919962e+01,1.096161683267919962e+01,1.406626803605605680e+01
1.613021353884132125e+01,3.964680465752763894e+01,3.800082235733606240e+01,1.096161683267919962e+01,1.096161683267919962e+01,1.096161683267919962e+01,1.096161683267919962e+01,1.406626803605605680e+01
1.613021353884132125e+01,3.964680465752763894e+01,3.800082235733606240e+01,1.096161683267919962e+01,1.096161683267919962e+01,1.096161683267919962e+01,1.096161683267919962e+01,1.406626803605605680e+01
1.613021353884132125e+01,3.964680465752763894e+01,3.800082235733606240e+01,1.096161683267919962e+01,1.096161683267919962e+01,1.096161683267919962e+01,1.096161683267919962e+01,1.406626803605605680e+01
1.613021353884132125e+01,3.964680465752763894e+01,3.800082235733606240e+01,1.096161683267919962e+01,1.096161683267919962e+01,1.096161683267919962e+01,1.096161683267919962e+01,1.406626803605605680e+01
1.613021353884132125e+01,3.964680465752763894e+01,3.800082235733606240e+01,1.096161683267919962e+01,1.096161683267919962e+01,1.096161683267919962e+01,1.096161683267919962e+01,1.406626803605605680e+01
1.613021353884132125e+01,3.964680465752763894e+01,3.800082235733606240e+01,1.096161683267919962e+01,1.096161683267919962e+01,1.096161683267919962e+01,1.096161683267919962e+01,1.406626803605605680e+01
1.613021353884132125e+01,3.964680465752763894e+01,3.800082235733606240e+01,1.096161683267919962e+01,1.096161683267919962e+01,1.096161683267919962e+01,1.096161683267919962e+01,1.406626803605605680e+01
1.613021353884132125e+01,3.964680465752763894e+01,3.800082235733606240e+01,1.096161683267919962e+01,1.096161683267919962e+01,1.096161683267919962e+01,1.096161683267919962e+01,1.406626803605605680e+01
