# particle_number_conc
3.240000000000000000e+04
3.195068315350617195e+04
3.150156777310047255e+04
3.106376154563595264e+04
3.063583193888501046e+04
3.021684332216613257e+04
2.980612665383824424e+04
2.940429072020622698e+04
2.901398121292408177e+04
2.863429834464521264e+04
2.826449091495214452e+04
2.790391969305529346e+04
2.755203252311001779e+04
2.720834597125278378e+04
2.687243228140322026e+04
2.654390952134633699e+04
2.622243373843588415e+04
2.590769312882034137e+04
2.559940327398387672e+04
2.529730328460625606e+04
2.500115281143292668e+04
2.471072940080071567e+04
2.442582634611034518e+04
2.414625095746539228e+04
2.387182301580921558e+04
2.360237349664153589e+04
2.333774345061451822e+04
2.307778306068193706e+04
2.282235078754322603e+04
2.257131266318368580e+04
2.232454162726035793e+04
2.208191697199401460e+04
2.184332387124848901e+04
2.160865288318126841e+04
2.137779956948665131e+04
2.115066414961798000e+04
2.092715116529884108e+04
2.070716919033849626e+04
2.049063057297702471e+04
2.027745118888976867e+04
2.006755021987891814e+04
1.986084996498423789e+04
1.965727564775318388e+04
1.945675525054062018e+04
1.925921935984472657e+04
1.906460102545350674e+04
1.887283562669952516e+04
1.868386075149328826e+04
1.849761608262261507e+04
1.831404329325778599e+04
1.813308594886844003e+04
1.795468941653433649e+04
1.777880077979087218e+04
1.760536875908843285e+04
1.743434363706927252e+04
1.726567718983165832e+04
1.709932262103426183e+04
1.693523450053314082e+04
1.677336870590888793e+04
1.661368236849463574e+04
1.645613382243437445e+04
1.630068255584771214e+04
1.614728916503230539e+04
1.599591531117237173e+04
1.584652367936167138e+04
1.569907793975254754e+04
1.555354271071928270e+04
1.540988352392151501e+04
1.526806679108940625e+04
1.512805977245161557e+04
1.498983054669638477e+04
1.485334798237023097e+04
1.471858171071758625e+04
1.458550209947804797e+04
1.445408022821726081e+04
1.432428786468734688e+04
1.419609744158948706e+04
1.406948203668056885e+04
1.394441535049909362e+04
1.382087168698129790e+04
1.369882593455881215e+04
1.357825354800503919e+04
1.345913052944453739e+04
1.334143341631843941e+04
1.322513926207481381e+04
1.311022561861400027e+04
1.299667052486813736e+04
1.288445249170965690e+04
1.277355048821620585e+04
1.266394392852873170e+04
1.255561265921275663e+04
1.244853694709206502e+04
1.234269746640269841e+04
1.223807529083016379e+04
1.213465187945122489e+04
1.203240906714419907e+04
1.193132905454385400e+04
1.183139439828345166e+04
1.173258800157106634e+04
1.163489310509001007e+04
1.153829327820965773e+04
1.144277241049329677e+04
1.134831470349036863e+04
1.125490466280105284e+04
1.116252709040185800e+04
1.107116707722120555e+04
1.098080999595436879e+04
1.089144149411110993e+04
1.080304748728158665e+04
1.071561415261511138e+04
1.062912792250270286e+04
1.054357547845586123e+04
1.045894374517141478e+04
1.037521988478055573e+04
1.029239129126960870e+04
1.021044558506876638e+04
1.012937060780200591e+04
1.004915441719215778e+04
9.969785282115435621e+03
9.891251677775606368e+03
9.813542281037269277e+03
9.736645966020172636e+03
9.660551799580392981e+03
9.585249036591951153e+03
9.510727117169280973e+03
9.436975661326447153e+03
9.363984465361305411e+03
9.291743498046034802e+03
9.220242897103866198e+03
9.149472965404078423e+03
9.079424167525647135e+03
9.010087126295378766e+03
8.941452619497093110e+03
8.873511576613278521e+03
8.806255075663513708e+03
8.739674340130664859e+03
8.673760735964342530e+03
8.608505768661178081e+03
8.543901080420089784e+03
8.479938447370148424e+03
8.416609776868735935e+03
8.353907104867719681e+03
8.291822593345605128e+03
8.230348527803525940e+03
8.169477314823206143e+03
8.109201479684945298e+03
8.049513664044608959e+03
7.990406623663512619e+03
7.931873226199922101e+03
7.873906449047377464e+03
7.816499377227542936e+03
7.759645201332717079e+03
7.703337215516965443e+03
7.647568815534536952e+03
7.592333496824167014e+03
7.537624853426915251e+03
7.483436573850113746e+03
7.429762440704699657e+03
7.376596330689733804e+03
7.323932210314516851e+03
7.271764135440326754e+03
7.220086249282860990e+03
7.168892780825080990e+03
7.118178043388294100e+03
7.067936433128536919e+03
7.018162427487356581e+03
6.968850583742836534e+03
6.919995537591245920e+03
6.871592001754986086e+03
6.823634764699181687e+03
6.776118689068309322e+03
6.729038710603425898e+03
6.682389836801306956e+03
6.636167145661705945e+03
6.590365784464868739e+03
6.544980968575089719e+03
6.500007980269463587e+03
6.455442167591182624e+03
6.411278943226746378e+03
6.367513783406500806e+03
6.324142226827910235e+03
