# particle_size
5.871307527324362563e-02
6.657667923510070251e-02
7.444213603569138638e-02
8.108960733741139848e-02
8.685739290589165884e-02
9.200851261578618656e-02
9.670118987942925848e-02
1.010368414720523855e-01
1.050851103977708395e-01
1.088958919789203977e-01
1.125065568838917451e-01
1.159458172394138981e-01
1.192366057786662797e-01
1.223971016544047885e-01
1.254423192440196622e-01
1.283848316883821061e-01
1.312350004259163205e-01
1.340017538572668698e-01
1.366927232715452467e-01
1.393144488510685564e-01
1.418727694418654428e-01
1.443727107158962464e-01
1.468186737136377706e-01
1.492146364985360851e-01
1.515641042259975035e-01
1.538702368850530522e-01
1.561358619062944431e-01
1.583635576751537266e-01
1.605556287706680352e-01
1.627142076142755467e-01
1.648412018445463145e-01
1.669383729394912086e-01
1.690073966315009113e-01
1.710497253582430877e-01
1.730667294519452615e-01
1.750597015687680169e-01
1.770298161953197669e-01
1.789781661811324087e-01
1.809057827377003325e-01
1.828136134462249596e-01
1.847025368284680169e-01
1.865733997080616657e-01
1.884269745232146909e-01
1.902639911302030640e-01
1.920851352707189652e-01
1.938910566926983492e-01
1.956823627954850653e-01
1.974596290444190771e-01
1.992233973891676946e-01
2.009741817485838355e-01
2.027124677112632500e-01
2.044387165665561834e-01
2.061533655742948945e-01
2.078568297283192312e-01
2.095495023646711807e-01
2.112317606428511796e-01
2.129039623714328866e-01
2.145664489357901050e-01
2.162195438291431016e-01
2.178635573302955819e-01
2.194987872785850447e-01
2.211255172576478689e-01
2.227440185566876285e-01
2.243545509574820240e-01
2.259573634109817430e-01
2.275526945548243252e-01
2.291407733088192955e-01
2.307218195111908898e-01
2.322960443046406809e-01
2.338636506162940776e-01
2.354248335849905838e-01
2.369797809615723228e-01
2.385286738813655882e-01
2.400716858859327230e-01
2.416089846962638510e-01
2.431407321518116726e-01
2.446670814848977138e-01
2.461881883746029620e-01
2.477041960610225635e-01
2.492152446379583830e-01
2.507214696900293971e-01
2.522230023052455805e-01
2.537199612067626564e-01
2.552124844867636466e-01
2.567006901799651075e-01
2.581846809239680129e-01
2.596645729962098748e-01
2.611404746888124628e-01
2.626124905535106580e-01
2.640807219108894377e-01
2.655452670206134846e-01
2.670062212086622977e-01
2.684636703202320507e-01
2.699177169618024452e-01
2.713684427102715513e-01
2.728159318047472248e-01
2.742602665085129843e-01
2.757015268045481249e-01
2.771397904512364896e-01
2.785751330624248734e-01
2.800076281857521443e-01
2.814373473775798606e-01
2.828643602744769781e-01
2.842887346614804689e-01
2.857105365372897277e-01
2.871298301753673066e-01
2.885466781793809554e-01
2.899611415581450635e-01
2.913732797616158665e-01
2.927831507383195087e-01
2.941908109857656606e-01
2.955963156020572358e-01
2.969997183159009957e-01
2.984010715555098781e-01
2.998004264735730784e-01
3.011978329917611164e-01
3.025933398397320229e-01
3.039869945923849293e-01
3.053788437056393357e-01
3.067689323438282933e-01
3.081573045731366145e-01
3.095440045013918562e-01
3.109290742453098000e-01
3.123125509861847116e-01
3.136944832172651743e-01
3.150749070663496632e-01
3.164538604767276331e-01
3.178313805938681735e-01
3.192075055273552175e-01
3.205822708133632681e-01
3.219557119578142501e-01
3.233278633295470494e-01
3.246987589546789787e-01
3.260684320020549865e-01
3.274369149114074729e-01
3.288042394653909462e-01
3.301704367828562914e-01
3.315355373319217036e-01
3.328995709486360366e-01
3.342625668548829254e-01
3.356245536753845737e-01
3.369855594535308696e-01
3.383456116667882818e-01
3.397047372412325128e-01
3.410629625656197428e-01
3.424203135049299629e-01
3.437768154223354578e-01
3.451324931495615700e-01
3.464873710790406514e-01
3.478414731010835981e-01
3.491948226492668228e-01
3.505474427061200937e-01
3.518993558135084521e-01
3.532505840831485777e-01
3.546011492066687976e-01
3.559510827668738164e-01
3.573003860086388928e-01
3.586490777418359643e-01
3.599971996633101190e-01
3.613447591144509086e-01
3.626917790848976919e-01
3.640382772490259877e-01
3.653842709294933822e-01
3.667297788563738670e-01
3.680748197102454711e-01
3.694194109904433976e-01
3.707635699618019309e-01
3.721073136477379140e-01
3.734506587697277724e-01
3.747936229468042391e-01
3.761362200169765524e-01
3.774784668522274678e-01
3.788203790778320590e-01
3.801619719845660272e-01
3.815032605905160357e-01
3.828442596499219697e-01
3.841849836587080125e-01
3.855254468597968942e-01
3.868656632481872193e-01
3.882056465759768926e-01
3.895454103571970861e-01
