# chamber environmental conditions throughout the simulation, with rows corresponding to the time points in the time output file, first column is temperature (K), second is pressure (Pa) and third is relative humidity (fraction (0-1))
2.931499999999999773e+02,1.013250000000000000e+05,6.000002033565665638e-01
2.931499999999999773e+02,1.013250000000000000e+05,5.968899585497585702e-01
2.931499999999999773e+02,1.013250000000000000e+05,5.968899584435994887e-01
2.931499999999999773e+02,1.013250000000000000e+05,5.968899584435869432e-01
2.931499999999999773e+02,1.013250000000000000e+05,5.968899584435869432e-01
2.931499999999999773e+02,1.013250000000000000e+05,5.968899584435869432e-01
2.931499999999999773e+02,1.013250000000000000e+05,5.968899584435869432e-01
2.931499999999999773e+02,1.013250000000000000e+05,5.968899584435869432e-01
2.931499999999999773e+02,1.013250000000000000e+05,5.968899584435869432e-01
2.931499999999999773e+02,1.013250000000000000e+05,5.968899584435869432e-01
2.931499999999999773e+02,1.013250000000000000e+05,5.968899584435869432e-01
2.931499999999999773e+02,1.013250000000000000e+05,5.968899584435869432e-01
2.931499999999999773e+02,1.013250000000000000e+05,5.968899584435869432e-01
2.931499999999999773e+02,1.013250000000000000e+05,5.968899584435869432e-01
2.931499999999999773e+02,1.013250000000000000e+05,5.968899584435869432e-01
2.931499999999999773e+02,1.013250000000000000e+05,5.968899584435869432e-01
2.931499999999999773e+02,1.013250000000000000e+05,5.968899584435869432e-01
2.931499999999999773e+02,1.013250000000000000e+05,5.968899584435869432e-01
2.931499999999999773e+02,1.013250000000000000e+05,5.968899584435869432e-01
2.931499999999999773e+02,1.013250000000000000e+05,5.968899584435869432e-01
2.931499999999999773e+02,1.013250000000000000e+05,5.968899584435869432e-01
2.931499999999999773e+02,1.013250000000000000e+05,5.968899584435869432e-01
2.931499999999999773e+02,1.013250000000000000e+05,5.968899584435869432e-01
2.931499999999999773e+02,1.013250000000000000e+05,5.968899584435869432e-01
2.931499999999999773e+02,1.013250000000000000e+05,5.968899584435869432e-01
2.931499999999999773e+02,1.013250000000000000e+05,5.968899584435869432e-01
2.931499999999999773e+02,1.013250000000000000e+05,5.968899584435869432e-01
2.931499999999999773e+02,1.013250000000000000e+05,5.968899584435869432e-01
2.931499999999999773e+02,1.013250000000000000e+05,5.968899584435869432e-01
2.931499999999999773e+02,1.013250000000000000e+05,5.968899584435869432e-01
2.931499999999999773e+02,1.013250000000000000e+05,5.968899584435869432e-01
2.931499999999999773e+02,1.013250000000000000e+05,5.968899584435869432e-01
2.931499999999999773e+02,1.013250000000000000e+05,5.968899584435869432e-01
2.931499999999999773e+02,1.013250000000000000e+05,5.968899584435869432e-01
2.931499999999999773e+02,1.013250000000000000e+05,5.968899584435869432e-01
2.931499999999999773e+02,1.013250000000000000e+05,5.968899584435869432e-01
2.931499999999999773e+02,1.013250000000000000e+05,5.968899584435869432e-01
2.931499999999999773e+02,1.013250000000000000e+05,5.968899584435869432e-01
2.931499999999999773e+02,1.013250000000000000e+05,5.968899584435869432e-01
2.931499999999999773e+02,1.013250000000000000e+05,5.968899584435869432e-01
2.931499999999999773e+02,1.013250000000000000e+05,5.968899584435869432e-01
2.931499999999999773e+02,1.013250000000000000e+05,5.968899584435869432e-01
