# tendency to change, top row gives equation number (where number 0 is the first equation), penultimate column is gas-particle partitioning and final column is gas-wall partitioning (molecules/cc.s (air))
2.400000000000000000e+01,3.100000000000000000e+01,3.500000000000000000e+01,4.500000000000000000e+01,6.200000000000000000e+01,0.000000000000000000e+00,0.000000000000000000e+00
0.000000000000000000e+00,0.000000000000000000e+00,0.000000000000000000e+00,0.000000000000000000e+00,0.000000000000000000e+00,0.000000000000000000e+00,0.000000000000000000e+00
2.779227327952295891e+05,-3.579762782117579256e-01,-5.052215509019987962e+02,-4.904899346284107833e-04,2.203025217127560509e-04,0.000000000000000000e+00,-2.310227520763874151e-02
2.902608432921636850e+05,-8.262383165616841163e-01,-1.116079487015491395e+03,-1.083536032160525506e-03,4.904646496783695046e-04,0.000000000000000000e+00,-2.407883846759796206e-02
3.028549942142391810e+05,-1.354951510113162172e+00,-1.753677379379064178e+03,-1.702542382911554058e-03,7.715107202309331525e-04,0.000000000000000000e+00,-2.507449197769165070e-02
3.146995095151658170e+05,-1.940417064121126023e+00,-2.416244700496145924e+03,-2.345790085709326730e-03,1.062775590807862880e-03,0.000000000000000000e+00,-2.600563454627990642e-02
3.258340040884692571e+05,-2.580228583867431702e+00,-3.102299879206102560e+03,-3.011840770119270008e-03,1.363557175375436446e-03,0.000000000000000000e+00,-2.687568867206573467e-02
3.363061130108345533e+05,-3.271678981753323168e+00,-3.810105466604513367e+03,-3.699007649031792102e-03,1.673049205824600223e-03,0.000000000000000000e+00,-2.768876600265502905e-02
3.461527875333091361e+05,-4.012186120216814089e+00,-4.538291843727094601e+03,-4.405961039825362531e-03,1.990606737912586303e-03,0.000000000000000000e+00,-2.844805848598480277e-02
3.554108060832038173e+05,-4.799108913862520254e+00,-5.285503442712364631e+03,-5.131384901269008328e-03,2.315595130422558323e-03,0.000000000000000000e+00,-2.915674138069153029e-02
3.641146226596417255e+05,-5.629820100653413206e+00,-6.050470193492431463e+03,-5.874046196918694847e-03,2.647420196754278390e-03,0.000000000000000000e+00,-2.981779026985168640e-02
3.722965932437662850e+05,-6.501724881733090378e+00,-6.831999123576892998e+03,-6.632786739840816972e-03,2.985524339122916631e-03,0.000000000000000000e+00,-3.043399930000305342e-02
3.799874212858320680e+05,-7.412274973012916490e+00,-7.628960628969452046e+03,-7.406509863851380542e-03,3.329380931296498959e-03,0.000000000000000000e+00,-3.100801944732665960e-02
3.872167403470890131e+05,-8.358979358229355228e+00,-8.440269116002500596e+03,-8.194161629810006384e-03,3.678486109360218706e-03,0.000000000000000000e+00,-3.154240822792053062e-02
3.939912739681441453e+05,-9.339577526201164659e+00,-9.265549934808783291e+03,-8.995378312161893611e-03,4.032623714997957479e-03,0.000000000000000000e+00,-3.203775835037231401e-02
4.003771592345976969e+05,-1.035141706781710980e+01,-1.010261736346824546e+04,-9.808037921851411531e-03,4.390860454578401732e-03,0.000000000000000000e+00,-3.249975943565368980e-02
4.063765668219752260e+05,-1.139245078529874355e+01,-1.095126109359323345e+04,-1.063193628281535255e-02,4.753056581355023444e-03,0.000000000000000000e+00,-3.292860937118530229e-02
4.120131153071200824e+05,-1.246052762860342078e+01,-1.181062053625583940e+04,-1.146623789980170255e-02,5.118816591463004433e-03,0.000000000000000000e+00,-3.332634663581848095e-02
4.173080724129920709e+05,-1.355359848173435289e+01,-1.267991499549607761e+04,-1.231018484094929290e-02,5.487780608058928991e-03,0.000000000000000000e+00,-3.369480895996093683e-02
4.222820261903319042e+05,-1.466971186325815601e+01,-1.355839280589362897e+04,-1.316304735844310049e-02,5.859604155794652380e-03,0.000000000000000000e+00,-3.403577136993408275e-02
4.269535414032625849e+05,-1.580701359451198051e+01,-1.444537097960225037e+04,-1.402416237949167567e-02,6.233973365082281538e-03,0.000000000000000000e+00,-3.435083913803100436e-02
4.313394916139745037e+05,-1.696373740951976927e+01,-1.534022265905785935e+04,-1.489292132489827142e-02,6.610599230741664480e-03,0.000000000000000000e+00,-3.464146900177002275e-02
4.354380068686889717e+05,-1.813799357507063448e+01,-1.624282974798114992e+04,-1.576920954192051472e-02,6.989377633372508697e-03,0.000000000000000000e+00,-3.490751409530639532e-02
4.392862654358576983e+05,-1.932836179518327313e+01,-1.715202026172639307e+04,-1.665188921949068215e-02,7.369827257720360479e-03,0.000000000000000000e+00,-3.515216922760009549e-02
4.429164298882788862e+05,-2.053367556784238701e+01,-1.806681212379842327e+04,-1.754000691721207053e-02,7.751553477224220647e-03,0.000000000000000000e+00,-3.537819623947143638e-02
4.463063701188514242e+05,-2.175197602833925004e+01,-1.898762649277606397e+04,-1.843397151321631358e-02,8.134647154703425476e-03,0.000000000000000000e+00,-3.558371305465698325e-02
4.494819124664758565e+05,-2.298209729546860558e+01,-1.991363836854544570e+04,-1.933298206334100808e-02,8.518767877792415150e-03,0.000000000000000000e+00,-3.577094364166259755e-02
4.524624244746379554e+05,-2.422296172559209992e+01,-2.084422530527459821e+04,-2.023643427148102622e-02,8.903657568740817180e-03,0.000000000000000000e+00,-3.594155073165893749e-02
4.552591723512772587e+05,-2.547343484838414085e+01,-2.177897536357744320e+04,-2.114392820987757299e-02,9.289132200378909937e-03,0.000000000000000000e+00,-3.609650659561157438e-02
4.578858319107106072e+05,-2.673255812120847352e+01,-2.271743665454388247e+04,-2.205502516612501199e-02,9.675001843681311359e-03,0.000000000000000000e+00,-3.623698854446411044e-02
4.603485933585993480e+05,-2.799922878049342145e+01,-2.365932844871748239e+04,-2.296945259647993967e-02,1.006112951713178209e-02,0.000000000000000000e+00,-3.636353540420532438e-02
4.626625252427240484e+05,-2.927274123569420894e+01,-2.460419660734189893e+04,-2.388676960429312116e-02,1.044733662860428472e-02,0.000000000000000000e+00,-3.647743940353393582e-02
4.648254263852870208e+05,-3.055179726006935681e+01,-2.555193328076543912e+04,-2.480687148467120365e-02,1.083353379437842177e-02,0.000000000000000000e+00,-3.657852840423583829e-02
4.668606123016356723e+05,-3.183623529664057372e+01,-2.650195668204637695e+04,-2.572919341483790798e-02,1.121952620776575475e-02,0.000000000000000000e+00,-3.666878986358642484e-02
4.687654482982526533e+05,-3.312487040415750528e+01,-2.745418085603808504e+04,-2.665365194598909304e-02,1.160523669314691454e-02,0.000000000000000000e+00,-3.674801254272461182e-02
4.705470322605120600e+05,-3.441697143923946101e+01,-2.840833509198661341e+04,-2.757998426095124161e-02,1.199054570058542650e-02,0.000000000000000000e+00,-3.681681060791015814e-02
4.722075673818456125e+05,-3.571158257994833463e+01,-2.936421883831405648e+04,-2.850799565597475493e-02,1.237534156687885960e-02,0.000000000000000000e+00,-3.687538337707519515e-02
4.737609402629794204e+05,-3.700848582972106726e+01,-3.032147777266973208e+04,-2.943734214029694943e-02,1.275950508051671047e-02,0.000000000000000000e+00,-3.692491626739501792e-02
4.752174179390742211e+05,-3.830740864015656655e+01,-3.127984620655703475e+04,-3.036776577255902165e-02,1.314294623229129814e-02,0.000000000000000000e+00,-3.696628952026367182e-02
4.765746036817343556e+05,-3.960729656289414180e+01,-3.223920059850361213e+04,-3.129914661360044120e-02,1.352556917664062865e-02,0.000000000000000000e+00,-3.699930953979492509e-02
4.778457638893585536e+05,-4.090822454247858531e+01,-3.319926952625723061e+04,-3.223122115549580113e-02,1.390730413922589698e-02,0.000000000000000000e+00,-3.702510929107666326e-02
4.790289203886886826e+05,-4.220922141435903541e+01,-3.415991880638137081e+04,-3.316385912742648989e-02,1.428805297276780108e-02,0.000000000000000000e+00,-3.704352951049804527e-02
