# tendency to change, top row gives equation number (where number 0 is the first equation), penultimate column is gas-particle partitioning and final column is gas-wall partitioning (molecules/cc.s (air))
3.000000000000000000e+00,4.000000000000000000e+00,8.000000000000000000e+00,1.000000000000000000e+01,1.100000000000000000e+01,1.200000000000000000e+01,2.300000000000000000e+01,2.600000000000000000e+01,4.100000000000000000e+01,4.200000000000000000e+01,4.400000000000000000e+01,5.000000000000000000e+01,5.100000000000000000e+01,0.000000000000000000e+00,0.000000000000000000e+00
0.000000000000000000e+00,0.000000000000000000e+00,0.000000000000000000e+00,-1.440681794615373656e+05,0.000000000000000000e+00,0.000000000000000000e+00,0.000000000000000000e+00,0.000000000000000000e+00,2.496327751437476635e+09,0.000000000000000000e+00,0.000000000000000000e+00,0.000000000000000000e+00,0.000000000000000000e+00,0.000000000000000000e+00,-8.261470779188792706e+08
-6.390202414515286364e+04,3.022936190115819336e+05,-2.184479187295048714e+09,-1.983468357825343264e+05,-4.499064236436306499e+06,1.119842166645327097e+02,-2.563975790684841340e+05,-3.790985523517966794e+04,2.192108545162884712e+09,1.391059197451573482e+03,2.315208809367709910e+04,-7.590358863698853042e+00,-7.582768504835154090e+03,0.000000000000000000e+00,-4.378908691406250275e-01
-6.389168543442180089e+04,3.020534208064494887e+05,-2.186254079262003899e+09,-1.984395768413462501e+05,-4.500280271632171236e+06,1.119435907015472367e+02,-2.679496860703505808e+05,-3.964177895767481095e+04,2.191233261834547520e+09,1.391109998878893521e+03,4.916059348370491352e+04,-7.930734539654423543e+00,-7.922803805114768693e+03,0.000000000000000000e+00,-3.840893554687500183e-02
-6.388054589211846178e+04,3.018898535705349641e+05,-2.185663562403479099e+09,-1.984779209498152777e+05,-4.497421568615934812e+06,1.118313979604731543e+02,-2.796784830683770124e+05,-4.140201370923219656e+04,2.190640188645247459e+09,1.390092031216723854e+03,7.365520879099539889e+04,-8.277194385057189407e+00,-8.268917190672133074e+03,0.000000000000000000e+00,-4.003918457031250405e-02
-6.386941866768046020e+04,3.017246637686741306e+05,-2.185069699500727177e+09,-1.985174638775967469e+05,-4.494531694176147692e+06,1.117178459875773484e+02,-2.907250346549308160e+05,-4.306195805363753607e+04,2.190041071896074772e+09,1.389060445242649621e+03,9.671950372731666721e+04,-8.603365721483273276e+00,-8.594762355761789877e+03,0.000000000000000000e+00,-4.117041015625000355e-02
-6.385830222711221722e+04,3.015580272688140976e+05,-2.184470333685381413e+09,-1.985580834947408875e+05,-4.491608764217925258e+06,1.116029575233466034e+02,-3.011251944209879148e+05,-4.462697665289154247e+04,2.189436548581827641e+09,1.388015100230653616e+03,1.184291172144338343e+05,-8.910315573135802580e+00,-8.901405257562666520e+03,0.000000000000000000e+00,-4.223083496093749806e-02
-6.384719569479586789e+04,3.013900533159355400e+05,-2.183865859693769932e+09,-1.985997045790080156e+05,-4.488655283343716525e+06,1.114868384827448295e+02,-3.109223107795438264e+05,-4.610342155622440623e+04,2.188827010220378876e+09,1.386957046587894865e+03,1.388748183875944815e+05,-9.199332022819675103e+00,-9.190132690796855968e+03,0.000000000000000000e+00,-4.322558593749999817e-02
-6.383609840108785284e+04,3.012208278173477738e+05,-2.183256589769142151e+09,-1.986422684100984479e+05,-4.485673224763981067e+06,1.113695724443253425e+02,-3.201499104867495480e+05,-4.749620626341579191e+04,2.188212764105911255e+09,1.385887111851942564e+03,1.581269042963091051e+05,-9.471412076115159451e+00,-9.461940664039044350e+03,0.000000000000000000e+00,-4.415832519531250056e-02
-6.382500967457100342e+04,3.010504358079571975e+05,-2.182642833281670094e+09,-1.986857166801982676e+05,-4.482664541656169109e+06,1.112512420483571418e+02,-3.288413866755359923e+05,-4.881022517155579408e+04,2.187594114681771278e+09,1.384806115055756436e+03,1.762553839904718334e+05,-9.727548760989799703e+00,-9.717821212228809600e+03,0.000000000000000000e+00,-4.503283691406249900e-02
-6.381392888584083994e+04,3.008789569312216481e+05,-2.182024880041701317e+09,-1.987299947536654072e+05,-4.479631063183878548e+06,1.111319246693643521e+02,-3.370280155103516299e+05,-5.005006300294610264e+04,2.186971347148376465e+09,1.383714823231577839e+03,1.933258437587278895e+05,-9.968672317598615606e+00,-9.958703645281017089e+03,0.000000000000000000e+00,-4.585266113281250000e-02
-6.380285544413325260e+04,3.007064659677488380e+05,-2.181403002239283562e+09,-1.987750513057369390e+05,-4.476574506611451507e+06,1.110116929251755948e+02,-3.447391645438885316e+05,-5.122002519965915417e+04,2.186344729359858990e+09,1.382613956459360452e+03,2.093998796533235873e+05,-1.019565635380438451e+01,-1.018546069745058048e+04,0.000000000000000000e+00,-4.662097167968749789e-02
-6.379178878659912880e+04,3.005330337232704042e+05,-2.180777457687332153e+09,-1.988208376761788386e+05,-4.473496497890234925e+06,1.108906155405941121e+02,-3.520027035581965465e+05,-5.232419805360907776e+04,2.185714515027431965e+09,1.381504196517043056e+03,2.245359517745953053e+05,-1.040932999807613868e+01,-1.039892066807806259e+04,0.000000000000000000e+00,-4.734057617187500261e-02
-6.378072836666517105e+04,3.003587282576547004e+05,-2.180148494387414932e+09,-1.988673069886375160e+05,-4.470398600042975508e+06,1.107687585297948658e+02,-3.588455426093477290e+05,-5.336652744105209422e+04,2.185080948165931702e+09,1.380386198738244502e+03,2.387905030550187512e+05,-1.061049382103707828e+01,-1.059988332721604093e+04,0.000000000000000000e+00,-4.801428222656250328e-02
-6.376967417467993801e+04,3.001835720187702100e+05,-2.179516192577762604e+09,-1.989144458590401628e+05,-4.467281321564332582e+06,1.106461439359807741e+02,-3.652734392542878049e+05,-5.434785941724481381e+04,2.184444107396235943e+09,1.379260175946080381e+03,2.521759367601658741e+05,-1.079932181852532658e+01,-1.078852249670680067e+04,0.000000000000000000e+00,-4.864270019531249933e-02
-6.375862478478642151e+04,3.000077038945941022e+05,-2.178881060594978333e+09,-1.989621546698557504e+05,-4.464147861125815660e+06,1.105229057284100378e+02,-3.713471041453668149e+05,-5.527709355508387671e+04,2.183804494446136951e+09,1.378127469915528081e+03,2.648189995715210098e+05,-1.097761530881671277e+01,-1.096663769350789516e+04,0.000000000000000000e+00,-4.923315429687499800e-02
-6.374758027439431316e+04,2.998311359508818132e+05,-2.178243142526916504e+09,-1.990104272105575074e+05,-4.460998492950258777e+06,1.103990559626545434e+02,-3.770681454778459738e+05,-5.615446798307541758e+04,2.183162150731566429e+09,1.376988194702316605e+03,2.767234131290777586e+05,-1.114542505532847372e+01,-1.113427963027314581e+04,0.000000000000000000e+00,-4.978527832031250100e-02
-6.373654020664645941e+04,2.996539221448710887e+05,-2.177602634436326981e+09,-1.990592261656853952e+05,-4.457834453324053437e+06,1.102746467854990868e+02,-3.824580206253394717e+05,-5.698312993537737930e+04,2.182517269993008137e+09,1.375842868707284424e+03,2.879341912221615785e+05,-1.130338954488336611e+01,-1.129208615533848206e+04,0.000000000000000000e+00,-5.030114746093750089e-02
-6.372550419522968878e+04,2.994761113416756853e+05,-2.176959714602301598e+09,-1.991085178124646773e+05,-4.454656863175097853e+06,1.101497254401848238e+02,-3.875360376296327449e+05,-5.776591151775004255e+04,2.181870027672982216e+09,1.374691961637771783e+03,2.984918549733023974e+05,-1.145208345371941938e+01,-1.144063137026570075e+04,0.000000000000000000e+00,-5.078320312500000239e-02
-6.371447186395915924e+04,2.992977506090443931e+05,-2.176314554931892872e+09,-1.991582695849855954e+05,-4.451466802396994084e+06,1.100243373945348537e+02,-3.923209002142945537e+05,-5.850555621608613001e+04,2.181220592876209259e+09,1.373535925917453369e+03,3.084356475626454339e+05,-1.159206340706273153e+01,-1.158047134365567035e+04,0.000000000000000000e+00,-5.123376464843749922e-02
-6.370344288014841004e+04,2.991188826612653793e+05,-2.175667311368917465e+09,-1.992084519918547303e+05,-4.448265250188939273e+06,1.098985238731561651e+02,-3.968294623420786229e+05,-5.920453633182349586e+04,2.180569119062207699e+09,1.372375171693591255e+03,3.178009449974127929e+05,-1.172383110577509946e+01,-1.171210727466932440e+04,0.000000000000000000e+00,-5.165405273437500416e-02
-6.369241694985250797e+04,2.989395466366765904e+05,-2.175018126812574863e+09,-1.992590380786711175e+05,-4.445053102956932969e+06,1.097723226022294227e+02,-4.010770331351475907e+05,-5.986509756147940061e+04,2.179915746853349686e+09,1.371210074277201329e+03,3.266198922305122251e+05,-1.184784237149385078e+01,-1.183599452912235756e+04,0.000000000000000000e+00,-5.204638671875000400e-02
-6.368139431670570048e+04,2.987597481784493430e+05,-2.174367021272515297e+09,-1.993100265569924959e+05,-4.441830475424063392e+06,1.096457387256541693e+02,-4.050615555267477757e+05,-6.048693737387999863e+04,2.179260495099527359e+09,1.370040679140448901e+03,3.348885318589535309e+05,-1.196403906269543782e+01,-1.195207502363274398e+04,0.000000000000000000e+00,-5.240966796875000389e-02
-6.367037410963293223e+04,2.985795623666298925e+05,-2.173714268534310818e+09,-1.993613627049498609e+05,-4.438599097964661196e+06,1.095188446342307458e+02,-4.088172035296362592e+05,-6.107506868089423369e+04,2.178603635526035786e+09,1.368867713454715158e+03,3.426781814504200011e+05,-1.207343496000861727e+01,-1.206136152504860911e+04,0.000000000000000000e+00,-5.274865722656250228e-02
-6.365935553068925219e+04,2.983990524279727833e+05,-2.173060101685817719e+09,-1.994130000157540780e+05,-4.435360438826122321e+06,1.093917016446514623e+02,-4.123735507218069397e+05,-6.163383126450097188e+04,2.177945396994790554e+09,1.367691794296832541e+03,3.500505491987538990e+05,-1.217690729281357953e+01,-1.216473038552076650e+04,0.000000000000000000e+00,-5.306652832031250044e-02
-6.364833942814024340e+04,2.982181882784300833e+05,-2.172404411856266975e+09,-1.994649646783049102e+05,-4.432113781862504780e+06,1.092642800899610904e+02,-4.157097870575406123e+05,-6.216016955041036999e+04,2.177285668650516033e+09,1.366512615299612662e+03,3.569626760130398907e+05,-1.227384278635776838e+01,-1.226156894357141027e+04,0.000000000000000000e+00,-5.335961914062500172e-02
-6.363732521209200058e+04,2.980370226852504420e+05,-2.171747390050392628e+09,-1.995172183803852240e+05,-4.428860337713638321e+06,1.091366306514025979e+02,-4.188496285624351585e+05,-6.265756269911202980e+04,2.176624641480964661e+09,1.365330685313771482e+03,3.634640818126267404e+05,-1.236494522506138694e+01,-1.235258027983632564e+04,0.000000000000000000e+00,-5.363195800781250105e-02
-6.362631244124782825e+04,2.978555954176910454e+05,-2.171089180859376431e+09,-1.995697323402912007e+05,-4.425601020466698334e+06,1.090087915963514718e+02,-4.218108267371963593e+05,-6.312861586227813677e+04,2.175962459308581352e+09,1.364146388432666299e+03,3.695918671841858304e+05,-1.245074170174359196e+01,-1.243829096004184976e+04,0.000000000000000000e+00,-5.388488769531250139e-02
-6.361530092236732162e+04,2.976739321647430188e+05,-2.170429880415962219e+09,-1.996224886973650136e+05,-4.422336423130353913e+06,1.088807876383725954e+02,-4.246036270573977381e+05,-6.357483185140846763e+04,2.175299214773746014e+09,1.362959971925586387e+03,3.753675278370399028e+05,-1.253153715164967963e+01,-1.251900561449802990e+04,0.000000000000000000e+00,-5.411975097656249872e-02
-6.360429035978525644e+04,2.974920616598533816e+05,-2.169769593435929298e+09,-1.996754668411201274e+05,-4.419067205433335155e+06,1.087526463739273197e+02,-4.272405341541793314e+05,-6.399804606200294074e+04,2.174635011736631870e+09,1.361771712631942137e+03,3.808172305217012763e+05,-1.260770315332884906e+01,-1.259509545017552045e+04,0.000000000000000000e+00,-5.433764648437500178e-02
-6.359328072021142725e+04,2.973100008578760317e+05,-2.169108383915179729e+09,-1.997286556678724592e+05,-4.415793754365961999e+06,1.086243838852755204e+02,-4.297271037486938294e+05,-6.439907233777462534e+04,2.173969911199699879e+09,1.360581770551898671e+03,3.859527084950575372e+05,-1.267940574003006304e+01,-1.266672633429003326e+04,0.000000000000000000e+00,-5.453955078125000133e-02
-6.358227162285416125e+04,2.971277791389119811e+05,-2.168446358031417847e+09,-1.997820334814318048e+05,-4.412516746252659708e+06,1.084960284685508753e+02,-4.320771709757299395e+05,-6.477994246452517837e+04,2.173304019594000816e+09,1.359390430627876412e+03,3.908028553338305792e+05,-1.274705552768878292e+01,-1.273430847216109396e+04,0.000000000000000000e+00,-5.472680664062500033e-02
-6.357126335789464065e+04,2.969454013105275808e+05,-2.167783535658084869e+09,-1.998355993008050427e+05,-4.409236277015579864e+06,1.083675839879722531e+02,-4.342884990383331315e+05,-6.514032374733901088e+04,2.172637353761839390e+09,1.358197728175730163e+03,3.953632217817059136e+05,-1.281058808729495269e+01,-1.279777749920765928e+04,0.000000000000000000e+00,-5.489880371093749933e-02
-6.356025517598698207e+04,2.967629065019416739e+05,-2.167120057043317318e+09,-1.998893224361373868e+05,-4.405953258689412847e+06,1.082390886395882319e+02,-4.363826397989310790e+05,-6.548338435380653391e+04,2.171970055913112164e+09,1.357004050683039168e+03,3.996786693277410232e+05,-1.287064176024077611e+01,-1.285777111848053573e+04,0.000000000000000000e+00,-5.505834960937500133e-02
-6.354924737018565065e+04,2.965802981622769730e+05,-2.166455938741151810e+09,-1.999432027579979331e+05,-4.402667760622889735e+06,1.081105450700563608e+02,-4.383569746211956372e+05,-6.580873553575557889e+04,2.171302138078838348e+09,1.355809421887656072e+03,4.037439350869410555e+05,-1.292714064636450999e+01,-1.291421350571814583e+04,0.000000000000000000e+00,-5.520495605468750400e-02
-6.353823984372142877e+04,2.963975931474474492e+05,-2.165791240596690655e+09,-1.999972286160841177e+05,-4.399380159597370774e+06,1.079819690150989970e+02,-4.402179624391566613e+05,-6.611732421608813456e+04,2.170633661305267811e+09,1.354613999192767778e+03,4.075725692330672755e+05,-1.298027698830156140e+01,-1.296729671131325995e+04,0.000000000000000000e+00,-5.533947753906250100e-02
-6.352723273431009147e+04,2.962148027438191930e+05,-2.165126005359910488e+09,-2.000513935654892703e+05,-4.396090701829872094e+06,1.078533705502559314e+02,-4.419675015453502419e+05,-6.640942459846549900e+04,2.169964666353712559e+09,1.353417881952654170e+03,4.111686656119340914e+05,-1.303010828265585808e+01,-1.301707817437320227e+04,0.000000000000000000e+00,-5.546179199218750216e-02
-6.351622560985537712e+04,2.960319506826425786e+05,-2.164460317820556164e+09,-2.001056791159441054e+05,-4.392799937687960453e+06,1.077247726857847567e+02,-4.436184104654852999e+05,-6.668692124089300341e+04,2.169295239534056664e+09,1.352221303704246566e+03,4.145589261194539722e+05,-1.307701437138304179e+01,-1.306393735701165861e+04,0.000000000000000000e+00,-5.557336425781250061e-02
-6.350521815636141400e+04,2.958490546271366766e+05,-2.163794243981840134e+09,-2.001600715727144270e+05,-4.389508284163715318e+06,1.075961927089439598e+02,-4.451801488560235593e+05,-6.695120518480407191e+04,2.168625445059364796e+09,1.351024440368192700e+03,4.177630741444156156e+05,-1.312127572519626284e+01,-1.310815444947106698e+04,0.000000000000000000e+00,-5.567626953125000278e-02
-6.349421071981392743e+04,2.956661200764424284e+05,-2.163127807663437843e+09,-2.002145696142461675e+05,-4.386215850487715565e+06,1.074676347929668765e+02,-4.466503470317667234e+05,-6.720192129154875875e+04,2.167955302730335236e+09,1.349827331160020094e+03,4.207763359815175645e+05,-1.316282358479943504e+01,-1.314966076121463630e+04,0.000000000000000000e+00,-5.576806640625000394e-02
-6.348320279082330671e+04,2.954831662597907707e+05,-2.162461074977698326e+09,-2.002691571862375422e+05,-4.382923085649776272e+06,1.073391178589521928e+02,-4.480412901648421539e+05,-6.744087893235648517e+04,2.167284882609918594e+09,1.348630169405842025e+03,4.236242631237984751e+05,-1.320202162803371770e+01,-1.318881960640568468e+04,0.000000000000000000e+00,-5.585266113281250194e-02
-6.347219470755298971e+04,2.953001993455290794e+05,-2.161794073642796516e+09,-2.003238324128063396e+05,-4.379630117692091502e+06,1.072106467587367717e+02,-4.493510105678334367e+05,-6.766778150567582634e+04,2.166614207042764664e+09,1.347433001678421533e+03,4.263029029935222934e+05,-1.323881287000694051e+01,-1.322557405713693333e+04,0.000000000000000000e+00,-5.592761230468749900e-02
