# tendency to change, top row gives equation number (where number 0 is the first equation), penultimate column is gas-particle partitioning and final column is gas-wall partitioning (molecules/cc.s (air))
6.000000000000000000e+00,7.000000000000000000e+00,1.400000000000000000e+01,3.800000000000000000e+01,0.000000000000000000e+00,0.000000000000000000e+00
0.000000000000000000e+00,0.000000000000000000e+00,0.000000000000000000e+00,0.000000000000000000e+00,0.000000000000000000e+00,0.000000000000000000e+00
-7.266120659746626625e+05,-2.098586919964815490e+06,-2.542698894066186040e+05,3.080793812366333324e+06,0.000000000000000000e+00,-1.935553280152380185e-15
-7.273452943472006591e+05,-2.100704615973470733e+06,-2.545264745543649187e+05,3.082576384920301847e+06,0.000000000000000000e+00,1.150607387145896661e-16
-7.270785925639290363e+05,-2.099934333039682359e+06,-2.544331452028382628e+05,3.081446070806452073e+06,0.000000000000000000e+00,1.146426703568792562e-16
-7.268086415337322978e+05,-2.099154665693748277e+06,-2.543386788131437497e+05,3.080301986040620599e+06,0.000000000000000000e+00,1.162845861268913047e-16
-7.265349514143201523e+05,-2.098364199182637967e+06,-2.542429039703617455e+05,3.079142054567316547e+06,0.000000000000000000e+00,1.178215511266067483e-16
-7.262577949844194809e+05,-2.097563721340594813e+06,-2.541459161304032605e+05,3.077967432455413975e+06,0.000000000000000000e+00,1.192605042499295027e-16
-7.259773871237272397e+05,-2.096753852779006120e+06,-2.540477904880515416e+05,3.076779030390780885e+06,0.000000000000000000e+00,1.206040475820735455e-16
-7.256939407592455391e+05,-2.095935208469521720e+06,-2.539486015547657153e+05,3.075577750783530064e+06,0.000000000000000000e+00,1.218625894638947133e-16
-7.254076553595704027e+05,-2.095108364513484295e+06,-2.538484191323839186e+05,3.074364439005434513e+06,0.000000000000000000e+00,1.230348288527860543e-16
-7.251187182522788644e+05,-2.094273861946779303e+06,-2.537473087741284980e+05,3.073139888973182533e+06,0.000000000000000000e+00,1.241303067278654125e-16
-7.248273068929361179e+05,-2.093432213293139590e+06,-2.536453325786198839e+05,3.071904852764691226e+06,0.000000000000000000e+00,1.251520588552157495e-16
-7.245335919966052752e+05,-2.092583911608509719e+06,-2.535425502857141546e+05,3.070660053890824318e+06,0.000000000000000000e+00,1.261048557243960120e-16
-7.242376273321729386e+05,-2.091729112187148537e+06,-2.534389807112409908e+05,3.069405720230557490e+06,0.000000000000000000e+00,1.269895646971441678e-16
-7.239397657403351041e+05,-2.090868834096731152e+06,-2.533347473279155674e+05,3.068143347164977342e+06,0.000000000000000000e+00,1.278165941143161276e-16
-7.236400354774628067e+05,-2.090003158946762793e+06,-2.532298600237437349e+05,3.066873054447965696e+06,0.000000000000000000e+00,1.285846429333048408e-16
-7.233385717775271041e+05,-2.089132477317383513e+06,-2.531243661223641539e+05,3.065595415217270609e+06,0.000000000000000000e+00,1.292993490054072960e-16
-7.230354972496897681e+05,-2.088257143326004269e+06,-2.530183085295025667e+05,3.064310949105192907e+06,0.000000000000000000e+00,1.299628807349684128e-16
-7.227309301093327813e+05,-2.087377498400005512e+06,-2.529117286133298476e+05,3.063020157122664619e+06,0.000000000000000000e+00,1.305787075689401863e-16
-7.224249775212768000e+05,-2.086493852050749818e+06,-2.528046638749945560e+05,3.061723493447016925e+06,0.000000000000000000e+00,1.311498652734055531e-16
-7.221177375621228712e+05,-2.085606487541180104e+06,-2.526971486353230721e+05,3.060421373738621362e+06,0.000000000000000000e+00,1.316772212101025061e-16
-7.218092208905508742e+05,-2.084715435655489797e+06,-2.525891866242029646e+05,3.059113843170238659e+06,0.000000000000000000e+00,1.321646785068519991e-16
-7.214996190863335505e+05,-2.083821249710674398e+06,-2.524808448828656401e+05,3.057801713679869194e+06,0.000000000000000000e+00,1.326122371636540076e-16
-7.211890950552746654e+05,-2.082924400208125822e+06,-2.523721804184027424e+05,3.056485675681798719e+06,0.000000000000000000e+00,1.330259687126744795e-16
-7.208775665991365677e+05,-2.082024649744484574e+06,-2.522631644664464693e+05,3.055165380810063798e+06,0.000000000000000000e+00,1.334080415582583590e-16
-7.205651676444996847e+05,-2.081122385123909684e+06,-2.521538438931284472e+05,3.053841396661533974e+06,0.000000000000000000e+00,1.337571546577986944e-16
-7.202519993008945603e+05,-2.080217898368993076e+06,-2.520442540806152974e+05,3.052514151750499383e+06,0.000000000000000000e+00,1.340759100965094386e-16
-7.199381267435078043e+05,-2.079311377717447933e+06,-2.519344178362456732e+05,3.051183922297196928e+06,0.000000000000000000e+00,1.343669099596045447e-16
-7.196236228447111789e+05,-2.078403033637850313e+06,-2.518243606609034759e+05,3.049851017143460456e+06,0.000000000000000000e+00,1.346323226514290062e-16
-7.193085297337174416e+05,-2.077492987806976773e+06,-2.517140972972426098e+05,3.048515614837931935e+06,0.000000000000000000e+00,1.348743165763277676e-16
-7.189929225205967668e+05,-2.076581457156280521e+06,-2.516036540292049467e+05,3.047178033706077840e+06,0.000000000000000000e+00,1.350937590960388215e-16
-7.186768103260148782e+05,-2.075668468027891824e+06,-2.514930340484669141e+05,3.045838312402369455e+06,0.000000000000000000e+00,1.352928186149071615e-16
-7.183602955489138840e+05,-2.074754316168455407e+06,-2.513822731884105306e+05,3.044496884905775543e+06,0.000000000000000000e+00,1.354701940903257865e-16
-7.180433845358500257e+05,-2.073839019907972077e+06,-2.512713736699431902e+05,3.043153778113762382e+06,0.000000000000000000e+00,1.356306560118536431e-16
-7.177261186490531545e+05,-2.072922698708034586e+06,-2.511603499673216429e+05,3.041809167324405629e+06,0.000000000000000000e+00,1.357716022942767538e-16
-7.174085241829575971e+05,-2.072005428511719918e+06,-2.510492112819936301e+05,3.040463163976667449e+06,0.000000000000000000e+00,1.358973697462850811e-16
-7.170906629022425041e+05,-2.071087387706579641e+06,-2.509379792278282985e+05,3.039116029836647213e+06,0.000000000000000000e+00,1.360044889209266551e-16
-7.167725816522949608e+05,-2.070168711590555264e+06,-2.508266701978527999e+05,3.037767963440698572e+06,0.000000000000000000e+00,1.360972966268914137e-16
-7.164542910865324084e+05,-2.069249430932641262e+06,-2.507152879201133619e+05,3.036419009939281736e+06,0.000000000000000000e+00,1.361762265450483655e-16
-7.161358421944719739e+05,-2.068329692999774823e+06,-2.506038502378298435e+05,3.035069385432072915e+06,0.000000000000000000e+00,1.362425797180044624e-16
-7.158172478262915974e+05,-2.067409534905591514e+06,-2.504923616477804608e+05,3.033719144379659556e+06,0.000000000000000000e+00,1.362976571883667302e-16
