# tendency to change, top row gives equation number (where number 0 is the first equation), penultimate column is gas-particle partitioning and final column is gas-wall partitioning (molecules/cc.s (air))
0.000000000000000000e+00,1.000000000000000000e+00,2.000000000000000000e+00,8.000000000000000000e+00,9.000000000000000000e+00,1.500000000000000000e+01,1.900000000000000000e+01,3.800000000000000000e+01,3.900000000000000000e+01,0.000000000000000000e+00,0.000000000000000000e+00
0.000000000000000000e+00,0.000000000000000000e+00,0.000000000000000000e+00,0.000000000000000000e+00,0.000000000000000000e+00,0.000000000000000000e+00,0.000000000000000000e+00,0.000000000000000000e+00,0.000000000000000000e+00,0.000000000000000000e+00,0.000000000000000000e+00
1.707981317531072855e+09,4.909473766845394373e+08,-2.792959346542672350e+01,-2.184479187295048714e+09,-4.451971100325353444e+06,-2.527042838821411124e+02,-1.230921556682031959e+00,-3.080793812366333324e+06,-4.413917251513333991e+06,0.000000000000000000e+00,-7.324640426123047655e+04
1.707305887188796043e+09,4.907532289199999571e+08,-2.793470245944125807e+01,-2.186254079262003899e+09,-4.452768398711339571e+06,-2.641810380925418826e+02,-1.287600369974614578e+00,-3.082576384920301847e+06,-4.416471180217181332e+06,0.000000000000000000e+00,2.723348884246826401e+03
1.706843320580545902e+09,4.906202673585757613e+08,-2.791689373241838368e+01,-2.185663562403479099e+09,-4.449930932629971765e+06,-2.756171354891449141e+02,-1.344151408775880796e+00,-3.081446070806452073e+06,-4.414851755721220747e+06,0.000000000000000000e+00,2.682904379394531134e+03
1.706376036037724018e+09,4.904859496596004367e+08,-2.789888869474016886e+01,-2.185069699500727177e+09,-4.447062197535408661e+06,-2.863683759824268691e+02,-1.397384644540442089e+00,-3.080301986040620599e+06,-4.413212601726289839e+06,0.000000000000000000e+00,2.721445025115966928e+03
1.705904524381485939e+09,4.903504169062088728e+08,-2.788067675858972905e+01,-2.184470333685381413e+09,-4.444160520008675754e+06,-2.964706608864013901e+02,-1.447476964989606429e+00,-3.079142054567316547e+06,-4.411550743824589998e+06,0.000000000000000000e+00,2.757583128784179735e+03
1.705429091731117964e+09,4.902137570902656317e+08,-2.786227358714080182e+01,-2.183865859693769932e+09,-4.441228393907171674e+06,-3.059674992390212651e+02,-1.494638397751225201e+00,-3.077967432455413975e+06,-4.409867838339995593e+06,0.000000000000000000e+00,2.791388057678222594e+03
1.704949978359137774e+09,4.900760392764384151e+08,-2.784369153022403154e+01,-2.183256589769142151e+09,-4.438267785530959256e+06,-3.148926673167161994e+02,-1.539032008330526224e+00,-3.076779030390780885e+06,-4.408165190031055361e+06,0.000000000000000000e+00,2.822990931304931564e+03
1.704467422309387922e+09,4.899373318887777328e+08,-2.782494281277852721e+01,-2.182642833281670094e+09,-4.435280641295896843e+06,-3.232797835824082995e+02,-1.580820118386623285e+00,-3.075577750783530064e+06,-4.406444091799472459e+06,0.000000000000000000e+00,2.852521776855468943e+03
1.703981646579707623e+09,4.897976990264649987e+08,-2.780603888449915218e+01,-2.182024880041701317e+09,-4.432268784185987897e+06,-3.311603474634771942e+02,-1.620154839205569353e+00,-3.074364439005434513e+06,-4.404705754826935008e+06,0.000000000000000000e+00,2.880102385864257940e+03
1.703492860604840040e+09,4.896572008900636435e+08,-2.778699049542115773e+01,-2.181403002239283562e+09,-4.429233925787951797e+06,-3.385639448830293645e+02,-1.657179059270768251e+00,-3.073139888973182533e+06,-4.402951316574364901e+06,0.000000000000000000e+00,2.905847278625488343e+03
1.703001262761377811e+09,4.895158945015485883e+08,-2.776780782452733121e+01,-2.180777457687332153e+09,-4.426177686767430976e+06,-3.455186533638718629e+02,-1.692028397437658427e+00,-3.071904852764691226e+06,-4.401181854559405707e+06,0.000000000000000000e+00,2.929864693084716691e+03
1.702507043844682217e+09,4.893738347037222385e+08,-2.774850065701998503e+01,-2.180148494387414932e+09,-4.423101625093726441e+06,-3.520515720273082820e+02,-1.724833757984903793e+00,-3.070660053890824318e+06,-4.399398405371092260e+06,0.000000000000000000e+00,2.952259384735107687e+03
1.702010265318310499e+09,4.892310391638576984e+08,-2.772907218170708177e+01,-2.179516192577762604e+09,-4.420006248484227806e+06,-3.581689376087945789e+02,-1.755625319906978898e+00,-3.069405720230557490e+06,-4.397601295496363193e+06,0.000000000000000000e+00,2.973076044158935474e+03
1.701511319498881578e+09,4.890876206506444812e+08,-2.770954241945206675e+01,-2.178881060594978333e+09,-4.416894744595764205e+06,-3.639310740847352008e+02,-1.784694416837889985e+00,-3.068143347164977342e+06,-4.395792667398747057e+06,0.000000000000000000e+00,2.992487752227783403e+03
1.701010238763381958e+09,4.889435884706224799e+08,-2.768991308596611844e+01,-2.178243142526916504e+09,-4.413767386597135104e+06,-3.693400619836731380e+02,-1.812051168899083464e+00,-3.066873054447965696e+06,-4.393972692652113736e+06,0.000000000000000000e+00,3.010563143157959075e+03
1.700507174595304012e+09,4.887989861666706204e+08,-2.767019192568730901e+01,-2.177602634436326981e+09,-4.410625407539008185e+06,-3.744175043188394625e+02,-1.837799964159776422e+00,-3.065595415217270609e+06,-4.392142192402815446e+06,0.000000000000000000e+00,3.027364197631835850e+03
1.700002264172300339e+09,4.886538531695528626e+08,-2.765038595782962005e+01,-2.176959714602301598e+09,-4.407469925001611933e+06,-3.791828589102909177e+02,-1.862034829632638333e+00,-3.064310949105192907e+06,-4.390301911138834432e+06,0.000000000000000000e+00,3.042966198394775347e+03
1.699495639716834068e+09,4.885082274856988192e+08,-2.763050194417888505e+01,-2.176314554931892872e+09,-4.404302015578385442e+06,-3.836549595001658304e+02,-1.884846778380981913e+00,-3.063020157122664619e+06,-4.388452566668936983e+06,0.000000000000000000e+00,3.057442431671142458e+03
1.698987421217545271e+09,4.883621436050102711e+08,-2.761054601671401443e+01,-2.175667311368917465e+09,-4.401122655588074587e+06,-3.878507931040295489e+02,-1.906317904605222990e+00,-3.061723493447016925e+06,-4.386594809702411294e+06,0.000000000000000000e+00,3.070858716827392527e+03
1.698477718624855995e+09,4.882156331319732070e+08,-2.759052378921954585e+01,-2.175018126812574863e+09,-4.397932738845487125e+06,-3.917858027506945291e+02,-1.926522841829605204e+00,-3.060421373738621362e+06,-4.384729235764501616e+06,0.000000000000000000e+00,3.083275495941162262e+03
1.697966546657334089e+09,4.880687002973375320e+08,-2.757043598286213992e+01,-2.174367021272515297e+09,-4.394732380197530612e+06,-3.954583781434684511e+02,-1.945453781374260505e+00,-3.059113843170238659e+06,-4.382855909575160593e+06,0.000000000000000000e+00,3.094721958343505776e+03
1.697454117789459229e+09,4.879214061754180789e+08,-2.755029343624287463e+01,-2.173714268534310818e+09,-4.391523305327651091e+06,-3.989024236759846644e+02,-1.963274579140822818e+00,-3.057801713679869194e+06,-4.380975994414816611e+06,0.000000000000000000e+00,3.105258671142578351e+03
1.696940610990916729e+09,4.877738022098088264e+08,-2.753010533527875126e+01,-2.173060101685817719e+09,-4.388306976765014231e+06,-4.021472677459740908e+02,-1.980127031753714295e+00,-3.056485675681798719e+06,-4.379090479454350658e+06,0.000000000000000000e+00,3.114991022644042914e+03
1.696425939546678066e+09,4.876258634748766422e+08,-2.750986719149603843e+01,-2.172404411856266975e+09,-4.385082679912385531e+06,-4.051728629907884169e+02,-1.995914157599912864e+00,-3.055165380810063798e+06,-4.377198865582613274e+06,0.000000000000000000e+00,3.123965683563232687e+03
1.695910252793166637e+09,4.874776328963399529e+08,-2.748958659421500528e+01,-2.171747390050392628e+09,-4.381851623124071397e+06,-4.080027692762603237e+02,-2.010749831301369639e+00,-3.053841396661533974e+06,-4.375301966007422656e+06,0.000000000000000000e+00,3.132183556549072364e+03
1.695393663189441681e+09,4.873291427997750044e+08,-2.746926927338757451e+01,-2.171089180859376431e+09,-4.378614718706044368e+06,-4.106546645521990513e+02,-2.024719530892136632e+00,-3.052514151750499383e+06,-4.373400394670099020e+06,0.000000000000000000e+00,3.139684834197998043e+03
1.694876243174008608e+09,4.871804140071275234e+08,-2.744891893299600127e+01,-2.170429880415962219e+09,-4.375372556393505074e+06,-4.131388564407503736e+02,-2.037873073310281669e+00,-3.051183922297196928e+06,-4.371494547317110933e+06,0.000000000000000000e+00,3.146545409423828005e+03
1.694358073957094431e+09,4.870314698617134690e+08,-2.742853970740332770e+01,-2.169769593435929298e+09,-4.372125794449277222e+06,-4.154678369982435697e+02,-2.050270871472786638e+00,-3.049851017143460456e+06,-4.369584866432562470e+06,0.000000000000000000e+00,3.152793602020263734e+03
1.693839203232275724e+09,4.868823240727207065e+08,-2.740813401158986906e+01,-2.169108383915179729e+09,-4.368874817387858406e+06,-4.176472919286501337e+02,-2.061940372782415931e+00,-3.048515614837931935e+06,-4.367671607826801948e+06,0.000000000000000000e+00,3.158494355499267840e+03
1.693319714223478794e+09,4.867330005622891188e+08,-2.738770608824099639e+01,-2.168446358031417847e+09,-4.365620300714651123e+06,-4.196909689165532882e+02,-2.072948098572541920e+00,-3.047178033706077840e+06,-4.365755227571332827e+06,0.000000000000000000e+00,3.163651400421142625e+03
1.692799620078707457e+09,4.865835031097212434e+08,-2.736725652842653034e+01,-2.167783535658084869e+09,-4.362362338570971042e+06,-4.215969243000787969e+02,-2.083284513986958242e+00,-3.045838312402369455e+06,-4.363835781047219411e+06,0.000000000000000000e+00,3.168335682464599813e+03
1.692279032015333414e+09,4.864338636836786866e+08,-2.734679105818270273e+01,-2.167120057043317318e+09,-4.359101842612098902e+06,-4.233863869743120745e+02,-2.093052439014939647e+00,-3.044496884905775543e+06,-4.361913890025138855e+06,0.000000000000000000e+00,3.172507461517333923e+03
1.691757959424019098e+09,4.862840849834421873e+08,-2.732631009541571387e+01,-2.166455938741151810e+09,-4.355838879401559941e+06,-4.250570135089429868e+02,-2.102240406216937085e+00,-3.043153778113762382e+06,-4.359989593041648157e+06,0.000000000000000000e+00,3.176275392150878815e+03
1.691236450026545525e+09,4.861341807263065577e+08,-2.730581600853437152e+01,-2.165791240596690655e+09,-4.352573826051670127e+06,-4.266152971141880244e+02,-2.110879786584130002e+00,-3.041809167324405629e+06,-4.358063141249941662e+06,0.000000000000000000e+00,3.179613228332519611e+03
1.690714535676860809e+09,4.859841600684681535e+08,-2.728531033351063328e+01,-2.165126005359910488e+09,-4.349306927146473899e+06,-4.280632858831633598e+02,-2.118980349755596126e+00,-3.040463163976667449e+06,-4.356134694310931489e+06,0.000000000000000000e+00,3.182568926116943203e+03
1.690192283871922970e+09,4.858340424114591479e+08,-2.726479652778263585e+01,-2.164460317820556164e+09,-4.346038733158204705e+06,-4.294136291412027049e+02,-2.126603371410430654e+00,-3.039116029836647213e+06,-4.354204627262345515e+06,0.000000000000000000e+00,3.185113982940673850e+03
1.689669744835217714e+09,4.856838421916718483e+08,-2.724427719837455442e+01,-2.163794243981840134e+09,-4.342769659150040708e+06,-4.306756850106727370e+02,-2.133794195134291360e+00,-3.037767963440698572e+06,-4.352273224551336840e+06,0.000000000000000000e+00,3.187290902374267716e+03
1.689146934023814440e+09,4.855335638521336913e+08,-2.722375301313605434e+01,-2.163127807663437843e+09,-4.339499811498016119e+06,-4.318473187164103706e+02,-2.140542271600157420e+00,-3.036419009939281736e+06,-4.350340550865908153e+06,0.000000000000000000e+00,3.189190875457763923e+03
1.688623906235839367e+09,4.853832231441857815e+08,-2.720322680496569845e+01,-2.162461074977698326e+09,-4.336229641228816472e+06,-4.329406023465393787e+02,-2.146906183974589766e+00,-3.035069385432072915e+06,-4.348406915816550143e+06,0.000000000000000000e+00,3.190730739410400474e+03
1.688100678920750141e+09,4.852328250835534930e+08,-2.718269935307263196e+01,-2.161794073642796516e+09,-4.332959272444297560e+06,-4.339537781152154139e+02,-2.152877192053002098e+00,-3.033719144379659556e+06,-4.346472397430079058e+06,0.000000000000000000e+00,3.192031302734375004e+03
