# tendency to change, top row gives equation number (where number 0 is the first equation), penultimate column is gas-particle partitioning and final column is gas-wall partitioning (molecules/cc.s (air))
0.000000000000000000e+00,1.000000000000000000e+00,2.000000000000000000e+00,3.000000000000000000e+00,4.000000000000000000e+00,5.000000000000000000e+00,6.000000000000000000e+00,7.000000000000000000e+00,3.200000000000000000e+01,3.900000000000000000e+01,4.100000000000000000e+01,4.300000000000000000e+01,0.000000000000000000e+00,0.000000000000000000e+00
0.000000000000000000e+00,0.000000000000000000e+00,0.000000000000000000e+00,0.000000000000000000e+00,0.000000000000000000e+00,0.000000000000000000e+00,0.000000000000000000e+00,0.000000000000000000e+00,0.000000000000000000e+00,0.000000000000000000e+00,2.496327751437476635e+09,0.000000000000000000e+00,0.000000000000000000e+00,0.000000000000000000e+00
-1.707981317531072855e+09,-4.909473766845394373e+08,-2.792959346542672350e+01,-6.390202414515286364e+04,-3.022936190115819336e+05,-6.236574567718784238e+04,7.266120659746626625e+05,2.098586919964815490e+06,0.000000000000000000e+00,4.413917251513333991e+06,2.192108545162884712e+09,9.622043098251629999e+03,0.000000000000000000e+00,2.942881110357120607e-09
-1.707305887188796043e+09,-4.907532289199999571e+08,-2.793470245944125807e+01,-6.389168543442180089e+04,-3.020534208064494887e+05,-6.231619074373476906e+04,7.273452943472006591e+05,2.100704615973470733e+06,0.000000000000000000e+00,4.416471180217181332e+06,2.191233261834547520e+09,9.622394494888107147e+03,0.000000000000000000e+00,6.789414328522980387e-10
-1.706843320580545902e+09,-4.906202673585757613e+08,-2.791689373241838368e+01,-6.388054589211846178e+04,-3.018898535705349641e+05,-6.228244543124845222e+04,7.270785925639290363e+05,2.099934333039682359e+06,0.000000000000000000e+00,4.414851755721220747e+06,2.190640188645247459e+09,9.615353149174015925e+03,0.000000000000000000e+00,6.882182788103819481e-10
-1.706376036037724018e+09,-4.904859496596004367e+08,-2.789888869474016886e+01,-6.386941866768046020e+04,-3.017246637686741306e+05,-6.224836536960175727e+04,7.268086415337322978e+05,2.099154665693748277e+06,0.000000000000000000e+00,4.413212601726289839e+06,2.190041071896074772e+09,9.608217604748389931e+03,0.000000000000000000e+00,6.946465873625129900e-10
-1.705904524381485939e+09,-4.903504169062088728e+08,-2.788067675858972905e+01,-6.385830222711221722e+04,-3.015580272688140976e+05,-6.221398684184855665e+04,7.265349514143201523e+05,2.098364199182637967e+06,0.000000000000000000e+00,4.411550743824589998e+06,2.189436548581827641e+09,9.600986888200599424e+03,0.000000000000000000e+00,7.006601663306355609e-10
-1.705429091731117964e+09,-4.902137570902656317e+08,-2.786227358714080182e+01,-6.384719569479586789e+04,-3.013900533159355400e+05,-6.217933238615786104e+04,7.262577949844194809e+05,2.097563721340594813e+06,0.000000000000000000e+00,4.409867838339995593e+06,2.188827010220378876e+09,9.593668265262382192e+03,0.000000000000000000e+00,7.062844815663993210e-10
-1.704949978359137774e+09,-4.900760392764384151e+08,-2.784369153022403154e+01,-6.383609840108785284e+04,-3.012208278173477738e+05,-6.214441972593854007e+04,7.259773871237272397e+05,2.096753852779006120e+06,0.000000000000000000e+00,4.408165190031055361e+06,2.188212764105911255e+09,9.586267460062639657e+03,0.000000000000000000e+00,7.115486369002610395e-10
-1.704467422309387922e+09,-4.899373318887777328e+08,-2.782494281277852721e+01,-6.382500967457100342e+04,-3.010504358079571975e+05,-6.210926640461530769e+04,7.256939407592455391e+05,2.095935208469521720e+06,0.000000000000000000e+00,4.406444091799472459e+06,2.187594114681771278e+09,9.578790137903359209e+03,0.000000000000000000e+00,7.164853741414844915e-10
-1.703981646579707623e+09,-4.897976990264649987e+08,-2.780603888449915218e+01,-6.381392888584083994e+04,-3.008789569312216481e+05,-6.207388885331115307e+04,7.254076553595704027e+05,2.095108364513484295e+06,0.000000000000000000e+00,4.404705754826935008e+06,2.186971347148376465e+09,9.571241604394323076e+03,0.000000000000000000e+00,7.210910553112626713e-10
-1.703492860604840040e+09,-4.896572008900636435e+08,-2.778699049542115773e+01,-6.380285544413325260e+04,-3.007064659677488380e+05,-6.203830249990173616e+04,7.251187182522788644e+05,2.094273861946779303e+06,0.000000000000000000e+00,4.402951316574364901e+06,2.186344729359858990e+09,9.563626840373413870e+03,0.000000000000000000e+00,7.253947842400521412e-10
-1.703001262761377811e+09,-4.895158945015485883e+08,-2.776780782452733121e+01,-6.379178878659912880e+04,-3.005330337232704042e+05,-6.200252195221192960e+04,7.248273068929361179e+05,2.093432213293139590e+06,0.000000000000000000e+00,4.401181854559405707e+06,2.185714515027431965e+09,9.555950561741094134e+03,0.000000000000000000e+00,7.294183888006955559e-10
-1.702507043844682217e+09,-4.893738347037222385e+08,-2.774850065701998503e+01,-6.378072836666517105e+04,-3.003587282576547004e+05,-6.196656125157169299e+04,7.245335919966052752e+05,2.092583911608509719e+06,0.000000000000000000e+00,4.399398405371092260e+06,2.185080948165931702e+09,9.548217301480814058e+03,0.000000000000000000e+00,7.331618689931929153e-10
-1.702010265318310499e+09,-4.892310391638576984e+08,-2.772907218170708177e+01,-6.376967417467993801e+04,-3.001835720187702100e+05,-6.193042502916725061e+04,7.242376273321729386e+05,2.091729112187148537e+06,0.000000000000000000e+00,4.397601295496363193e+06,2.184444107396235943e+09,9.540428531703319095e+03,0.000000000000000000e+00,7.366579666268080978e-10
-1.701511319498881578e+09,-4.890876206506444812e+08,-2.770954241945206675e+01,-6.375862478478642151e+04,-3.000077038945941022e+05,-6.189414193877005891e+04,7.239397657403351041e+05,2.090868834096731152e+06,0.000000000000000000e+00,4.395792667398747057e+06,2.183804494446136951e+09,9.532593533549688800e+03,0.000000000000000000e+00,7.399175956379622238e-10
-1.701010238763381958e+09,-4.889435884706224799e+08,-2.768991308596611844e+01,-6.374758027439431316e+04,-2.998311359508818132e+05,-6.185771446964811912e+04,7.236400354774628067e+05,2.090003158946762793e+06,0.000000000000000000e+00,4.393972692652113736e+06,2.183162150731566429e+09,9.524713095950501156e+03,0.000000000000000000e+00,7.429589459206909421e-10
-1.700507174595304012e+09,-4.887989861666706204e+08,-2.767019192568730901e+01,-6.373654020664645941e+04,-2.996539221448710887e+05,-6.182115375363866769e+04,7.233385717775271041e+05,2.089132477317383513e+06,0.000000000000000000e+00,4.392142192402815446e+06,2.182517269993008137e+09,9.516790804716645653e+03,0.000000000000000000e+00,7.457892934326082642e-10
-1.700002264172300339e+09,-4.886538531695528626e+08,-2.765038595782962005e+01,-6.372550419522968878e+04,-2.994761113416756853e+05,-6.178446987203044409e+04,7.230354972496897681e+05,2.088257143326004269e+06,0.000000000000000000e+00,4.390301911138834432e+06,2.181870027672982216e+09,9.508829908843039448e+03,0.000000000000000000e+00,7.484268280677497354e-10
-1.699495639716834068e+09,-4.885082274856988192e+08,-2.763050194417888505e+01,-6.371447186395915924e+04,-2.992977506090443931e+05,-6.174767253530051676e+04,7.227309301093327813e+05,2.087377498400005512e+06,0.000000000000000000e+00,4.388452566668936983e+06,2.181220592876209259e+09,9.500833537772417912e+03,0.000000000000000000e+00,7.508788257837295739e-10
-1.698987421217545271e+09,-4.883621436050102711e+08,-2.761054601671401443e+01,-6.370344288014841004e+04,-2.991188826612653793e+05,-6.171077055576995190e+04,7.224249775212768000e+05,2.086493852050749818e+06,0.000000000000000000e+00,4.386594809702411294e+06,2.180569119062207699e+09,9.492804528518938241e+03,0.000000000000000000e+00,7.531525625381618945e-10
-1.698477718624855995e+09,-4.882156331319732070e+08,-2.759052378921954585e+01,-6.369241694985250797e+04,-2.989395466366765904e+05,-6.167377200801087747e+04,7.221177375621228712e+05,2.085606487541180104e+06,0.000000000000000000e+00,4.384729235764501616e+06,2.179915746853349686e+09,9.484745477132264568e+03,0.000000000000000000e+00,7.552516763098538063e-10
-1.697966546657334089e+09,-4.880687002973375320e+08,-2.757043598286213992e+01,-6.368139431670570048e+04,-2.987597481784493430e+05,-6.163667805625756591e+04,7.218092208905508742e+05,2.084715435655489797e+06,0.000000000000000000e+00,4.382855909575160593e+06,2.179260495099527359e+09,9.476656698146201961e+03,0.000000000000000000e+00,7.571979949716478603e-10
-1.697454117789459229e+09,-4.879214061754180789e+08,-2.755029343624287463e+01,-6.367037410963293223e+04,-2.985795623666298925e+05,-6.159950419016236265e+04,7.214996190863335505e+05,2.083821249710674398e+06,0.000000000000000000e+00,4.380975994414816611e+06,2.178603635526035786e+09,9.468543221450472629e+03,0.000000000000000000e+00,7.589915185235440566e-10
-1.696940610990916729e+09,-4.877738022098088264e+08,-2.753010533527875126e+01,-6.365935553068925219e+04,-2.983990524279727833e+05,-6.156226345394271630e+04,7.211890950552746654e+05,2.082924400208125822e+06,0.000000000000000000e+00,4.379090479454350658e+06,2.177945396994790554e+09,9.460409315403961955e+03,0.000000000000000000e+00,7.606686267536133826e-10
-1.696425939546678066e+09,-4.876258634748766422e+08,-2.750986719149603843e+01,-6.364833942814024340e+04,-2.982181882784300833e+05,-6.152494964100354264e+04,7.208775665991365677e+05,2.082024649744484574e+06,0.000000000000000000e+00,4.377198865582613274e+06,2.177285668650516033e+09,9.452252860845745090e+03,0.000000000000000000e+00,7.622002158313989656e-10
-1.695910252793166637e+09,-4.874776328963399529e+08,-2.748958659421500528e+01,-6.363732521209200058e+04,-2.980370226852504420e+05,-6.148757363767724019e+04,7.205651676444996847e+05,2.081122385123909684e+06,0.000000000000000000e+00,4.375301966007422656e+06,2.176624641480964661e+09,9.444077377527915814e+03,0.000000000000000000e+00,7.636117516085505692e-10
-1.695393663189441681e+09,-4.873291427997750044e+08,-2.746926927338757451e+01,-6.362631244124782825e+04,-2.978555954176910454e+05,-6.145014364869992278e+04,7.202519993008945603e+05,2.080217898368993076e+06,0.000000000000000000e+00,4.373400394670099020e+06,2.175962459308581352e+09,9.435885522248145207e+03,0.000000000000000000e+00,7.649032340850680901e-10
-1.694876243174008608e+09,-4.871804140071275234e+08,-2.744891893299600127e+01,-6.361530092236732162e+04,-2.976739321647430188e+05,-6.141266497392905148e+04,7.199381267435078043e+05,2.079311377717447933e+06,0.000000000000000000e+00,4.371494547317110933e+06,2.175299214773746014e+09,9.427679005383502954e+03,0.000000000000000000e+00,7.661001291126012918e-10
-1.694358073957094431e+09,-4.870314698617134690e+08,-2.742853970740332770e+01,-6.360429035978525644e+04,-2.974920616598533816e+05,-6.137514354131920118e+04,7.196236228447111789e+05,2.078403033637850313e+06,0.000000000000000000e+00,4.369584866432562470e+06,2.174635011736631870e+09,9.419459741849435886e+03,0.000000000000000000e+00,7.671951607335358527e-10
-1.693839203232275724e+09,-4.868823240727207065e+08,-2.740813401158986906e+01,-6.359328072021142725e+04,-2.973100008578760317e+05,-6.133758284880101564e+04,7.193085297337174416e+05,2.077492987806976773e+06,0.000000000000000000e+00,4.367671607826801948e+06,2.173969911199699879e+09,9.411228838377048305e+03,0.000000000000000000e+00,7.681883289478719797e-10
-1.693319714223478794e+09,-4.867330005622891188e+08,-2.738770608824099639e+01,-6.358227162285416125e+04,-2.971277791389119811e+05,-6.129998895773930417e+04,7.189929225205967668e+05,2.076581457156280521e+06,0.000000000000000000e+00,4.365755227571332827e+06,2.173304019594000816e+09,9.402988265930805937e+03,0.000000000000000000e+00,7.691087375860661318e-10
-1.692799620078707457e+09,-4.865835031097212434e+08,-2.736725652842653034e+01,-6.357126335789464065e+04,-2.969454013105275808e+05,-6.126236285997591040e+04,7.186768103260148782e+05,2.075668468027891824e+06,0.000000000000000000e+00,4.363835781047219411e+06,2.172637353761839390e+09,9.394738268792678355e+03,0.000000000000000000e+00,7.699272828176617465e-10
-1.692279032015333414e+09,-4.864338636836786866e+08,-2.734679105818270273e+01,-6.356025517598698207e+04,-2.967629065019416739e+05,-6.122471262820162519e+04,7.183602955489138840e+05,2.074754316168455407e+06,0.000000000000000000e+00,4.361913890025138855e+06,2.171970055913112164e+09,9.386481527238380295e+03,0.000000000000000000e+00,7.706803444307298113e-10
-1.691757959424019098e+09,-4.862840849834421873e+08,-2.732631009541571387e+01,-6.354924737018565065e+04,-2.965802981622769730e+05,-6.118703897399979178e+04,7.180433845358500257e+05,2.073839019907972077e+06,0.000000000000000000e+00,4.359989593041648157e+06,2.171302138078838348e+09,9.378218205464119819e+03,0.000000000000000000e+00,7.713606464676559013e-10
-1.691236450026545525e+09,-4.861341807263065577e+08,-2.730581600853437152e+01,-6.353823984372142877e+04,-2.963975931474474492e+05,-6.114934537488888600e+04,7.177261186490531545e+05,2.072922698708034586e+06,0.000000000000000000e+00,4.358063141249941662e+06,2.170633661305267811e+09,9.369949392237540451e+03,0.000000000000000000e+00,7.719681889284402231e-10
-1.690714535676860809e+09,-4.859841600684681535e+08,-2.728531033351063328e+01,-6.352723273431009147e+04,-2.962148027438191930e+05,-6.111163415934227669e+04,7.174085241829575971e+05,2.072005428511719918e+06,0.000000000000000000e+00,4.356134694310931489e+06,2.169964666353712559e+09,9.361675774798382918e+03,0.000000000000000000e+00,7.725102477706968917e-10
-1.690192283871922970e+09,-4.858340424114591479e+08,-2.726479652778263585e+01,-6.351622560985537712e+04,-2.960319506826425786e+05,-6.107391022331882414e+04,7.170906629022425041e+05,2.071087387706579641e+06,0.000000000000000000e+00,4.354204627262345515e+06,2.169295239534056664e+09,9.353398968536146640e+03,0.000000000000000000e+00,7.729795470368116887e-10
-1.689669744835217714e+09,-4.856838421916718483e+08,-2.724427719837455442e+01,-6.350521815636141400e+04,-2.958490546271366766e+05,-6.103617721089091356e+04,7.167725816522949608e+05,2.070168711590555264e+06,0.000000000000000000e+00,4.352273224551336840e+06,2.168625445059364796e+09,9.345120190304905918e+03,0.000000000000000000e+00,7.734015525784343779e-10
-1.689146934023814440e+09,-4.855335638521336913e+08,-2.722375301313605434e+01,-6.349421071981392743e+04,-2.956661200764424284e+05,-6.099843625657811936e+04,7.164542910865324084e+05,2.069249430932641262e+06,0.000000000000000000e+00,4.350340550865908153e+06,2.167955302730335236e+09,9.336839711360909860e+03,0.000000000000000000e+00,7.737689884379506376e-10
-1.688623906235839367e+09,-4.853832231441857815e+08,-2.720322680496569845e+01,-6.348320279082330671e+04,-2.954831662597907707e+05,-6.096069132753437589e+04,7.161358421944719739e+05,2.068329692999774823e+06,0.000000000000000000e+00,4.348406915816550143e+06,2.167284882609918594e+09,9.328558868952921330e+03,0.000000000000000000e+00,7.740818546153604678e-10
-1.688100678920750141e+09,-4.852328250835534930e+08,-2.718269935307263196e+01,-6.347219470755298971e+04,-2.953001993455290794e+05,-6.092294369634224131e+04,7.158172478262915974e+05,2.067409534905591514e+06,0.000000000000000000e+00,4.346472397430079058e+06,2.166614207042764664e+09,9.320277985227643512e+03,0.000000000000000000e+00,7.743474270682781902e-10
