# time (s), these correspond to the rows in the concentrations_all_components_all_times_gas_particle_wall, particle_number_concentration and size_bin_radius output files
0.000000000000000000e+00
3.600000000000000000e+02
7.200000000000000000e+02
1.080000000000000000e+03
1.440000000000000000e+03
1.800000000000000000e+03
2.160000000000000000e+03
2.520000000000000000e+03
2.880000000000000000e+03
3.240000000000000000e+03
3.600000000000000000e+03
3.960000000000000000e+03
4.320000000000000000e+03
4.680000000000000000e+03
5.040000000000000000e+03
5.400000000000000000e+03
5.760000000000000000e+03
6.120000000000000000e+03
6.480000000000000000e+03
6.840000000000000000e+03
7.200000000000000000e+03
7.560000000000000000e+03
7.920000000000000000e+03
8.280000000000000000e+03
8.640000000000000000e+03
9.000000000000000000e+03
9.360000000000000000e+03
9.720000000000000000e+03
1.008000000000000000e+04
1.044000000000000000e+04
1.080000000000000000e+04
1.116000000000000000e+04
1.152000000000000000e+04
1.188000000000000000e+04
1.224000000000000000e+04
1.260000000000000000e+04
1.296000000000000000e+04
1.332000000000000000e+04
1.368000000000000000e+04
1.404000000000000000e+04
1.440000000000000000e+04
1.460000000000000000e+04
