# the total concentration (ug/m3) of injected (through initial gas-phase concentration, instantaneous and/or continuous gas-phase influx) components, with component index (relative to all components) in the first row and its cumulative injected concentrations in following rows
1.000000000000000000e+00,1.000000000000000000e+01,2.100000000000000000e+01,2.000000000000000000e+00,3.000000000000000000e+00,1.200000000000000000e+01
0.000000000000000000e+00,2.664036943011951735e+02,1.333808527245032337e+03,4.531207917480552538e+01,8.988767387944407972e+01,0.000000000000000000e+00
0.000000000000000000e+00,2.664036943011951735e+02,1.333808527245032337e+03,4.531207917480552538e+01,8.988767387944407972e+01,0.000000000000000000e+00
0.000000000000000000e+00,2.664036943011951735e+02,1.333808527245032337e+03,4.531207917480552538e+01,8.988767387944407972e+01,0.000000000000000000e+00
0.000000000000000000e+00,2.664036943011951735e+02,1.333808527245032337e+03,4.531207917480552538e+01,8.988767387944407972e+01,0.000000000000000000e+00
0.000000000000000000e+00,2.664036943011951735e+02,1.333808527245032337e+03,4.531207917480552538e+01,8.988767387944407972e+01,0.000000000000000000e+00
0.000000000000000000e+00,2.664036943011951735e+02,1.333808527245032337e+03,4.531207917480552538e+01,8.988767387944407972e+01,0.000000000000000000e+00
0.000000000000000000e+00,2.664036943011951735e+02,1.333808527245032337e+03,4.531207917480552538e+01,8.988767387944407972e+01,0.000000000000000000e+00
0.000000000000000000e+00,2.664036943011951735e+02,1.333808527245032337e+03,4.531207917480552538e+01,8.988767387944407972e+01,0.000000000000000000e+00
0.000000000000000000e+00,2.664036943011951735e+02,1.333808527245032337e+03,4.531207917480552538e+01,8.988767387944407972e+01,0.000000000000000000e+00
0.000000000000000000e+00,2.664036943011951735e+02,1.333808527245032337e+03,4.531207917480552538e+01,8.988767387944407972e+01,0.000000000000000000e+00
0.000000000000000000e+00,2.664036943011951735e+02,1.333808527245032337e+03,4.531207917480552538e+01,8.988767387944407972e+01,0.000000000000000000e+00
0.000000000000000000e+00,2.664036943011951735e+02,1.333808527245032337e+03,4.531207917480552538e+01,8.988767387944407972e+01,0.000000000000000000e+00
0.000000000000000000e+00,2.664036943011951735e+02,1.333808527245032337e+03,4.531207917480552538e+01,8.988767387944407972e+01,0.000000000000000000e+00
0.000000000000000000e+00,2.664036943011951735e+02,1.333808527245032337e+03,4.531207917480552538e+01,8.988767387944407972e+01,0.000000000000000000e+00
0.000000000000000000e+00,2.664036943011951735e+02,1.333808527245032337e+03,4.531207917480552538e+01,8.988767387944407972e+01,0.000000000000000000e+00
0.000000000000000000e+00,2.664036943011951735e+02,1.333808527245032337e+03,4.531207917480552538e+01,8.988767387944407972e+01,0.000000000000000000e+00
0.000000000000000000e+00,2.664036943011951735e+02,1.333808527245032337e+03,4.531207917480552538e+01,8.988767387944407972e+01,0.000000000000000000e+00
0.000000000000000000e+00,2.664036943011951735e+02,1.333808527245032337e+03,4.531207917480552538e+01,8.988767387944407972e+01,0.000000000000000000e+00
0.000000000000000000e+00,2.664036943011951735e+02,1.333808527245032337e+03,4.531207917480552538e+01,8.988767387944407972e+01,0.000000000000000000e+00
0.000000000000000000e+00,2.664036943011951735e+02,1.333808527245032337e+03,4.531207917480552538e+01,8.988767387944407972e+01,0.000000000000000000e+00
0.000000000000000000e+00,2.664036943011951735e+02,1.333808527245032337e+03,4.531207917480552538e+01,8.988767387944407972e+01,0.000000000000000000e+00
0.000000000000000000e+00,2.664036943011951735e+02,1.333808527245032337e+03,4.531207917480552538e+01,8.988767387944407972e+01,0.000000000000000000e+00
0.000000000000000000e+00,2.664036943011951735e+02,1.333808527245032337e+03,4.531207917480552538e+01,8.988767387944407972e+01,0.000000000000000000e+00
0.000000000000000000e+00,2.664036943011951735e+02,1.333808527245032337e+03,4.531207917480552538e+01,8.988767387944407972e+01,0.000000000000000000e+00
0.000000000000000000e+00,2.664036943011951735e+02,1.333808527245032337e+03,4.531207917480552538e+01,8.988767387944407972e+01,0.000000000000000000e+00
0.000000000000000000e+00,2.664036943011951735e+02,1.333808527245032337e+03,4.531207917480552538e+01,8.988767387944407972e+01,0.000000000000000000e+00
0.000000000000000000e+00,2.664036943011951735e+02,1.333808527245032337e+03,4.531207917480552538e+01,8.988767387944407972e+01,0.000000000000000000e+00
0.000000000000000000e+00,2.664036943011951735e+02,1.333808527245032337e+03,4.531207917480552538e+01,8.988767387944407972e+01,0.000000000000000000e+00
0.000000000000000000e+00,2.664036943011951735e+02,1.333808527245032337e+03,4.531207917480552538e+01,8.988767387944407972e+01,0.000000000000000000e+00
0.000000000000000000e+00,2.664036943011951735e+02,1.333808527245032337e+03,4.531207917480552538e+01,8.988767387944407972e+01,0.000000000000000000e+00
0.000000000000000000e+00,2.664036943011951735e+02,1.333808527245032337e+03,4.531207917480552538e+01,8.988767387944407972e+01,0.000000000000000000e+00
0.000000000000000000e+00,2.664036943011951735e+02,1.333808527245032337e+03,4.531207917480552538e+01,8.988767387944407972e+01,0.000000000000000000e+00
0.000000000000000000e+00,2.664036943011951735e+02,1.333808527245032337e+03,4.531207917480552538e+01,8.988767387944407972e+01,0.000000000000000000e+00
0.000000000000000000e+00,2.664036943011951735e+02,1.333808527245032337e+03,4.531207917480552538e+01,8.988767387944407972e+01,0.000000000000000000e+00
0.000000000000000000e+00,2.664036943011951735e+02,1.333808527245032337e+03,4.531207917480552538e+01,8.988767387944407972e+01,0.000000000000000000e+00
0.000000000000000000e+00,2.664036943011951735e+02,1.333808527245032337e+03,4.531207917480552538e+01,8.988767387944407972e+01,0.000000000000000000e+00
0.000000000000000000e+00,2.664036943011951735e+02,1.333808527245032337e+03,4.531207917480552538e+01,8.988767387944407972e+01,0.000000000000000000e+00
0.000000000000000000e+00,2.664036943011951735e+02,1.333808527245032337e+03,4.531207917480552538e+01,8.988767387944407972e+01,0.000000000000000000e+00
0.000000000000000000e+00,2.664036943011951735e+02,1.333808527245032337e+03,4.531207917480552538e+01,8.988767387944407972e+01,0.000000000000000000e+00
0.000000000000000000e+00,2.664036943011951735e+02,1.333808527245032337e+03,4.531207917480552538e+01,8.988767387944407972e+01,0.000000000000000000e+00
0.000000000000000000e+00,2.664036943011951735e+02,1.333808527245032337e+03,4.531207917480552538e+01,8.988767387944407972e+01,0.000000000000000000e+00
0.000000000000000000e+00,2.664036943011951735e+02,1.333808527245032337e+03,4.531207917480552538e+01,8.988767387944407972e+01,0.000000000000000000e+00
