# the total concentration (ug/m3) of injected (through initial gas-phase concentration, instantaneous and/or continuous gas-phase influx) components, with component index (relative to all components) in the first row and its cumulative injected concentrations in following rows
3.000000000000000000e+00,2.000000000000000000e+00,1.000000000000000000e+01,3.000000000000000000e+01,1.000000000000000000e+00,2.900000000000000000e+01,5.700000000000000000e+01,5.500000000000000000e+01,7.000000000000000000e+00,1.200000000000000000e+01,8.000000000000000000e+00,2.000000000000000000e+01,3.100000000000000000e+01
3.506861925624586718e+01,1.220216082711625177e+03,5.681829684044492751e+03,1.905236255882623020e-01,1.218389242233142866e+01,7.098633602189302110e+03,2.150295305780370453e-02,4.754337371966316255e+02,3.148625726898705152e-02,2.493593304344160970e+03,1.381102334496046857e-01,0.000000000000000000e+00,0.000000000000000000e+00
3.506861925624586718e+01,1.220216082711625177e+03,5.681829684044492751e+03,1.905236255882623020e-01,1.218389242233142866e+01,7.098633602189302110e+03,2.150295305780370453e-02,4.754337371966316255e+02,3.148625726898705152e-02,2.493593304344160970e+03,1.381102334496046857e-01,0.000000000000000000e+00,0.000000000000000000e+00
3.506861925624586718e+01,1.220216082711625177e+03,5.681829684044492751e+03,1.905236255882623020e-01,1.218389242233142866e+01,7.098633602189302110e+03,2.150295305780370453e-02,4.754337371966316255e+02,3.148625726898705152e-02,2.493593304344160970e+03,1.381102334496046857e-01,0.000000000000000000e+00,0.000000000000000000e+00
3.506861925624586718e+01,1.220216082711625177e+03,5.681829684044492751e+03,1.905236255882623020e-01,1.218389242233142866e+01,7.098633602189302110e+03,2.150295305780370453e-02,4.754337371966316255e+02,3.148625726898705152e-02,2.493593304344160970e+03,1.381102334496046857e-01,0.000000000000000000e+00,0.000000000000000000e+00
3.506861925624586718e+01,1.220216082711625177e+03,5.681829684044492751e+03,1.905236255882623020e-01,1.218389242233142866e+01,7.098633602189302110e+03,2.150295305780370453e-02,4.754337371966316255e+02,3.148625726898705152e-02,2.493593304344160970e+03,1.381102334496046857e-01,0.000000000000000000e+00,0.000000000000000000e+00
3.506861925624586718e+01,1.220216082711625177e+03,5.681829684044492751e+03,1.905236255882623020e-01,1.218389242233142866e+01,7.098633602189302110e+03,2.150295305780370453e-02,4.754337371966316255e+02,3.148625726898705152e-02,2.493593304344160970e+03,1.381102334496046857e-01,0.000000000000000000e+00,0.000000000000000000e+00
3.506861925624586718e+01,1.220216082711625177e+03,5.681829684044492751e+03,1.905236255882623020e-01,1.218389242233142866e+01,7.098633602189302110e+03,2.150295305780370453e-02,4.754337371966316255e+02,3.148625726898705152e-02,2.493593304344160970e+03,1.381102334496046857e-01,0.000000000000000000e+00,0.000000000000000000e+00
3.506861925624586718e+01,1.220216082711625177e+03,5.681829684044492751e+03,1.905236255882623020e-01,1.218389242233142866e+01,7.098633602189302110e+03,2.150295305780370453e-02,4.754337371966316255e+02,3.148625726898705152e-02,2.493593304344160970e+03,1.381102334496046857e-01,0.000000000000000000e+00,0.000000000000000000e+00
3.506861925624586718e+01,1.220216082711625177e+03,5.681829684044492751e+03,1.905236255882623020e-01,1.218389242233142866e+01,7.098633602189302110e+03,2.150295305780370453e-02,4.754337371966316255e+02,3.148625726898705152e-02,2.493593304344160970e+03,1.381102334496046857e-01,0.000000000000000000e+00,0.000000000000000000e+00
3.506861925624586718e+01,1.220216082711625177e+03,5.681829684044492751e+03,1.905236255882623020e-01,1.218389242233142866e+01,7.098633602189302110e+03,2.150295305780370453e-02,4.754337371966316255e+02,3.148625726898705152e-02,2.493593304344160970e+03,1.381102334496046857e-01,0.000000000000000000e+00,0.000000000000000000e+00
3.506861925624586718e+01,1.220216082711625177e+03,5.681829684044492751e+03,1.905236255882623020e-01,1.218389242233142866e+01,7.098633602189302110e+03,2.150295305780370453e-02,4.754337371966316255e+02,3.148625726898705152e-02,2.493593304344160970e+03,1.381102334496046857e-01,0.000000000000000000e+00,0.000000000000000000e+00
3.506861925624586718e+01,1.220216082711625177e+03,5.681829684044492751e+03,1.905236255882623020e-01,1.218389242233142866e+01,7.098633602189302110e+03,2.150295305780370453e-02,4.754337371966316255e+02,3.148625726898705152e-02,2.493593304344160970e+03,1.381102334496046857e-01,0.000000000000000000e+00,0.000000000000000000e+00
3.506861925624586718e+01,1.220216082711625177e+03,5.681829684044492751e+03,1.905236255882623020e-01,1.218389242233142866e+01,7.098633602189302110e+03,2.150295305780370453e-02,4.754337371966316255e+02,3.148625726898705152e-02,2.493593304344160970e+03,1.381102334496046857e-01,2.388225852853394504e-01,3.402027925592227575e+01
3.506861925624586718e+01,1.220216082711625177e+03,5.681829684044492751e+03,1.905236255882623020e-01,1.218389242233142866e+01,7.098633602189302110e+03,2.150295305780370453e-02,4.754337371966316255e+02,3.148625726898705152e-02,2.493593304344160970e+03,1.381102334496046857e-01,2.388225852853394504e-01,3.402027925592227575e+01
3.506861925624586718e+01,1.220216082711625177e+03,5.681829684044492751e+03,1.905236255882623020e-01,1.218389242233142866e+01,7.098633602189302110e+03,2.150295305780370453e-02,4.754337371966316255e+02,3.148625726898705152e-02,2.493593304344160970e+03,1.381102334496046857e-01,2.388225852853394504e-01,3.402027925592227575e+01
3.506861925624586718e+01,1.220216082711625177e+03,5.681829684044492751e+03,1.905236255882623020e-01,1.218389242233142866e+01,7.098633602189302110e+03,2.150295305780370453e-02,4.754337371966316255e+02,3.148625726898705152e-02,2.493593304344160970e+03,1.381102334496046857e-01,2.388225852853394504e-01,3.402027925592227575e+01
3.506861925624586718e+01,1.220216082711625177e+03,5.681829684044492751e+03,1.905236255882623020e-01,1.218389242233142866e+01,7.098633602189302110e+03,2.150295305780370453e-02,4.754337371966316255e+02,3.148625726898705152e-02,2.493593304344160970e+03,1.381102334496046857e-01,2.388225852853394504e-01,3.402027925592227575e+01
3.506861925624586718e+01,1.220216082711625177e+03,5.681829684044492751e+03,1.905236255882623020e-01,1.218389242233142866e+01,7.098633602189302110e+03,2.150295305780370453e-02,4.754337371966316255e+02,3.148625726898705152e-02,2.493593304344160970e+03,1.381102334496046857e-01,2.388225852853394504e-01,3.402027925592227575e+01
3.506861925624586718e+01,1.220216082711625177e+03,5.681829684044492751e+03,1.905236255882623020e-01,1.218389242233142866e+01,7.098633602189302110e+03,2.150295305780370453e-02,4.754337371966316255e+02,3.148625726898705152e-02,2.493593304344160970e+03,1.381102334496046857e-01,2.388225852853394504e-01,3.402027925592227575e+01
3.506861925624586718e+01,1.220216082711625177e+03,5.681829684044492751e+03,1.905236255882623020e-01,1.218389242233142866e+01,7.098633602189302110e+03,2.150295305780370453e-02,4.754337371966316255e+02,3.148625726898705152e-02,2.493593304344160970e+03,1.381102334496046857e-01,2.388225852853394504e-01,3.402027925592227575e+01
3.506861925624586718e+01,1.220216082711625177e+03,5.681829684044492751e+03,1.905236255882623020e-01,1.218389242233142866e+01,7.098633602189302110e+03,2.150295305780370453e-02,4.754337371966316255e+02,3.148625726898705152e-02,2.493593304344160970e+03,1.381102334496046857e-01,2.388225852853394504e-01,3.402027925592227575e+01
3.506861925624586718e+01,1.220216082711625177e+03,5.681829684044492751e+03,1.905236255882623020e-01,1.218389242233142866e+01,7.098633602189302110e+03,2.150295305780370453e-02,4.754337371966316255e+02,3.148625726898705152e-02,2.493593304344160970e+03,1.381102334496046857e-01,2.388225852853394504e-01,3.402027925592227575e+01
3.506861925624586718e+01,1.220216082711625177e+03,5.681829684044492751e+03,1.905236255882623020e-01,1.218389242233142866e+01,7.098633602189302110e+03,2.150295305780370453e-02,4.754337371966316255e+02,3.148625726898705152e-02,2.493593304344160970e+03,1.381102334496046857e-01,2.388225852853394504e-01,3.402027925592227575e+01
3.506861925624586718e+01,1.220216082711625177e+03,5.681829684044492751e+03,1.905236255882623020e-01,1.218389242233142866e+01,7.098633602189302110e+03,2.150295305780370453e-02,4.754337371966316255e+02,3.148625726898705152e-02,2.493593304344160970e+03,1.381102334496046857e-01,2.388225852853394504e-01,3.402027925592227575e+01
3.506861925624586718e+01,1.220216082711625177e+03,5.681829684044492751e+03,1.905236255882623020e-01,1.218389242233142866e+01,7.098633602189302110e+03,2.150295305780370453e-02,4.754337371966316255e+02,3.148625726898705152e-02,2.493593304344160970e+03,1.381102334496046857e-01,2.388225852853394504e-01,3.402027925592227575e+01
3.506861925624586718e+01,1.220216082711625177e+03,5.681829684044492751e+03,1.905236255882623020e-01,1.218389242233142866e+01,7.098633602189302110e+03,2.150295305780370453e-02,4.754337371966316255e+02,3.148625726898705152e-02,2.493593304344160970e+03,1.381102334496046857e-01,2.388225852853394504e-01,3.402027925592227575e+01
3.506861925624586718e+01,1.220216082711625177e+03,5.681829684044492751e+03,1.905236255882623020e-01,1.218389242233142866e+01,7.098633602189302110e+03,2.150295305780370453e-02,4.754337371966316255e+02,3.148625726898705152e-02,2.493593304344160970e+03,1.381102334496046857e-01,2.388225852853394504e-01,3.402027925592227575e+01
3.506861925624586718e+01,1.220216082711625177e+03,5.681829684044492751e+03,1.905236255882623020e-01,1.218389242233142866e+01,7.098633602189302110e+03,2.150295305780370453e-02,4.754337371966316255e+02,3.148625726898705152e-02,2.493593304344160970e+03,1.381102334496046857e-01,2.388225852853394504e-01,3.402027925592227575e+01
3.506861925624586718e+01,1.220216082711625177e+03,5.681829684044492751e+03,1.905236255882623020e-01,1.218389242233142866e+01,7.098633602189302110e+03,2.150295305780370453e-02,4.754337371966316255e+02,3.148625726898705152e-02,2.493593304344160970e+03,1.381102334496046857e-01,2.388225852853394504e-01,3.402027925592227575e+01
3.506861925624586718e+01,1.220216082711625177e+03,5.681829684044492751e+03,1.905236255882623020e-01,1.218389242233142866e+01,7.098633602189302110e+03,2.150295305780370453e-02,4.754337371966316255e+02,3.148625726898705152e-02,2.493593304344160970e+03,1.381102334496046857e-01,2.388225852853394504e-01,3.402027925592227575e+01
3.506861925624586718e+01,1.220216082711625177e+03,5.681829684044492751e+03,1.905236255882623020e-01,1.218389242233142866e+01,7.098633602189302110e+03,2.150295305780370453e-02,4.754337371966316255e+02,3.148625726898705152e-02,2.493593304344160970e+03,1.381102334496046857e-01,2.388225852853394504e-01,3.402027925592227575e+01
