# particle_number_conc
0.000000000000000000e+00,0.000000000000000000e+00
0.000000000000000000e+00,0.000000000000000000e+00
0.000000000000000000e+00,0.000000000000000000e+00
0.000000000000000000e+00,0.000000000000000000e+00
0.000000000000000000e+00,0.000000000000000000e+00
1.617344898597134151e+00,0.000000000000000000e+00
1.262466472276526019e+02,0.000000000000000000e+00
6.003337145023887160e+02,0.000000000000000000e+00
1.833907707032561348e+03,0.000000000000000000e+00
4.079358639878815666e+03,0.000000000000000000e+00
7.227630070489562058e+03,0.000000000000000000e+00
1.087623670260424842e+04,0.000000000000000000e+00
1.455539576091933850e+04,0.000000000000000000e+00
1.790461714665128966e+04,0.000000000000000000e+00
2.072950609433349746e+04,0.000000000000000000e+00
2.297640978112583980e+04,0.000000000000000000e+00
2.468034193425098056e+04,0.000000000000000000e+00
2.591857606559506894e+04,0.000000000000000000e+00
2.677978511211421574e+04,0.000000000000000000e+00
2.734735692047260818e+04,0.000000000000000000e+00
2.769233915220920244e+04,0.000000000000000000e+00
2.787186402754856681e+04,0.000000000000000000e+00
2.793021602752394392e+04,0.000000000000000000e+00
2.790089433907263447e+04,0.000000000000000000e+00
2.780881751578281182e+04,0.000000000000000000e+00
2.767230500162317912e+04,0.000000000000000000e+00
2.750471128490049159e+04,0.000000000000000000e+00
2.731571093944824315e+04,0.000000000000000000e+00
2.711227882270654663e+04,0.000000000000000000e+00
2.689942311975066696e+04,0.000000000000000000e+00
2.668072693065006388e+04,0.000000000000000000e+00
2.645874448646610836e+04,0.000000000000000000e+00
2.623528922778018750e+04,0.000000000000000000e+00
2.601164268148383053e+04,0.000000000000000000e+00
2.578870395586768427e+04,0.000000000000000000e+00
2.556709917940560263e+04,0.000000000000000000e+00
2.534725894557197535e+04,0.000000000000000000e+00
2.512947427319766211e+04,0.000000000000000000e+00
2.491393694789371148e+04,0.000000000000000000e+00
2.470076766793674688e+04,0.000000000000000000e+00
2.448922924435608365e+04,0.000000000000000000e+00
2.428178910716495375e+04,0.000000000000000000e+00
2.407560129225211494e+04,0.000000000000000000e+00
2.387201284425649646e+04,0.000000000000000000e+00
2.367096997239983830e+04,0.000000000000000000e+00
2.347349788486834223e+04,0.000000000000000000e+00
2.327737957820989322e+04,0.000000000000000000e+00
2.308365558536691969e+04,0.000000000000000000e+00
2.289227853818924268e+04,0.000000000000000000e+00
2.270320249849249376e+04,0.000000000000000000e+00
2.251638291496289821e+04,0.000000000000000000e+00
2.233177651311153750e+04,0.000000000000000000e+00
2.214934148216911490e+04,0.000000000000000000e+00
2.196903690185950472e+04,0.000000000000000000e+00
2.179082332214948838e+04,0.000000000000000000e+00
2.161466225054410097e+04,0.000000000000000000e+00
2.144051629109127680e+04,0.000000000000000000e+00
2.126845429423196401e+04,0.000000000000000000e+00
2.109843386387403734e+04,0.000000000000000000e+00
2.093041398142553226e+04,0.000000000000000000e+00
2.076435492702837291e+04,0.000000000000000000e+00
2.060021821516883210e+04,0.000000000000000000e+00
2.043796655144854230e+04,0.000000000000000000e+00
2.027756377533115301e+04,0.000000000000000000e+00
2.011897481558804793e+04,0.000000000000000000e+00
1.996216564558002210e+04,0.000000000000000000e+00
1.980710323950534803e+04,0.000000000000000000e+00
1.965375545666976905e+04,0.000000000000000000e+00
1.950209116801790151e+04,0.000000000000000000e+00
1.935208012409155708e+04,0.000000000000000000e+00
1.920369292548216254e+04,0.000000000000000000e+00
1.905690099052619553e+04,0.000000000000000000e+00
1.891167652435338459e+04,0.000000000000000000e+00
1.876799249456428879e+04,0.000000000000000000e+00
1.862582259207793322e+04,0.000000000000000000e+00
1.848514120913281658e+04,0.000000000000000000e+00
1.834592341370886425e+04,0.000000000000000000e+00
1.820814492492808495e+04,0.000000000000000000e+00
1.721236423938537337e+04,8.594178448640525403e+02
1.705195722738485347e+04,8.848546166135679414e+02
1.689370086595864632e+04,9.095108728549232637e+02
1.673755264382453970e+04,9.334072242961536858e+02
1.658347122647045035e+04,9.565636557354731622e+02
1.643141639140820917e+04,9.789995601225567725e+02
1.628134900721482154e+04,1.000733750968743266e+03
1.613323097900046923e+04,1.021784491145848165e+03
1.598702521879016967e+04,1.042169509360038546e+03
1.584269560931166598e+04,1.061906019794682152e+03
1.570020698218339749e+04,1.081010734631992364e+03
1.555952508451204631e+04,1.099499882202479057e+03
1.542061654275370529e+04,1.117389226354141783e+03
1.528344883368659430e+04,1.134694082255302874e+03
1.514799026512229830e+04,1.151429327417029299e+03
1.501420992886541535e+04,1.167609426110789173e+03
1.488207768663966272e+04,1.183248437673749322e+03
1.475156414597288858e+04,1.198360029682256936e+03
1.462264063647292460e+04,1.212957490866160242e+03
1.449527918697372661e+04,1.227053743538855770e+03
1.560856412859016564e+04,0.000000000000000000e+00
1.549583954152890510e+04,0.000000000000000000e+00
1.538414634047482286e+04,0.000000000000000000e+00
1.527347118572539694e+04,0.000000000000000000e+00
1.516380096262586267e+04,0.000000000000000000e+00
1.505512280081727476e+04,0.000000000000000000e+00
1.494742406817070150e+04,0.000000000000000000e+00
1.484069236456227372e+04,0.000000000000000000e+00
1.473491551658045319e+04,0.000000000000000000e+00
1.463008157905243752e+04,0.000000000000000000e+00
1.452617881863348885e+04,0.000000000000000000e+00
1.442319570822564856e+04,0.000000000000000000e+00
1.432112092600262258e+04,0.000000000000000000e+00
1.421994335001561922e+04,0.000000000000000000e+00
1.411965208253041055e+04,0.000000000000000000e+00
1.402023635986442605e+04,0.000000000000000000e+00
1.392168563466569867e+04,0.000000000000000000e+00
1.382398953991534290e+04,0.000000000000000000e+00
1.372713788601924352e+04,0.000000000000000000e+00
1.363112065665981754e+04,0.000000000000000000e+00
1.353592800477904711e+04,0.000000000000000000e+00
1.344155024869955014e+04,0.000000000000000000e+00
1.334797786835997067e+04,0.000000000000000000e+00
1.000000000000000083e-30,1.325520150165665837e+04
1.000000000000000083e-30,1.316321194088804259e+04
1.000000000000000083e-30,1.307200012929869627e+04
1.000000000000000083e-30,1.298155715772021176e+04
1.000000000000000083e-30,1.289187426130593485e+04
1.000000000000000083e-30,1.280294281635659172e+04
1.000000000000000083e-30,1.271475433723401147e+04
1.000000000000000083e-30,1.262730047389075844e+04
1.000000000000000083e-30,1.254057300919427325e+04
1.000000000000000083e-30,1.245456385794411653e+04
1.000000000000000083e-30,1.236926505809087394e+04
1.000000000000000083e-30,1.228466877146182924e+04
1.000000000000000083e-30,1.220076728122738496e+04
1.000000000000000083e-30,1.211755298936757572e+04
1.000000000000000083e-30,1.203501841419087214e+04
1.000000000000000083e-30,1.195315618915706727e+04
1.000000000000000083e-30,1.187195905806778865e+04
1.000000000000000083e-30,1.179141987383343076e+04
1.000000000000000083e-30,1.171153159631049311e+04
1.000000000000000083e-30,1.163228729013431257e+04
1.000000000000000083e-30,1.155368012260078285e+04
1.000000000000000083e-30,1.147570336160089573e+04
1.000000000000000083e-30,1.139835037360730348e+04
1.000000000000000083e-30,1.132161462171161475e+04
1.000000000000000083e-30,1.124548966438533716e+04
1.000000000000000083e-30,1.116996915375924073e+04
1.000000000000000083e-30,1.109504683305660183e+04
1.000000000000000083e-30,1.102071653480909845e+04
1.000000000000000083e-30,1.094697218008641175e+04
1.000000000000000083e-30,1.087380777439886515e+04
1.000000000000000083e-30,1.080121740755846804e+04
1.000000000000000083e-30,1.072919525220290052e+04
1.000000000000000083e-30,1.065773556217264377e+04
1.000000000000000083e-30,1.058683267097578937e+04
1.000000000000000083e-30,1.051648099029738114e+04
1.000000000000000083e-30,1.044667500854538048e+04
1.000000000000000083e-30,1.037740928943152539e+04
1.000000000000000083e-30,1.030867847058583357e+04
1.000000000000000083e-30,1.024047726220370168e+04
1.000000000000000083e-30,1.017280044572462793e+04
1.000000000000000083e-30,1.010564287322822383e+04
1.000000000000000083e-30,1.003899946483263011e+04
1.000000000000000083e-30,9.972865208059207362e+03
1.000000000000000083e-30,9.907235156670683864e+03
1.000000000000000083e-30,9.842104429500155675e+03
1.000000000000000083e-30,9.777468209302214746e+03
1.000000000000000083e-30,9.713321741629270036e+03
1.000000000000000083e-30,9.649660333733025254e+03
1.000000000000000083e-30,9.586479353490483845e+03
1.000000000000000083e-30,9.523774228353824583e+03
1.000000000000000083e-30,9.461540444323461998e+03
1.000000000000000083e-30,9.399773544943664092e+03
1.000000000000000083e-30,9.338469130320101613e+03
1.000000000000000083e-30,9.277622856158766808e+03
1.000000000000000083e-30,9.217230432825706885e+03
1.000000000000000083e-30,9.157287624427039191e+03
1.000000000000000083e-30,9.097790247908778838e+03
1.000000000000000083e-30,9.038734172273274453e+03
1.000000000000000083e-30,8.980115317900879745e+03
1.000000000000000083e-30,8.921929655438920236e+03
1.000000000000000083e-30,8.864173204963073658e+03
1.000000000000000083e-30,8.806842035165247580e+03
1.000000000000000083e-30,8.749932262561613243e+03
1.000000000000000083e-30,8.693440050717801569e+03
1.000000000000000083e-30,8.637361609490117189e+03
1.000000000000000083e-30,8.581693194772831703e+03
1.000000000000000083e-30,8.526431106652087692e+03
1.000000000000000083e-30,8.471571689281334329e+03
1.000000000000000083e-30,8.417111330238882147e+03
1.000000000000000083e-30,8.363046459851464533e+03
1.000000000000000083e-30,8.309373550523427184e+03
1.000000000000000083e-30,8.256089116077650033e+03
1.000000000000000083e-30,8.203189711109278505e+03
1.000000000000000083e-30,8.150671930686326959e+03
1.000000000000000083e-30,8.098532409094012110e+03
1.000000000000000083e-30,8.046767819482030973e+03
1.000000000000000083e-30,7.995374873288596064e+03
1.000000000000000083e-30,7.944350319659362867e+03
1.000000000000000083e-30,7.893690944875267633e+03
1.000000000000000083e-30,7.843393571814715870e+03
1.000000000000000083e-30,7.793455059388872542e+03
1.000000000000000083e-30,7.743872302000941090e+03
1.000000000000000083e-30,7.694642229016289093e+03
1.000000000000000083e-30,7.645761804246241809e+03
1.000000000000000083e-30,7.597228025497600356e+03
1.000000000000000083e-30,7.549037924021897197e+03
1.000000000000000083e-30,7.501188564021953425e+03
1.000000000000000083e-30,7.453677042169311790e+03
1.000000000000000083e-30,7.406500487131426780e+03
1.000000000000000083e-30,7.359656059202576216e+03
1.000000000000000083e-30,7.313140949762837408e+03
1.000000000000000083e-30,7.266952380821494444e+03
1.000000000000000083e-30,7.221087604576052399e+03
1.000000000000000083e-30,7.175543902981022256e+03
1.000000000000000083e-30,7.130318587325056797e+03
1.000000000000000083e-30,7.085408997815871771e+03
1.000000000000000083e-30,7.040812503172652214e+03
1.000000000000000083e-30,6.996526500225734708e+03
1.000000000000000083e-30,6.952548413523438285e+03
1.000000000000000083e-30,6.908875694945863870e+03
1.000000000000000083e-30,6.865505823325528581e+03
1.000000000000000083e-30,6.822436304074693908e+03
1.000000000000000083e-30,6.779664668819234066e+03
1.000000000000000083e-30,6.737188475038909928e+03
1.000000000000000083e-30,6.695005305985134328e+03
1.000000000000000083e-30,6.653112769775422748e+03
1.000000000000000083e-30,6.611508499305915393e+03
1.000000000000000083e-30,6.570190151945786056e+03
1.000000000000000083e-30,6.529155409214011343e+03
1.000000000000000083e-30,6.488401976335758263e+03
1.000000000000000083e-30,6.447927582162476028e+03
1.000000000000000083e-30,6.407729978914244384e+03
1.000000000000000083e-30,6.367806941559488223e+03
1.000000000000000083e-30,6.328156267632683921e+03
1.000000000000000083e-30,6.288775776947390113e+03
1.000000000000000083e-30,6.249663311305768730e+03
1.000000000000000083e-30,6.210816734211389303e+03
1.000000000000000083e-30,6.172233930586343376e+03
1.000000000000000083e-30,6.133912806492900017e+03
1.000000000000000083e-30,6.095851288859713350e+03
