# time (s)
0.000000000000000000e+00
6.187500000000000000e+01
1.218750000000000000e+02
1.893750000000000000e+02
2.493750000000000000e+02
3.093750000000000000e+02
4.143750000000000000e+02
4.743750000000000000e+02
5.343750000000000000e+02
5.943750000000000000e+02
6.543750000000000000e+02
7.143750000000000000e+02
7.743750000000000000e+02
8.343750000000000000e+02
8.943750000000000000e+02
9.543750000000000000e+02
1.014375000000000000e+03
1.074375000000000000e+03
1.134375000000000000e+03
1.194375000000000000e+03
1.254375000000000000e+03
1.314375000000000000e+03
1.374375000000000000e+03
1.434375000000000000e+03
1.494375000000000000e+03
1.554375000000000000e+03
1.614375000000000000e+03
1.674375000000000000e+03
1.734375000000000000e+03
1.794375000000000000e+03
1.854375000000000000e+03
1.914375000000000000e+03
1.974375000000000000e+03
2.034375000000000000e+03
2.094375000000000000e+03
2.154375000000000000e+03
2.214375000000000000e+03
2.274375000000000000e+03
2.334375000000000000e+03
2.394375000000000000e+03
2.454375000000000000e+03
2.514375000000000000e+03
2.574375000000000000e+03
2.634375000000000000e+03
2.694375000000000000e+03
2.754375000000000000e+03
2.814375000000000000e+03
2.874375000000000000e+03
2.934375000000000000e+03
2.994375000000000000e+03
3.054375000000000000e+03
3.114375000000000000e+03
3.174375000000000000e+03
3.234375000000000000e+03
3.294375000000000000e+03
3.354375000000000000e+03
3.414375000000000000e+03
3.474375000000000000e+03
3.534375000000000000e+03
3.594375000000000000e+03
3.654375000000000000e+03
3.714375000000000000e+03
3.774375000000000000e+03
3.834375000000000000e+03
3.894375000000000000e+03
3.954375000000000000e+03
4.014375000000000000e+03
4.074375000000000000e+03
4.134375000000000000e+03
4.194375000000000000e+03
4.254375000000000000e+03
4.314375000000000000e+03
4.374375000000000000e+03
4.434375000000000000e+03
4.494375000000000000e+03
4.554375000000000000e+03
4.614375000000000000e+03
4.674375000000000000e+03
4.734375000000000000e+03
4.794375000000000000e+03
4.854375000000000000e+03
4.914375000000000000e+03
4.974375000000000000e+03
5.034375000000000000e+03
5.094375000000000000e+03
5.154375000000000000e+03
5.214375000000000000e+03
5.274375000000000000e+03
5.334375000000000000e+03
5.394375000000000000e+03
5.454375000000000000e+03
5.514375000000000000e+03
5.574375000000000000e+03
5.634375000000000000e+03
5.694375000000000000e+03
5.754375000000000000e+03
5.814375000000000000e+03
5.874375000000000000e+03
5.934375000000000000e+03
5.994375000000000000e+03
6.054375000000000000e+03
6.114375000000000000e+03
6.174375000000000000e+03
6.234375000000000000e+03
6.294375000000000000e+03
6.354375000000000000e+03
6.414375000000000000e+03
6.474375000000000000e+03
6.534375000000000000e+03
6.594375000000000000e+03
6.654375000000000000e+03
6.714375000000000000e+03
6.774375000000000000e+03
6.834375000000000000e+03
6.894375000000000000e+03
6.954375000000000000e+03
7.014375000000000000e+03
7.074375000000000000e+03
7.134375000000000000e+03
7.194375000000000000e+03
7.254375000000000000e+03
7.314375000000000000e+03
7.374375000000000000e+03
7.434375000000000000e+03
7.494375000000000000e+03
7.554375000000000000e+03
7.614375000000000000e+03
7.674375000000000000e+03
7.734375000000000000e+03
7.794375000000000000e+03
7.854375000000000000e+03
7.914375000000000000e+03
7.974375000000000000e+03
8.034375000000000000e+03
8.094375000000000000e+03
8.154375000000000000e+03
8.214375000000000000e+03
8.274375000000000000e+03
8.334375000000000000e+03
8.394375000000000000e+03
8.454375000000000000e+03
8.514375000000000000e+03
8.574375000000000000e+03
8.634375000000000000e+03
8.694375000000000000e+03
8.754375000000000000e+03
8.814375000000000000e+03
8.874375000000000000e+03
8.934375000000000000e+03
8.994375000000000000e+03
9.054375000000000000e+03
9.114375000000000000e+03
9.174375000000000000e+03
9.234375000000000000e+03
9.294375000000000000e+03
9.354375000000000000e+03
9.414375000000000000e+03
9.474375000000000000e+03
9.534375000000000000e+03
9.594375000000000000e+03
9.654375000000000000e+03
9.714375000000000000e+03
9.774375000000000000e+03
9.834375000000000000e+03
9.894375000000000000e+03
9.954375000000000000e+03
1.001437500000000000e+04
1.007437500000000000e+04
1.013437500000000000e+04
1.019437500000000000e+04
1.025437500000000000e+04
1.031437500000000000e+04
1.037437500000000000e+04
1.043437500000000000e+04
1.049437500000000000e+04
1.055437500000000000e+04
1.061437500000000000e+04
1.067437500000000000e+04
1.073437500000000000e+04
1.079437500000000000e+04
1.085437500000000000e+04
1.091437500000000000e+04
1.097437500000000000e+04
1.103437500000000000e+04
1.109437500000000000e+04
1.115437500000000000e+04
1.121437500000000000e+04
1.127437500000000000e+04
1.133437500000000000e+04
1.139437500000000000e+04
1.145437500000000000e+04
1.151437500000000000e+04
1.157437500000000000e+04
1.163437500000000000e+04
1.169437500000000000e+04
1.175437500000000000e+04
1.181437500000000000e+04
1.187437500000000000e+04
1.193437500000000000e+04
1.199437500000000000e+04
1.205437500000000000e+04
1.211437500000000000e+04
1.217437500000000000e+04
1.223437500000000000e+04
1.229437500000000000e+04
1.235437500000000000e+04
1.241437500000000000e+04
1.247437500000000000e+04
1.253437500000000000e+04
1.259437500000000000e+04
1.265437500000000000e+04
1.271437500000000000e+04
1.277437500000000000e+04
1.283437500000000000e+04
1.289437500000000000e+04
1.295437500000000000e+04
1.301437500000000000e+04
1.307437500000000000e+04
1.313437500000000000e+04
1.319437500000000000e+04
1.325437500000000000e+04
1.331437500000000000e+04
1.337437500000000000e+04
1.343437500000000000e+04
1.349437500000000000e+04
1.355437500000000000e+04
1.361437500000000000e+04
1.367437500000000000e+04
1.373437500000000000e+04
1.379437500000000000e+04
1.385437500000000000e+04
1.391437500000000000e+04
1.397437500000000000e+04
1.403437500000000000e+04
1.409437500000000000e+04
1.415437500000000000e+04
1.421437500000000000e+04
1.427437500000000000e+04
1.433437500000000000e+04
1.439437500000000000e+04
1.445437500000000000e+04
