# particle_size
2.000000000000000042e-02,5.999999999999999778e-02
2.000000000000000042e-02,5.999999999999999778e-02
2.000000000000000042e-02,5.999999999999999778e-02
2.000000000000000042e-02,5.999999999999999778e-02
2.000000000000000042e-02,5.999999999999999778e-02
5.613257974657676801e-04,5.999999999999999778e-02
1.536700566063977594e-03,5.999999999999999778e-02
2.157173909363699002e-03,5.999999999999999778e-02
3.175199480473007378e-03,5.999999999999999778e-02
4.625559088659153377e-03,5.999999999999999778e-02
6.479439861112363738e-03,5.999999999999999778e-02
8.617954585652481958e-03,5.999999999999999778e-02
1.082474644344605039e-02,5.999999999999999778e-02
1.284852948910512015e-02,5.999999999999999778e-02
1.448652896383626106e-02,5.999999999999999778e-02
1.569569508894292850e-02,5.999999999999999778e-02
1.656955463844922774e-02,5.999999999999999778e-02
1.724288982179190619e-02,5.999999999999999778e-02
1.781545654897140341e-02,5.999999999999999778e-02
1.834375848062049646e-02,5.999999999999999778e-02
1.885276338451793640e-02,5.999999999999999778e-02
1.935130357170440976e-02,5.999999999999999778e-02
1.984083057076220860e-02,5.999999999999999778e-02
2.032248864879596106e-02,5.999999999999999778e-02
2.079512343095164459e-02,5.999999999999999778e-02
2.125808102148504450e-02,5.999999999999999778e-02
2.171082442441241156e-02,5.999999999999999778e-02
2.215330241992036556e-02,5.999999999999999778e-02
2.258568088660744058e-02,5.999999999999999778e-02
2.300803261735099442e-02,5.999999999999999778e-02
2.342063485960012986e-02,5.999999999999999778e-02
2.382384058959687717e-02,5.999999999999999778e-02
2.421802818163127161e-02,5.999999999999999778e-02
2.460389325377298000e-02,5.999999999999999778e-02
2.498121522338677541e-02,5.999999999999999778e-02
2.535074949555638640e-02,5.999999999999999778e-02
2.571284423425320570e-02,5.999999999999999778e-02
2.606786927485798058e-02,5.999999999999999778e-02
2.641642214549205434e-02,5.999999999999999778e-02
2.675847658891545786e-02,5.999999999999999778e-02
2.709443937629514229e-02,5.999999999999999778e-02
2.742408153690149841e-02,5.999999999999999778e-02
2.774864599332598630e-02,5.999999999999999778e-02
2.806787943197391888e-02,5.999999999999999778e-02
2.838202207084093015e-02,5.999999999999999778e-02
2.869102817181859444e-02,5.999999999999999778e-02
2.899577902531401755e-02,5.999999999999999778e-02
2.929586181337471423e-02,5.999999999999999778e-02
2.959167527489269325e-02,5.999999999999999778e-02
2.988337801448710807e-02,5.999999999999999778e-02
3.017113675664597622e-02,5.999999999999999778e-02
3.045503550905516443e-02,5.999999999999999778e-02
3.073548419402337070e-02,5.999999999999999778e-02
3.101215152992608040e-02,5.999999999999999778e-02
3.128558932919513896e-02,5.999999999999999778e-02
3.155567258239040662e-02,5.999999999999999778e-02
3.179736904702578498e-02,4.006217449827125660e-02
3.203568361046437579e-02,4.040591334407853813e-02
3.227116982691682207e-02,4.069693694186755917e-02
3.250393459767329796e-02,4.097049820397310332e-02
3.273406338476909927e-02,4.123522804298337952e-02
3.296162283828028144e-02,4.149410110063259799e-02
3.318669485833794508e-02,4.174854692218367413e-02
3.340934308737514291e-02,4.199925339909125338e-02
3.362963336492340305e-02,4.224664881413514594e-02
3.384762909444057749e-02,4.249102254331786621e-02
3.406338801477698519e-02,4.273256875034192603e-02
3.427680934963080184e-02,4.297112960990298602e-02
3.448812534828279985e-02,4.320727322971461976e-02
3.469737222426182849e-02,4.344098897015201410e-02
3.490459596308416457e-02,4.367233971430955347e-02
3.510984172060210157e-02,4.390139212289070891e-02
3.531315353930402495e-02,4.412821034540878595e-02
3.551458628668135303e-02,4.435287015844251862e-02
3.571416882724439551e-02,4.457540738340784459e-02
3.591193939483556391e-02,4.479587382339014767e-02
3.610793510303512283e-02,4.501431694790444804e-02
3.630219152624743900e-02,4.523078083314637649e-02
3.649472832833660502e-02,4.544528227357897548e-02
3.668559316095895695e-02,4.565789176436046981e-02
3.687481286661321855e-02,4.586863618341060350e-02
3.706242115221587002e-02,4.607755492682882176e-02
3.724846713461042041e-02,4.628470824581122633e-02
3.743296524882639559e-02,4.649010545371094066e-02
3.761595559078481643e-02,4.669379429627142086e-02
3.779745234047186125e-02,4.689578767533507386e-02
3.797747756956304510e-02,4.709611171407069447e-02
3.815604929755719160e-02,4.729478657351063320e-02
3.833320298719224833e-02,4.749185623455453448e-02
3.850897135521620662e-02,4.768735731721324145e-02
3.868337709675934849e-02,4.788131274943387833e-02
3.885644240908695674e-02,4.807374641957454925e-02
3.902820454655101662e-02,4.826470095333282306e-02
3.919866399552573294e-02,4.845417242493480631e-02
3.936784077585997466e-02,4.864218550818830145e-02
3.953575545913688705e-02,4.882876390325101984e-02
3.970242815042773071e-02,4.901393013435532270e-02
3.986787841475111782e-02,4.919770590426462975e-02
2.000000000000000042e-02,4.094263052480659471e-02
2.000000000000000042e-02,4.112071691811162999e-02
2.000000000000000042e-02,4.130100786980165500e-02
2.000000000000000042e-02,4.148014574918518910e-02
2.000000000000000042e-02,4.165802899705991352e-02
2.000000000000000042e-02,4.183467295805230052e-02
2.000000000000000042e-02,4.201009400839215979e-02
2.000000000000000042e-02,4.218430722108357234e-02
2.000000000000000042e-02,4.235732948934091413e-02
2.000000000000000042e-02,4.252920957132325097e-02
2.000000000000000042e-02,4.269994862085877557e-02
2.000000000000000042e-02,4.286954428543175710e-02
2.000000000000000042e-02,4.303801265885614374e-02
2.000000000000000042e-02,4.320536734128423845e-02
2.000000000000000042e-02,4.337176642178876274e-02
2.000000000000000042e-02,4.353694504253285968e-02
2.000000000000000042e-02,4.370106665910531568e-02
2.000000000000000042e-02,4.386413734394110919e-02
2.000000000000000042e-02,4.402617030141011550e-02
2.000000000000000042e-02,4.418717848849527258e-02
2.000000000000000042e-02,4.434717455275263842e-02
2.000000000000000042e-02,4.450617093488750536e-02
2.000000000000000042e-02,4.466417988246802057e-02
2.000000000000000042e-02,4.482121344230799442e-02
2.000000000000000042e-02,4.497728345228993452e-02
2.000000000000000042e-02,4.513240153570172858e-02
2.000000000000000042e-02,4.528657909774107954e-02
2.000000000000000042e-02,4.543982732350108911e-02
2.000000000000000042e-02,4.559215717677524149e-02
2.000000000000000042e-02,4.574357940004614848e-02
2.000000000000000042e-02,4.589410804837189273e-02
2.000000000000000042e-02,4.604375887421990193e-02
2.000000000000000042e-02,4.619256058802161807e-02
2.000000000000000042e-02,4.634050092925344477e-02
2.000000000000000042e-02,4.648759002722274714e-02
2.000000000000000042e-02,4.663383837779635360e-02
2.000000000000000042e-02,4.677925640054705902e-02
2.000000000000000042e-02,4.692385434081938062e-02
2.000000000000000042e-02,4.706765171357304989e-02
2.000000000000000042e-02,4.721064955205932917e-02
2.000000000000000042e-02,4.735285631706218773e-02
2.000000000000000042e-02,4.749428076655865666e-02
2.000000000000000042e-02,4.763493147625481178e-02
2.000000000000000042e-02,4.777481678300388862e-02
2.000000000000000042e-02,4.791394476947398451e-02
2.000000000000000042e-02,4.805232325481591932e-02
2.000000000000000042e-02,4.818995978689096654e-02
2.000000000000000042e-02,4.832686770816155275e-02
2.000000000000000042e-02,4.846306185375073156e-02
2.000000000000000042e-02,4.859855036951479801e-02
2.000000000000000042e-02,4.873334111627280335e-02
2.000000000000000042e-02,4.886745093679314283e-02
2.000000000000000042e-02,4.900087363902314724e-02
2.000000000000000042e-02,4.913361669496684597e-02
2.000000000000000042e-02,4.926568869180469185e-02
2.000000000000000042e-02,4.939709754039484785e-02
2.000000000000000042e-02,4.952785093741895323e-02
2.000000000000000042e-02,4.965795644720496366e-02
2.000000000000000042e-02,4.978742151485470585e-02
2.000000000000000042e-02,4.991625347250767258e-02
2.000000000000000042e-02,5.004445954277808584e-02
2.000000000000000042e-02,5.017204684154469296e-02
2.000000000000000042e-02,5.029902238000448500e-02
2.000000000000000042e-02,5.042540113408713193e-02
2.000000000000000042e-02,5.055118256732973880e-02
2.000000000000000042e-02,5.067637270601064309e-02
2.000000000000000042e-02,5.080097795447619663e-02
2.000000000000000042e-02,5.092500466989294261e-02
2.000000000000000042e-02,5.104845911120622221e-02
2.000000000000000042e-02,5.117134743203725911e-02
2.000000000000000042e-02,5.129367568095250657e-02
2.000000000000000042e-02,5.141544980282299754e-02
2.000000000000000042e-02,5.153667563984409145e-02
2.000000000000000042e-02,5.165735893209106450e-02
2.000000000000000042e-02,5.177750531782405324e-02
2.000000000000000042e-02,5.189712033358191701e-02
2.000000000000000042e-02,5.201620941427777256e-02
2.000000000000000042e-02,5.213477789339605872e-02
2.000000000000000042e-02,5.225283100344620124e-02
2.000000000000000042e-02,5.237037387724415710e-02
2.000000000000000042e-02,5.248741307564294689e-02
2.000000000000000042e-02,5.260395809817473844e-02
2.000000000000000042e-02,5.272001432697723255e-02
2.000000000000000042e-02,5.283558688530843456e-02
2.000000000000000042e-02,5.295068076288014097e-02
2.000000000000000042e-02,5.306530086353890285e-02
2.000000000000000042e-02,5.317945201715892217e-02
2.000000000000000042e-02,5.329313898021914575e-02
2.000000000000000042e-02,5.340637514802865776e-02
2.000000000000000042e-02,5.351915428051337575e-02
2.000000000000000042e-02,5.363148007785047827e-02
2.000000000000000042e-02,5.374335716401221208e-02
2.000000000000000042e-02,5.385479026040661255e-02
2.000000000000000042e-02,5.396578404628508269e-02
2.000000000000000042e-02,5.407634312880998245e-02
2.000000000000000042e-02,5.418647203642232985e-02
2.000000000000000042e-02,5.429618195364362826e-02
2.000000000000000042e-02,5.440547146196810652e-02
2.000000000000000042e-02,5.451434396077417532e-02
2.000000000000000042e-02,5.462280315120686403e-02
2.000000000000000042e-02,5.473085270354585002e-02
2.000000000000000042e-02,5.483849620903941818e-02
2.000000000000000042e-02,5.494573769897135446e-02
2.000000000000000042e-02,5.505258083513098893e-02
2.000000000000000042e-02,5.515902919368570467e-02
2.000000000000000042e-02,5.526508627664957624e-02
2.000000000000000042e-02,5.537075559690005089e-02
2.000000000000000042e-02,5.547604203429726960e-02
2.000000000000000042e-02,5.558094925769145600e-02
2.000000000000000042e-02,5.568548082723261822e-02
2.000000000000000042e-02,5.578964023019180457e-02
2.000000000000000042e-02,5.589343089896826877e-02
2.000000000000000042e-02,5.599685869040095521e-02
2.000000000000000042e-02,5.609992729799683636e-02
2.000000000000000042e-02,5.620264013533694814e-02
2.000000000000000042e-02,5.630500051391645888e-02
2.000000000000000042e-02,5.640701168570089880e-02
2.000000000000000042e-02,5.650867685674764579e-02
2.000000000000000042e-02,5.660999919170409816e-02
2.000000000000000042e-02,5.671098181487318340e-02
2.000000000000000042e-02,5.681162780978276511e-02
2.000000000000000042e-02,5.691194022032229627e-02
2.000000000000000042e-02,5.701192205032663135e-02
2.000000000000000042e-02,5.711157626434418960e-02
2.000000000000000042e-02,5.721090578810840432e-02
2.000000000000000042e-02,5.730991350900118547e-02
2.000000000000000042e-02,5.740860227643209551e-02
2.000000000000000042e-02,5.750698378097795355e-02
2.000000000000000042e-02,5.760505171301840560e-02
2.000000000000000042e-02,5.770280767971045638e-02
2.000000000000000042e-02,5.780025419756358585e-02
2.000000000000000042e-02,5.789739395773508407e-02
2.000000000000000042e-02,5.799422541753812554e-02
2.000000000000000042e-02,5.809075522038421174e-02
2.000000000000000042e-02,5.818699231632249586e-02
2.000000000000000042e-02,5.828293450802246589e-02
2.000000000000000042e-02,5.837858374683145557e-02
2.000000000000000042e-02,5.847394232226682531e-02
2.000000000000000042e-02,5.856901256164875891e-02
2.000000000000000042e-02,5.866379677459086089e-02
2.000000000000000042e-02,5.875829723670829979e-02
2.000000000000000042e-02,5.885251618505121102e-02
2.000000000000000042e-02,5.894645581643172955e-02
