# tendency to change, top row gives equation number (%/hour)
0.000000000000000000e+00,1.000000000000000000e+00,2.000000000000000000e+00,3.000000000000000000e+00,4.000000000000000000e+00,5.000000000000000000e+00,3.200000000000000000e+01,6.000000000000000000e+00,7.000000000000000000e+00,3.900000000000000000e+01,4.100000000000000000e+01,4.300000000000000000e+01,0.000000000000000000e+00,0.000000000000000000e+00
nan,nan,nan,nan,nan,nan,nan,nan,nan,nan,inf,nan,0.000000000000000000e+00,0.000000000000000000e+00
-1.922692876824994278e+10,-5.465593494337956429e+09,-1.425690293371626751e+02,-1.764943158542308956e+05,-1.604943369764602277e+06,-3.165499843557486893e+05,-1.197953053725376733e-48,1.039278233501510508e+07,3.024234087244070694e+07,3.860357231796079874e+07,2.461534976630928040e+10,3.176899490296819931e+04,0.000000000000000000e+00,0.000000000000000000e+00
-1.922692876824994278e+10,-5.465593494337956429e+09,-2.179347771232165201e+02,-1.831575498710505199e+05,-1.560852323423700873e+06,-3.078537148845784250e+05,-1.197953053725376885e-48,1.630549077897441760e+07,4.744794938779658079e+07,6.056609021267257631e+07,2.457020675713305664e+10,4.804967070392518508e+04,0.000000000000000000e+00,0.000000000000000000e+00
-1.922692876824994278e+10,-5.465593494337956429e+09,-2.633146177931227498e+02,-1.765004302078947658e+05,-1.578064059731333284e+06,-3.112484607438765815e+05,-1.197953053725376733e-48,1.946674373151701316e+07,5.664699602352734655e+07,7.230843726023705304e+07,2.454610742408265305e+10,5.879645624213380506e+04,0.000000000000000000e+00,0.000000000000000000e+00
-1.922692876824993896e+10,-5.465593494337956429e+09,-2.944957030307277819e+02,-1.658155368737654935e+05,-1.614845215569721302e+06,-3.185029686128586764e+05,-1.197953053725376733e-48,2.126419448503048718e+07,6.187746430785140395e+07,7.898499584810036421e+07,2.453242805178282166e+10,6.709359574880644504e+04,0.000000000000000000e+00,0.000000000000000000e+00
-1.922692876824994278e+10,-5.465593494337957382e+09,-3.249500066278922645e+02,-1.532102321892840846e+05,-1.659487927787190070e+06,-3.273080455521843978e+05,-1.197953053725376885e-48,2.282095025128886476e+07,6.640752536567834765e+07,8.476750257888066769e+07,2.452059085518260193e+10,7.584618382100902090e+04,0.000000000000000000e+00,0.000000000000000000e+00
-1.922692876824994278e+10,-5.465593494337957382e+09,-3.669164125406900325e+02,-1.361686073148348951e+05,-1.719316113565281266e+06,-3.391082197071549017e+05,-1.197953053725376733e-48,2.485584556888155267e+07,7.232894235014000535e+07,9.232603945754837990e+07,2.450511788858887100e+10,8.859273243141642888e+04,0.000000000000000000e+00,0.000000000000000000e+00
-1.922692876824994278e+10,-5.465593494337957382e+09,-4.056837125805873825e+02,-1.220239371032732306e+05,-1.767689381497710943e+06,-3.486490904292745399e+05,-1.197953053725376733e-48,2.671456362102986127e+07,7.773769460789103806e+07,9.923017296412293613e+07,2.449097781843743896e+10,1.008646178347034438e+05,0.000000000000000000e+00,0.000000000000000000e+00
-1.922692876824994278e+10,-5.465593494337957382e+09,-4.504100202881821815e+02,-1.077106757388551341e+05,-1.814896588937428547e+06,-3.579599739520451403e+05,-1.197953053725376733e-48,2.886899948239207640e+07,8.400696703242814541e+07,1.072327383885086924e+08,2.447457915598424149e+10,1.154978528284042113e+05,0.000000000000000000e+00,0.000000000000000000e+00
-1.922692876824994278e+10,-5.465593494337956429e+09,-5.022790936685274801e+02,-9.346847655308054527e+04,-1.859508992734072031e+06,-3.667590730292737135e+05,-1.197953053725376885e-48,3.139646089341458678e+07,9.136172027079389989e+07,1.166208922260168046e+08,2.445533048884844589e+10,1.330108824306740134e+05,0.000000000000000000e+00,0.000000000000000000e+00
-1.922692876824994278e+10,-5.465593494337956429e+09,-5.623582122082307251e+02,-7.957888149670974235e+04,-1.899915505338334711e+06,-3.747286258332618745e+05,-1.197953053725376885e-48,3.437239134420508891e+07,1.000214901191683710e+08,1.276748662886364907e+08,2.443265443854357147e+10,1.539242751311770407e+05,0.000000000000000000e+00,0.000000000000000000e+00
-1.922692876824993896e+10,-5.465593494337957382e+09,-6.700225837950532650e+02,-6.013430033707283292e+04,-1.948575425750304479e+06,-3.843260342747948016e+05,-1.197953053725376885e-48,3.986195584052451700e+07,1.159957764447463751e+08,1.480656329953162372e+08,2.439079988162940598e+10,1.927656481355917640e+05,0.000000000000000000e+00,0.000000000000000000e+00
-1.922692876824994278e+10,-5.465593494337955475e+09,-7.542935051514830320e+02,-4.865736364435526048e+04,-1.970152358134314185e+06,-3.885817468047671136e+05,-1.197953053725376733e-48,4.432213903630503267e+07,1.289746281335641444e+08,1.646328042299698591e+08,2.435677676460692978e+10,2.241024954850171926e+05,0.000000000000000000e+00,0.000000000000000000e+00
-1.922692876824994278e+10,-5.465593494337956429e+09,-8.482279483478814655e+02,-3.879129437613968912e+04,-1.981114518523020903e+06,-3.907438615341231343e+05,-1.197953053725376733e-48,4.948573588842932135e+07,1.440003691811444759e+08,1.838127772222878039e+08,2.431737516231880188e+10,2.597291410535035538e+05,0.000000000000000000e+00,0.000000000000000000e+00
-1.922692876824994278e+10,-5.465593494337957382e+09,-9.505822469269032808e+02,-3.078826572295220103e+04,-1.980609306855851552e+06,-3.906442164324008045e+05,-1.197953053725376733e-48,5.536881623208441585e+07,1.611197617939711213e+08,2.056652427292703688e+08,2.427247230445077896e+10,2.991263758951722994e+05,0.000000000000000000e+00,0.000000000000000000e+00
-1.922692876824993896e+10,-5.465593494337956429e+09,-1.059038565609947227e+03,-2.466650093430315974e+04,-1.969220875832045218e+06,-3.883980264855548157e+05,-1.197953053725376733e-48,6.191510728101657331e+07,1.801690557145222127e+08,2.299811777478163242e+08,2.422249889277082825e+10,3.413551494870772585e+05,0.000000000000000000e+00,0.000000000000000000e+00
-1.922692876824994278e+10,-5.465593494337956429e+09,-1.170856833054035633e+03,-2.020916193366676089e+04,-1.948718124045460718e+06,-3.843541792822451098e+05,-1.197953053725376429e-48,6.901773833551228046e+07,2.008372639495338202e+08,2.563636153588160276e+08,2.416827269707497787e+10,3.853695024867441389e+05,0.000000000000000000e+00,0.000000000000000000e+00
-1.922692876824993896e+10,-5.465593494337956429e+09,-1.283351696985313311e+03,-1.702677188300443231e+04,-1.921591579190354329e+06,-3.790038924675963353e+05,-1.197953053725376733e-48,7.653463450500528514e+07,2.227109575315346122e+08,2.842848240909098387e+08,2.411088044623889542e+10,4.302674626195149613e+05,0.000000000000000000e+00,0.000000000000000000e+00
-1.922692876824994278e+10,-5.465593494337957382e+09,-1.394458142660488875e+03,-1.473230052368940596e+04,-1.890051038985935505e+06,-3.727830140887255548e+05,-1.197953053725376885e-48,8.433942559622220695e+07,2.454224071713030338e+08,3.132754069399401546e+08,2.405128849270282364e+10,4.754466129043429391e+05,0.000000000000000000e+00,0.000000000000000000e+00
-1.922692876824994278e+10,-5.465593494337957382e+09,-1.502792658343859102e+03,-1.301917113096547837e+04,-1.855713869165434968e+06,-3.660105442469426198e+05,-1.197953053725376733e-48,9.233843227673999965e+07,2.686990119220940471e+08,3.429873957901669741e+08,2.399021306229855347e+10,5.205574224462338607e+05,0.000000000000000000e+00,0.000000000000000000e+00
-1.922692876824994278e+10,-5.465593494337956429e+09,-1.607595067082564810e+03,-1.168300162447533876e+04,-1.819604864501565229e+06,-3.588886076871959376e+05,-1.197953053725376733e-48,1.004772162162070423e+08,2.923823596773176789e+08,3.732185816514139771e+08,2.392807040329428482e+10,5.654331160721672932e+05,0.000000000000000000e+00,0.000000000000000000e+00
-1.922692876824994278e+10,-5.465593494337957382e+09,-1.708381679065739490e+03,-1.060291305971504335e+04,-1.782312177215976408e+06,-3.515332082386980182e+05,-1.197953053725376733e-48,1.087238480350362659e+08,3.163795379569286704e+08,4.038503641263548732e+08,2.386510465572984695e+10,6.099579468327519717e+05,0.000000000000000000e+00,0.000000000000000000e+00
-1.922692876824994278e+10,-5.465593494337957382e+09,-1.805103951828274603e+03,-9.699130014745976951e+03,-1.744229965129193384e+06,-3.440220873683887185e+05,-1.197953053725376733e-48,1.170739827332575619e+08,3.406779030851574540e+08,4.348666038872155547e+08,2.380134932763554001e+10,6.541436488628956722e+05,0.000000000000000000e+00,0.000000000000000000e+00
-1.922692876824994278e+10,-5.465593494337956429e+09,-1.897725137215576751e+03,-8.926285298153961776e+03,-1.705593217501410516e+06,-3.364015930334854638e+05,-1.197953053725376429e-48,1.255279400348996967e+08,3.652783854387551546e+08,4.662684885360591412e+08,2.373680222938433456e+10,6.979779514421926579e+05,0.000000000000000000e+00,0.000000000000000000e+00
-1.922692876824994278e+10,-5.465593494337956429e+09,-1.986292698450368107e+03,-8.252836636212396115e+03,-1.666573193103944417e+06,-3.287055033487817855e+05,-1.197953053725376885e-48,1.340921650704535693e+08,3.901997399408009648e+08,4.980799582510715127e+08,2.367141438540177155e+10,7.414696467451473000e+05,0.000000000000000000e+00,0.000000000000000000e+00
-1.922692876824994278e+10,-5.465593494337956429e+09,-2.070929434443676200e+03,-7.657254677934891333e+03,-1.627296539012736175e+06,-3.209587974697191967e+05,-1.197953053725376885e-48,1.427790938029455841e+08,4.154781544590668082e+08,5.303472059171341658e+08,2.360509108193854141e+10,7.846459481044844724e+05,0.000000000000000000e+00,0.000000000000000000e+00
-1.922692876824993896e+10,-5.465593494337956429e+09,-2.151725169699583148e+03,-7.124377084783453938e+03,-1.587861773481770186e+06,-3.131809065814376227e+05,-1.197953053725376733e-48,1.516000419926276803e+08,4.411465571419289112e+08,5.631122634709497690e+08,2.353774613486559677e+10,8.275163785609439947e+05,0.000000000000000000e+00,0.000000000000000000e+00
-1.922692876824994278e+10,-5.465593494337956429e+09,-2.228788616993838332e+03,-6.642933047192896083e+03,-1.548350130545624532e+06,-3.053878528270604438e+05,-1.197953053725376733e-48,1.605682901645696461e+08,4.672435934794190526e+08,5.964244608891754150e+08,2.346927836854903030e+10,8.700915101321592228e+05,0.000000000000000000e+00,0.000000000000000000e+00
-1.922692876824993896e+10,-5.465593494337956429e+09,-2.302266838080155139e+03,-6.204209756001074311e+03,-1.508829604849650525e+06,-2.975930470872003352e+05,-1.197953053725376429e-48,1.697006427987569273e+08,4.938181634480317235e+08,6.303462177373703718e+08,2.339955970196442413e+10,9.123962926028257934e+05,0.000000000000000000e+00,0.000000000000000000e+00
-1.922692876824994278e+10,-5.465593494337956429e+09,-2.372334999054183754e+03,-5.801674781246166276e+03,-1.469355704939305782e+06,-2.898074375545021030e+05,-1.197953053725376733e-48,1.790173143450076580e+08,5.209290898213277459e+08,6.649526197769945860e+08,2.332843604189226532e+10,9.544627032885645749e+05,0.000000000000000000e+00,0.000000000000000000e+00
-1.922692876824994278e+10,-5.465593494337957382e+09,-2.438890424182418428e+03,-5.430313182037225488e+03,-1.429995264254323673e+06,-2.820442060799275059e+05,-1.197953053725376733e-48,1.885174039477946162e+08,5.485737511665607691e+08,7.002403208164161444e+08,2.325591441806240845e+10,9.962043443455137312e+05,0.000000000000000000e+00,0.000000000000000000e+00
-1.922692876824994278e+10,-5.465593494337956429e+09,-2.502207046730283309e+03,-5.086100327355056834e+03,-1.390784992395889480e+06,-2.743105930583088775e+05,-1.197953053725376733e-48,1.982303668198618889e+08,5.768378602943685055e+08,7.363187310596170425e+08,2.318177022564034271e+10,1.037688042929767864e+06,0.000000000000000000e+00,0.000000000000000000e+00
-1.922692876824994278e+10,-5.465593494337956429e+09,-2.562459617678969607e+03,-4.765531072333858901e+03,-1.351762579257039120e+06,-2.666140322317183018e+05,-1.197953053725376733e-48,2.081797177790666819e+08,6.057898438410707712e+08,7.732751953524633646e+08,2.310582419292504883e+10,1.078941046086179791e+06,0.000000000000000000e+00,0.000000000000000000e+00
-1.922692876824993896e+10,-5.465593494337957382e+09,-2.619719262378771873e+03,-4.465915119394226167e+03,-1.312969919263282325e+06,-2.589627866205147293e+05,-1.197953053725376733e-48,2.183814191362446547e+08,6.354761511240731478e+08,8.111690050572453737e+08,2.302795468583517456e+10,1.119941818594892975e+06,0.000000000000000000e+00,0.000000000000000000e+00
-1.922692876824994659e+10,-5.465593494337956429e+09,-2.674286388254980466e+03,-4.185215539616627211e+03,-1.274414763273145305e+06,-2.513583849603481649e+05,-1.197953053725376733e-48,2.288756364603658319e+08,6.660136614148708582e+08,8.501493535654673576e+08,2.294785538729294968e+10,1.160776746019437211e+06,0.000000000000000000e+00,0.000000000000000000e+00
-1.922692876824993896e+10,-5.465593494337956429e+09,-2.726091359343303338e+03,-3.921047554347334426e+03,-1.236151041435850784e+06,-2.438114641298861534e+05,-1.197953053725376429e-48,2.396677677592630982e+08,6.974180825756758451e+08,8.902362915604469776e+08,2.286548529024737167e+10,1.201358561439606361e+06,0.000000000000000000e+00,0.000000000000000000e+00
-1.922692876824993896e+10,-5.465593494337956429e+09,-2.775062540045183596e+03,-3.672071542563385719e+03,-1.198233505658760667e+06,-2.363328230867402453e+05,-1.197953053725376733e-48,2.507615437267241180e+08,7.297002706900253296e+08,9.314436765542951822e+08,2.278081611710543823e+10,1.241584910042307340e+06,0.000000000000000000e+00,0.000000000000000000e+00
-1.922692876824994278e+10,-5.465593494337956429e+09,-2.821628816338731667e+03,-3.438128935947987429e+03,-1.160628574497487163e+06,-2.289158384160935821e+05,-1.197953053725376733e-48,2.622200493377836943e+08,7.630437990549860001e+08,9.740058351515181065e+08,2.269336669318934250e+10,1.281604929407691583e+06,0.000000000000000000e+00,0.000000000000000000e+00
-1.922692876824993896e+10,-5.465593494337957382e+09,-2.865536461040460836e+03,-3.216523225281499435e+03,-1.123430263808419695e+06,-2.215790532755613676e+05,-1.197953053725376733e-48,2.740257948508772850e+08,7.973977736261031628e+08,1.017857802409945250e+09,2.260327067708695602e+10,1.321219365750460420e+06,0.000000000000000000e+00,0.000000000000000000e+00
-1.922692876824994278e+10,-5.465593494337956429e+09,-2.907197037262352296e+03,-3.008076778423786891e+03,-1.086589211054416141e+06,-2.143127316765384749e+05,-1.197953053725376733e-48,2.862494754289820790e+08,8.329679128671979904e+08,1.063262172671360373e+09,2.250998885659455490e+10,1.360573859253131319e+06,0.000000000000000000e+00,0.000000000000000000e+00
-1.922692876824993896e+10,-5.465593494337956429e+09,-2.946518531237621573e+03,-2.810770793309042347e+03,-1.050167211927068885e+06,-2.071290618529372732e+05,-1.197953053725376733e-48,2.988962055410617590e+08,8.697690995602624416e+08,1.110237943425187349e+09,2.241348243075216675e+10,1.399546720493178582e+06,0.000000000000000000e+00,0.000000000000000000e+00
-1.922692876824994278e+10,-5.465593494337957382e+09,-2.983578946960934900e+03,-2.624309470157705618e+03,-1.014181926003854605e+06,-2.000315268802850042e+05,-1.197953053725376885e-48,3.119967265661464334e+08,9.078907891786768436e+08,1.158899302288398027e+09,2.231351707219601822e+10,1.438101730471306248e+06,0.000000000000000000e+00,0.000000000000000000e+00
-1.922692876824993896e+10,-5.465593494337957382e+09,-3.018442313019404992e+03,-2.448247518958962246e+03,-9.786537935131886043e+05,-1.930241582740276644e+05,-1.197953053725376733e-48,3.255816686074360609e+08,9.474221133901768923e+08,1.209360023548362017e+09,2.220985931608428192e+10,1.476191763375481591e+06,0.000000000000000000e+00,0.000000000000000000e+00
-1.922692876824994278e+10,-5.465593494337957382e+09,-3.051156902591711969e+03,-2.282099974537416074e+03,-9.436068256366781425e+05,-1.861116918642919918e+05,-1.197953053725376733e-48,3.396807509376311898e+08,9.884495534032123089e+08,1.261730498249168396e+09,2.210228265873366547e+10,1.513757440265031531e+06,0.000000000000000000e+00,0.000000000000000000e+00
-1.922692876824994278e+10,-5.465593494337956429e+09,-3.081789636426723064e+03,-2.125426279841080031e+03,-9.090600038405478699e+05,-1.792978714484913507e+05,-1.197953053725376733e-48,3.543286972886105180e+08,1.031074153086690187e+09,1.316139706297399044e+09,2.199052242509734726e+10,1.550748453828996979e+06,0.000000000000000000e+00,0.000000000000000000e+00
-1.922692876824993896e+10,-5.465593494337957382e+09,-3.110391586706234648e+03,-1.977819199309155692e+03,-8.750350299135448877e+05,-1.725869773651211872e+05,-1.197953053725376733e-48,3.695596137163859010e+08,1.075395158911717176e+09,1.372714333267455101e+09,2.187431866573632812e+10,1.587101689145587850e+06,0.000000000000000000e+00,0.000000000000000000e+00
-1.922692876824993896e+10,-5.465593494337957382e+09,-3.137013408578382496e+03,-1.838991638857274211e+03,-8.415523416963915806e+05,-1.659830406586921308e+05,-1.197953053725376429e-48,3.854096979153974056e+08,1.121517903885255098e+09,1.431588834040619373e+09,2.175339548696307373e+10,1.622749474462824175e+06,0.000000000000000000e+00,0.000000000000000000e+00
-1.922692876824994278e+10,-5.465593494337957382e+09,-3.161712797556805072e+03,-1.708313132649591353e+03,-8.086342824708574917e+05,-1.594904681921678130e+05,-1.197953053725376885e-48,4.019168437456704378e+08,1.169552656749102592e+09,1.492903963837071657e+09,2.162746406088599777e+10,1.657629073971058475e+06,0.000000000000000000e+00,0.000000000000000000e+00
-1.922692876824993896e+10,-5.465593494337957382e+09,-3.184519482328308186e+03,-1.585740055714417167e+03,-7.763043395832946990e+05,-1.531138924773615727e+05,-1.197953053725376733e-48,4.191167250664668083e+08,1.219603226182903051e+09,1.556792231773385763e+09,2.149625251240534973e+10,1.691650745994413272e+06,0.000000000000000000e+00,0.000000000000000000e+00
-1.922692876824994278e+10,-5.465593494337956429e+09,-3.205476460784139363e+03,-1.470663545385015595e+03,-7.445915598804515321e+05,-1.468590425506101747e+05,-1.197953053725376733e-48,4.370445888528521061e+08,1.271772178660224676e+09,1.623384561321929455e+09,2.135949221832160187e+10,1.724735457171483431e+06,0.000000000000000000e+00,0.000000000000000000e+00
-1.922692876824994659e+10,-5.465593494337957382e+09,-3.224628840961492642e+03,-1.362941528791816836e+03,-7.135174666989102261e+05,-1.407301635535096575e+05,-1.197953053725376733e-48,4.557398837518546581e+08,1.326174307254945517e+09,1.692827482896724224e+09,2.121688251706145096e+10,1.756798149656206369e+06,0.000000000000000000e+00,0.000000000000000000e+00
-1.922692876824994659e+10,-5.465593494337956429e+09,-3.242001745859253333e+03,-1.262039103122479219e+03,-6.831179461096047889e+05,-1.347343334524274978e+05,-1.197953053725376885e-48,4.752316594681526423e+08,1.382894144774816513e+09,1.765228900458345890e+09,2.106820206311508942e+10,1.787740701644619461e+06,0.000000000000000000e+00,0.000000000000000000e+00
-1.922692876824993896e+10,-5.465593494337956429e+09,-3.257676473110779170e+03,-1.167756121721887212e+03,-6.534051012260143179e+05,-1.288739393972497783e+05,-1.197953053725376733e-48,4.955685843200315833e+08,1.442073312955369473e+09,1.840769590519187689e+09,2.091307986529370117e+10,1.817502086540386546e+06,0.000000000000000000e+00,0.000000000000000000e+00
-1.922692876824994278e+10,-5.465593494337957382e+09,-3.271679773490782281e+03,-1.079725572664716765e+03,-6.244124484558511758e+05,-1.231555919753261551e+05,-1.197953053725376885e-48,5.167790282925721407e+08,1.503794366663211107e+09,1.919554932248687029e+09,2.075129976017207336e+10,1.845981217619738542e+06,0.000000000000000000e+00,0.000000000000000000e+00
-1.922692876824993896e+10,-5.465593494337957382e+09,-3.284058294323673181e+03,-9.975484253358624755e+02,-5.961703386043595383e+05,-1.175852774084176199e+05,-1.197953053725376733e-48,5.388921963727581501e+08,1.568142290567804813e+09,2.001693406397311449e+09,2.058263919878959274e+10,1.873092769237544853e+06,0.000000000000000000e+00,0.000000000000000000e+00
-1.922692876824993896e+10,-5.465593494337957382e+09,-3.294836660540359389e+03,-9.208738717691169313e+02,-5.687199243803011486e+05,-1.121711124248525739e+05,-1.197953053725376733e-48,5.619206642928093672e+08,1.635153679256457090e+09,2.087231725016993761e+09,2.040700244750741577e+10,1.898736955805428792e+06,0.000000000000000000e+00,0.000000000000000000e+00
-1.922692876824994278e+10,-5.465593494337957382e+09,-3.304094032868501927e+03,-8.496157055176250879e+02,-5.420755805132555543e+05,-1.069159322152732348e+05,-1.197953053725376733e-48,5.858988914829384089e+08,1.704928807496901512e+09,2.176297886276401043e+09,2.022412685209011841e+10,1.922852959006948397e+06,0.000000000000000000e+00,0.000000000000000000e+00
-1.922692876824994278e+10,-5.465593494337957382e+09,-3.311902146129408720e+03,-7.834389473040844223e+02,-5.162584322454862413e+05,-1.018239034033961652e+05,-1.197953053725376733e-48,6.108502503965059519e+08,1.777535687653756857e+09,2.268978706214250088e+09,2.003383429295679474e+10,1.945384231477094814e+06,0.000000000000000000e+00,0.000000000000000000e+00
-1.922692876824993896e+10,-5.465593494337957382e+09,-3.318293450877406940e+03,-7.219650171838973165e+02,-4.913114606571459444e+05,-9.690350333521761058e+04,-1.197953053725376733e-48,6.367620688949192762e+08,1.852937444603253603e+09,2.365227114681016922e+09,1.983622151487790298e+10,1.966255293578484561e+06,0.000000000000000000e+00,0.000000000000000000e+00
-1.922692876824994278e+10,-5.465593494337957382e+09,-3.323326495081701523e+03,-6.649861886987612252e+02,-4.672649497736402554e+05,-9.216070506121966173e+04,-1.197953053725376733e-48,6.636223166391494274e+08,1.931099070817859411e+09,2.464998425465817928e+09,1.963138032545165253e+10,1.985418577199840685e+06,0.000000000000000000e+00,0.000000000000000000e+00
-1.922692876824993896e+10,-5.465593494337956429e+09,-3.327062101671575874e+03,-6.122945282335493857e+02,-4.441499315117818769e+05,-8.760162914177004131e+04,-1.197953053725376733e-48,6.914017158333384991e+08,2.011935369758883476e+09,2.568183887372596741e+09,1.941953401556487274e+10,2.002845322656287579e+06,0.000000000000000000e+00,0.000000000000000000e+00
-1.922692876824993896e+10,-5.465593494337956429e+09,-3.329554746661865011e+03,-5.636550272250282205e+02,-4.220037731976321083e+05,-8.323364569764870976e+04,-1.197953053725376733e-48,7.200407814400637150e+08,2.095273243720574379e+09,2.674562545620418072e+09,1.920113617995903015e+10,2.018522981765051372e+06,0.000000000000000000e+00,0.000000000000000000e+00
-1.922692876824993896e+10,-5.465593494337957382e+09,-3.330891060716544416e+03,-5.188698541276851302e+02,-4.008449464257449727e+05,-7.906039796205463063e+04,-1.197953053725376733e-48,7.494848285898038149e+08,2.180953563182914257e+09,2.783931275459125042e+09,1.897660374797948456e+10,2.032483581328382948e+06,0.000000000000000000e+00,0.000000000000000000e+00
-1.922692876824993896e+10,-5.465593494337956429e+09,-3.331130234689105237e+03,-4.777554700675101458e+02,-3.807069121010363451e+05,-7.508848557527862431e+04,-1.197953053725376733e-48,7.796274647532168627e+08,2.268666732598250389e+09,2.895894886114186287e+09,1.874674789442290497e+10,2.044770621249235468e+06,0.000000000000000000e+00,0.000000000000000000e+00
-1.922692876824994278e+10,-5.465593494337956429e+09,-3.330345090918222922e+03,-4.401169020306130619e+02,-3.616176414452051395e+05,-7.132342542343522655e+04,-1.197953053725376733e-48,8.103385036812330484e+08,2.358033918195765018e+09,3.009969805995365620e+09,1.851256115948894501e+10,2.055470432771099964e+06,0.000000000000000000e+00,0.000000000000000000e+00
-1.922692876824993896e+10,-5.465593494337957382e+09,-3.328597576768859199e+03,-4.057591163313844618e+02,-3.436148407932267874e+05,-6.777265449151177017e+04,-1.197953053725376733e-48,8.414306251108109951e+08,2.448510029828795433e+09,3.125460241513628006e+09,1.827547166338251495e+10,2.064710984189944807e+06,0.000000000000000000e+00,0.000000000000000000e+00
-1.922692876824994659e+10,-5.465593494337957382e+09,-3.325978797863616819e+03,-3.745393788726942148e+02,-3.267081876994017512e+05,-6.443808152577320288e+04,-1.197953053725376733e-48,8.727292563885145187e+08,2.539587072090334415e+09,3.241717749563526630e+09,1.803681025346083832e+10,2.072666907730106264e+06,0.000000000000000000e+00,0.000000000000000000e+00
-1.922692876824994278e+10,-5.465593494337956429e+09,-3.322571366090211541e+03,-3.462775610346002964e+02,-3.109106190281626768e+05,-6.132225812044454506e+04,-1.197953053725376733e-48,9.040161362235407829e+08,2.630629918395128250e+09,3.357931607351867199e+09,1.779824084394462585e+10,2.079550857421842404e+06,0.000000000000000000e+00,0.000000000000000000e+00
-1.922692876824994278e+10,-5.465593494337957382e+09,-3.318469092553538303e+03,-3.207988193927731118e+02,-2.962148488244387554e+05,-5.842374723481324327e+04,-1.197953053725376733e-48,9.350815543601685762e+08,2.721028325130492210e+09,3.473322854561623096e+09,1.756136209615879059e+10,2.085606711827157065e+06,0.000000000000000000e+00,0.000000000000000000e+00
-1.922692876824993896e+10,-5.465593494337957382e+09,-3.313739926956303407e+03,-2.979084884638486983e+02,-2.826396794448075234e+05,-5.574625733971545560e+04,-1.197953053725376733e-48,9.656206626850551367e+08,2.809895203520692348e+09,3.586759145127054214e+09,1.732849801915422821e+10,2.091130241324226838e+06,0.000000000000000000e+00,0.000000000000000000e+00
-1.922692876824994278e+10,-5.465593494337957382e+09,-3.308467182100762329e+03,-2.774461221640693225e+02,-2.701794538635124336e+05,-5.328867267527552031e+04,-1.197953053725376429e-48,9.953517399715323448e+08,2.896410762571050644e+09,3.697194036873468876e+09,1.710179624144793510e+10,2.096441699759623501e+06,0.000000000000000000e+00,0.000000000000000000e+00
-1.922692876824994278e+10,-5.465593494337956429e+09,-3.302733865000573132e+03,-2.592522370582257736e+02,-2.588188568207894568e+05,-5.104797254597850406e+04,-1.197953053725376885e-48,1.023994696789244056e+09,2.979759959711199760e+09,3.803587148868110657e+09,1.688339191592932320e+10,2.101881892470157705e+06,0.000000000000000000e+00,0.000000000000000000e+00
-1.922692876824994278e+10,-5.465593494337956429e+09,-3.296614571052305109e+03,-2.431682855982983824e+02,-2.485510905879779893e+05,-4.902281620613725681e+04,-1.197953053725376733e-48,1.051229531098588705e+09,3.059011609196116924e+09,3.904749846395150661e+09,1.667572448499731064e+10,2.107822395559991710e+06,0.000000000000000000e+00,0.000000000000000000e+00
-1.922692876824994278e+10,-5.465593494337957382e+09,-3.290202848955127592e+03,-2.290451942325269385e+02,-2.393105035941147071e+05,-4.720025490992506093e+04,-1.197953053725376429e-48,1.076904443353127956e+09,3.133723983923306465e+09,4.000118276139835835e+09,1.647995095400999451e+10,2.114559271527037956e+06,0.000000000000000000e+00,0.000000000000000000e+00
-1.922692876824994278e+10,-5.465593494337957382e+09,-3.283570873982198918e+03,-2.166767642710818791e+02,-2.310582981999264448e+05,-4.557263642964568862e+04,-1.197953053725376733e-48,1.100807087458654642e+09,3.203279170156400204e+09,4.088903687069030285e+09,1.629768997268280029e+10,2.122406891229896806e+06,0.000000000000000000e+00,0.000000000000000000e+00
-1.922692876824994278e+10,-5.465593494337956429e+09,-3.276788510515805683e+03,-2.059342734376259330e+02,-2.237480440859784139e+05,-4.413080311078771774e+04,-1.197953053725376733e-48,1.122768213947822094e+09,3.267184662624046803e+09,4.170477408838075638e+09,1.613023162787018776e+10,2.131647774544804823e+06,0.000000000000000000e+00,0.000000000000000000e+00
-1.922692876824994278e+10,-5.465593494337957382e+09,-3.269923743711429324e+03,-1.966699797717851936e+02,-2.173196522277856129e+05,-4.286290333283977816e+04,-1.197953053725376733e-48,1.142692880336335182e+09,3.325164184687248707e+09,4.244486781404611588e+09,1.597829950068016052e+10,2.142507929439339321e+06,0.000000000000000000e+00,0.000000000000000000e+00
-1.922692876824993896e+10,-5.465593494337957382e+09,-3.263039276832508222e+03,-1.887454889615506204e+02,-2.117062581455148465e+05,-4.175574912266594765e+04,-1.197953053725376733e-48,1.160547723925119400e+09,3.377120652996689796e+09,4.310807880363707542e+09,1.584214771280210304e+10,2.155155761134201661e+06,0.000000000000000000e+00,0.000000000000000000e+00
-1.922692876824993896e+10,-5.465593494337956429e+09,-3.256191618705963720e+03,-1.820186637192381056e+02,-2.068380701804933196e+05,-4.079557516687432508e+04,-1.197953053725376733e-48,1.176352126089416504e+09,3.423110466131472588e+09,4.369512697054803848e+09,1.572162829655685425e+10,2.169703910762847867e+06,0.000000000000000000e+00,0.000000000000000000e+00
-1.922692876824993896e+10,-5.465593494337957382e+09,-3.249431063652788453e+03,-1.763654119249269741e+02,-2.026425342117334658e+05,-3.996807129957605503e+04,-1.197953053725376733e-48,1.190178528538021803e+09,3.463344424893551826e+09,4.420870313293918610e+09,1.561618878648039055e+10,2.186206563963172492e+06,0.000000000000000000e+00,0.000000000000000000e+00
-1.922692876824993896e+10,-5.465593494337956429e+09,-3.242816401192576450e+03,-1.717137219629145477e+02,-1.990826870721477899e+05,-3.926594711402925896e+04,-1.197953053725376733e-48,1.202009195550882339e+09,3.497770919456593037e+09,4.464814850461692810e+09,1.552596427380120087e+10,2.204752258079055697e+06,0.000000000000000000e+00,0.000000000000000000e+00
-1.922692876824994278e+10,-5.465593494337957382e+09,-3.236375656286691083e+03,-1.679195475531819568e+02,-1.960434956742296345e+05,-3.866651413241183036e+04,-1.197953053725376733e-48,1.212150399275692225e+09,3.527281182446443081e+09,4.502483944142527580e+09,1.544861963176799393e+10,2.225190305124402512e+06,0.000000000000000000e+00,0.000000000000000000e+00
-1.922692876824993896e+10,-5.465593494337956429e+09,-3.230139644327559381e+03,-1.648736518966275639e+02,-1.934567924928757711e+05,-3.815632737628308678e+04,-1.197953053725376733e-48,1.220772310047470331e+09,3.552370398801277637e+09,4.534509685206188202e+09,1.538285740215360451e+10,2.247448871846526396e+06,0.000000000000000000e+00,0.000000000000000000e+00
-1.922692876824994278e+10,-5.465593494337957382e+09,-3.224137076379616246e+03,-1.624967263767281906e+02,-1.912623142964711296e+05,-3.772350086549921980e+04,-1.197953053725376885e-48,1.228041667905451775e+09,3.573523771514966965e+09,4.561511422828309059e+09,1.532740633432999802e+10,2.271416282665120903e+06,0.000000000000000000e+00,0.000000000000000000e+00
-1.922692876824994278e+10,-5.465593494337956429e+09,-3.218389199203088538e+03,-1.607093594529615075e+02,-1.893997600434333435e+05,-3.735614116249155632e+04,-1.197953053725376885e-48,1.234146127736199617e+09,3.591287364467510700e+09,4.584186193543987274e+09,1.528083571548801613e+10,2.296977682932493277e+06,0.000000000000000000e+00,0.000000000000000000e+00
-1.922692876824994278e+10,-5.465593494337956429e+09,-3.212904887808470903e+03,-1.594277232470128638e+02,-1.878076356301295746e+05,-3.704211951685703389e+04,-1.197953053725376429e-48,1.239293934788240194e+09,3.606267158193089008e+09,4.603307515957703590e+09,1.524155787803432846e+10,2.323981194059979171e+06,0.000000000000000000e+00,0.000000000000000000e+00
-1.922692876824993896e+10,-5.465593494337956429e+09,-3.207698793851273876e+03,-1.585968201663723676e+02,-1.864406957409124007e+05,-3.677251199755221023e+04,-1.197953053725376733e-48,1.243643204709741354e+09,3.618923259251718998e+09,4.619462704292771339e+09,1.520836736878382874e+10,2.352290587557103485e+06,0.000000000000000000e+00,0.000000000000000000e+00
-1.922692876824994278e+10,-5.465593494337957382e+09,-3.202761008332330221e+03,-1.581336372633807628e+02,-1.852440104032456002e+05,-3.653648452639430616e+04,-1.197953053725376733e-48,1.247396383758409023e+09,3.629844773480175495e+09,4.633403737035740852e+09,1.517972074357592201e+10,2.381753182864146773e+06,0.000000000000000000e+00,0.000000000000000000e+00
-1.922692876824994278e+10,-5.465593494337956429e+09,-3.198098674271247091e+03,-1.579990823724438371e+02,-1.841851831242007029e+05,-3.632764740171354788e+04,-1.197953053725376733e-48,1.250675249716455936e+09,3.639386066541245461e+09,4.645582952865663528e+09,1.515468960515396500e+10,2.412245655606472399e+06,0.000000000000000000e+00,0.000000000000000000e+00
-1.922692876824994278e+10,-5.465593494337955475e+09,-3.193709521452056379e+03,-1.581468111680836728e+02,-1.832310259018147190e+05,-3.613945480905932345e+04,-1.197953053725376733e-48,1.253607699171670675e+09,3.647919309435885429e+09,4.656475418517622948e+09,1.513229887083108711e+10,2.443676545989487786e+06,0.000000000000000000e+00,0.000000000000000000e+00
-1.922692876824994278e+10,-5.465593494337956429e+09,-3.189591599674924510e+03,-1.585382095658372066e+02,-1.823544906878143374e+05,-3.596657194384035392e+04,-1.197953053725376733e-48,1.256300042551905394e+09,3.655753858801591396e+09,4.666476019803402901e+09,1.511173808272663879e+10,2.475918215774219949e+06,0.000000000000000000e+00,0.000000000000000000e+00
-1.922692876824993896e+10,-5.465593494337957382e+09,-3.185746774686300796e+03,-1.591473941184824241e+02,-1.815356218045608548e+05,-3.580506286067481415e+04,-1.197953053725376885e-48,1.258832449279120684e+09,3.663123002598058224e+09,4.675882542819566727e+09,1.509239606442539597e+10,2.508880014825318474e+06,0.000000000000000000e+00,0.000000000000000000e+00
-1.922692876824994278e+10,-5.465593494337956429e+09,-3.182161968216599689e+03,-1.599298304235087471e+02,-1.807500631269437436e+05,-3.565012369472361752e+04,-1.197953053725376733e-48,1.261302224486100674e+09,3.670309892622314930e+09,4.685056423570302963e+09,1.507353097590625954e+10,2.542479674185647164e+06,0.000000000000000000e+00,0.000000000000000000e+00
-1.922692876824993896e+10,-5.465593494337957382e+09,-3.178835397631693922e+03,-1.608656262674743118e+02,-1.799848792143937026e+05,-3.549920313259655086e+04,-1.197953053725376733e-48,1.263762662300499678e+09,3.677469611423294067e+09,4.694195620951450348e+09,1.505473654829267502e+10,2.576635031036032364e+06,0.000000000000000000e+00,0.000000000000000000e+00
-1.922692876824994659e+10,-5.465593494337956429e+09,-3.175754928486035169e+03,-1.619216700823921258e+02,-1.792243992578876205e+05,-3.534921035224682419e+04,-1.197953053725376733e-48,1.266277409513231993e+09,3.684787367146826744e+09,4.703536548410144806e+09,1.503552756119381142e+10,2.611279349935124163e+06,0.000000000000000000e+00,0.000000000000000000e+00
-1.922692876824994278e+10,-5.465593494337957382e+09,-3.172917244283086347e+03,-1.630818310728293739e+02,-1.784616748098003736e+05,-3.519877488102817733e+04,-1.197953053725376885e-48,1.268875840780959606e+09,3.692348638190429688e+09,4.713188316928427696e+09,1.501568009901841354e+10,2.646355788210466038e+06,0.000000000000000000e+00,0.000000000000000000e+00
-1.922692876824993896e+10,-5.465593494337957382e+09,-3.170294842025103662e+03,-1.642938739500611973e+02,-1.776775190862555755e+05,-3.504411242583078274e+04,-1.197953053725376885e-48,1.271635216894739151e+09,3.700378248581387043e+09,4.723437908609106064e+09,1.499460513508666801e+10,2.681801252824819181e+06,0.000000000000000000e+00,0.000000000000000000e+00
-1.922692876824993896e+10,-5.465593494337956429e+09,-3.167885897726840994e+03,-1.655611128097441735e+02,-1.768723476684221532e+05,-3.488530495354205777e+04,-1.197953053725376733e-48,1.274555119840231419e+09,3.708874981924344540e+09,4.734283770754919052e+09,1.497230587795679283e+10,2.717594686132656876e+06,0.000000000000000000e+00,0.000000000000000000e+00
-1.922692876824994278e+10,-5.465593494337957382e+09,-3.165704859343967200e+03,-1.669068569345865001e+02,-1.760588794844205840e+05,-3.472486107385717332e+04,-1.197953053725376733e-48,1.277585073562432051e+09,3.717691956083976269e+09,4.745538412088378906e+09,1.494916719454255676e+10,2.753733984428952448e+06,0.000000000000000000e+00,0.000000000000000000e+00
-1.922692876824993896e+10,-5.465593494337956429e+09,-3.163712326127647430e+03,-1.682448962062041460e+02,-1.752116979977923620e+05,-3.455776777237949864e+04,-1.197953053725376733e-48,1.280828756503202677e+09,3.727130868784611702e+09,4.757586942014279366e+09,1.492439864094741631e+10,2.790146866682864260e+06,0.000000000000000000e+00,0.000000000000000000e+00
-1.922692876824993896e+10,-5.465593494337956429e+09,-3.161911063354427824e+03,-1.696030913399989970e+02,-1.743403250959922443e+05,-3.438590309252271982e+04,-1.197953053725376733e-48,1.284247466269609451e+09,3.737079098504700661e+09,4.770285602050292969e+09,1.489829530261473656e+10,2.826841796520790085e+06,0.000000000000000000e+00,0.000000000000000000e+00
-1.922692876824994278e+10,-5.465593494337955475e+09,-3.160291702148985678e+03,-1.709627542164080864e+02,-1.734444667447797547e+05,-3.420920904063049238e+04,-1.197953053725376733e-48,1.287842541119400263e+09,3.747540539489854336e+09,4.783639363100775719e+09,1.487084698644025993e+10,2.863808061131077819e+06,0.000000000000000000e+00,0.000000000000000000e+00
-1.922692876824993896e+10,-5.465593494337957382e+09,-3.158845707536229384e+03,-1.723143773603905800e+02,-1.725251678937924735e+05,-3.402789171667969640e+04,-1.197953053725376733e-48,1.291609612597009897e+09,3.758502479810002327e+09,4.797631998713082314e+09,1.484208700509771156e+10,2.901041082374338061e+06,0.000000000000000000e+00,0.000000000000000000e+00
-1.922692876824993896e+10,-5.465593494337957382e+09,-3.157564850645836941e+03,-1.736499299866677859e+02,-1.715841094637247734e+05,-3.384228265599398583e+04,-1.197953053725376733e-48,1.295541471820344687e+09,3.769943942073088169e+09,4.812236731784391403e+09,1.481207032358329010e+10,2.938541224292621482e+06,0.000000000000000000e+00,0.000000000000000000e+00
-1.922692876824993896e+10,-5.465593494337956429e+09,-3.156441355887176542e+03,-1.749630718203783886e+02,-1.706234853988078539e+05,-3.365281457976784441e+04,-1.197953053725376429e-48,1.299628563058930874e+09,3.781837119706343174e+09,4.827418067937870026e+09,1.478086979652629280e+10,2.976313182869622484e+06,0.000000000000000000e+00,0.000000000000000000e+00
-1.922692876824994278e+10,-5.465593494337957382e+09,-3.155467931948955993e+03,-1.762489650860351844e+02,-1.696458499544872611e+05,-3.345999127494886488e+04,-1.197953053725376733e-48,1.303859599486637354e+09,3.794149168757856846e+09,4.843134082711463928e+09,1.474857147383776665e+10,3.014365314517271239e+06,0.000000000000000000e+00,0.000000000000000000e+00
-1.922692876824994278e+10,-5.465593494337956429e+09,-3.154637788735401045e+03,-1.775041489759138642e+02,-1.686539902976052545e+05,-3.326436246661579935e+04,-1.197953053725376733e-48,1.308222081432104349e+09,3.806843715972627640e+09,4.859338346578238487e+09,1.471527064988339233e+10,3.052709045408746228e+06,0.000000000000000000e+00,0.000000000000000000e+00
-1.922692876824993896e+10,-5.465593494337956429e+09,-3.153944641307498387e+03,-1.787264047671710898e+02,-1.676508208321418206e+05,-3.306650297538329323e+04,-1.197953053725376885e-48,1.312702731889442205e+09,3.819882126101215363e+09,4.875981542633394241e+09,1.468106854336409187e+10,3.091358315558482893e+06,0.000000000000000000e+00,0.000000000000000000e+00
-1.922692876824993896e+10,-5.465593494337956429e+09,-3.153389506683145555e+03,-1.799335384205205628e+02,-1.666470521531779377e+05,-3.286852529865728138e+04,-1.197953053725376885e-48,1.317253178026792049e+09,3.833123637254947662e+09,4.892883991937000275e+09,1.464633394385087585e+10,3.130350172791509889e+06,0.000000000000000000e+00,0.000000000000000000e+00
-1.922692876824993896e+10,-5.465593494337956429e+09,-3.152958837315535675e+03,-1.810949321340017093e+02,-1.656349004680298094e+05,-3.266889420504040390e+04,-1.197953053725376885e-48,1.321907370859017134e+09,3.846667044744971275e+09,4.910171804169460297e+09,1.461080799747396088e+10,3.169672856313709635e+06,0.000000000000000000e+00,0.000000000000000000e+00
-1.922692876824994278e+10,-5.465593494337957382e+09,-3.152648820700123451e+03,-1.822218026824262722e+02,-1.646188952719632362e+05,-3.246850306664938398e+04,-1.197953053725376733e-48,1.326644155084883690e+09,3.860450787979467392e+09,4.927766398814376831e+09,1.457465199176302338e+10,3.209340783771893941e+06,0.000000000000000000e+00,0.000000000000000000e+00
-1.922692876824994278e+10,-5.465593494337956429e+09,-3.152445700997513541e+03,-1.832880378040356675e+02,-1.635898441717502428e+05,-3.226553882765478556e+04,-1.197953053725376733e-48,1.331505052218074799e+09,3.874595691943494797e+09,4.945822005865418434e+09,1.453754934589539146e+10,3.249347306037305854e+06,0.000000000000000000e+00,0.000000000000000000e+00
-1.922692876824994278e+10,-5.465593494337957382e+09,-3.152357729403989197e+03,-1.843494672766311169e+02,-1.625684135476762021e+05,-3.206407760842278003e+04,-1.197953053725376885e-48,1.336394207550423622e+09,3.888822825484147549e+09,4.963982576861752510e+09,1.450023084265222931e+10,3.289768825086826924e+06,0.000000000000000000e+00,0.000000000000000000e+00
-1.922692876824994278e+10,-5.465593494337957382e+09,-3.152377423769220968e+03,-1.853757271083153171e+02,-1.615506374675416446e+05,-3.186333719083937831e+04,-1.197953053725376733e-48,1.341328732180767298e+09,3.903181980819435596e+09,4.982311670292250633e+09,1.446256601837944984e+10,3.330602254114844371e+06,0.000000000000000000e+00,0.000000000000000000e+00
-1.922692876824993896e+10,-5.465593494337956429e+09,-3.152501456194329876e+03,-1.863755466403391665e+02,-1.605386503122009162e+05,-3.166373854815436061e+04,-1.197953053725376429e-48,1.346297433703233480e+09,3.917640588754440784e+09,5.000767712414999962e+09,1.442464019117778778e+10,3.371867500379800797e+06,0.000000000000000000e+00,0.000000000000000000e+00
-1.922692876824994278e+10,-5.465593494337956429e+09,-3.152729985902210501e+03,-1.873631192316992440e+02,-1.595389885221847508e+05,-3.146657089105686464e+04,-1.197953053725376733e-48,1.351267945025497437e+09,3.932104463092671394e+09,5.019230476966369629e+09,1.438670010721098137e+10,3.413605833910185378e+06,0.000000000000000000e+00,0.000000000000000000e+00
-1.922692876824994278e+10,-5.465593494337957382e+09,-3.153056515296059843e+03,-1.883237173820407975e+02,-1.585471108987803455e+05,-3.127093853910818507e+04,-1.197953053725376733e-48,1.356260357477677584e+09,3.946632068337126255e+09,5.037774592384646416e+09,1.434859259451958847e+10,3.455799174329877831e+06,0.000000000000000000e+00,0.000000000000000000e+00
-1.922692876824994278e+10,-5.465593494337956429e+09,-3.153478194778730995e+03,-1.892647868803477706e+02,-1.575642844072601874e+05,-3.107709138139772404e+04,-1.197953053725376733e-48,1.361267224451619864e+09,3.961201735327916622e+09,5.056372398543110847e+09,1.431037440636417580e+10,3.498471935883750673e+06,0.000000000000000000e+00,0.000000000000000000e+00
-1.922692876824993896e+10,-5.465593494337957382e+09,-3.153991798937819112e+03,-1.901880139918386021e+02,-1.565906978113169316e+05,-3.088506664861229365e+04,-1.197953053725376733e-48,1.366286246618604660e+09,3.975806773163538456e+09,5.075015354677635193e+09,1.427206305336540985e+10,3.541644753053878434e+06,0.000000000000000000e+00,0.000000000000000000e+00
-1.922692876824994278e+10,-5.465593494337957382e+09,-3.154595175114465746e+03,-1.910970126942581260e+02,-1.556278010466234409e+05,-3.069515031789176646e+04,-1.197953053725376885e-48,1.371308946018192053e+09,3.990422511514023781e+09,5.093671969744861603e+09,1.423372316789737129e+10,3.585326195510114543e+06,0.000000000000000000e+00,0.000000000000000000e+00
-1.922692876824994278e+10,-5.465593494337955475e+09,-3.155286078032774640e+03,-1.919942450662906026e+02,-1.546763703275923908e+05,-3.050749548539195530e+04,-1.197953053725376733e-48,1.376330044772151709e+09,4.005033592086722851e+09,5.112322639278273582e+09,1.419539497386935997e+10,3.629533979043166619e+06,0.000000000000000000e+00,0.000000000000000000e+00
-1.922692876824993896e+10,-5.465593494337956429e+09,-3.156062392264318078e+03,-1.928820107055242374e+02,-1.537370045831085008e+05,-3.032222028047035565e+04,-1.197953053725376733e-48,1.381345086163478613e+09,4.019627046116345406e+09,5.130950808981596947e+09,1.415711243773388481e+10,3.674282133357114624e+06,0.000000000000000000e+00,0.000000000000000000e+00
-1.922692876824994278e+10,-5.465593494337956429e+09,-3.156922109994064613e+03,-1.937623990377014991e+02,-1.528101374423645029e+05,-3.013941022970488484e+04,-1.197953053725376733e-48,1.386350399784385204e+09,4.034192192947808743e+09,5.149542845272637367e+09,1.411890353298235512e+10,3.719582328588322736e+06,0.000000000000000000e+00,0.000000000000000000e+00
-1.922692876824994278e+10,-5.465593494337957382e+09,-3.157862833634017534e+03,-1.946352746844911223e+02,-1.518952744956958049e+05,-2.995896781851992637e+04,-1.197953053725376733e-48,1.391346992125747919e+09,4.048731961406058788e+09,5.168102486721301079e+09,1.408076057813439369e+10,3.765441609002350830e+06,0.000000000000000000e+00,0.000000000000000000e+00
-1.922692876824993896e+10,-5.465593494337956429e+09,-3.158882510969209761e+03,-1.955023953079792705e+02,-1.509923732356069086e+05,-2.978088466297665946e+04,-1.197953053725376885e-48,1.396333639327740908e+09,4.063242790136221886e+09,5.186625187349235535e+09,1.404269288941284370e+10,3.811874790335488971e+06,0.000000000000000000e+00,0.000000000000000000e+00
-1.922692876824994278e+10,-5.465593494337956429e+09,-3.159978549496482174e+03,-1.963632696163992080e+02,-1.501003577917715302e+05,-2.960494856447582424e+04,-1.197953053725376733e-48,1.401314449883452892e+09,4.077736634593966007e+09,5.205126207989507675e+09,1.400466912473643494e+10,3.858897952994422521e+06,0.000000000000000000e+00,0.000000000000000000e+00
-1.922692876824993896e+10,-5.465593494337956429e+09,-3.161142724551157244e+03,-1.971935348180035419e+02,-1.492081510166080552e+05,-2.942897472886222022e+04,-1.197953053725376733e-48,1.406345586209236145e+09,4.092376923867361069e+09,5.223814161680093765e+09,1.396626113331115913e+10,3.906444027483809739e+06,0.000000000000000000e+00,0.000000000000000000e+00
-1.922692876824994278e+10,-5.465593494337957382e+09,-3.162387036751889809e+03,-1.980583759398529367e+02,-1.483426579230101197e+05,-2.925826974923505259e+04,-1.197953053725376429e-48,1.411285997892990589e+09,4.106753210156634331e+09,5.242165122333967209e+09,1.392854421574200058e+10,3.954669043224737048e+06,0.000000000000000000e+00,0.000000000000000000e+00
-1.922692876824994278e+10,-5.465593494337956429e+09,-3.163702442584064102e+03,-1.989124450560713058e+02,-1.474871989716645912e+05,-2.908954384727058641e+04,-1.197953053725376733e-48,1.416220991062686205e+09,4.121113728911874294e+09,5.260495956134921074e+09,1.389086800188798332e+10,4.003515269008061849e+06,0.000000000000000000e+00,0.000000000000000000e+00
-1.922692876824994278e+10,-5.465593494337956429e+09,-3.165087427577178914e+03,-1.997621450411835156e+02,-1.466424133512880071e+05,-2.892292309294865481e+04,-1.197953053725376733e-48,1.421145944150416136e+09,4.135445031662063122e+09,5.278789496455007553e+09,1.385326774133378601e+10,4.052970584577791393e+06,0.000000000000000000e+00,0.000000000000000000e+00
-1.922692876824994278e+10,-5.465593494337956429e+09,-3.166540780185860967e+03,-2.006122291054667528e+02,-1.458090583236494567e+05,-2.875855684431243571e+04,-1.197953053725376429e-48,1.426055565767585278e+09,4.149731720800243378e+09,5.297026088643840790e+09,1.381578375691001511e+10,4.103056771438319236e+06,0.000000000000000000e+00,0.000000000000000000e+00
-1.922692876824993896e+10,-5.465593494337957382e+09,-3.168060856463510845e+03,-2.014618974211416855e+02,-1.449868162234742485e+05,-2.859638244685362588e+04,-1.197953053725376733e-48,1.430950263711113930e+09,4.163974982989724159e+09,5.315207247446685791e+09,1.377841292996996307e+10,4.153782850038373843e+06,0.000000000000000000e+00,0.000000000000000000e+00
-1.922692876824994278e+10,-5.465593494337957382e+09,-3.169646082373121317e+03,-2.023112417020287808e+02,-1.441754240617526521e+05,-2.843634803010219912e+04,-1.197953053725376733e-48,1.435830198553407907e+09,4.178175285486075878e+09,5.333333569303297043e+09,1.374115402866362572e+10,4.205156087806971744e+06,0.000000000000000000e+00,0.000000000000000000e+00
-1.922692876824994278e+10,-5.465593494337957382e+09,-3.171294800223743096e+03,-2.031596671801832485e+02,-1.433744088794548006e+05,-2.827836031028483194e+04,-1.197953053725376885e-48,1.440696711621886730e+09,4.192336531467458725e+09,5.351410036520465851e+09,1.370399681959895706e+10,4.257182573457203805e+06,0.000000000000000000e+00,0.000000000000000000e+00
-1.922692876824993896e+10,-5.465593494337957382e+09,-3.173005446068255878e+03,-2.040071364012369770e+02,-1.425834600124641729e+05,-2.812235801376217569e+04,-1.197953053725376885e-48,1.445550316649692059e+09,4.206460215864902496e+09,5.369438557339406967e+09,1.366693737470803642e+10,4.309872963683855720e+06,0.000000000000000000e+00,0.000000000000000000e+00
-1.922692876824994278e+10,-5.465593494337956429e+09,-3.174776509706462093e+03,-2.048535663252339134e+02,-1.418023304487051792e+05,-2.796829242126467943e+04,-1.197953053725376733e-48,1.450391219077593088e+09,4.220546936498083115e+09,5.387419894861288071e+09,1.362997411964039230e+10,4.363234867125190794e+06,0.000000000000000000e+00,0.000000000000000000e+00
-1.922692876824994278e+10,-5.465593494337956429e+09,-3.176606513902013376e+03,-2.056987631468729774e+02,-1.410307871476543660e+05,-2.781611756919296022e+04,-1.197953053725376733e-48,1.455219581982552052e+09,4.234597167910671234e+09,5.405354654829244614e+09,1.359310580242710686e+10,4.417276884884165600e+06,0.000000000000000000e+00,0.000000000000000000e+00
-1.922692876824994278e+10,-5.465593494337956429e+09,-3.178494015582753036e+03,-2.065425002720024565e+02,-1.402686149748789321e+05,-2.766579102564405184e+04,-1.197953053725376885e-48,1.460035501643409491e+09,4.248611190268017292e+09,5.423243194866957664e+09,1.355633167977727699e+10,4.472007839198411442e+06,0.000000000000000000e+00,0.000000000000000000e+00
-1.922692876824994278e+10,-5.465593494337957382e+09,-3.180437606215169126e+03,-2.073845386180760784e+02,-1.395156176974847913e+05,-2.751727408674794424e+04,-1.197953053725376885e-48,1.464838999025126696e+09,4.262589064576837540e+09,5.441085592848320007e+09,1.351965158247043800e+10,4.527436834444179200e+06,0.000000000000000000e+00,0.000000000000000000e+00
-1.922692876824994278e+10,-5.465593494337956429e+09,-3.182435391874999368e+03,-2.082227216287824092e+02,-1.387706326970371592e+05,-2.737033744419740469e+04,-1.197953053725376733e-48,1.469635583719290495e+09,4.276546823401027203e+09,5.458902313929337502e+09,1.348302348488974953e+10,4.583580828691968694e+06,0.000000000000000000e+00,0.000000000000000000e+00
-1.922692876824994278e+10,-5.465593494337956429e+09,-3.184486488425031894e+03,-2.090588052364902865e+02,-1.380345857967165357e+05,-2.722516370213835035e+04,-1.197953053725376733e-48,1.474419025417172432e+09,4.290466336935279369e+09,5.476670215878894806e+09,1.344649489961400032e+10,4.640430730921758339e+06,0.000000000000000000e+00,0.000000000000000000e+00
-1.922692876824994278e+10,-5.465593494337957382e+09,-3.186589615651816985e+03,-2.098925904201211665e+02,-1.373073432414726412e+05,-2.708172647947855512e+04,-1.197953053725376733e-48,1.479189062094960451e+09,4.304346842706836700e+09,5.494388325419923782e+09,1.341006780167407799e+10,4.698009034767186269e+06,0.000000000000000000e+00,0.000000000000000000e+00
-1.922692876824994278e+10,-5.465593494337957382e+09,-3.188743528571653314e+03,-2.107239008468771715e+02,-1.365887948362751922e+05,-2.694000404197132593e+04,-1.197953053725376733e-48,1.483945317009902239e+09,4.318187244418057442e+09,5.512055243156884193e+09,1.337374505287815094e+10,4.756326267088891938e+06,0.000000000000000000e+00,0.000000000000000000e+00
-1.922692876824994278e+10,-5.465593494337956429e+09,-3.190947017479814349e+03,-2.115526159333979024e+02,-1.358788430951498740e+05,-2.679997716203255914e+04,-1.197953053725376429e-48,1.488687358425075293e+09,4.331986285741738319e+09,5.529669365420154572e+09,1.333752993399016571e+10,4.815393296627305448e+06,0.000000000000000000e+00,0.000000000000000000e+00
-1.922692876824993896e+10,-5.465593494337956429e+09,-3.193198907272269480e+03,-2.123786387442287094e+02,-1.351773993221104029e+05,-2.666162834576582100e+04,-1.197953053725376733e-48,1.493414720842358351e+09,4.345742612107716560e+09,5.547228963135671616e+09,1.330142598288986206e+10,4.875221287331695668e+06,0.000000000000000000e+00,0.000000000000000000e+00
-1.922692876824994278e+10,-5.465593494337956429e+09,-3.195498910714857175e+03,-2.132077612830717896e+02,-1.344862159869287570e+05,-2.652530324043154178e+04,-1.197953053725376733e-48,1.498116149943653345e+09,4.359423474160406113e+09,5.564692232591119766e+09,1.326551898338016701e+10,4.935835903168579563e+06,0.000000000000000000e+00,0.000000000000000000e+00
-1.922692876824994659e+10,-5.465593494337956429e+09,-3.197845235696114742e+03,-2.140323789422570826e+02,-1.338033434339560044e+05,-2.639061730693833306e+04,-1.197953053725376733e-48,1.502802061204962015e+09,4.373059180277819633e+09,5.582097861653592110e+09,1.322972952629615402e+10,4.997232251755801961e+06,0.000000000000000000e+00,0.000000000000000000e+00
-1.922692876824994278e+10,-5.465593494337957382e+09,-3.200236793381856842e+03,-2.148540479786090032e+02,-1.331286879991577880e+05,-2.625755207151994546e+04,-1.197953053725376733e-48,1.507472071039618492e+09,4.386648614246959686e+09,5.599444425505681038e+09,1.319406052710828209e+10,5.059419403540550731e+06,0.000000000000000000e+00,0.000000000000000000e+00
-1.922692876824994278e+10,-5.465593494337957382e+09,-3.202672232180043466e+03,-2.156711347693505161e+02,-1.324615437238202430e+05,-2.612596829485865965e+04,-1.197953053725376733e-48,1.512129465008365154e+09,4.400201336842288017e+09,5.616744128230998039e+09,1.315848691990085030e+10,5.122411993490523659e+06,0.000000000000000000e+00,0.000000000000000000e+00
-1.922692876824994278e+10,-5.465593494337956429e+09,-3.205150493425502646e+03,-2.164840172341490643e+02,-1.318019080891768972e+05,-2.599586548016715096e+04,-1.197953053725376733e-48,1.516773390141895294e+09,4.413714865976938248e+09,5.633993801509087563e+09,1.312301519883219147e+10,5.186219105705378577e+06,0.000000000000000000e+00,0.000000000000000000e+00
-1.922692876824993896e+10,-5.465593494337956429e+09,-3.207670562136424905e+03,-2.172927567761554712e+02,-1.311497955028318393e+05,-2.586724646912005483e+04,-1.197953053725376733e-48,1.521402898218410015e+09,4.427186442385305405e+09,5.651189923208580971e+09,1.308765258018151093e+10,5.250854314891563728e+06,0.000000000000000000e+00,0.000000000000000000e+00
