# tendency to change, top row gives equation number (%/hour)
3.600000000000000000e+01,4.600000000000000000e+01,1.300000000000000000e+01,0.000000000000000000e+00,0.000000000000000000e+00
0.000000000000000000e+00,0.000000000000000000e+00,0.000000000000000000e+00,0.000000000000000000e+00,1.324842258622187091e-56
-2.357518291527912021e+07,-2.676512177995094776e+09,2.428718030604484558e+09,0.000000000000000000e+00,-5.893795728819734603e+07
-5.118121878649913520e+07,-5.810650795753300667e+09,5.655292500929977417e+09,0.000000000000000000e+00,-1.279530469662459046e+08
-7.716312177583298087e+07,-8.760400115126327515e+09,8.647146286767698288e+09,0.000000000000000000e+00,-1.929078044395779371e+08
-1.005408131314571798e+08,-1.141449089489230919e+10,1.132643407266302299e+10,0.000000000000000000e+00,-2.513520328286348879e+08
-1.212193561374967843e+08,-1.376214488246710777e+10,1.369093688594439316e+10,0.000000000000000000e+00,-3.030483903437294960e+08
-8.498247302346680313e+06,-9.648138246937351227e+08,4.099740879205489904e+07,0.000000000000000000e+00,-2.124561825585309416e+07
-8.227459656225383282e+06,-9.340710544213334322e+08,6.609261483990363032e+07,0.000000000000000000e+00,-2.056864914054952189e+07
-8.375416043239098042e+06,-9.508686789860068560e+08,8.337570877987919748e+07,0.000000000000000000e+00,-2.093854010808348283e+07
-8.536876755882916972e+06,-9.691994620476673841e+08,1.026046490679457039e+08,0.000000000000000000e+00,-2.134219188969269395e+07
-8.715069337036428973e+06,-9.894298295150032043e+08,1.238309230670758337e+08,0.000000000000000000e+00,-2.178767334257613122e+07
-8.912519988876320422e+06,-1.011846583442287922e+09,1.473691635119069517e+08,0.000000000000000000e+00,-2.228129997217550874e+07
-9.132202853523360565e+06,-1.036787380917228222e+09,1.735769505613272786e+08,0.000000000000000000e+00,-2.283050713379274681e+07
-9.377654631576590240e+06,-1.064653746808465838e+09,2.028809303841390014e+08,0.000000000000000000e+00,-2.344413657892545685e+07
-9.653140588757764548e+06,-1.095929920652452230e+09,2.357983821764570475e+08,0.000000000000000000e+00,-2.413285147187801078e+07
-9.963892694016100839e+06,-1.131209892691290617e+09,2.729640996037767529e+08,0.000000000000000000e+00,-2.490973173502346128e+07
-1.031641037641727552e+07,-1.171231549078688383e+09,3.151671292963349819e+08,0.000000000000000000e+00,-2.579102594102599844e+07
-1.071879216428310610e+07,-1.216914323176205397e+09,3.633958425638834238e+08,0.000000000000000000e+00,-2.679698041069015488e+07
-1.118132306728636287e+07,-1.269425881582182884e+09,4.189055766461645961e+08,0.000000000000000000e+00,-2.795330766819786653e+07
-1.171720762533770129e+07,-1.330265347845426559e+09,4.833080232574006319e+08,0.000000000000000000e+00,-2.929301906332575157e+07
-1.234342781814384274e+07,-1.401360701725620985e+09,5.586922096454054117e+08,0.000000000000000000e+00,-3.085856954534063488e+07
-1.308236065099015646e+07,-1.485252425193512917e+09,6.478084350658833981e+08,0.000000000000000000e+00,-3.270590162745590508e+07
-1.396387507373382710e+07,-1.585331567570924759e+09,7.543220031978696585e+08,0.000000000000000000e+00,-3.490968768431454897e+07
-1.502809057924305275e+07,-1.706152931746241808e+09,8.831760696898391247e+08,0.000000000000000000e+00,-3.757022644808703661e+07
-1.632933521901206672e+07,-1.853884431323935509e+09,1.041106106449071884e+09,0.000000000000000000e+00,-4.082333804750894755e+07
-1.794260589965178445e+07,-2.037040534021071672e+09,1.237401662208162069e+09,0.000000000000000000e+00,-4.485651474910756201e+07
-1.997241445696636289e+07,-2.267486564585276604e+09,1.484989197078958988e+09,0.000000000000000000e+00,-4.993103614239326864e+07
-2.256305879353665933e+07,-2.561604796482028961e+09,1.801736795257372856e+09,0.000000000000000000e+00,-5.640764698381815106e+07
-2.591201726131556928e+07,-2.941815128457894802e+09,2.212007172161073208e+09,0.000000000000000000e+00,-6.478004315326447040e+07
-3.028065331071970984e+07,-3.437790393187675476e+09,2.747745433044495583e+09,0.000000000000000000e+00,-7.570163327677372098e+07
-3.598903303651046008e+07,-4.085867988496477127e+09,3.447386287105843544e+09,0.000000000000000000e+00,-8.997258259124927223e+07
-4.337372888271211088e+07,-4.924259293207781792e+09,4.349799164841910362e+09,0.000000000000000000e+00,-1.084343222067518383e+08
-5.268225403853557259e+07,-5.981064707115646362e+09,5.480524439517890930e+09,0.000000000000000000e+00,-1.317056350963085741e+08
-6.391717136628665030e+07,-7.256575194332489014e+09,6.833131017549270630e+09,0.000000000000000000e+00,-1.597929284156839550e+08
-7.672328908521804214e+07,-8.710465505628631592e+09,8.358446267766544342e+09,0.000000000000000000e+00,-1.918082227130096555e+08
-9.044606058397807181e+07,-1.026842436279919243e+10,9.975610498213478088e+09,0.000000000000000000e+00,-2.261151514599063993e+08
-1.043528280300544053e+08,-1.184727244892986870e+10,1.159990988604300308e+10,0.000000000000000000e+00,-2.608820700750933886e+08
-1.178478577575311810e+08,-1.337937557355030251e+10,1.316586239970911026e+10,0.000000000000000000e+00,-2.946196443937808871e+08
-1.305504838479227573e+08,-1.482151638516693878e+10,1.463329585501730537e+10,0.000000000000000000e+00,-3.263762096197549105e+08
-1.422619525828787088e+08,-1.615113019151425171e+10,1.598207711322271919e+10,0.000000000000000000e+00,-3.556548814571393728e+08
-1.529039377065724730e+08,-1.735932454079961014e+10,1.720497252007824707e+10,0.000000000000000000e+00,-3.822598442663678527e+08
-1.624717696884132326e+08,-1.844556929692453003e+10,1.830259162894365692e+10,0.000000000000000000e+00,-4.061794242209635377e+08
-1.710032772953933179e+08,-1.941415919456391525e+10,1.928004815077887344e+10,0.000000000000000000e+00,-4.275081932384071350e+08
-1.785623830570271015e+08,-2.027235141722757339e+10,2.014521004226538849e+10,0.000000000000000000e+00,-4.464059576424846053e+08
-1.852267257816105485e+08,-2.102896037015834045e+10,2.090734709702615738e+10,0.000000000000000000e+00,-4.630668144539359808e+08
-1.910783838813723922e+08,-2.169330449091278076e+10,2.157611628892941284e+10,0.000000000000000000e+00,-4.776959597033331394e+08
-1.962006506855742335e+08,-2.227484014769450760e+10,2.216122864422217560e+10,0.000000000000000000e+00,-4.905016267138300538e+08
-2.006732943295336068e+08,-2.278262349019961166e+10,2.267193079993315125e+10,0.000000000000000000e+00,-5.016832358237205148e+08
-2.045709592464461029e+08,-2.322512896951444626e+10,2.311684139943286133e+10,0.000000000000000000e+00,-5.114273981159937382e+08
-2.079620921562641561e+08,-2.361012740464622879e+10,2.350384114494404221e+10,0.000000000000000000e+00,-5.199052303905306458e+08
-2.109102484769884944e+08,-2.394483430059730530e+10,2.384023053117376328e+10,0.000000000000000000e+00,-5.272756211923332214e+08
-2.134707517994008064e+08,-2.423553059546218491e+10,2.413235530494956970e+10,0.000000000000000000e+00,-5.336768794983555675e+08
-2.156930370215964317e+08,-2.448782867864397812e+10,2.438587767899766922e+10,0.000000000000000000e+00,-5.392325925538361073e+08
-2.176221045428745449e+08,-2.470683748682291412e+10,2.460594690984791946e+10,0.000000000000000000e+00,-5.440552613570227623e+08
-2.192970763509938717e+08,-2.489699857521575546e+10,2.479703552157786560e+10,0.000000000000000000e+00,-5.482426908773123026e+08
-2.207514513820124567e+08,-2.506211510881306076e+10,2.496297102006406784e+10,0.000000000000000000e+00,-5.518786284548500776e+08
-2.220148196055019200e+08,-2.520554646404848862e+10,2.510713249240067673e+10,0.000000000000000000e+00,-5.550370490135649443e+08
-2.231136775564222336e+08,-2.533030081688190079e+10,2.523254404980113220e+10,0.000000000000000000e+00,-5.577841938908568621e+08
-2.240699240569334924e+08,-2.543886436071446228e+10,2.534170423753922272e+10,0.000000000000000000e+00,-5.601748101421262026e+08
-2.249024487293398082e+08,-2.553338165172274399e+10,2.543676760895626068e+10,0.000000000000000000e+00,-5.622561218231331110e+08
-2.256297886022922993e+08,-2.561595721580191040e+10,2.551984779574113846e+10,0.000000000000000000e+00,-5.640744715055052042e+08
-2.262665566238370836e+08,-2.568825007437047958e+10,2.559261060995071411e+10,0.000000000000000000e+00,-5.656663915593582392e+08
-2.268257772735944092e+08,-2.575173890856704330e+10,2.565654047233858871e+10,0.000000000000000000e+00,-5.670644431837425232e+08
-2.273168560775152445e+08,-2.580749153639490891e+10,2.571270934158749390e+10,0.000000000000000000e+00,-5.682921401935356855e+08
-2.277498855099722147e+08,-2.585665376574288559e+10,2.576226693211154938e+10,0.000000000000000000e+00,-5.693747137746690512e+08
-2.281328614661399424e+08,-2.590013337793702316e+10,2.580612434391753769e+10,0.000000000000000000e+00,-5.703321536650793552e+08
-2.284728599393390715e+08,-2.593873371700066757e+10,2.584508751916531372e+10,0.000000000000000000e+00,-5.711821498480679989e+08
-2.287765556663249135e+08,-2.597321257193060684e+10,2.587991669159492493e+10,0.000000000000000000e+00,-5.719413891655235291e+08
-2.290484188550556302e+08,-2.600407744954369736e+10,2.591112091682162094e+10,0.000000000000000000e+00,-5.726210471373411417e+08
-2.292928758745450675e+08,-2.603183087958117294e+10,2.593920428081745148e+10,0.000000000000000000e+00,-5.732321896860557795e+08
-2.295138663628653288e+08,-2.605692013277322006e+10,2.596461533652075577e+10,0.000000000000000000e+00,-5.737846659068473577e+08
-2.297148630834083259e+08,-2.607973947513860703e+10,2.598774956912417603e+10,0.000000000000000000e+00,-5.742871577081955671e+08
-2.298988362354864478e+08,-2.610062611613438416e+10,2.600894506814865112e+10,0.000000000000000000e+00,-5.747470905883817673e+08
-2.300679428938926756e+08,-2.611982495044379044e+10,2.602844739947488022e+10,0.000000000000000000e+00,-5.751698572343882322e+08
-2.302240607877776027e+08,-2.613754915838260269e+10,2.604647032209673691e+10,0.000000000000000000e+00,-5.755601519690914154e+08
-2.303691136194634736e+08,-2.615401713964302826e+10,2.606323280436825943e+10,0.000000000000000000e+00,-5.759227840482970476e+08
-2.305046764903697371e+08,-2.616940771693646622e+10,2.607891417264059830e+10,0.000000000000000000e+00,-5.762616912255535126e+08
-2.306320158145555258e+08,-2.618386466741467667e+10,2.609365852889897156e+10,0.000000000000000000e+00,-5.765800395360087156e+08
-2.307522941855760217e+08,-2.619751998139220428e+10,2.610759813147551727e+10,0.000000000000000000e+00,-5.768807354635508060e+08
-2.308664845289737284e+08,-2.621048411599984360e+10,2.612084374761726379e+10,0.000000000000000000e+00,-5.771662113220359087e+08
-2.309754299721217453e+08,-2.622285279226295471e+10,2.613349167957788467e+10,0.000000000000000000e+00,-5.774385749298967123e+08
-2.310798422927956581e+08,-2.623470681896640778e+10,2.614562244138399887e+10,0.000000000000000000e+00,-5.776996057315723896e+08
-2.311804305666833520e+08,-2.624612669812456512e+10,2.615731694256267929e+10,0.000000000000000000e+00,-5.779510764162825346e+08
-2.312775664467797875e+08,-2.625715462384342957e+10,2.616861743784140015e+10,0.000000000000000000e+00,-5.781939161165143251e+08
-2.313716386375238299e+08,-2.626783472609510422e+10,2.617956817122733307e+10,0.000000000000000000e+00,-5.784290965933651924e+08
-2.314630631953121722e+08,-2.627821424014458847e+10,2.619021647341091537e+10,0.000000000000000000e+00,-5.786576579878269434e+08
-2.315521731296680868e+08,-2.628833097286903763e+10,2.620060010317092514e+10,0.000000000000000000e+00,-5.788804328237074614e+08
-2.316392697693670988e+08,-2.629821913440121460e+10,2.621075377206162643e+10,0.000000000000000000e+00,-5.790981744229458570e+08
-2.317245947535489500e+08,-2.630790615825467300e+10,2.622070425483758163e+10,0.000000000000000000e+00,-5.793114868833911419e+08
-2.318083513621971905e+08,-2.631741512299272919e+10,2.623047575208708572e+10,0.000000000000000000e+00,-5.795208784050025940e+08
-2.318907111631164253e+08,-2.632676550686587906e+10,2.624008685756963730e+10,0.000000000000000000e+00,-5.797267779072914124e+08
-2.319718264391349852e+08,-2.633597459868354416e+10,2.624955521034406662e+10,0.000000000000000000e+00,-5.799295660973286629e+08
-2.320518259538169503e+08,-2.634505701709147263e+10,2.625889546469014740e+10,0.000000000000000000e+00,-5.801295648840242624e+08
-2.321308194727198482e+08,-2.635402522387425995e+10,2.626812011290432739e+10,0.000000000000000000e+00,-5.803270486812723875e+08
-2.322089009197553396e+08,-2.636288988229990387e+10,2.627723984475958633e+10,0.000000000000000000e+00,-5.805222522988518476e+08
-2.322861507976176739e+08,-2.637166013191324615e+10,2.628626382301658249e+10,0.000000000000000000e+00,-5.807153769934985638e+08
-2.323626381603462100e+08,-2.638034381248282242e+10,2.629519990789850235e+10,0.000000000000000000e+00,-5.809065954003105164e+08
-2.324384222800252140e+08,-2.638894765322282410e+10,2.630405484673638916e+10,0.000000000000000000e+00,-5.810960556994987726e+08
-2.325135583694703281e+08,-2.639747792249494171e+10,2.631283493064304733e+10,0.000000000000000000e+00,-5.812838959231023788e+08
-2.325880844097312093e+08,-2.640593893232264328e+10,2.632154447779221725e+10,0.000000000000000000e+00,-5.814702110237454176e+08
-2.326620384899486303e+08,-2.641433500700107574e+10,2.633018782616685104e+10,0.000000000000000000e+00,-5.816550962242796421e+08
-2.327354536755016148e+08,-2.642266990047309875e+10,2.633876874239688873e+10,0.000000000000000000e+00,-5.818386341881527901e+08
-2.328083823574223220e+08,-2.643094956074073410e+10,2.634729322990102768e+10,0.000000000000000000e+00,-5.820209558929454088e+08
-2.328808238509733081e+08,-2.643917391006511307e+10,2.635576116891637039e+10,0.000000000000000000e+00,-5.822020596268136501e+08
-2.329527945467359126e+08,-2.644734480928399277e+10,2.636417445306257629e+10,0.000000000000000000e+00,-5.823819863662108183e+08
-2.330243161005878150e+08,-2.645546471700906372e+10,2.637253552342755127e+10,0.000000000000000000e+00,-5.825607902508313656e+08
-2.330954045626235604e+08,-2.646353545542230606e+10,2.638084622063770294e+10,0.000000000000000000e+00,-5.827385114059114456e+08
-2.331660739290670455e+08,-2.647155861352788544e+10,2.638910814226842499e+10,0.000000000000000000e+00,-5.829151848220108747e+08
-2.332363366808555722e+08,-2.647953560829807663e+10,2.639732271446358490e+10,0.000000000000000000e+00,-5.830908417014728785e+08
-2.333062031542972326e+08,-2.648746761322343063e+10,2.640549111591562271e+10,0.000000000000000000e+00,-5.832655078850678205e+08
-2.333756826088985503e+08,-2.649535567954423904e+10,2.641361440538345718e+10,0.000000000000000000e+00,-5.834392065215617418e+08
-2.334447832093548477e+08,-2.650320073420586014e+10,2.642169351662369156e+10,0.000000000000000000e+00,-5.836119580226932764e+08
-2.335135121809320450e+08,-2.651100359749937057e+10,2.642972927661483765e+10,0.000000000000000000e+00,-5.837837804516270161e+08
-2.335818759702823460e+08,-2.651876500131911850e+10,2.643772236419933701e+10,0.000000000000000000e+00,-5.839546899249933958e+08
-2.336498805541916192e+08,-2.652648562421510315e+10,2.644567351917010880e+10,0.000000000000000000e+00,-5.841247013847572803e+08
-2.337175311658638418e+08,-2.653416606031777191e+10,2.645358336633967590e+10,0.000000000000000000e+00,-5.842938279139286280e+08
-2.337848323615380526e+08,-2.654180682690113068e+10,2.646145241527562714e+10,0.000000000000000000e+00,-5.844620809031049013e+08
-2.338517882873198390e+08,-2.654940839467635727e+10,2.646928114501614380e+10,0.000000000000000000e+00,-5.846294707175500393e+08
-2.339184026862513721e+08,-2.655697118859447098e+10,2.647706998376837540e+10,0.000000000000000000e+00,-5.847960067148696184e+08
-2.339846789802801907e+08,-2.656449559715231705e+10,2.648481932550113678e+10,0.000000000000000000e+00,-5.849616974499323368e+08
-2.340506203100285232e+08,-2.657198197690762711e+10,2.649252953160807800e+10,0.000000000000000000e+00,-5.851265507742937803e+08
-2.341162295791668594e+08,-2.657943065751676941e+10,2.650020093693398666e+10,0.000000000000000000e+00,-5.852905739471304417e+08
-2.341815109110163748e+08,-2.658684210710419846e+10,2.650783438136705017e+10,0.000000000000000000e+00,-5.854537772767448425e+08
-2.342464645254423320e+08,-2.659421635063141251e+10,2.651542917917467499e+10,0.000000000000000000e+00,-5.856161613128005266e+08
-2.343110936749987304e+08,-2.660155375736385727e+10,2.652298605268530655e+10,0.000000000000000000e+00,-5.857777341866821051e+08
-2.343754006132325232e+08,-2.660885458314878845e+10,2.653050526309689331e+10,0.000000000000000000e+00,-5.859385015322573185e+08
-2.344393874834071398e+08,-2.661611907131287003e+10,2.653798705914148331e+10,0.000000000000000000e+00,-5.860984687076846361e+08
-2.345030563333378136e+08,-2.662334745434645081e+10,2.654543167867470551e+10,0.000000000000000000e+00,-5.862576408325018883e+08
-2.345664091285988986e+08,-2.663053995540299225e+10,2.655283935017663574e+10,0.000000000000000000e+00,-5.864160228206453323e+08
-2.346294477637531757e+08,-2.663769678957395172e+10,2.656021029402716446e+10,0.000000000000000000e+00,-5.865736194085217714e+08
-2.346921740719588399e+08,-2.664481816497945404e+10,2.656754472360232544e+10,0.000000000000000000e+00,-5.867304351790264845e+08
-2.347545898331381381e+08,-2.665190428369571686e+10,2.657484284620223236e+10,0.000000000000000000e+00,-5.868864745819654465e+08
-2.348166967809507847e+08,-2.665895534254671478e+10,2.658210486384403992e+10,0.000000000000000000e+00,-5.870417419514876604e+08
-2.348784966087616384e+08,-2.666597153378171539e+10,2.658933097394136429e+10,0.000000000000000000e+00,-5.871962415210055113e+08
-2.349399909747340977e+08,-2.667295304565353394e+10,2.659652136988316727e+10,0.000000000000000000e+00,-5.873499774359272718e+08
-2.350011815062230527e+08,-2.667990006291727066e+10,2.660367624153532791e+10,0.000000000000000000e+00,-5.875029537646404505e+08
-2.350620698035214543e+08,-2.668681276725564957e+10,2.661079577566462326e+10,0.000000000000000000e+00,-5.876551745078769922e+08
-2.351226574430949688e+08,-2.669369133764627457e+10,2.661788015630886078e+10,0.000000000000000000e+00,-5.878066436068015099e+08
-2.351829459803537130e+08,-2.670053595067627335e+10,2.662492956509190750e+10,0.000000000000000000e+00,-5.879573649499390125e+08
-2.352429369520254135e+08,-2.670734678081175995e+10,2.663194418149387741e+10,0.000000000000000000e+00,-5.881073423791089058e+08
-2.353026318781507313e+08,-2.671412400062435532e+10,2.663892418307729340e+10,0.000000000000000000e+00,-5.882565796944128275e+08
-2.353620322637816668e+08,-2.672086778098398590e+10,2.664586974568217850e+10,0.000000000000000000e+00,-5.884050806584808826e+08
-2.354211396003725827e+08,-2.672757829121684265e+10,2.665278104358322525e+10,0.000000000000000000e+00,-5.885528489999487400e+08
-2.354799553669275045e+08,-2.673425569923560715e+10,2.665965824962097168e+10,0.000000000000000000e+00,-5.886998884163266420e+08
-2.355384810309165716e+08,-2.674090017164351654e+10,2.666650153530426025e+10,0.000000000000000000e+00,-5.888462025762900114e+08
-2.355967180490332246e+08,-2.674751187382031250e+10,2.667331107089789581e+10,0.000000000000000000e+00,-5.889917951215722561e+08
-2.356546678678196967e+08,-2.675409096999326706e+10,2.668008702549285889e+10,0.000000000000000000e+00,-5.891366696685290337e+08
-2.357123319242044687e+08,-2.676063762329818726e+10,2.668682956706699753e+10,0.000000000000000000e+00,-5.892808298094816208e+08
-2.357697116459804773e+08,-2.676715199583372498e+10,2.669353886253981018e+10,0.000000000000000000e+00,-5.894242791139123440e+08
-2.358268084522424936e+08,-2.677363424871100235e+10,2.670021507782161713e+10,0.000000000000000000e+00,-5.895670211295579672e+08
-2.358836237537725568e+08,-2.678008454209740448e+10,2.670685837785718155e+10,0.000000000000000000e+00,-5.897090593833737373e+08
-2.359401589533802867e+08,-2.678650303525519943e+10,2.671346892666587830e+10,0.000000000000000000e+00,-5.898503973823837042e+08
-2.359964154461369812e+08,-2.679288988656811142e+10,2.672004688736602783e+10,0.000000000000000000e+00,-5.899910386142660379e+08
-2.360523946195122302e+08,-2.679924525355683517e+10,2.672659242219172287e+10,0.000000000000000000e+00,-5.901309865476948023e+08
-2.361080978533889651e+08,-2.680556929288075638e+10,2.673310569249375916e+10,0.000000000000000000e+00,-5.902702446323773861e+08
-2.361635265199501216e+08,-2.681186216032505417e+10,2.673958685872586441e+10,0.000000000000000000e+00,-5.904088162987707853e+08
-2.362186819834768176e+08,-2.681812401077782440e+10,2.674603608042083359e+10,0.000000000000000000e+00,-5.905467049575781822e+08
-2.362735656000876725e+08,-2.682435499820045471e+10,2.675245351616027832e+10,0.000000000000000000e+00,-5.906839139990957975e+08
-2.363281787174661756e+08,-2.683055527559669876e+10,2.675883932354243469e+10,0.000000000000000000e+00,-5.908204467925326824e+08
-2.363825226746188104e+08,-2.683672499498518372e+10,2.676519365915391541e+10,0.000000000000000000e+00,-5.909563066854048967e+08
-2.364365988016866744e+08,-2.684286430737805176e+10,2.677151667854752350e+10,0.000000000000000000e+00,-5.910914970030652285e+08
-2.364904084198088050e+08,-2.684897336276543427e+10,2.677780853622596741e+10,0.000000000000000000e+00,-5.912260210483610630e+08
-2.365439528410076797e+08,-2.685505231010245132e+10,2.678406938562871170e+10,0.000000000000000000e+00,-5.913598821013488770e+08
-2.365972333680445552e+08,-2.686110129729277802e+10,2.679029937911468887e+10,0.000000000000000000e+00,-5.914930834189316034e+08
-2.366502512941644788e+08,-2.686712047115972137e+10,2.679649866793294144e+10,0.000000000000000000e+00,-5.916256282342220545e+08
-2.367030079026491344e+08,-2.687310997739542389e+10,2.680266740217068100e+10,0.000000000000000000e+00,-5.917575197554243803e+08
-2.367555044660989940e+08,-2.687906996047938919e+10,2.680880573067091370e+10,0.000000000000000000e+00,-5.918887611640396118e+08
-2.368077422453835011e+08,-2.688500056355928421e+10,2.681491380091283035e+10,0.000000000000000000e+00,-5.920193556122415066e+08
-2.368597224882344306e+08,-2.689090192829124069e+10,2.682099175885851288e+10,0.000000000000000000e+00,-5.921493062193593979e+08
-2.369114464274808764e+08,-2.689677419463948059e+10,2.682703974880354691e+10,0.000000000000000000e+00,-5.922786160674660206e+08
-2.369629152789224088e+08,-2.690261750063484573e+10,2.683305791451184845e+10,0.000000000000000000e+00,-5.924072881960604191e+08
-2.370141311956751943e+08,-2.690843209072259521e+10,2.683904650864441681e+10,0.000000000000000000e+00,-5.925353279879330397e+08
-2.370650956195888817e+08,-2.691421812859723663e+10,2.684500569083345032e+10,0.000000000000000000e+00,-5.926627390477077961e+08
-2.371158097838587165e+08,-2.691997575426456833e+10,2.685093561074655914e+10,0.000000000000000000e+00,-5.927895244583729506e+08
-2.371662749187594950e+08,-2.692570510739881516e+10,2.685683641235609055e+10,0.000000000000000000e+00,-5.929156872956154346e+08
-2.372164922495276034e+08,-2.693140632710219193e+10,2.686270823903091049e+10,0.000000000000000000e+00,-5.930412306225262880e+08
-2.372664629944165647e+08,-2.693707955168413544e+10,2.686855123331271744e+10,0.000000000000000000e+00,-5.931661574847393036e+08
-2.373161883626152575e+08,-2.694272491842497253e+10,2.687436553667592239e+10,0.000000000000000000e+00,-5.932904709052265882e+08
-2.373656695519762337e+08,-2.694834256331800461e+10,2.688015128926532745e+10,0.000000000000000000e+00,-5.934141738786196709e+08
-2.374149077465111315e+08,-2.695393262078516388e+10,2.688590862960613632e+10,0.000000000000000000e+00,-5.935372693649474382e+08
-2.374639041135962605e+08,-2.695949522335974884e+10,2.689163769428023911e+10,0.000000000000000000e+00,-5.936597602826508284e+08
