# tendency to change, top row gives equation number (where number 0 is the first equation), penultimate column is gas-particle partitioning and final column is gas-wall partitioning (molecules/cc.s (air))
6.200000000000000000e+01,6.300000000000000000e+01,6.400000000000000000e+01,6.500000000000000000e+01,6.600000000000000000e+01,6.700000000000000000e+01,6.800000000000000000e+01,0.000000000000000000e+00,0.000000000000000000e+00
0.000000000000000000e+00,0.000000000000000000e+00,0.000000000000000000e+00,0.000000000000000000e+00,0.000000000000000000e+00,0.000000000000000000e+00,0.000000000000000000e+00,-1.379521909971497726e+10,-7.824941693333194256e+08
-8.397216871682494879e+06,-4.521578315521342680e+06,-2.476875625210279822e+08,-1.651250416806851625e+08,-6.817916676795054674e+08,-4.207560466623525023e+08,-8.939576062231281400e+07,-4.737576215970124006e+08,-1.375520515320721054e+10
-4.660638115704946686e+05,-2.509574369994970912e+05,-1.403589261443045922e+07,-9.357261742953641340e+06,-4.203564894479262829e+07,-2.594158055509056151e+07,-5.511667256747286767e+06,2.979818899244997883e+05,-3.311012405042902231e+08
-5.702124674141417490e+05,-3.070374824537686072e+05,-1.685418420800986513e+07,-1.123612280533991195e+07,-5.155515534912246466e+07,-3.181638083608432487e+07,-6.759854285287037492e+06,3.830606370761334547e+05,-2.146443999262477756e+08
-6.605635144899220904e+05,-3.556880462638041354e+05,-1.881529947198542580e+07,-1.254353298132361844e+07,-5.780030938943322748e+07,-3.567047065466771275e+07,-7.578711895467644557e+06,4.548977207237031544e+05,-1.385928132252343893e+08
-7.525917136609414592e+05,-4.052416919712760719e+05,-2.047820208648063615e+07,-1.365213472432042472e+07,-6.279573672360569239e+07,-3.875331304795946181e+07,-8.233706738235013559e+06,5.396281469112120103e+05,-8.893954499302929640e+07
-8.542629206236021128e+05,-4.599877264896318084e+05,-2.210589713642689586e+07,-1.473726475761793181e+07,-6.745255156223781407e+07,-4.162718654103138298e+07,-8.844303089454259723e+06,6.182226634900314966e+05,-5.648811129306660593e+07
-9.708812316722458927e+05,-5.227822016696707578e+05,-2.382906924939903244e+07,-1.588604616626602411e+07,-7.218028487572531402e+07,-4.454482615582349896e+07,-9.464198191747201607e+06,6.934976119196750224e+05,-3.522907550221865624e+07
-1.107106411232647719e+06,-5.961342214329640847e+05,-2.572385488385591283e+07,-1.714923658923727646e+07,-7.717492112209519744e+07,-4.762718034283148497e+07,-1.011908930796702951e+07,7.690746475185980089e+05,-2.125004929562470689e+07
-1.267874959434450837e+06,-6.827019012339347973e+05,-2.784604110324352980e+07,-1.856402740216235444e+07,-8.253544717623572052e+07,-5.093533715596365929e+07,-1.082195548639454506e+07,8.481406885979122017e+05,-1.203361812265175767e+07
-1.458802548923754133e+06,-7.855090648050982272e+05,-3.024559020187306032e+07,-2.016372680124871060e+07,-8.831140404056490958e+07,-5.449986997608290613e+07,-1.157929248783631064e+07,9.326963772375534754e+05,-5.890463862020800821e+06
-1.686591014162254054e+06,-9.081643922412135871e+05,-3.297516085692700744e+07,-2.198344057128467411e+07,-9.451930204167233407e+07,-5.833096786837472767e+07,-1.239326512784165516e+07,1.025989510301666800e+06,-1.737693630202734377e+06
-1.959252687505537877e+06,-1.054982216349135619e+06,-3.609401305342549831e+07,-2.406267536895033345e+07,-1.011432005551848263e+08,-6.241879334961582720e+07,-1.326178328957843408e+07,1.131769589050945593e+06,1.131886050544922007e+06
-2.286195674555498175e+06,-1.231028440145267872e+06,-3.966924123538033664e+07,-2.644616082358689234e+07,-1.081126690349160880e+08,-6.671988141490451992e+07,-1.417561219863410480e+07,1.254665392506218283e+06,3.174511739739257842e+06
-2.677720497720369138e+06,-1.441849498772506136e+06,-4.377198658276560903e+07,-2.918132438851040602e+07,-1.152772886798925996e+08,-7.114140367832534015e+07,-1.511502911012578011e+07,1.399342057509260718e+06,4.695197416466796771e+06
-3.144575275991913863e+06,-1.693232840918722562e+06,-4.847865300212702155e+07,-3.231910200141801685e+07,-1.223871631480944008e+08,-7.552914089384149015e+07,-1.604726789529210143e+07,1.573766694944808958e+06,5.887199818461230956e+06
-3.696375994844699744e+06,-1.990356304916376481e+06,-5.386275132706604153e+07,-3.590850088471069932e+07,-1.290507606404738724e+08,-7.964146591973301768e+07,-1.692099134271947667e+07,1.788882351569426013e+06,6.871369827044629492e+06
-4.338476582944451831e+06,-2.336102775431626942e+06,-5.997772572902359068e+07,-3.998515048601573706e+07,-1.347376995837319195e+08,-8.315106285499541461e+07,-1.766665641395086795e+07,2.056511826509797946e+06,7.721180605450976640e+06
-5.068679479286140762e+06,-2.729288950384844560e+06,-6.684362386513811350e+07,-4.456241591009207815e+07,-1.388771768762341440e+08,-8.570567034494872391e+07,-1.820942004496077448e+07,2.395157281526050065e+06,8.474930017281251028e+06
-5.873828898164616898e+06,-3.162830945165561978e+06,-7.442435027376949787e+07,-4.961623351584634185e+07,-1.410522397295272052e+08,-8.704797311979565024e+07,-1.849461185264780000e+07,2.824782980320408009e+06,9.148611280773827806e+06
-6.729045903110441752e+06,-3.623332409367159940e+06,-8.260873820622129738e+07,-5.507249213748087734e+07,-1.412578090168342590e+08,-8.717483668346591294e+07,-1.852156586759190634e+07,3.360015480056346860e+06,9.747539520669726655e+06
-7.602831102216903120e+06,-4.093832131962946616e+06,-9.121895533883322775e+07,-6.081263689255549014e+07,-1.400137782232327759e+08,-8.640710439300905168e+07,-1.835844994185744971e+07,4.003372286855270155e+06,1.027715453014404327e+07
-8.465476978800518438e+06,-4.558333757815662771e+06,-1.000375458067186773e+08,-6.669169720447912812e+07,-1.380784874991277456e+08,-8.521277287970647216e+07,-1.810469678747304529e+07,4.721791232349083759e+06,1.074887028147363290e+07
-9.295831911185776815e+06,-5.005447952176955529e+06,-1.088525716351374686e+08,-7.256838109009166062e+07,-1.360373100697641373e+08,-8.395309520039640367e+07,-1.783705988676977530e+07,5.441961113661848009e+06,1.117803915528837964e+07
-1.008239148733158968e+07,-5.428980031640086323e+06,-1.174920388143255562e+08,-7.832802587621703744e+07,-1.341256663840862960e+08,-8.277335705171760917e+07,-1.758640730560572445e+07,6.057416006257536821e+06,1.157810440481757931e+07
-1.082031917260843329e+07,-5.826325708327616565e+06,-1.258365241245389581e+08,-8.389101608302597702e+07,-1.323645045519810021e+08,-8.168648620078550279e+07,-1.735548573671079800e+07,6.457760698587656021e+06,1.195706144403769635e+07
-1.150845006462518312e+07,-6.196857727105866186e+06,-1.338123962029360980e+08,-8.920826413529074192e+07,-1.306904256408803165e+08,-8.065335708257126808e+07,-1.713598238298256323e+07,6.546948829801050946e+06,1.231804805232509784e+07
-1.214703595162478089e+07,-6.540711666259496473e+06,-1.413791971178405881e+08,-9.425279807856039703e+07,-1.290626107102943957e+08,-7.964877898729708791e+07,-1.692254511061552912e+07,6.277716316400418989e+06,1.266128346120595746e+07
-1.273695565658931434e+07,-6.858360738163475879e+06,-1.485173054001270831e+08,-9.901153693341808021e+07,-1.274578416005964726e+08,-7.865842322554294765e+07,-1.671212958049779199e+07,5.641018826343774796e+06,1.298589713364560530e+07
-1.327946572790747322e+07,-7.150481545796330087e+06,-1.552213959473730624e+08,-1.034809306315820515e+08,-1.258689065140496343e+08,-7.767783915989428759e+07,-1.650379018977923878e+07,4.658132075830181129e+06,1.329095353112011775e+07
-1.377594523216372542e+07,-7.417816663472773507e+06,-1.614937083706939518e+08,-1.076624722471293062e+08,-1.242935225380260944e+08,-7.670561792993570864e+07,-1.629722760551041737e+07,3.384198977200220805e+06,1.357576257310703211e+07
-1.422795460965657234e+07,-7.661206328276613727e+06,-1.673422331673324406e+08,-1.115614887782216370e+08,-1.227320276956713945e+08,-7.574196814086017013e+07,-1.609248614890796691e+07,1.871301661543080816e+06,1.384000680677968822e+07
-1.463700299550037645e+07,-7.881463151423277333e+06,-1.727765223375756443e+08,-1.151843482250504494e+08,-1.211830354991865903e+08,-7.478603414547705650e+07,-1.588938402524299920e+07,1.999706476719778148e+05,1.408358463259580173e+07
-1.500469014813423529e+07,-8.079448541303047910e+06,-1.778085727541500330e+08,-1.185390485027666986e+08,-1.196464982438810021e+08,-7.383778650365385413e+07,-1.568791497952985577e+07,-1.565364061682058731e+06,1.430663601147861406e+07
-1.533263752724407054e+07,-8.256035591592959128e+06,-1.824513389844185412e+08,-1.216342259896123707e+08,-1.181204682737142295e+08,-7.289602325283414125e+07,-1.548782363728770614e+07,-3.373215779771553352e+06,1.450947596027685702e+07
-1.562246572130812891e+07,-8.412096926858222112e+06,-1.867184564069269001e+08,-1.244789709379512817e+08,-1.166040429632001221e+08,-7.196018735316371918e+07,-1.528899164727274515e+07,-5.167520013899064623e+06,1.469252165974941477e+07
-1.587578842682423256e+07,-8.548501460597662255e+06,-1.906238727321012020e+08,-1.270825818214008063e+08,-1.150961767184207290e+08,-7.102963353427015245e+07,-1.509128191238034330e+07,-6.898148956449367106e+06,1.485627493119111471e+07
-1.609420375341672637e+07,-8.666109713378235698e+06,-1.941816414550852180e+08,-1.294544276367235035e+08,-1.135956209995850027e+08,-7.010359128121243417e+07,-1.489453072547006421e+07,-8.527181380751840770e+06,1.500129679279980622e+07
-1.627928528407946043e+07,-8.765768999119706452e+06,-1.974057926010106504e+08,-1.316038617340071201e+08,-1.121013831240629703e+08,-6.918144797691300511e+07,-1.469860792710616253e+07,-1.002290993504370749e+07,1.512818670198154449e+07
-1.643257688624788448e+07,-8.848310631056550890e+06,-2.003102486115119755e+08,-1.335401657410080135e+08,-1.106128616868579388e+08,-6.826283247458192706e+07,-1.450343466173836961e+07,-1.139054371819882840e+07,1.523756991040234454e+07
-1.655559351317938790e+07,-8.914550353250438347e+06,-2.029086837999342978e+08,-1.352724558666228950e+08,-1.091289328267302066e+08,-6.734705120251008868e+07,-1.430886356993840262e+07,-1.257359085833795182e+07,1.533009219126171991e+07
-1.664980991141326725e+07,-8.965282259991757572e+06,-2.052145892344348729e+08,-1.368097261562899351e+08,-1.076496232292351425e+08,-6.643412062923079729e+07,-1.411489815068642981e+07,-1.359251803887097724e+07,1.540640411829287186e+07
-1.671666849096322246e+07,-9.001283033595578745e+06,-2.072411454501445293e+08,-1.381607636334297061e+08,-1.061745298171810806e+08,-6.552379200256106257e+07,-1.392148555295206606e+07,-1.447844376729181409e+07,1.546716564099248126e+07
-1.675757274573483318e+07,-9.023308401549523696e+06,-2.090012324105678499e+08,-1.393341549403785765e+08,-1.047035953968386203e+08,-6.461603002637069672e+07,-1.372861827755751275e+07,-1.518086778043896146e+07,1.551303578923232481e+07
-1.677388786599722691e+07,-9.032093466306196526e+06,-2.105073785649124384e+08,-1.403382523766083121e+08,-1.032366382169737518e+08,-6.371072253599955142e+07,-1.353627249348432198e+07,-1.572899787771420926e+07,1.554467009303535149e+07
-1.676693887318318710e+07,-9.028351700944790617e+06,-2.117717766237346232e+08,-1.411811844158231020e+08,-1.017738099205730110e+08,-6.280796311531867087e+07,-1.334446808399121836e+07,-1.612663236216819659e+07,1.556271670330937579e+07
-1.673801169811124541e+07,-9.012775529752206057e+06,-2.128062656128582358e+08,-1.418708437419055104e+08,-1.003153315345022380e+08,-6.190788816727150232e+07,-1.315323402987354808e+07,-1.640099695878048427e+07,1.556781563797890767e+07
-1.668835242752704211e+07,-8.986035922514559701e+06,-2.136223169360230267e+08,-1.424148779573487043e+08,-9.886141813850785792e+07,-6.101063042463860661e+07,-1.296259853214701265e+07,-1.654594547372128256e+07,1.556059586438056640e+07
-1.661916803017551452e+07,-8.948782785479120910e+06,-2.142310397073155940e+08,-1.428206931382104158e+08,-9.741240728618907928e+07,-6.011639820284046978e+07,-1.277260585046185739e+07,-1.653997270271938294e+07,1.554167405984297022e+07
-1.653162631547342986e+07,-8.901644939101075754e+06,-2.146431726083395779e+08,-1.430954484055597484e+08,-9.596863287668392062e+07,-5.922539756200949103e+07,-1.258329976529946737e+07,-1.651523370172704756e+07,1.551165338389335945e+07
-1.642685576800661720e+07,-8.845230028926638886e+06,-2.148691008468782306e+08,-1.432460672312521636e+08,-9.453058430992218852e+07,-5.833793052692751586e+07,-1.239474444623105787e+07,-1.636954226150316745e+07,1.547112198196503893e+07
-1.630594712680446729e+07,-8.780125375971633941e+06,-2.149188424567526877e+08,-1.432792283045018017e+08,-9.309867567027044296e+07,-5.745425264266691357e+07,-1.220699418753546290e+07,-1.615001604904881120e+07,1.542065306510175765e+07
-1.616995316838427819e+07,-8.706897859899224713e+06,-2.148020595208480358e+08,-1.432013730138987005e+08,-9.167337861042921245e+07,-5.657465498161105067e+07,-1.202011083178704977e+07,-1.587118645224158652e+07,1.536080366476250067e+07
-1.601989011953310110e+07,-8.626094679748591036e+06,-2.145280590065284073e+08,-1.430187060043523014e+08,-9.025515012681965530e+07,-5.569941957127157599e+07,-1.183415429984523542e+07,-1.554953480039508268e+07,1.529211459997597709e+07
-1.585673725477084145e+07,-8.538243137184297666e+06,-2.141057953019140661e+08,-1.427371968679427207e+08,-8.884440808786568046e+07,-5.482880429198705405e+07,-1.164917938215022348e+07,-1.517704671425284445e+07,1.521510952174785174e+07
-1.568143718321386166e+07,-8.443850790961308405e+06,-2.135439011310228705e+08,-1.423626007540152669e+08,-8.744178357141287625e+07,-5.396319860263767838e+07,-1.146526882492301799e+07,-1.478633460340498574e+07,1.513029495957919955e+07
-1.549489797141919471e+07,-8.343406599994949065e+06,-2.128506668964974582e+08,-1.419004445976649821e+08,-8.604773911269429326e+07,-5.310288794891799241e+07,-1.128248327526586130e+07,-1.428485103086670302e+07,1.503816138267265633e+07
-1.529799345110541582e+07,-8.237381089056760073e+06,-2.120340573036198020e+08,-1.413560382024132013e+08,-8.466276968020996451e+07,-5.224817779215756059e+07,-1.110088763289466500e+07,-1.392593659730632044e+07,1.493918222697705217e+07
-1.509156224718452804e+07,-8.126225825407052413e+06,-2.111017290854936838e+08,-1.407344860569958091e+08,-8.328739977217701077e+07,-5.139939181744491309e+07,-1.092055066942880489e+07,-1.348628303500593640e+07,1.483381365419101715e+07
-1.487641426447641850e+07,-8.010376911641146988e+06,-2.100610097515918612e+08,-1.400406731677279174e+08,-8.192200027601271868e+07,-5.055675891159527004e+07,-1.074152101521145925e+07,-1.303233894147682376e+07,1.472249589252129011e+07
-1.465332362782668509e+07,-7.890251184214367531e+06,-2.089189312731867433e+08,-1.392792875154578388e+08,-8.056704545041666925e+07,-4.972057175523967296e+07,-1.056386085451267846e+07,-1.258333582620807365e+07,1.460565138384922035e+07
-1.442303140039194562e+07,-7.766247677134122699e+06,-2.076822542628122866e+08,-1.384548361752082109e+08,-7.922312486603175104e+07,-4.889119419179932773e+07,-1.038764749117549323e+07,-1.211019025833412446e+07,1.448368665689609386e+07
-1.418625145172305778e+07,-7.638750781697030179e+06,-2.063574310434554517e+08,-1.375716206956369877e+08,-7.789058444823428988e+07,-4.806883970319355279e+07,-1.021292628254820406e+07,-1.167387714532712847e+07,1.435699340837880969e+07
-1.394366550154345483e+07,-7.508127577754166909e+06,-2.049506574291916788e+08,-1.366337716194611490e+08,-7.656995798813310266e+07,-4.725383770945978165e+07,-1.003976721872374788e+07,-1.122769029991423897e+07,1.422594702785605565e+07
-1.369592677656080760e+07,-7.374729802763509564e+06,-2.034678451971974373e+08,-1.356452301314649582e+08,-7.526158935636603832e+07,-4.644640042447066307e+07,-9.868215387635409832e+06,-1.065115990761906654e+07,1.409090790773545019e+07
-1.344366111767439172e+07,-7.238894447978516109e+06,-2.019146511432082057e+08,-1.346097674288054705e+08,-7.396590144798602164e+07,-4.564678883066271245e+07,-9.698326238809358329e+06,-1.036855861865408532e+07,1.395222142757885717e+07
-1.318746575212742575e+07,-7.100943097299382091e+06,-2.002964788978915811e+08,-1.335309859319277257e+08,-7.268325378846210241e+07,-4.485522480301945657e+07,-9.530146912822829559e+06,-9.952459954499775544e+06,1.381021811259106547e+07
-1.292791114007001556e+07,-6.961182921576160006e+06,-1.986184881948703825e+08,-1.324123254632469267e+08,-7.141400678754588962e+07,-4.407193076224423945e+07,-9.363724666199199855e+06,-9.547498637668920681e+06,1.366521390232011862e+07
-1.266553976182826422e+07,-6.819906025599832647e+06,-1.968856109494667053e+08,-1.312570739663111567e+08,-7.015855178899103403e+07,-4.329714821942978352e+07,-9.199110811493581161e+06,-9.157452157249826938e+06,1.351751102045141719e+07
-1.240087201112050563e+07,-6.677392621372577734e+06,-1.951025397999177575e+08,-1.300683598666118532e+08,-6.891717520284175873e+07,-4.253105392762788385e+07,-9.036342902470512316e+06,-8.781132784594820812e+06,1.336739845872309618e+07
-1.213440105098591559e+07,-6.533908258223184384e+06,-1.932737521122498810e+08,-1.288491680748332590e+08,-6.769019070517200232e+07,-4.177384146665336192e+07,-8.875462067985840142e+06,-8.410578582440933213e+06,1.321515171503974684e+07
-1.186659823409521580e+07,-6.389706741435883567e+06,-1.914035092160704732e+08,-1.276023394773803353e+08,-6.647786850195270032e+07,-4.102567758949179947e+07,-8.716503737144149840e+06,-8.041062544384650886e+06,1.306103366182656400e+07
-1.159790665193216689e+07,-6.245026658732703887e+06,-1.894958794711783528e+08,-1.263305863141189218e+08,-6.528055234801027924e+07,-4.028677443854481727e+07,-8.559512982693657279e+06,-7.720705154212171212e+06,1.290529455466220714e+07
-1.132875080190555193e+07,-6.100096585641449317e+06,-1.875547274311476648e+08,-1.250364849540984482e+08,-6.409847041681335121e+07,-3.955727282715929300e+07,-8.404519722484270111e+06,-7.185253809375963174e+06,1.274817308195849694e+07
-1.105953719055025466e+07,-5.955135410296290182e+06,-1.855837137536301315e+08,-1.237224758357534409e+08,-6.293179973339779675e+07,-3.883728200330319256e+07,-8.251547167840621434e+06,-7.086054651830292307e+06,1.258989618058935553e+07
-1.079064875454073958e+07,-5.810349329368089326e+06,-1.835863080438331664e+08,-1.223908720292221308e+08,-6.178076207868695259e+07,-3.812693883527360111e+07,-8.100624398429235443e+06,-6.776188893367057666e+06,1.243067753969882801e+07
-1.052244452554374561e+07,-5.665931667600477114e+06,-1.815658408603256345e+08,-1.210438939068837613e+08,-6.064555281682901829e+07,-3.742636388870742917e+07,-7.951777030178631656e+06,-6.485207636514106765e+06,1.227072295664794929e+07
-1.025527548040931486e+07,-5.522071412528091110e+06,-1.795254255380764902e+08,-1.196836170253843367e+08,-5.952632853548546880e+07,-3.673565379899716377e+07,-7.805025594687782228e+06,-6.200948477203945629e+06,1.211022476936303824e+07
-9.989457550061544403e+06,-5.378938680802369490e+06,-1.774680670774890780e+08,-1.183120447183260620e+08,-5.842327098949847370e+07,-3.605492073302965611e+07,-7.660393923448227346e+06,-5.932530606412106194e+06,1.194936820128720812e+07
-9.725297296544484794e+06,-5.236698544293182902e+06,-1.753965936684707999e+08,-1.169310624456472099e+08,-5.733649036952447146e+07,-3.538423269308067113e+07,-7.517896464535552077e+06,-5.683184963306102902e+06,1.178832798454462923e+07
-9.463054725290557370e+06,-5.095491005925683305e+06,-1.733137079825842679e+08,-1.155424719883895367e+08,-5.626607779961832613e+07,-3.472364591479942948e+07,-7.377545166033872403e+06,-5.446599778337266296e+06,1.162726872232495248e+07
-9.203024335751576349e+06,-4.955474642327770591e+06,-1.712218751149984896e+08,-1.141479167433323413e+08,-5.521207412761301547e+07,-3.407318560672622174e+07,-7.239345383865344338e+06,-5.219118169671570882e+06,1.146634269616079144e+07
-8.945457987574266270e+06,-4.816785070232296363e+06,-1.691234808645411134e+08,-1.127489872430274189e+08,-5.417457298355279863e+07,-3.343290955103871226e+07,-7.103309394696610048e+06,-4.988732054003306665e+06,1.130569530340654403e+07
-8.690596761632576585e+06,-4.679552102417539805e+06,-1.670207748170675933e+08,-1.113471832113784105e+08,-5.315363036144696176e+07,-3.280285230348039046e+07,-6.969444540399516001e+06,-4.773363638466700912e+06,1.114546398335576244e+07
-8.438676916766176000e+06,-4.543902955181785859e+06,-1.649158836949121356e+08,-1.099439224632747769e+08,-5.214928947771567106e+07,-3.218304053432453424e+07,-6.837756487462719902e+06,-4.563721577792718075e+06,1.098577953317832015e+07
-8.189903477288792841e+06,-4.409948026232426055e+06,-1.628108230548316538e+08,-1.085405487032211274e+08,-5.116159106090456992e+07,-3.157349937849530950e+07,-6.708250576167558320e+06,-4.373720636290608905e+06,1.082676384631572291e+07
-7.944454091560765170e+06,-4.277782972378872335e+06,-1.607074661248964667e+08,-1.071383107499309927e+08,-5.019049581224814057e+07,-3.097420458343286067e+07,-6.580921653703865595e+06,-3.877515269805910531e+06,1.066852726332197338e+07
-7.702530180208703503e+06,-4.147516250881608576e+06,-1.586075941083243787e+08,-1.057383960722162575e+08,-4.923599288914860040e+07,-3.038514945781373978e+07,-6.455768298402352259e+06,-3.999763370149059687e+06,1.051117974338749982e+07
-7.464305172179847024e+06,-4.019241246558378451e+06,-1.565128816844982505e+08,-1.043419211229988486e+08,-4.829805640775497258e+07,-2.980631802786277980e+07,-6.332787116401439533e+06,-3.833232049822865985e+06,1.035482155647143535e+07
-7.229930829817366786e+06,-3.893039677593966015e+06,-1.544248934719428718e+08,-1.029499289812952429e+08,-4.737663637130668759e+07,-2.923767943893577531e+07,-6.211971552181821316e+06,-3.662306368624437600e+06,1.019954419314721785e+07
-6.999479715755081736e+06,-3.768950616175812203e+06,-1.523449679738956094e+08,-1.015633119825970829e+08,-4.647153949693277478e+07,-2.867911440982040763e+07,-6.093296262709718198e+06,-3.513086064236701000e+06,1.004541249361503869e+07
-6.773156669817269780e+06,-3.647084360670837108e+06,-1.502745528763763607e+08,-1.001830352509175837e+08,-4.558275085784018785e+07,-2.813061372870207950e+07,-5.976759290800725110e+06,-3.370257592435854953e+06,9.892525019471826032e+06
-6.551091114888696000e+06,-3.527510600324681960e+06,-1.482149564432781339e+08,-9.880997096218542755e+07,-4.471022448253684491e+07,-2.759214902506208047e+07,-5.862354608724237420e+06,-3.218685510937612038e+06,9.740958151607470587e+06
-6.333387496872433461e+06,-3.410285575239001773e+06,-1.461673589667413831e+08,-9.744490597782760859e+07,-4.385383974143396318e+07,-2.706364585441641882e+07,-5.750066399663545191e+06,-3.094183378149466589e+06,9.590776354724317789e+06
-6.120172051907911897e+06,-3.295477258719644044e+06,-1.441329277538621128e+08,-9.608861850257475674e+07,-4.301351904295276850e+07,-2.654505633245162666e+07,-5.639884489897654392e+06,-2.953889736122934613e+06,9.442049868397705257e+06
-5.911515298571337014e+06,-3.183123622307642363e+06,-1.421126522874791026e+08,-9.474176819165274501e+07,-4.218909750719590485e+07,-2.603627870636391267e+07,-5.531787260558905080e+06,-2.832829918165678624e+06,9.294827662714453414e+06
-5.707535524573107250e+06,-3.073288359385518823e+06,-1.401075738819101751e+08,-9.340504925460679829e+07,-4.138049058293628693e+07,-2.553726079681208357e+07,-5.425763625385003164e+06,-2.714670553524813615e+06,9.149173933040870354e+06
-5.508294905740883201e+06,-2.966004949245090131e+06,-1.381185669875909388e+08,-9.207904465839397907e+07,-4.058753022301366180e+07,-2.504789889637032524e+07,-5.321791550220323727e+06,-2.602301613081200048e+06,9.005131927482666448e+06
-5.313791169234120287e+06,-2.861272168049141299e+06,-1.361462615267933905e+08,-9.076417435119558871e+07,-3.980991459256002307e+07,-2.456800673282114044e+07,-5.219831458814688958e+06,-2.501640859667031560e+06,8.862716751500489190e+06
-5.124165379310262389e+06,-2.759165973474755883e+06,-1.341916213946557194e+08,-8.946108092977049947e+07,-3.904762186209993809e+07,-2.409757083447776362e+07,-5.119880488911706023e+06,-2.406057231258870102e+06,8.722000328219287097e+06
-4.939475291678549722e+06,-2.659717464749987703e+06,-1.322553808947110921e+08,-8.817025392980740964e+07,-3.830049875076240301e+07,-2.363649660667680204e+07,-5.021918542495070957e+06,-2.300697230127796996e+06,8.583019715607373044e+06
-4.759772625808567740e+06,-2.562954490819997620e+06,-1.303382171192731559e+08,-8.689214474618211389e+07,-3.756837699861789495e+07,-2.318468021068552509e+07,-4.925923557511088438e+06,-2.207395410523322877e+06,8.445808316806836054e+06
-4.585088587496367283e+06,-2.468893854805735871e+06,-1.284407114447243810e+08,-8.562714096314959228e+07,-3.685105850196913630e+07,-2.274199939020123705e+07,-4.831869558824624866e+06,-2.123398012417729478e+06,8.310390557123633102e+06
-4.415429576085466892e+06,-2.377539002507558558e+06,-1.265633339917093366e+08,-8.437555599447289109e+07,-3.614830115312287211e+07,-2.230830473260904849e+07,-4.739724801545831375e+06,-1.667019700426176656e+06,8.176781535518213175e+06
-4.250868299245547503e+06,-2.288929084209140390e+06,-1.247067323330994993e+08,-8.313782155539967120e+07,-3.545999419690985233e+07,-2.188352788725380972e+07,-4.649474763580838218e+06,-1.955063625246989075e+06,8.045021061824658886e+06
-4.091419766161402222e+06,-2.203072181779216044e+06,-1.228713659769955575e+08,-8.191424398466372490e+07,-3.478594636669533700e+07,-2.146755081720884144e+07,-4.561094366262502037e+06,-1.874798794533637352e+06,7.915128030086084269e+06
-3.937087836429506075e+06,-2.119970373462041374e+06,-1.210576283002136350e+08,-8.070508553347575665e+07,-3.412594001059109718e+07,-2.106023920234031230e+07,-4.474555071318763308e+06,-1.802054841422886355e+06,7.787113786577051505e+06
-3.787892913992668502e+06,-2.039634645996051840e+06,-1.192659497002537102e+08,-7.951063313350248337e+07,-3.347979946799265966e+07,-2.066148463671575487e+07,-4.389833846327709965e+06,-1.732201143587225350e+06,7.660999468894628808e+06
-3.643813374714408070e+06,-1.962053355615450069e+06,-1.174966105746458471e+08,-7.833107371643057466e+07,-3.284727525581486151e+07,-2.027113315612351149e+07,-4.306897979346354492e+06,-1.667005629506304162e+06,7.536786768216992728e+06
-3.504884632996810600e+06,-1.887245571613666834e+06,-1.157500577823958099e+08,-7.716670518826387823e+07,-3.222825480891810730e+07,-1.988911529291624948e+07,-4.225732710959542543e+06,-1.606860223539051600e+06,7.414503742537012324e+06
-3.370955809183425736e+06,-1.815130051098767435e+06,-1.140261016053669006e+08,-7.601740107024461031e+07,-3.162224281943593919e+07,-1.951512537633022666e+07,-4.146273096954013687e+06,-1.553227094003508566e+06,7.294096746416796930e+06
-3.242206482263105921e+06,-1.745803490449364297e+06,-1.123256688963763416e+08,-7.488377926425090432e+07,-3.102945244454835728e+07,-1.914929495266708359e+07,-4.068547086260712240e+06,-1.489091470560588641e+06,7.175662795204981230e+06
-3.118451520994760096e+06,-1.679166203612562735e+06,-1.106484446677137613e+08,-7.376562977847585082e+07,-3.044934162486407906e+07,-1.879128949926052988e+07,-3.992483604658752214e+06,-1.441575814232281875e+06,7.059133034145263955e+06
-2.999798987955727614e+06,-1.615276378130006837e+06,-1.089951241660879552e+08,-7.266341611072531343e+07,-2.988200537074986845e+07,-1.844116765013060346e+07,-3.918095109801119659e+06,-1.387265358045822009e+06,6.944574752739941701e+06
-2.886059184366555419e+06,-1.554031868505067891e+06,-1.073653519297257960e+08,-7.157690128648386896e+07,-2.932692538554024696e+07,-1.809860954737012088e+07,-3.845313643208948895e+06,-1.340162276991338935e+06,6.831919763078710996e+06
-2.777264212731153239e+06,-1.495449960701389937e+06,-1.057595551770112216e+08,-7.050637011800749600e+07,-2.878407995713770762e+07,-1.776360179173009098e+07,-3.774136358016308397e+06,-1.292647673058758955e+06,6.721206388625586405e+06
-2.673333909550693352e+06,-1.439487489758065203e+06,-1.041777782139066458e+08,-6.945185214260444045e+07,-2.825322024374631420e+07,-1.743599081475953013e+07,-3.704530626365338918e+06,-1.249193574290778488e+06,6.612421917803271674e+06
-2.574211903023937251e+06,-1.386114101628273493e+06,-1.026201589708490819e+08,-6.841343931389939785e+07,-2.773416487238467485e+07,-1.711566468523040786e+07,-3.636472666833655443e+06,-1.206160690918691456e+06,6.505567301251416095e+06
-2.479818588103129528e+06,-1.335286932055531070e+06,-1.010867634067844152e+08,-6.739117560452295840e+07,-2.722670150216646865e+07,-1.680249236060273647e+07,-3.569934637521827593e+06,-1.169382664188498165e+06,6.400635728001171723e+06
-2.390065068198075984e+06,-1.286958113645117497e+06,-9.957763131916636229e+07,-6.638508754611091316e+07,-2.673062263317863643e+07,-1.649634578586024605e+07,-3.504889331273423508e+06,-1.129027124338823603e+06,6.297618711109424010e+06
0.000000000000000000e+00,0.000000000000000000e+00,0.000000000000000000e+00,0.000000000000000000e+00,0.000000000000000000e+00,0.000000000000000000e+00,0.000000000000000000e+00,0.000000000000000000e+00,0.000000000000000000e+00
