# chamber environmental conditions throughout the simulation, with rows corresponding to the time points in the time output file, first column is temperature (K), second is pressure (Pa) and third is relative humidity (fraction (0-1))
2.971499999999999773e+02,1.035567200000000012e+05,5.000001694638058769e-01
2.971499999999999773e+02,1.035567200000000012e+05,4.980515246002371610e-01
2.971499999999999773e+02,1.035567200000000012e+05,4.979457940618627343e-01
2.971499999999999773e+02,1.035567200000000012e+05,4.979399446296935983e-01
2.971499999999999773e+02,1.035567200000000012e+05,4.979395922099787430e-01
2.971499999999999773e+02,1.035567200000000012e+05,4.979395710210400283e-01
2.971499999999999773e+02,1.035567200000000012e+05,4.979395698274756143e-01
2.971499999999999773e+02,1.035567200000000012e+05,4.979395697566370571e-01
2.971499999999999773e+02,1.035567200000000012e+05,4.979395697519266584e-01
2.971499999999999773e+02,1.035567200000000012e+05,4.979395697512523644e-01
2.971499999999999773e+02,1.035567200000000012e+05,4.979395697497341344e-01
2.971499999999999773e+02,1.035567200000000012e+05,4.979395697481375227e-01
2.971499999999999773e+02,1.035567200000000012e+05,4.979395697465003323e-01
2.971499999999999773e+02,1.035567200000000012e+05,4.979395697448650293e-01
2.971499999999999773e+02,1.035567200000000012e+05,4.979395697432752455e-01
2.971499999999999773e+02,1.035567200000000012e+05,4.979395697417749456e-01
2.971499999999999773e+02,1.035567200000000012e+05,4.979395697404194188e-01
2.971499999999999773e+02,1.035567200000000012e+05,4.979395697388238062e-01
2.971499999999999773e+02,1.035567200000000012e+05,4.979395697375856300e-01
2.971499999999999773e+02,1.035567200000000012e+05,4.979395697367725027e-01
2.971499999999999773e+02,1.035567200000000012e+05,4.979395697363948048e-01
2.971499999999999773e+02,1.035567200000000012e+05,4.979395697364724094e-01
2.971499999999999773e+02,1.035567200000000012e+05,4.979395697369841667e-01
2.971499999999999773e+02,1.035567200000000012e+05,4.979395697385308184e-01
2.971499999999999773e+02,1.035567200000000012e+05,4.979395697391872377e-01
2.971499999999999773e+02,1.035567200000000012e+05,4.979395697419430333e-01
2.971499999999999773e+02,1.035567200000000012e+05,4.979395697445660462e-01
2.971499999999999773e+02,1.035567200000000012e+05,4.979395697431657775e-01
2.971499999999999773e+02,1.035567200000000012e+05,4.979395697397862586e-01
2.971499999999999773e+02,1.035567200000000012e+05,4.979395697354374040e-01
2.971499999999999773e+02,1.035567200000000012e+05,4.979395697296843393e-01
2.971499999999999773e+02,1.035567200000000012e+05,4.979395696883448519e-01
2.971499999999999773e+02,1.035567200000000012e+05,4.979395696604977384e-01
2.971499999999999773e+02,1.035567200000000012e+05,4.979395696380063407e-01
2.971499999999999773e+02,1.035567200000000012e+05,4.979395696266035731e-01
2.971499999999999773e+02,1.035567200000000012e+05,4.979395696103525171e-01
2.971499999999999773e+02,1.035567200000000012e+05,4.979395695909204500e-01
2.971499999999999773e+02,1.035567200000000012e+05,4.979395695702807378e-01
2.971499999999999773e+02,1.035567200000000012e+05,4.979395695504892361e-01
2.971499999999999773e+02,1.035567200000000012e+05,4.979395695333541094e-01
2.971499999999999773e+02,1.035567200000000012e+05,4.979395695233211905e-01
2.971499999999999773e+02,1.035567200000000012e+05,4.979395695121163756e-01
2.971499999999999773e+02,1.035567200000000012e+05,4.979395694594427879e-01
2.971499999999999773e+02,1.035567200000000012e+05,4.979395694353268564e-01
2.971499999999999773e+02,1.035567200000000012e+05,4.979395694500695080e-01
2.971499999999999773e+02,1.035567200000000012e+05,4.979395694725993193e-01
2.971499999999999773e+02,1.035567200000000012e+05,4.979395695027663549e-01
2.971499999999999773e+02,1.035567200000000012e+05,4.979395695401128141e-01
2.971499999999999773e+02,1.035567200000000012e+05,4.979395695823445323e-01
2.971499999999999773e+02,1.035567200000000012e+05,4.979395696224481194e-01
2.971499999999999773e+02,1.035567200000000012e+05,4.979395696398373206e-01
2.971499999999999773e+02,1.035567200000000012e+05,4.979395696709078001e-01
2.971499999999999773e+02,1.035567200000000012e+05,4.979395697020942979e-01
2.971499999999999773e+02,1.035567200000000012e+05,4.979395697296392087e-01
2.971499999999999773e+02,1.035567200000000012e+05,4.979395697535467513e-01
2.971499999999999773e+02,1.035567200000000012e+05,4.979395697738308035e-01
2.971499999999999773e+02,1.035567200000000012e+05,4.979395697901121132e-01
2.971499999999999773e+02,1.035567200000000012e+05,4.979395698011387927e-01
2.971499999999999773e+02,1.035567200000000012e+05,4.979395698154420180e-01
2.971499999999999773e+02,1.035567200000000012e+05,4.979395698184465036e-01
2.971499999999999773e+02,1.035567200000000012e+05,4.979395698130567038e-01
2.971499999999999773e+02,1.035567200000000012e+05,4.979395697967475831e-01
2.971499999999999773e+02,1.035567200000000012e+05,4.979395697679632748e-01
2.971499999999999773e+02,1.035567200000000012e+05,4.979395697272264165e-01
2.971499999999999773e+02,1.035567200000000012e+05,4.979395696733863730e-01
2.971499999999999773e+02,1.035567200000000012e+05,4.979395696122676518e-01
2.971499999999999773e+02,1.035567200000000012e+05,4.979395695430429147e-01
2.971499999999999773e+02,1.035567200000000012e+05,4.979395694668004024e-01
2.971499999999999773e+02,1.035567200000000012e+05,4.979395693844857473e-01
2.971499999999999773e+02,1.035567200000000012e+05,4.979395692969190712e-01
2.971499999999999773e+02,1.035567200000000012e+05,4.979395692044608634e-01
2.971499999999999773e+02,1.035567200000000012e+05,4.979395691091177967e-01
2.971499999999999773e+02,1.035567200000000012e+05,4.979395690089777893e-01
2.971499999999999773e+02,1.035567200000000012e+05,4.979395687634354806e-01
2.971499999999999773e+02,1.035567200000000012e+05,4.979395685210464828e-01
2.971499999999999773e+02,1.035567200000000012e+05,4.979395684524166033e-01
2.971499999999999773e+02,1.035567200000000012e+05,4.979395683781928650e-01
2.971499999999999773e+02,1.035567200000000012e+05,4.979395682992931449e-01
2.971499999999999773e+02,1.035567200000000012e+05,4.979395682168613613e-01
2.971499999999999773e+02,1.035567200000000012e+05,4.979395681308957933e-01
2.971499999999999773e+02,1.035567200000000012e+05,4.979395680420445891e-01
2.971499999999999773e+02,1.035567200000000012e+05,4.979395679525642215e-01
2.971499999999999773e+02,1.035567200000000012e+05,4.979395678598265151e-01
2.971499999999999773e+02,1.035567200000000012e+05,4.979395677688061572e-01
2.971499999999999773e+02,1.035567200000000012e+05,4.979395676798963888e-01
2.971499999999999773e+02,1.035567200000000012e+05,4.979395675910713859e-01
2.971499999999999773e+02,1.035567200000000012e+05,4.979395674493454771e-01
2.971499999999999773e+02,1.035567200000000012e+05,4.979395673132723243e-01
2.971499999999999773e+02,1.035567200000000012e+05,4.979395671840352033e-01
2.971499999999999773e+02,1.035567200000000012e+05,4.979395670572435151e-01
2.971499999999999773e+02,1.035567200000000012e+05,4.979395669401978641e-01
2.971499999999999773e+02,1.035567200000000012e+05,4.979395668219376292e-01
2.971499999999999773e+02,1.035567200000000012e+05,4.979395667160186334e-01
2.971499999999999773e+02,1.035567200000000012e+05,4.979395665999204468e-01
2.971499999999999773e+02,1.035567200000000012e+05,4.979395665028047424e-01
2.971499999999999773e+02,1.035567200000000012e+05,4.979395663883918743e-01
2.971499999999999773e+02,1.035567200000000012e+05,4.979395662964218872e-01
2.971499999999999773e+02,1.035567200000000012e+05,4.979395661884624125e-01
2.971499999999999773e+02,1.035567200000000012e+05,4.979395661320633604e-01
2.971499999999999773e+02,1.035567200000000012e+05,4.979395660865244544e-01
2.971499999999999773e+02,1.035567200000000012e+05,4.979395660530023249e-01
2.971499999999999773e+02,1.035567200000000012e+05,4.979395660318857719e-01
2.971499999999999773e+02,1.035567200000000012e+05,4.979395660666675050e-01
2.971499999999999773e+02,1.035567200000000012e+05,4.979395661227024039e-01
2.971499999999999773e+02,1.035567200000000012e+05,4.979395661491596292e-01
2.971499999999999773e+02,1.035567200000000012e+05,4.979395662140581602e-01
2.971499999999999773e+02,1.035567200000000012e+05,4.979395663116876758e-01
2.971499999999999773e+02,1.035567200000000012e+05,4.979395663640814318e-01
2.971499999999999773e+02,1.035567200000000012e+05,4.979395664651733444e-01
2.971499999999999773e+02,1.035567200000000012e+05,4.979395664913814357e-01
2.971499999999999773e+02,1.035567200000000012e+05,4.979395666028494372e-01
2.971499999999999773e+02,1.035567200000000012e+05,4.979395667642361190e-01
2.971499999999999773e+02,1.035567200000000012e+05,4.979395667549572635e-01
2.971499999999999773e+02,1.035567200000000012e+05,4.979395668641177219e-01
2.971499999999999773e+02,1.035567200000000012e+05,4.979395669790833701e-01
2.971499999999999773e+02,1.035567200000000012e+05,4.979395671059387296e-01
2.971499999999999773e+02,1.035567200000000012e+05,4.979395672470274259e-01
2.971499999999999773e+02,1.035567200000000012e+05,4.979395674020125062e-01
2.971499999999999773e+02,1.035567200000000012e+05,4.979395675711803526e-01
2.971499999999999773e+02,1.035567200000000012e+05,4.979395677541419429e-01
2.971499999999999773e+02,1.035567200000000012e+05,4.979395679507727102e-01
