# particle number concentration assuming water not removed from particles (#/cc (air)), with time changing with rows (corresponding times given in the time output file) and size bin changing with columns with size bin numbers given in the second row of the header
# 12345678910111213141516
1.842026606100000095e+02,2.161495186999999873e+02,1.280134907599999963e+02,9.074643706999999893e+01,5.728851905999999872e+01,4.137910252000000355e+01,2.753120155999999952e+01,2.026265190000000160e+01,1.278603168000000068e+01,8.458558090000000362e+00,5.600097189999999614e+00,3.668122990000000083e+00,2.238004230000000039e+00,1.386218830000000013e+00,7.324189100000000341e-01,5.366877100000000400e-01
1.831345988165179790e+02,2.149052806161198248e+02,1.272819827924447225e+02,9.022734609686388296e+01,5.696155137090106280e+01,4.114301115598407677e+01,2.737441213703191778e+01,2.014718434789286050e+01,1.271333818543270233e+01,8.410432424825975417e+00,5.568075654700180621e+00,3.800514029226176988e-04,3.647223624508927564e+00,2.225251348385182570e+00,1.378323068884223623e+00,1.261880020328070673e+00
1.820728367815669912e+02,2.136682756201913662e+02,1.265546652093556474e+02,8.971123499193366513e+01,5.663645227616646594e+01,4.090826820407686881e+01,2.721851488314031542e+01,2.003237467180900566e+01,1.264105693980360279e+01,8.362580093831160966e+00,5.536237874428169725e+00,7.535206569972839781e-04,3.626443297209609451e+00,2.212571123224380987e+00,1.370472253884660097e+00,1.254694533680380752e+00
1.810173403867041486e+02,2.124384624450945580e+02,1.258315139340107578e+02,8.919808665084859456e+01,5.631321106689353684e+01,4.067486594037039538e+01,2.706350470866027891e+01,1.991821911489453711e+01,1.256918560629855186e+01,8.314999544907722751e+00,5.504582799266889204e+00,1.120480533345632503e-03,3.605781330238999161e+00,2.199963140890721203e+00,1.362666129713463015e+00,1.247549927112395096e+00
1.799680743312613913e+02,2.112157995192128226e+02,1.251125050263472502e+02,8.868788400813166106e+01,5.599181710026920911e+01,4.044279669182984094e+01,2.690937656681061441e+01,1.980471394846943767e+01,1.249772186660665874e+01,8.267689236734680591e+00,5.473109391992432293e+00,1.480991005143491397e-03,3.585237049972112011e+00,2.187426990013605188e+00,1.354904442356228866e+00,1.240445968567592594e+00
1.789250030666973714e+02,2.100002452759453888e+02,1.243976146738420852e+02,8.818061008109857823e+01,5.567225979442549288e+01,4.021205282992274732e+01,2.675612544181025498e+01,1.969185546611353388e+01,1.242666341685422715e+01,8.220647637440512412e+00,5.441463009190474764e+00,2.179825408304020187e-03,3.564809786856752094e+00,2.174962261539738595e+00,1.347186939207873246e+00,1.233382427261305869e+00
1.778880909459079476e+02,2.087917582783561272e+02,1.236868191964404247e+02,8.767624797897350675e+01,5.535452862817443531e+01,3.998262677001562793e+01,2.660374634723500620e+01,1.957963998292106211e+01,1.235600796673786306e+01,8.173873224163212825e+00,2.510561170614170816e-04,5.412626472692582347e+00,3.544498870685710568e+00,2.162568548679905778e+00,1.339513369023864087e+00,1.226359073679646583e+00
1.768573023373047874e+02,2.075902972735456729e+02,1.229800950484536628e+02,8.717478090572966209e+01,5.503861314069451538e+01,3.975451097102201459e+01,2.645223432536147001e+01,1.946806383516237915e+01,1.228575323912734518e+01,8.127364482822036607e+00,4.977683311932367847e-04,5.381786780760474898e+00,3.524303642538471504e+00,2.150245447078532379e+00,1.331883482064324165e+00,1.219375679684492786e+00
1.758326017251584972e+02,2.063958212309225644e+02,1.222774188200811949e+02,8.667619216207999955e+01,5.472450293135749178e+01,3.952769793519616570e+01,2.630158444674682627e+01,1.935712338006094413e+01,1.221589696979132533e+01,8.080878121814352610e+00,9.819758036640356593e-04,5.351122752780629988e+00,3.504223443797723547e+00,2.137992554579307036e+00,1.324297029946682969e+00,1.212432018360145580e+00
1.748139537965829788e+02,2.052082893712556597e+02,1.215787672379937590e+02,8.618046514671036107e+01,5.441218765943038704e+01,3.930218020786146838e+01,2.615179180983769669e+01,1.924681499556733044e+01,1.214643690714837199e+01,8.034658795329070458e+00,1.457580676319727856e-03,5.320633388796594865e+00,3.484257619740442458e+00,2.125809471355352809e+00,1.316753765725235059e+00,1.205527864102074354e+00
1.738013234999413612e+02,2.040276611854743578e+02,1.208841171654196955e+02,8.568758335688778516e+01,5.410165704378709250e+01,3.907795037716841335e+01,2.600285154068207660e+01,1.913713508018358667e+01,1.207737081208617091e+01,7.988704973326683501e+00,1.924675669186315125e-03,5.290317694545700000e+00,3.464405519370741260e+00,2.113695799857074675e+00,1.309253443872964606e+00,1.198662992568087171e+00
1.727946761233365294e+02,2.028538964577280694e+02,1.201934456021934352e+02,8.519753038922335975e+01,5.379290086263120685e+01,3.885500107385481527e+01,2.585475879262762788e+01,1.902808005278553338e+01,1.200869645777012451e+01,7.943015135937830706e+00,2.383350468164451876e-03,5.260174681422694398e+00,3.444666495399565598e+00,2.101651144800467996e+00,1.301795820258973446e+00,1.191837180689272691e+00
1.717939773869786393e+02,2.016869552922337050e+02,1.195067296848246912e+02,8.471028994052763039e+01,5.348590895322610095e+01,3.863332497100867613e+01,2.570750874601190006e+01,1.891964635244243809e+01,1.194041162944245649e+01,7.897587774200944821e+00,2.833690613270820231e-03,5.230194965675939223e+00,3.425048305008989935e+00,2.089675113161443942e+00,1.294379640136356979e+00,1.185051218673860207e+00
1.707991935616828414e+02,2.005267981456681810e+02,1.188239466866273233e+02,8.422584580885703076e+01,5.318067121163760902e+01,3.841291478383399038e+01,2.556109660783396009e+01,1.881183043823004652e+01,1.187247114327508157e+01,7.852025117259607612e+00,3.703060532291861402e-03,5.200386114156996697e+00,3.405541764039781594e+00,2.077767314158097012e+00,1.287005691328890089e+00,1.178303856803160077e+00
1.698102916001126914e+02,1.993733858619107195e+02,1.181431700205678368e+02,8.374608586760894013e+01,5.287717759978129095e+01,3.819376326905386776e+01,2.541551761108392427e+01,1.870462878875753532e+01,1.180460404230034932e+01,6.509106731224037230e-04,7.810959081531243520e+00,5.170747152635618349e+00,3.386146237805649495e+00,2.065927359152726073e+00,1.279673733563898574e+00,1.171594875989014684e+00
1.688272393655743144e+02,1.982266797321760521e+02,1.174663159011458902e+02,8.326905546561407334e+01,5.257541813818630061e+01,3.797586322582625940e+01,2.527076701537582437e+01,1.859803790280957259e+01,1.173712647472809323e+01,1.290030293135000818e-03,7.766445097788083451e+00,5.141277114154120476e+00,3.366861095679350324e+00,2.054154862218918076e+00,1.272383528063957270e+00,1.164924058471842105e+00
1.678500059603366026e+02,1.970866415812154742e+02,1.167933617822045562e+02,8.279473894934267264e+01,5.227538289754239997e+01,3.775920749441723956e+01,2.512684010534140455e+01,1.849205429819439672e+01,1.167003624444121890e+01,1.917441684000719326e-03,7.722184772004087705e+00,5.111975035513367516e+00,3.347685710336067544e+00,2.042449439054778271e+00,1.265134837305347704e+00,1.158291187678148537e+00
1.668785621435334861e+02,1.959532338777614484e+02,1.161242853232129590e+02,8.232312071285736010e+01,5.197706200674460320e+01,3.754378895641553981e+01,2.498373219036910342e+01,1.838623737396160962e+01,1.160319949529415062e+01,3.085089870845727621e-03,7.678176659697009576e+00,5.082839959930873341e+00,3.328619458175165136e+00,2.030810707804106663e+00,1.257927425165114244e+00,1.151696048300485442e+00
1.659128809794264612e+02,1.948264199106862407e+02,1.154590644188507014e+02,8.185418517960731322e+01,5.168044565306148996e+01,3.732960053463995820e+01,2.484143860370624068e+01,1.828102935438188936e+01,8.454798708100746572e-04,1.154014992389543615e+01,7.634419319039388974e+00,5.053870931959999702e+00,3.309661719939145819e+00,2.019238287629332440e+00,1.250761056828202822e+00,1.145138426237199525e+00
1.649529386487914451e+02,1.937061640216120395e+02,1.147976772384150621e+02,8.138791677826841919e+01,5.138552408227014467e+01,3.711663519294319258e+01,2.469995470119706837e+01,1.817642689404878098e+01,1.674880779230381945e-03,1.147439201818939303e+01,7.590911325054056746e+00,5.025067009243102234e+00,3.290803202238828717e+00,2.007740478083174018e+00,1.243635498997597733e+00,1.138618108731445311e+00
1.639987152857755177e+02,1.925924318657227730e+02,1.141401022719607425e+02,8.092429991674532630e+01,5.109228759920706153e+01,3.690488593626425740e+01,2.455875482090258899e+01,1.807294774400730475e+01,2.488097633097763328e-03,1.140900872134818478e+01,7.547651257369256683e+00,4.996427250578549639e+00,3.272052115904363845e+00,1.996308079734447904e+00,1.236550519600160936e+00,1.132134884181328127e+00
1.630501956389596216e+02,1.914851906631329541e+02,1.134863183766416199e+02,8.046201860590444710e+01,5.080202688798145516e+01,3.669364140108289973e+01,2.441895985782264233e+01,1.087011844967157147e-03,1.797236557538117907e+01,1.134399789839279116e+01,7.504637705500424083e+00,4.967950718710085312e+00,3.253407849479825309e+00,1.984940721216363890e+00,1.229505887862179403e+00,1.125688542221989330e+00
1.621073689412255590e+02,1.903844092628136764e+02,1.128363047932890737e+02,8.000238488528441394e+01,5.051252723718527449e+01,3.648449196542104289e+01,2.427995869703139320e+01,2.151912714291538860e-03,1.786988332805667667e+01,1.127933225445323728e+01,7.461882812713061419e+00,4.939648112475286901e+00,3.234869795418416238e+00,1.973634814497041479e+00,1.222504593776384096e+00,1.119278873854715251e+00
1.611702277608212626e+02,1.892900579323593888e+02,1.121900411163544788e+02,7.954538375292113983e+01,5.022447776926991025e+01,3.627673195421988339e+01,1.238674673514109223e-03,2.414370227827374649e+01,1.776796908328895697e+01,1.121505193989122695e+01,7.419371392459743753e+00,4.911506682798294499e+00,3.216435758621452035e+00,1.962394857572177242e+00,1.215540144507901044e+00,1.112908661033898960e+00
1.602376417853157591e+02,1.882032320886613377e+02,1.115475072228022526e+02,7.909100032096614541e+01,4.993807051902195582e+01,3.606902172293909814e+01,3.534568903497433204e-03,2.400608289606893919e+01,1.766663644709604242e+01,1.115113791732712123e+01,7.377102059248485055e+00,4.883525514250491639e+00,3.198106756053903155e+00,1.951218868096874060e+00,1.208615355068674013e+00,1.106574656012866198e+00
1.593107573981633891e+02,1.871227496289480428e+02,1.109086831445579264e+02,7.863921978649008793e+01,4.965329593696834820e+01,1.646291397848126219e-03,3.586668803723825505e+01,2.386924795280897982e+01,1.756588209734306361e+01,1.108758809886180963e+01,7.335056787312377757e+00,4.855720341842757470e+00,3.179882188433559964e+00,1.940104337770022225e+00,1.201732145532624640e+00,1.100276654041675739e+00
1.583895651877800788e+02,1.860485808361631257e+02,1.102735489681372627e+02,7.819002742380297377e+01,1.767347196372038914e-03,4.937163143181400926e+01,3.566199646925520739e+01,2.373312199371248710e+01,1.746577371262332434e+01,1.102440041037732854e+01,7.293251148464310774e+00,4.828062001612854814e+00,3.161772777773972809e+00,1.929053086921322713e+00,1.194888110774243950e+00,1.094014451581922343e+00
1.574740510948496990e+02,1.849806953455778853e+02,1.096399806689027230e+02,7.774365707783030643e+01,5.111956814085126533e-03,4.908993914355380639e+01,3.545847488384910662e+01,2.359777285124820523e+01,1.736623572342410426e+01,1.096157278947337765e+01,7.251683777558326938e+00,4.800553693501901087e+00,3.143766212714699027e+00,1.918067528658878196e+00,1.188083425465181309e+00,1.087792299879750679e+00
1.565641957030367166e+02,1.839160106267648302e+02,1.090129392712058518e+02,3.826598447642525543e-03,7.730444736910251891e+01,4.880962418965746963e+01,3.525634852954426179e+01,2.346319609145593432e+01,1.726721227812236137e+01,1.089913242805009475e+01,7.210376671958497852e+00,4.773202069514390189e+00,3.125862123965380768e+00,1.907142456359005811e+00,1.181319489770232378e+00,1.081605463862704841e+00
1.556599738879896790e+02,1.828576637115954213e+02,4.002874373599986033e-03,1.083927671401492603e+02,7.686306807867275381e+01,4.853091397379400718e+01,3.505537417538708667e+01,2.332935193437246824e+01,1.716878910092896149e+01,1.083701338620030796e+01,7.169315266325586578e+00,4.746026397276704500e+00,3.108058367301422376e+00,1.896284507866485836e+00,1.174594023984588897e+00,1.075453744387456778e+00
1.547613550421292814e+02,9.746180122799222084e-04,1.818127450691420677e+02,1.077723735989091836e+02,7.642421548783779883e+01,4.825379933183283043e+01,3.485537860529954912e+01,2.319643863932240890e+01,1.707092695779276426e+01,1.077524836370044525e+01,7.128487490401868243e+00,4.718989161306876845e+00,3.090361001372982308e+00,1.885492289909635577e+00,1.167909282055802578e+00,1.069341516303902839e+00
1.538683035646828614e+02,1.917093669259879859e-03,1.807699699976245995e+02,1.071555648327256449e+02,7.598787516911316686e+01,4.797827113600431659e+01,3.465652533186332107e+01,2.306416833611765682e+01,1.697373609944652628e+01,1.071383534338743360e+01,7.087877480267728458e+00,4.692120410790121099e+00,3.072764306719208083e+00,1.874745644857788607e+00,1.161268812776320436e+00,1.063273382160740743e+00
0.000000000000000000e+00,1.529836072794358586e+02,1.797333056227169266e+02,1.065423202958987190e+02,7.555351235246548924e+01,4.770484068672438838e+01,3.445874125017924428e+01,2.293271912291591619e+01,1.687696580934559520e+01,1.065284702254417937e+01,7.047507885656684401e+00,4.665414857024850370e+00,3.055281678302952830e+00,1.864062752299304515e+00,1.154637974970456504e+00,1.057288525909267696e+00
0.000000000000000000e+00,1.521024463591558344e+02,1.787027151740346937e+02,1.059326192945460292e+02,7.512164530118708683e+01,4.743263421878904040e+01,3.426241980779159491e+01,2.280201883158775544e+01,1.678074733195449397e+01,1.059220529711616798e+01,7.007302883042202168e+00,4.638880367878774891e+00,3.037832408384862237e+00,1.658919530062074655e-04,1.853440429797701405e+00,2.199327910592141944e+00
0.000000000000000000e+00,1.512266923759358122e+02,1.776770097702840587e+02,1.053275925891858833e+02,7.469225958840357293e+01,4.716198296802083689e+01,3.406696791653915568e+01,2.267213649713423251e+01,1.668511561347527206e+01,1.053191926317314220e+01,6.967309741867214079e+00,3.032707722515429476e-04,4.612451860345262666e+00,3.020687452857368616e+00,1.842883164753545300e+00,2.186803843864757013e+00
0.000000000000000000e+00,1.503562977711588928e+02,1.766573377526169111e+02,1.047247281450786289e+02,7.426664545371706083e+01,4.689271238974470180e+01,3.387279758610423386e+01,2.254290014711235202e+01,1.658983542615273521e+01,5.921502707069165733e-04,1.047189804169283178e+01,6.927901615760179155e+00,4.586188596474341850e+00,3.003473831422783125e+00,1.832385480896622676e+00,2.174352983117084026e+00
0.000000000000000000e+00,1.494902447944124333e+02,1.756436611450583598e+02,1.041253487252419916e+02,7.384250587828704226e+01,4.662529141960067136e+01,3.367987539537392649e+01,2.241406619588693161e+01,1.218350154863588088e-03,1.649587705319775210e+01,1.041221886066049684e+01,6.888416558151269520e+00,4.560058026061792447e+00,2.986368224127742721e+00,1.821954365196315262e+00,2.161972963021162375e+00
0.000000000000000000e+00,1.486285607078692124e+02,1.746369040663121268e+02,1.035294333299984118e+02,7.342079596440927958e+01,4.635862635010724375e+01,1.851619291062593826e-03,3.348788580010222660e+01,2.228742355030963296e+01,1.640185066872300368e+01,1.035287478251108872e+01,6.849208173429133240e+00,4.534073207730380695e+00,2.969358553787051047e+00,1.811580986192346643e+00,2.149669489608855510e+00
0.000000000000000000e+00,1.477721954351392810e+02,1.736339033886399079e+02,1.029377316174077066e+02,7.300146752031372444e+01,2.743454119347614462e-03,4.609578772864631446e+01,3.329684268107890688e+01,2.216044030218016303e+01,1.630836026221807700e+01,1.029386891824205996e+01,6.810188444509736705e+00,4.508256317718171147e+00,2.952450247526962723e+00,1.801267146045111955e+00,2.137445204149117206e+00
0.000000000000000000e+00,1.469210926462572502e+02,1.726368254189680158e+02,1.023494256038450914e+02,2.483204921211056796e-03,7.258744700783842063e+01,4.583261236128898020e+01,3.310689057685751635e+01,2.203407958325813709e+01,1.621538411916086631e+01,1.023531827385788340e+01,6.771383374224239304e+00,4.482584800838537831e+00,2.935626313639611684e+00,1.791022091748587952e+00,2.125301027602560566e+00
0.000000000000000000e+00,1.460751967533530831e+02,1.716456270198717959e+02,2.967246571166406045e-03,1.017664049716685497e+02,7.217261687384740299e+01,4.557139431132150520e+01,3.291796348712976084e+01,2.190849938005982978e+01,1.612293814605272146e+01,1.017701847787471614e+01,6.732845953749619028e+00,4.457069935168838093e+00,2.918889441769846993e+00,1.780848090996637323e+00,2.113245552785014247e+00
0.000000000000000000e+00,1.452344531655213302e+02,8.328940616953637004e-04,1.706642911827097464e+02,1.011852479428830520e+02,7.176016818027001420e+01,4.531137607449413451e+01,3.273018735530965984e+01,2.178361406964296521e+01,1.603113915172584925e+01,1.011907595774225221e+01,6.694544449958144128e+00,4.431647658461299599e+00,2.902249458448904917e+00,1.981431304592376139e-04,3.871916923940711186e+00
0.000000000000000000e+00,1.443988092152243610e+02,1.632954144921760185e-03,1.696857427819039117e+02,1.006074196440585098e+02,7.135008691047995910e+01,4.505269429974856621e+01,3.254363202177567871e+01,2.165944039007082367e+01,1.593986202225926441e+01,1.006130747139901693e+01,6.656371883024245761e+00,3.897906067512578454e-04,4.406397442807369558e+00,2.885923380559773932e+00,3.849866446818327681e+00
0.000000000000000000e+00,0.000000000000000000e+00,1.435706157692220586e+02,1.687129093649807885e+02,1.000318129439109072e+02,7.094265047549143333e+01,4.479576004618356677e+01,3.235826343646618852e+01,2.153609256540236672e+01,1.584884471552632590e+01,7.703595561574504711e-04,1.000399153870602298e+01,6.618841813368343985e+00,4.381288150829419692e+00,2.869485581304157318e+00,3.827951991698951062e+00
0.000000000000000000e+00,0.000000000000000000e+00,1.427457590655550348e+02,1.677457516744132704e+02,9.945952497078515364e+01,7.053754656326046302e+01,4.454029046817635162e+01,3.217332357200664461e+01,1.417316398126299785e-03,2.141325074776721493e+01,1.575927258770965622e+01,9.946974064545827332e+00,6.581133976161759769e+00,4.356340525239687622e+00,2.853145562870583962e+00,3.806171157639501867e+00
0.000000000000000000e+00,0.000000000000000000e+00,1.419250947946324288e+02,1.667832761887699462e+02,9.889117250203726428e+01,7.013472041071230478e+01,4.428682374081508044e+01,1.459921671543320393e-03,3.199119630933756042e+01,2.129115202412189944e+01,1.566949770910338735e+01,9.890320878850630493e+00,6.543633791226386442e+00,4.331533456301844609e+00,2.836903163317886278e+00,3.784517951085915488e+00
0.000000000000000000e+00,0.000000000000000000e+00,1.411093359650472792e+02,1.658264302433807131e+02,9.832607916664557024e+01,6.973419936607584191e+01,1.806730628398313518e-03,4.403585894352031715e+01,3.180864437221121932e+01,2.116980510858811471e+01,1.558016447672533822e+01,9.833984642106720742e+00,6.506390595471121863e+00,4.306877257567297335e+00,2.820754271380568223e+00,3.763008385082277751e+00
0.000000000000000000e+00,0.000000000000000000e+00,1.402984395181827324e+02,1.648751742010106796e+02,9.776422589706984922e+01,1.992089990066753680e-03,6.933753773519171659e+01,4.378461141017435665e+01,3.162720083898742018e+01,2.104912936609649776e+01,1.549145155795782891e+01,9.777991614793464237e+00,6.469374120663905714e+00,4.282385712307416270e+00,2.804716567013773698e+00,3.741643728481585551e+00
0.000000000000000000e+00,0.000000000000000000e+00,1.394923621405014842e+02,1.639294688313360950e+02,1.553915861727490910e-03,9.720796670452132560e+01,6.894135430045369617e+01,4.353466198815003452e+01,3.144692980766932067e+01,2.092914136499621236e+01,1.540318942521296997e+01,9.722370610966839521e+00,6.432475452208501920e+00,4.257976107948590716e+00,2.328002435811877386e-04,6.509086012599137661e+00
0.000000000000000000e+00,0.000000000000000000e+00,1.386910627603681405e+02,6.532774221967632949e-04,1.629916832638645872e+02,9.665194305128221686e+01,6.854770448584729081e+01,4.328638252449285773e+01,3.126779783944991919e+01,2.080994236043211743e+01,1.531545707409791213e+01,9.666977810015625394e+00,4.857762919935907568e-04,6.395832804863856857e+00,4.233943991270083806e+00,6.472023851445975140e+00
0.000000000000000000e+00,0.000000000000000000e+00,1.378945014107222846e+02,1.286327865212934371e-03,1.620577942848134967e+02,9.609911881925746968e+01,6.815630710800026293e+01,4.303951883758585240e+01,3.108951507010569415e+01,2.069121156160156261e+01,1.522840320617683219e+01,6.706515402154036333e-04,9.612364136161918537e+00,6.359388315043628559e+00,4.209841571684618700e+00,6.435184820512707127e+00
0.000000000000000000e+00,0.000000000000000000e+00,0.000000000000000000e+00,1.371026394993960764e+02,1.611297749553139909e+02,9.555092017777437263e+01,6.776688273295398801e+01,4.279388099080709651e+01,3.091235119271626530e+01,1.036495796256893878e-03,2.057328343094804879e+01,1.514225198159969743e+01,9.557680442243905006e+00,6.323151461677058549e+00,4.185868240714973432e+00,6.398563305779707555e+00
0.000000000000000000e+00,0.000000000000000000e+00,0.000000000000000000e+00,1.363154397095330239e+02,1.602058710986091512e+02,9.500497348555656174e+01,6.737990893546420068e+01,4.254992760291003862e+01,1.622927070605560381e-03,3.073699302618649654e+01,2.045602735014718832e+01,1.505592517911308725e+01,9.503237776068834464e+00,6.287161612213338913e+00,4.162031780140514670e+00,6.362178463372280213e+00
0.000000000000000000e+00,0.000000000000000000e+00,0.000000000000000000e+00,1.355328658973558049e+02,1.592873332775924951e+02,9.446139316240491723e+01,6.699591070757412581e+01,1.551710568206393377e-03,4.230877969432262375e+01,3.056166645532506720e+01,2.033941975065075880e+01,1.497028873842687879e+01,9.449030525536690206e+00,6.251389944413646482e+00,4.138349859274152998e+00,6.326042191822788929e+00
0.000000000000000000e+00,0.000000000000000000e+00,0.000000000000000000e+00,1.347548830060644036e+02,1.583741263027957018e+02,9.392093994033996296e+01,2.470544725864449141e-03,6.661469162171236746e+01,4.206726848677267583e+01,3.038746731337345608e+01,2.022347679449745428e+01,1.488499437364632882e+01,9.395276631685200996e+00,6.215723180978857343e+00,4.114844615792357274e+00,6.290166519448410654e+00
0.000000000000000000e+00,0.000000000000000000e+00,0.000000000000000000e+00,1.339814569830134019e+02,1.574662155338000673e+02,1.328522564090686654e-03,9.338627415132079079e+01,6.623435252738649126e+01,4.182777556997520918e+01,3.021410102558721888e+01,2.010813401305860637e+01,1.480020945971314816e+01,9.341873815041290996e+00,6.180306684780505933e+00,4.091509543917141833e+00,6.254560557829269563e+00
0.000000000000000000e+00,0.000000000000000000e+00,0.000000000000000000e+00,1.332125542672326901e+02,5.568208538229610892e-04,1.565656336982301298e+02,9.285222383285389469e+01,6.585618877161459750e+01,4.158923034630332438e+01,3.004182552908539705e+01,1.999364448984880482e+01,1.471585661386223620e+01,9.288793566457714590e+00,4.331053063039583609e-04,6.145090133638758445e+00,1.028717574033046489e+01
0.000000000000000000e+00,0.000000000000000000e+00,0.000000000000000000e+00,1.324481430149922971e+02,0.000000000000000000e+00,1.556700339079864932e+02,9.232124136173032980e+01,6.547994279007106400e+01,4.135229079816254227e+01,2.987023625134059301e+01,1.987984414183959458e+01,1.463216507408820277e+01,5.705289337960611426e-04,9.236377966287562913e+00,6.110074230771183501e+00,1.022861638091158021e+01
0.000000000000000000e+00,0.000000000000000000e+00,0.000000000000000000e+00,0.000000000000000000e+00,1.316881917260303396e+02,1.547777863643175635e+02,9.179379671023903597e+01,6.510604993434198207e+01,4.111654386434599218e+01,2.970035726265354725e+01,1.976668950188761897e+01,7.620048970284075450e-04,1.454931412263721136e+01,9.183753178526018246e+00,6.075290517339904106e+00,1.017043369956877719e+01
0.000000000000000000e+00,0.000000000000000000e+00,0.000000000000000000e+00,0.000000000000000000e+00,1.309326695957449829e+02,1.538907015544820069e+02,9.126937284662800209e+01,6.473429544000059366e+01,4.088213957172974489e+01,2.953122009614823185e+01,9.532590166541105199e-04,1.965488252803896430e+01,1.446643837742506911e+01,9.131428130782074604e+00,6.040704651413658866e+00,1.011258149581339616e+01
0.000000000000000000e+00,0.000000000000000000e+00,0.000000000000000000e+00,0.000000000000000000e+00,1.301815464722146203e+02,1.530087471820920939e+02,9.074726922174433241e+01,6.436535005371833051e+01,4.064907041093351836e+01,1.089509368179761425e-03,2.936384136764287334e+01,1.954284148592637749e+01,1.438401359299984961e+01,9.079477728082082422e+00,6.006316260976433341e+00,1.005511372241971024e+01
0.000000000000000000e+00,0.000000000000000000e+00,0.000000000000000000e+00,0.000000000000000000e+00,1.294347928223852762e+02,1.521318913566254594e+02,9.022816512232677155e+01,6.399770120340286184e+01,2.159524401128482766e-03,4.041812944037280886e+01,2.919646877880353841e+01,1.943143911777639588e+01,1.430203362472889594e+01,9.027709724786427969e+00,5.972166968464552639e+00,9.998065447505465997e+00
0.000000000000000000e+00,0.000000000000000000e+00,0.000000000000000000e+00,0.000000000000000000e+00,1.286923796653026955e+02,1.512601025634528753e+02,8.971204288466164201e+01,1.380285770920745185e-03,6.363447547461283449e+01,4.018762473890347309e+01,2.902999577909625373e+01,1.932090583276587736e+01,1.422056603549785869e+01,8.976389195051618586e+00,5.938143649036189409e+00,9.941406788830329688e+00
0.000000000000000000e+00,0.000000000000000000e+00,0.000000000000000000e+00,0.000000000000000000e+00,1.279542785323756107e+02,1.503928588726759301e+02,1.646578541291697766e-03,8.920046122137732425e+01,6.327095228524179049e+01,3.995866211175778204e+01,2.886447206184031700e+01,1.921089189695228683e+01,1.413945353987814890e+01,8.925448474861614301e+00,5.904442338958496350e+00,9.885066542145455770e+00
0.000000000000000000e+00,0.000000000000000000e+00,0.000000000000000000e+00,0.000000000000000000e+00,1.272204608628716045e+02,0.000000000000000000e+00,1.495327504687127487e+02,8.869158073245442608e+01,6.290951025766056404e+01,3.973068065790542391e+01,2.869995709406810747e+01,1.910153518539294382e+01,1.405903070883206496e+01,8.874739517284075063e+00,3.770755095499354935e-04,1.569965304021740593e+01
0.000000000000000000e+00,0.000000000000000000e+00,0.000000000000000000e+00,0.000000000000000000e+00,1.264908996806183126e+02,0.000000000000000000e+00,1.486759700972404517e+02,8.818491994759365582e+01,6.255031677773617105e+01,3.950417154462185465e+01,2.853650831049068159e+01,1.899300539886780115e+01,1.397899831997057341e+01,5.697177432824811032e-04,8.824549516167294883e+00,1.561031867692437558e+01
0.000000000000000000e+00,0.000000000000000000e+00,0.000000000000000000e+00,0.000000000000000000e+00,0.000000000000000000e+00,1.257655678312759164e+02,1.478241341474648323e+02,8.768053072271298731e+01,6.219380625541659668e+01,3.927895315908698848e+01,2.837398916731306997e+01,1.888493836364092715e+01,7.644611838245864372e-04,1.389993617244332569e+01,8.774270480606903178e+00,1.552149207485716254e+01
0.000000000000000000e+00,0.000000000000000000e+00,0.000000000000000000e+00,0.000000000000000000e+00,0.000000000000000000e+00,1.250444385459447432e+02,1.469772127280194525e+02,8.717903711338044559e+01,6.183932610876164659e+01,3.905501821841431820e+01,2.821228526163804418e+01,9.588333643328705944e-04,1.877804644466713313e+01,1.382073809363211048e+01,8.724348853746073829e+00,1.543322208474420698e+01
0.000000000000000000e+00,0.000000000000000000e+00,0.000000000000000000e+00,0.000000000000000000e+00,0.000000000000000000e+00,1.243274854191456029e+02,1.461351762332915882e+02,8.668042221658329538e+01,6.148613083030937787e+01,3.883309352802471892e+01,9.727603273437797175e-04,2.805229095448981980e+01,1.867114227883445920e+01,1.374196815443216835e+01,8.674700902985893691e+00,1.534548611395638495e+01
0.000000000000000000e+00,0.000000000000000000e+00,0.000000000000000000e+00,0.000000000000000000e+00,0.000000000000000000e+00,1.236146823755987327e+02,1.452979953263306925e+02,8.618466924605947099e+01,6.113495629273354837e+01,1.410755081218780915e-03,3.861259774684209845e+01,2.789234260387540232e+01,1.856492507794892433e+01,1.366368851990663380e+01,8.625350926624555825e+00,1.525836919900845956e+01
0.000000000000000000e+00,0.000000000000000000e+00,0.000000000000000000e+00,0.000000000000000000e+00,0.000000000000000000e+00,1.229060036573639252e+02,1.444651996015792008e+02,8.569220285929273473e+01,6.078579088950600351e+01,2.586114522447971638e-03,3.839260187058273033e+01,2.773330641434187172e+01,1.845921076714749987e+01,1.358595474836104167e+01,8.576197813042904627e+00,1.517182831956926670e+01
0.000000000000000000e+00,0.000000000000000000e+00,0.000000000000000000e+00,0.000000000000000000e+00,0.000000000000000000e+00,1.222014238001275714e+02,1.436372102602844620e+02,8.520152680241216103e+01,2.246522142972935069e-03,6.044114583333153234e+01,3.817385862873105395e+01,2.757517716662567508e+01,1.835405566673066957e+01,1.350851307047077476e+01,8.527465098266825194e+00,1.508582713691930266e+01
0.000000000000000000e+00,0.000000000000000000e+00,0.000000000000000000e+00,0.000000000000000000e+00,0.000000000000000000e+00,1.215009176266867428e+02,1.428139984931434583e+02,4.291862008734432252e-04,8.471707763595755125e+01,6.009606588800391336e+01,3.795622202122113009e+01,2.741831695260811230e+01,1.824956748363404557e+01,1.343167101263998120e+01,8.479008298112757913e+00,1.500031055131817403e+01
0.000000000000000000e+00,0.000000000000000000e+00,0.000000000000000000e+00,0.000000000000000000e+00,0.000000000000000000e+00,1.208044594813509747e+02,1.419955350636226399e+02,8.500758822218636461e-04,8.423259119747748969e+01,5.975353472207325467e+01,3.773982586710437204e+01,2.726215904605048834e+01,1.814586121798128104e+01,1.335520445757420838e+01,5.136890427554789609e-04,2.334564917941972695e+01
0.000000000000000000e+00,0.000000000000000000e+00,0.000000000000000000e+00,0.000000000000000000e+00,0.000000000000000000e+00,1.201120254616612755e+02,0.000000000000000000e+00,1.411830552149297944e+02,8.375088452571291953e+01,5.941295497149866378e+01,3.752466321515552039e+01,2.710678840745068285e+01,1.804270532803343841e+01,1.327921578099287458e+01,9.997391113357649659e-04,2.321285351943616959e+01
0.000000000000000000e+00,0.000000000000000000e+00,0.000000000000000000e+00,0.000000000000000000e+00,0.000000000000000000e+00,1.194235911431763668e+02,0.000000000000000000e+00,1.403744099998957608e+02,8.327194149195872797e+01,5.907364065579215406e+01,3.731140199441423277e+01,2.695230291868933037e+01,1.794013425397823980e+01,5.882680045636605112e-04,1.320452605892004883e+01,2.308083349200585843e+01
0.000000000000000000e+00,0.000000000000000000e+00,0.000000000000000000e+00,0.000000000000000000e+00,0.000000000000000000e+00,0.000000000000000000e+00,1.187391323397792320e+02,1.395704218067662907e+02,8.279574607255953822e+01,5.873626739604795688e+01,3.709886425512554808e+01,2.679918193163843299e+01,7.302718313571367800e-04,1.783858054160668161e+01,1.312926797527430445e+01,2.294956307061919176e+01
0.000000000000000000e+00,0.000000000000000000e+00,0.000000000000000000e+00,0.000000000000000000e+00,0.000000000000000000e+00,0.000000000000000000e+00,1.180586250827958992e+02,1.387710631539117685e+02,8.232228234574358794e+01,5.840082405637400598e+01,3.688753601859993836e+01,2.664661598712920565e+01,1.759280936407298058e-03,1.773701955992591905e+01,1.305431521748885082e+01,2.281916161659745157e+01
0.000000000000000000e+00,0.000000000000000000e+00,0.000000000000000000e+00,0.000000000000000000e+00,0.000000000000000000e+00,0.000000000000000000e+00,1.173820456300527866e+02,1.379759103709829446e+02,8.185193088682186158e+01,5.806729956585241581e+01,3.667721920619393217e+01,1.215183358322304225e-03,2.649643321518363948e+01,1.763601516776986244e+01,1.298004270936559656e+01,2.268949907428432056e+01
0.000000000000000000e+00,0.000000000000000000e+00,0.000000000000000000e+00,0.000000000000000000e+00,0.000000000000000000e+00,0.000000000000000000e+00,1.167093704382993025e+02,1.371853400633840749e+02,8.138334333777774532e+01,5.773661186546691937e+01,1.058330812563911026e-03,3.646945246512520811e+01,2.634535771290956063e+01,1.753554663500773358e+01,1.290616848704127584e+01,2.256063376054993697e+01
0.000000000000000000e+00,0.000000000000000000e+00,0.000000000000000000e+00,0.000000000000000000e+00,0.000000000000000000e+00,0.000000000000000000e+00,1.160405761669612019e+02,1.363993251968575464e+02,8.091744986605748124e+01,5.740724679035128730e+01,2.655611727947330882e-03,3.626139119950318701e+01,2.619541335380652569e+01,1.743565014777006184e+01,1.283260616927470110e+01,2.243260610213203421e+01
0.000000000000000000e+00,0.000000000000000000e+00,0.000000000000000000e+00,0.000000000000000000e+00,0.000000000000000000e+00,0.000000000000000000e+00,1.153756396627444900e+02,1.356178389310253465e+02,8.045423476860473500e+01,1.430539330676416790e-03,5.708215197661358076e+01,3.605465668873381446e+01,2.604621433136789221e+01,1.733655554290525203e+01,1.275954593333318243e+01,2.230535787735661657e+01
0.000000000000000000e+00,0.000000000000000000e+00,0.000000000000000000e+00,0.000000000000000000e+00,0.000000000000000000e+00,0.000000000000000000e+00,1.147145379583696467e+02,1.348408546169596605e+02,7.999368244492445967e+01,2.317857615385606612e-03,5.675679325102127137e+01,3.584910083354998278e+01,2.589786443094980584e+01,1.723802256918190068e+01,1.268690119004513761e+01,2.217882817100176496e+01
0.000000000000000000e+00,0.000000000000000000e+00,0.000000000000000000e+00,0.000000000000000000e+00,0.000000000000000000e+00,0.000000000000000000e+00,1.140572482670626613e+02,1.340683457931996259e+02,3.723641478824128866e-04,7.953859441139800879e+01,5.643328857643292196e+01,3.564471690146737615e+01,2.575026677350805926e+01,1.714001476969986015e+01,1.261470878310231925e+01,2.205309915561193534e+01
0.000000000000000000e+00,0.000000000000000000e+00,0.000000000000000000e+00,0.000000000000000000e+00,0.000000000000000000e+00,0.000000000000000000e+00,1.134037479758654712e+02,0.000000000000000000e+00,1.333010242421293299e+02,7.908381153330802249e+01,5.611101840639572202e+01,3.544210724561521175e+01,2.560351012942488325e+01,1.704256288621698801e+01,1.254292653733220142e+01,2.192807925873389863e+01
0.000000000000000000e+00,0.000000000000000000e+00,0.000000000000000000e+00,0.000000000000000000e+00,0.000000000000000000e+00,0.000000000000000000e+00,1.127540146449203746e+02,0.000000000000000000e+00,1.325377469080196988e+02,7.863163651742644333e+01,5.579059154374665042e+01,3.524064595619157814e+01,2.545758972073095450e+01,1.694554785859949675e+01,1.247166806514938209e+01,2.180376454297517341e+01
0.000000000000000000e+00,0.000000000000000000e+00,0.000000000000000000e+00,0.000000000000000000e+00,0.000000000000000000e+00,0.000000000000000000e+00,1.121080250852334927e+02,0.000000000000000000e+00,1.317785004721883126e+02,7.818241293830105576e+01,5.547199719757647784e+01,3.503989415063161061e+01,2.531293307024497352e+01,1.684908434671130451e+01,6.316764679980087964e-04,3.408033342778175978e+01
0.000000000000000000e+00,0.000000000000000000e+00,0.000000000000000000e+00,0.000000000000000000e+00,0.000000000000000000e+00,0.000000000000000000e+00,0.000000000000000000e+00,1.114657581197785703e+02,1.310236255330036386e+02,7.773576086146823627e+01,5.515522508487493525e+01,3.484011180767015503e+01,2.516899122871137351e+01,1.675323964470040750e+01,1.232993916562112819e-03,3.388657096622397802e+01
0.000000000000000000e+00,0.000000000000000000e+00,0.000000000000000000e+00,0.000000000000000000e+00,0.000000000000000000e+00,0.000000000000000000e+00,0.000000000000000000e+00,1.108271917917148528e+02,1.302730965115793538e+02,7.729083158854720637e+01,5.484109868741234095e+01,3.464146864242783863e+01,2.502586610180770421e+01,7.042751648348532069e-04,1.665902353560409921e+01,3.369394320376616747e+01
0.000000000000000000e+00,0.000000000000000000e+00,0.000000000000000000e+00,0.000000000000000000e+00,0.000000000000000000e+00,0.000000000000000000e+00,0.000000000000000000e+00,1.101923043063308825e+02,1.295268880018450659e+02,7.684845882234165515e+01,5.452875923459092888e+01,3.444395817207470856e+01,2.488355308900307250e+01,1.396572610167863288e-03,1.656411797294796528e+01,3.350240798423497779e+01
0.000000000000000000e+00,0.000000000000000000e+00,0.000000000000000000e+00,0.000000000000000000e+00,0.000000000000000000e+00,0.000000000000000000e+00,0.000000000000000000e+00,1.095610740263604868e+02,1.287849747644331728e+02,7.640862773287214793e+01,5.421770193612491084e+01,3.424806864635863235e+01,8.180422613340805138e-04,2.474330670277475264e+01,1.646975284580744159e+01,3.331195912435237716e+01
0.000000000000000000e+00,0.000000000000000000e+00,0.000000000000000000e+00,0.000000000000000000e+00,0.000000000000000000e+00,0.000000000000000000e+00,0.000000000000000000e+00,1.089334794589853601e+02,1.280473317225097389e+02,7.597132358238405914e+01,5.390842001070465983e+01,3.405293285527547198e+01,1.745880618901690749e-03,2.460270285337812268e+01,1.637580344210418204e+01,3.312271215726036644e+01
0.000000000000000000e+00,0.000000000000000000e+00,0.000000000000000000e+00,0.000000000000000000e+00,0.000000000000000000e+00,0.000000000000000000e+00,0.000000000000000000e+00,1.083094992592012176e+02,1.273139339607271125e+02,7.553653172333385157e+01,5.360044062962869305e+01,1.503302924909440900e-03,3.386052572305466413e+01,2.446256897101894268e+01,1.628271714164479178e+01,3.293453711914082049e+01
0.000000000000000000e+00,0.000000000000000000e+00,0.000000000000000000e+00,0.000000000000000000e+00,0.000000000000000000e+00,0.000000000000000000e+00,0.000000000000000000e+00,1.076891122270905612e+02,1.265847567227932018e+02,7.510423759731669691e+01,5.329422421101357088e+01,2.981164409297393410e-03,3.366747975927387415e+01,2.432314992559100730e+01,1.619012894641168288e+01,3.274754059847316512e+01
0.000000000000000000e+00,0.000000000000000000e+00,0.000000000000000000e+00,0.000000000000000000e+00,0.000000000000000000e+00,0.000000000000000000e+00,0.000000000000000000e+00,1.070722973045155300e+02,1.258597754096101937e+02,7.467442673464485381e+01,7.780697381471816639e-04,5.299287150505283961e+01,3.347607963189905433e+01,2.418452535864937047e+01,1.609806612233047574e+01,3.256160214210540715e+01
0.000000000000000000e+00,0.000000000000000000e+00,0.000000000000000000e+00,0.000000000000000000e+00,0.000000000000000000e+00,0.000000000000000000e+00,0.000000000000000000e+00,1.064590335739235627e+02,1.251389655771180855e+02,7.424708475294067966e+01,1.542819418009679566e-03,5.269027812472261019e+01,3.328576490226538453e+01,2.404669077544446765e+01,1.600652570064790581e+01,3.237671581756669070e+01
0.000000000000000000e+00,0.000000000000000000e+00,0.000000000000000000e+00,0.000000000000000000e+00,0.000000000000000000e+00,0.000000000000000000e+00,0.000000000000000000e+00,1.058493002543859376e+02,1.244223029347606655e+02,3.192481709579821493e-04,7.382417258888294498e+01,5.238941527062792147e+01,3.309614235058211307e+01,2.391002876304362701e+01,1.591540136185650844e+01,3.219297908932306029e+01
0.000000000000000000e+00,0.000000000000000000e+00,0.000000000000000000e+00,0.000000000000000000e+00,0.000000000000000000e+00,0.000000000000000000e+00,0.000000000000000000e+00,1.052430767019831421e+02,1.237097633436219724e+02,0.000000000000000000e+00,7.340278356646331304e+01,5.209027301939208598e+01,3.290759944722959318e+01,2.377414131226904814e+01,1.582479521564559910e+01,3.201028104112970141e+01
0.000000000000000000e+00,0.000000000000000000e+00,0.000000000000000000e+00,0.000000000000000000e+00,0.000000000000000000e+00,0.000000000000000000e+00,0.000000000000000000e+00,1.046403424076401336e+02,0.000000000000000000e+00,1.230013228141395842e+02,7.298348883543161492e+01,5.179284150861609248e+01,3.271997613451451059e+01,2.363893197633791132e+01,1.573495033413044197e+01,3.182861585075517752e+01
0.000000000000000000e+00,0.000000000000000000e+00,0.000000000000000000e+00,0.000000000000000000e+00,0.000000000000000000e+00,0.000000000000000000e+00,0.000000000000000000e+00,1.040410769927696606e+02,0.000000000000000000e+00,1.222969575059850484e+02,7.256585875307398226e+01,5.149784596995801422e+01,3.253342276766271368e+01,2.350449008589334099e+01,1.564543223478523082e+01,3.164815917294249914e+01
0.000000000000000000e+00,0.000000000000000000e+00,0.000000000000000000e+00,0.000000000000000000e+00,0.000000000000000000e+00,0.000000000000000000e+00,0.000000000000000000e+00,0.000000000000000000e+00,1.034452602089604625e+02,1.215966437256641228e+02,7.215062705215542849e+01,5.120452914789088794e+01,3.234793325033856348e+01,2.337081130721938749e+01,1.555642255644684546e+01,3.146872075608025909e+01
0.000000000000000000e+00,0.000000000000000000e+00,0.000000000000000000e+00,0.000000000000000000e+00,0.000000000000000000e+00,0.000000000000000000e+00,0.000000000000000000e+00,0.000000000000000000e+00,1.028528719368692350e+02,1.209003579251219662e+02,7.173777985994665585e+01,5.091288152977959669e+01,3.216350152088167391e+01,2.323767607295199866e+01,1.546813367877645895e+01,3.129029491167612065e+01
0.000000000000000000e+00,0.000000000000000000e+00,0.000000000000000000e+00,0.000000000000000000e+00,0.000000000000000000e+00,0.000000000000000000e+00,0.000000000000000000e+00,0.000000000000000000e+00,1.022638921846283182e+02,1.202080767002283892e+02,7.132730338612459775e+01,5.062246244127611305e+01,3.198055276375736256e+01,2.310529887328587861e+01,1.538034396477197951e+01,3.111287598217307604e+01
0.000000000000000000e+00,0.000000000000000000e+00,0.000000000000000000e+00,0.000000000000000000e+00,0.000000000000000000e+00,0.000000000000000000e+00,0.000000000000000000e+00,0.000000000000000000e+00,1.016783001660683396e+02,1.195197759284860979e+02,7.091918351718464919e+01,5.033329109824665437e+01,3.179874073641579102e+01,2.297398664101449128e+01,8.064868264077665761e-04,4.622870379008747221e+01
0.000000000000000000e+00,0.000000000000000000e+00,0.000000000000000000e+00,0.000000000000000000e+00,0.000000000000000000e+00,0.000000000000000000e+00,0.000000000000000000e+00,0.000000000000000000e+00,1.010960770782756555e+02,1.188354333662162929e+02,7.051340703717794156e+01,5.004577476699014227e+01,3.161795978191908674e+01,2.284321768716680268e+01,1.665623293698148240e-03,4.596582508429236213e+01
0.000000000000000000e+00,0.000000000000000000e+00,0.000000000000000000e+00,0.000000000000000000e+00,0.000000000000000000e+00,0.000000000000000000e+00,0.000000000000000000e+00,0.000000000000000000e+00,1.005172032988703279e+02,1.181550260306858320e+02,7.010996039849219130e+01,4.975990394843712039e+01,3.143820408962505653e+01,2.271319212860477776e+01,2.361654146135428334e-03,4.570458695859260700e+01
0.000000000000000000e+00,0.000000000000000000e+00,0.000000000000000000e+00,0.000000000000000000e+00,0.000000000000000000e+00,0.000000000000000000e+00,0.000000000000000000e+00,0.000000000000000000e+00,9.994165933093415788e+01,1.174785310813923047e+02,6.970883013522880844e+01,4.947566919919565720e+01,3.125946788125293807e+01,7.890655851526940214e-04,2.258609046685337773e+01,4.544490198239223133e+01
0.000000000000000000e+00,0.000000000000000000e+00,0.000000000000000000e+00,0.000000000000000000e+00,0.000000000000000000e+00,0.000000000000000000e+00,0.000000000000000000e+00,0.000000000000000000e+00,9.936942579876010484e+01,1.168059258159473330e+02,6.931000286112070796e+01,4.919306113027003136e+01,3.108127259981083057e+01,2.037727745993611964e-03,2.245736497337113136e+01,4.518668841251610502e+01
0.000000000000000000e+00,0.000000000000000000e+00,0.000000000000000000e+00,0.000000000000000000e+00,0.000000000000000000e+00,0.000000000000000000e+00,0.000000000000000000e+00,0.000000000000000000e+00,9.880048344646657199e+01,1.161371876681371020e+02,6.891346526839805620e+01,4.891207040643387671e+01,7.908676085912017418e-04,3.090656786843383230e+01,2.232937310970414657e+01,4.492993792755468974e+01
0.000000000000000000e+00,0.000000000000000000e+00,0.000000000000000000e+00,0.000000000000000000e+00,0.000000000000000000e+00,0.000000000000000000e+00,0.000000000000000000e+00,0.000000000000000000e+00,9.823481313583241104e+01,1.154722942080551604e+02,6.851892871698514398e+01,4.863296315774989864e+01,1.568462981550793837e-03,3.073082816194436617e+01,2.220211069541091575e+01,4.467464229496951589e+01
0.000000000000000000e+00,0.000000000000000000e+00,0.000000000000000000e+00,0.000000000000000000e+00,0.000000000000000000e+00,0.000000000000000000e+00,0.000000000000000000e+00,0.000000000000000000e+00,9.767239584689207277e+01,1.148112231377466799e+02,6.812666011796035548e+01,4.835545009144904327e+01,2.332984854980186228e-03,3.055575340938433371e+01,2.207590569796392188e+01,4.442079332303224959e+01
0.000000000000000000e+00,0.000000000000000000e+00,0.000000000000000000e+00,0.000000000000000000e+00,0.000000000000000000e+00,0.000000000000000000e+00,0.000000000000000000e+00,0.000000000000000000e+00,9.711321267473684316e+01,1.141539522962731610e+02,6.773664633444880678e+01,9.118422486833365663e-04,4.808169488651250845e+01,3.038167562401428157e+01,2.195041634939889263e+01,4.416838283911246066e+01
0.000000000000000000e+00,0.000000000000000000e+00,0.000000000000000000e+00,0.000000000000000000e+00,0.000000000000000000e+00,0.000000000000000000e+00,0.000000000000000000e+00,0.000000000000000000e+00,9.655724483002815361e+01,1.135004596519447091e+02,6.734887430466829983e+01,1.808325617210596384e-03,4.780718531854819275e+01,3.020845680937843269e+01,2.182555999195395202e+01,4.391761370646861451e+01
0.000000000000000000e+00,0.000000000000000000e+00,0.000000000000000000e+00,0.000000000000000000e+00,0.000000000000000000e+00,0.000000000000000000e+00,0.000000000000000000e+00,0.000000000000000000e+00,9.600447363709579918e+01,1.128507233070601217e+02,0.000000000000000000e+00,6.696539235072481233e+01,4.753487371503088355e+01,3.003622583354154330e+01,2.170141255727237706e+01,4.366826338353299519e+01
0.000000000000000000e+00,0.000000000000000000e+00,0.000000000000000000e+00,0.000000000000000000e+00,0.000000000000000000e+00,0.000000000000000000e+00,0.000000000000000000e+00,0.000000000000000000e+00,9.545488053375785853e+01,1.122047214913547322e+02,0.000000000000000000e+00,6.658231355749499869e+01,4.726411214943355077e+01,2.986497707184163275e+01,2.157797003294086124e+01,4.342032390101334016e+01
0.000000000000000000e+00,0.000000000000000000e+00,0.000000000000000000e+00,0.000000000000000000e+00,0.000000000000000000e+00,0.000000000000000000e+00,0.000000000000000000e+00,0.000000000000000000e+00,9.490844706985113532e+01,0.000000000000000000e+00,1.115624325658187814e+02,6.620143348056181765e+01,4.699489182069545734e+01,2.969470492386101412e+01,2.145522843103316646e+01,4.317378732797712360e+01
0.000000000000000000e+00,0.000000000000000000e+00,0.000000000000000000e+00,0.000000000000000000e+00,0.000000000000000000e+00,0.000000000000000000e+00,0.000000000000000000e+00,0.000000000000000000e+00,9.436515490634656089e+01,0.000000000000000000e+00,1.109238350196881555e+02,6.582273942446236958e+01,4.672683533876099204e+01,2.952577245781547077e+01,2.133300053328183665e+01,4.292882903372406389e+01
0.000000000000000000e+00,0.000000000000000000e+00,0.000000000000000000e+00,0.000000000000000000e+00,0.000000000000000000e+00,0.000000000000000000e+00,0.000000000000000000e+00,0.000000000000000000e+00,0.000000000000000000e+00,9.382498581459282150e+01,1.102889074699788097e+02,6.544621876814910877e+01,4.646030883051965077e+01,2.935779930580844166e+01,2.121146866036629675e+01,4.268525490925094346e+01
0.000000000000000000e+00,0.000000000000000000e+00,0.000000000000000000e+00,0.000000000000000000e+00,0.000000000000000000e+00,0.000000000000000000e+00,0.000000000000000000e+00,0.000000000000000000e+00,0.000000000000000000e+00,9.328792167554865955e+01,1.096576286601878962e+02,6.507185896422080873e+01,4.619495606949925559e+01,2.919112753329815391e+01,2.109062885358539674e+01,4.244305719307217828e+01
0.000000000000000000e+00,0.000000000000000000e+00,0.000000000000000000e+00,0.000000000000000000e+00,0.000000000000000000e+00,0.000000000000000000e+00,0.000000000000000000e+00,0.000000000000000000e+00,0.000000000000000000e+00,9.275394447885003046e+01,1.090299774595390261e+02,6.469964753855525430e+01,4.593112163487477062e+01,2.902513851614654783e+01,2.097073713965254171e+01,4.220222816726919746e+01
0.000000000000000000e+00,0.000000000000000000e+00,0.000000000000000000e+00,0.000000000000000000e+00,0.000000000000000000e+00,0.000000000000000000e+00,0.000000000000000000e+00,0.000000000000000000e+00,0.000000000000000000e+00,9.222303632194733325e+01,1.084059328620997888e+02,6.432957208983772546e+01,4.566879681424120463e+01,2.886009131142413153e+01,2.085135777835642301e+01,4.196292763767973355e+01
