# particle size bin bounds (um), with size bins represented by columns and their number (starting at 1 and in line with the lower bound) given in second line of header, per time step which is is represented by rows and corresponding times given in the time output file 
# 12345678910111213141516
2.299999999999999961e-02,5.468750000000000000e-02,8.637500000000000733e-02,1.180624999999999869e-01,1.497499999999999942e-01,1.814375000000000016e-01,2.131249999999999811e-01,2.448124999999999885e-01,2.765000000000000235e-01,3.081875000000000031e-01,3.398750000000000382e-01,3.715625000000000178e-01,4.032499999999999973e-01,4.349375000000000324e-01,4.666250000000000120e-01,4.983125000000000471e-01,5.300000000000000266e-01
2.299999999999999961e-02,5.468750000000000000e-02,8.637500000000000733e-02,1.180624999999999869e-01,1.497499999999999942e-01,1.814375000000000016e-01,2.131249999999999811e-01,2.448124999999999885e-01,2.765000000000000235e-01,3.081875000000000031e-01,3.398750000000000382e-01,3.715625000000000178e-01,4.032499999999999973e-01,4.349375000000000324e-01,4.666250000000000120e-01,4.983125000000000471e-01,5.300000000000000266e-01
2.299999999999999961e-02,5.468750000000000000e-02,8.637500000000000733e-02,1.180624999999999869e-01,1.497499999999999942e-01,1.814375000000000016e-01,2.131249999999999811e-01,2.448124999999999885e-01,2.765000000000000235e-01,3.081875000000000031e-01,3.398750000000000382e-01,3.715625000000000178e-01,4.032499999999999973e-01,4.349375000000000324e-01,4.666250000000000120e-01,4.983125000000000471e-01,5.300000000000000266e-01
2.299999999999999961e-02,5.468750000000000000e-02,8.637500000000000733e-02,1.180624999999999869e-01,1.497499999999999942e-01,1.814375000000000016e-01,2.131249999999999811e-01,2.448124999999999885e-01,2.765000000000000235e-01,3.081875000000000031e-01,3.398750000000000382e-01,3.715625000000000178e-01,4.032499999999999973e-01,4.349375000000000324e-01,4.666250000000000120e-01,4.983125000000000471e-01,5.300000000000000266e-01
2.299999999999999961e-02,5.468750000000000000e-02,8.637500000000000733e-02,1.180624999999999869e-01,1.497499999999999942e-01,1.814375000000000016e-01,2.131249999999999811e-01,2.448124999999999885e-01,2.765000000000000235e-01,3.081875000000000031e-01,3.398750000000000382e-01,3.715625000000000178e-01,4.032499999999999973e-01,4.349375000000000324e-01,4.666250000000000120e-01,4.983125000000000471e-01,5.300000000000000266e-01
2.299999999999999961e-02,5.468750000000000000e-02,8.637500000000000733e-02,1.180624999999999869e-01,1.497499999999999942e-01,1.814375000000000016e-01,2.131249999999999811e-01,2.448124999999999885e-01,2.765000000000000235e-01,3.081875000000000031e-01,3.398750000000000382e-01,3.715625000000000178e-01,4.032499999999999973e-01,4.349375000000000324e-01,4.666250000000000120e-01,4.983125000000000471e-01,5.300000000000000266e-01
2.299999999999999961e-02,5.468750000000000000e-02,8.637500000000000733e-02,1.180624999999999869e-01,1.497499999999999942e-01,1.814375000000000016e-01,2.131249999999999811e-01,2.448124999999999885e-01,2.765000000000000235e-01,3.081875000000000031e-01,3.398750000000000382e-01,3.715625000000000178e-01,4.032499999999999973e-01,4.349375000000000324e-01,4.666250000000000120e-01,4.983125000000000471e-01,5.300000000000000266e-01
2.299999999999999961e-02,5.468750000000000000e-02,8.637500000000000733e-02,1.180624999999999869e-01,1.497499999999999942e-01,1.814375000000000016e-01,2.131249999999999811e-01,2.448124999999999885e-01,2.765000000000000235e-01,3.081875000000000031e-01,3.398750000000000382e-01,3.715625000000000178e-01,4.032499999999999973e-01,4.349375000000000324e-01,4.666250000000000120e-01,4.983125000000000471e-01,5.300000000000000266e-01
2.299999999999999961e-02,5.468750000000000000e-02,8.637500000000000733e-02,1.180624999999999869e-01,1.497499999999999942e-01,1.814375000000000016e-01,2.131249999999999811e-01,2.448124999999999885e-01,2.765000000000000235e-01,3.081875000000000031e-01,3.398750000000000382e-01,3.715625000000000178e-01,4.032499999999999973e-01,4.349375000000000324e-01,4.666250000000000120e-01,4.983125000000000471e-01,5.300000000000000266e-01
2.299999999999999961e-02,5.468750000000000000e-02,8.637500000000000733e-02,1.180624999999999869e-01,1.497499999999999942e-01,1.814375000000000016e-01,2.131249999999999811e-01,2.448124999999999885e-01,2.765000000000000235e-01,3.081875000000000031e-01,3.398750000000000382e-01,3.715625000000000178e-01,4.032499999999999973e-01,4.349375000000000324e-01,4.666250000000000120e-01,4.983125000000000471e-01,5.300000000000000266e-01
2.299999999999999961e-02,5.468750000000000000e-02,8.637500000000000733e-02,1.180624999999999869e-01,1.497499999999999942e-01,1.814375000000000016e-01,2.131249999999999811e-01,2.448124999999999885e-01,2.765000000000000235e-01,3.081875000000000031e-01,3.398750000000000382e-01,3.715625000000000178e-01,4.032499999999999973e-01,4.349375000000000324e-01,4.666250000000000120e-01,4.983125000000000471e-01,5.300000000000000266e-01
2.299999999999999961e-02,5.468750000000000000e-02,8.637500000000000733e-02,1.180624999999999869e-01,1.497499999999999942e-01,1.814375000000000016e-01,2.131249999999999811e-01,2.448124999999999885e-01,2.765000000000000235e-01,3.081875000000000031e-01,3.398750000000000382e-01,3.715625000000000178e-01,4.032499999999999973e-01,4.349375000000000324e-01,4.666250000000000120e-01,4.983125000000000471e-01,5.300000000000000266e-01
2.299999999999999961e-02,5.468750000000000000e-02,8.637500000000000733e-02,1.180624999999999869e-01,1.497499999999999942e-01,1.814375000000000016e-01,2.131249999999999811e-01,2.448124999999999885e-01,2.765000000000000235e-01,3.081875000000000031e-01,3.398750000000000382e-01,3.715625000000000178e-01,4.032499999999999973e-01,4.349375000000000324e-01,4.666250000000000120e-01,4.983125000000000471e-01,5.300000000000000266e-01
2.299999999999999961e-02,5.468750000000000000e-02,8.637500000000000733e-02,1.180624999999999869e-01,1.497499999999999942e-01,1.814375000000000016e-01,2.131249999999999811e-01,2.448124999999999885e-01,2.765000000000000235e-01,3.081875000000000031e-01,3.398750000000000382e-01,3.715625000000000178e-01,4.032499999999999973e-01,4.349375000000000324e-01,4.666250000000000120e-01,4.983125000000000471e-01,5.300000000000000266e-01
2.299999999999999961e-02,5.468750000000000000e-02,8.637500000000000733e-02,1.180624999999999869e-01,1.497499999999999942e-01,1.814375000000000016e-01,2.131249999999999811e-01,2.448124999999999885e-01,2.765000000000000235e-01,3.081875000000000031e-01,3.398750000000000382e-01,3.715625000000000178e-01,4.032499999999999973e-01,4.349375000000000324e-01,4.666250000000000120e-01,4.983125000000000471e-01,5.300000000000000266e-01
2.299999999999999961e-02,5.468750000000000000e-02,8.637500000000000733e-02,1.180624999999999869e-01,1.497499999999999942e-01,1.814375000000000016e-01,2.131249999999999811e-01,2.448124999999999885e-01,2.765000000000000235e-01,3.081875000000000031e-01,3.398750000000000382e-01,3.715625000000000178e-01,4.032499999999999973e-01,4.349375000000000324e-01,4.666250000000000120e-01,4.983125000000000471e-01,5.300000000000000266e-01
2.299999999999999961e-02,5.468750000000000000e-02,8.637500000000000733e-02,1.180624999999999869e-01,1.497499999999999942e-01,1.814375000000000016e-01,2.131249999999999811e-01,2.448124999999999885e-01,2.765000000000000235e-01,3.081875000000000031e-01,3.398750000000000382e-01,3.715625000000000178e-01,4.032499999999999973e-01,4.349375000000000324e-01,4.666250000000000120e-01,4.983125000000000471e-01,5.300000000000000266e-01
2.299999999999999961e-02,5.468750000000000000e-02,8.637500000000000733e-02,1.180624999999999869e-01,1.497499999999999942e-01,1.814375000000000016e-01,2.131249999999999811e-01,2.448124999999999885e-01,2.765000000000000235e-01,3.081875000000000031e-01,3.398750000000000382e-01,3.715625000000000178e-01,4.032499999999999973e-01,4.349375000000000324e-01,4.666250000000000120e-01,4.983125000000000471e-01,5.300000000000000266e-01
2.299999999999999961e-02,5.468750000000000000e-02,8.637500000000000733e-02,1.180624999999999869e-01,1.497499999999999942e-01,1.814375000000000016e-01,2.131249999999999811e-01,2.448124999999999885e-01,2.765000000000000235e-01,3.081875000000000031e-01,3.398750000000000382e-01,3.715625000000000178e-01,4.032499999999999973e-01,4.349375000000000324e-01,4.666250000000000120e-01,4.983125000000000471e-01,5.300000000000000266e-01
2.299999999999999961e-02,5.468750000000000000e-02,8.637500000000000733e-02,1.180624999999999869e-01,1.497499999999999942e-01,1.814375000000000016e-01,2.131249999999999811e-01,2.448124999999999885e-01,2.765000000000000235e-01,3.081875000000000031e-01,3.398750000000000382e-01,3.715625000000000178e-01,4.032499999999999973e-01,4.349375000000000324e-01,4.666250000000000120e-01,4.983125000000000471e-01,5.300000000000000266e-01
2.299999999999999961e-02,5.468750000000000000e-02,8.637500000000000733e-02,1.180624999999999869e-01,1.497499999999999942e-01,1.814375000000000016e-01,2.131249999999999811e-01,2.448124999999999885e-01,2.765000000000000235e-01,3.081875000000000031e-01,3.398750000000000382e-01,3.715625000000000178e-01,4.032499999999999973e-01,4.349375000000000324e-01,4.666250000000000120e-01,4.983125000000000471e-01,5.300000000000000266e-01
2.299999999999999961e-02,5.468750000000000000e-02,8.637500000000000733e-02,1.180624999999999869e-01,1.497499999999999942e-01,1.814375000000000016e-01,2.131249999999999811e-01,2.448124999999999885e-01,2.765000000000000235e-01,3.081875000000000031e-01,3.398750000000000382e-01,3.715625000000000178e-01,4.032499999999999973e-01,4.349375000000000324e-01,4.666250000000000120e-01,4.983125000000000471e-01,5.300000000000000266e-01
2.299999999999999961e-02,5.468750000000000000e-02,8.637500000000000733e-02,1.180624999999999869e-01,1.497499999999999942e-01,1.814375000000000016e-01,2.131249999999999811e-01,2.448124999999999885e-01,2.765000000000000235e-01,3.081875000000000031e-01,3.398750000000000382e-01,3.715625000000000178e-01,4.032499999999999973e-01,4.349375000000000324e-01,4.666250000000000120e-01,4.983125000000000471e-01,5.300000000000000266e-01
2.299999999999999961e-02,5.468750000000000000e-02,8.637500000000000733e-02,1.180624999999999869e-01,1.497499999999999942e-01,1.814375000000000016e-01,2.131249999999999811e-01,2.448124999999999885e-01,2.765000000000000235e-01,3.081875000000000031e-01,3.398750000000000382e-01,3.715625000000000178e-01,4.032499999999999973e-01,4.349375000000000324e-01,4.666250000000000120e-01,4.983125000000000471e-01,5.300000000000000266e-01
2.299999999999999961e-02,5.468750000000000000e-02,8.637500000000000733e-02,1.180624999999999869e-01,1.497499999999999942e-01,1.814375000000000016e-01,2.131249999999999811e-01,2.448124999999999885e-01,2.765000000000000235e-01,3.081875000000000031e-01,3.398750000000000382e-01,3.715625000000000178e-01,4.032499999999999973e-01,4.349375000000000324e-01,4.666250000000000120e-01,4.983125000000000471e-01,5.300000000000000266e-01
2.299999999999999961e-02,5.468750000000000000e-02,8.637500000000000733e-02,1.180624999999999869e-01,1.497499999999999942e-01,1.814375000000000016e-01,2.131249999999999811e-01,2.448124999999999885e-01,2.765000000000000235e-01,3.081875000000000031e-01,3.398750000000000382e-01,3.715625000000000178e-01,4.032499999999999973e-01,4.349375000000000324e-01,4.666250000000000120e-01,4.983125000000000471e-01,5.300000000000000266e-01
2.299999999999999961e-02,5.468750000000000000e-02,8.637500000000000733e-02,1.180624999999999869e-01,1.497499999999999942e-01,1.814375000000000016e-01,2.131249999999999811e-01,2.448124999999999885e-01,2.765000000000000235e-01,3.081875000000000031e-01,3.398750000000000382e-01,3.715625000000000178e-01,4.032499999999999973e-01,4.349375000000000324e-01,4.666250000000000120e-01,4.983125000000000471e-01,5.300000000000000266e-01
2.299999999999999961e-02,5.468750000000000000e-02,8.637500000000000733e-02,1.180624999999999869e-01,1.497499999999999942e-01,1.814375000000000016e-01,2.131249999999999811e-01,2.448124999999999885e-01,2.765000000000000235e-01,3.081875000000000031e-01,3.398750000000000382e-01,3.715625000000000178e-01,4.032499999999999973e-01,4.349375000000000324e-01,4.666250000000000120e-01,4.983125000000000471e-01,5.300000000000000266e-01
2.299999999999999961e-02,5.468750000000000000e-02,8.637500000000000733e-02,1.180624999999999869e-01,1.497499999999999942e-01,1.814375000000000016e-01,2.131249999999999811e-01,2.448124999999999885e-01,2.765000000000000235e-01,3.081875000000000031e-01,3.398750000000000382e-01,3.715625000000000178e-01,4.032499999999999973e-01,4.349375000000000324e-01,4.666250000000000120e-01,4.983125000000000471e-01,5.300000000000000266e-01
2.299999999999999961e-02,5.468750000000000000e-02,8.637500000000000733e-02,1.180624999999999869e-01,1.497499999999999942e-01,1.814375000000000016e-01,2.131249999999999811e-01,2.448124999999999885e-01,2.765000000000000235e-01,3.081875000000000031e-01,3.398750000000000382e-01,3.715625000000000178e-01,4.032499999999999973e-01,4.349375000000000324e-01,4.666250000000000120e-01,4.983125000000000471e-01,5.300000000000000266e-01
2.299999999999999961e-02,5.468750000000000000e-02,8.637500000000000733e-02,1.180624999999999869e-01,1.497499999999999942e-01,1.814375000000000016e-01,2.131249999999999811e-01,2.448124999999999885e-01,2.765000000000000235e-01,3.081875000000000031e-01,3.398750000000000382e-01,3.715625000000000178e-01,4.032499999999999973e-01,4.349375000000000324e-01,4.666250000000000120e-01,4.983125000000000471e-01,5.300000000000000266e-01
2.299999999999999961e-02,5.468750000000000000e-02,8.637500000000000733e-02,1.180624999999999869e-01,1.497499999999999942e-01,1.814375000000000016e-01,2.131249999999999811e-01,2.448124999999999885e-01,2.765000000000000235e-01,3.081875000000000031e-01,3.398750000000000382e-01,3.715625000000000178e-01,4.032499999999999973e-01,4.349375000000000324e-01,4.666250000000000120e-01,4.983125000000000471e-01,5.300000000000000266e-01
2.299999999999999961e-02,5.468750000000000000e-02,8.637500000000000733e-02,1.180624999999999869e-01,1.497499999999999942e-01,1.814375000000000016e-01,2.131249999999999811e-01,2.448124999999999885e-01,2.765000000000000235e-01,3.081875000000000031e-01,3.398750000000000382e-01,3.715625000000000178e-01,4.032499999999999973e-01,4.349375000000000324e-01,4.666250000000000120e-01,4.983125000000000471e-01,5.300000000000000266e-01
2.299999999999999961e-02,5.468750000000000000e-02,8.637500000000000733e-02,1.180624999999999869e-01,1.497499999999999942e-01,1.814375000000000016e-01,2.131249999999999811e-01,2.448124999999999885e-01,2.765000000000000235e-01,3.081875000000000031e-01,3.398750000000000382e-01,3.715625000000000178e-01,4.032499999999999973e-01,4.349375000000000324e-01,4.666250000000000120e-01,4.983125000000000471e-01,5.300000000000000266e-01
2.299999999999999961e-02,5.468750000000000000e-02,8.637500000000000733e-02,1.180624999999999869e-01,1.497499999999999942e-01,1.814375000000000016e-01,2.131249999999999811e-01,2.448124999999999885e-01,2.765000000000000235e-01,3.081875000000000031e-01,3.398750000000000382e-01,3.715625000000000178e-01,4.032499999999999973e-01,4.349375000000000324e-01,4.666250000000000120e-01,4.983125000000000471e-01,5.300000000000000266e-01
2.299999999999999961e-02,5.468750000000000000e-02,8.637500000000000733e-02,1.180624999999999869e-01,1.497499999999999942e-01,1.814375000000000016e-01,2.131249999999999811e-01,2.448124999999999885e-01,2.765000000000000235e-01,3.081875000000000031e-01,3.398750000000000382e-01,3.715625000000000178e-01,4.032499999999999973e-01,4.349375000000000324e-01,4.666250000000000120e-01,4.983125000000000471e-01,5.300000000000000266e-01
2.299999999999999961e-02,5.468750000000000000e-02,8.637500000000000733e-02,1.180624999999999869e-01,1.497499999999999942e-01,1.814375000000000016e-01,2.131249999999999811e-01,2.448124999999999885e-01,2.765000000000000235e-01,3.081875000000000031e-01,3.398750000000000382e-01,3.715625000000000178e-01,4.032499999999999973e-01,4.349375000000000324e-01,4.666250000000000120e-01,4.983125000000000471e-01,5.300000000000000266e-01
2.299999999999999961e-02,5.468750000000000000e-02,8.637500000000000733e-02,1.180624999999999869e-01,1.497499999999999942e-01,1.814375000000000016e-01,2.131249999999999811e-01,2.448124999999999885e-01,2.765000000000000235e-01,3.081875000000000031e-01,3.398750000000000382e-01,3.715625000000000178e-01,4.032499999999999973e-01,4.349375000000000324e-01,4.666250000000000120e-01,4.983125000000000471e-01,5.300000000000000266e-01
2.299999999999999961e-02,5.468750000000000000e-02,8.637500000000000733e-02,1.180624999999999869e-01,1.497499999999999942e-01,1.814375000000000016e-01,2.131249999999999811e-01,2.448124999999999885e-01,2.765000000000000235e-01,3.081875000000000031e-01,3.398750000000000382e-01,3.715625000000000178e-01,4.032499999999999973e-01,4.349375000000000324e-01,4.666250000000000120e-01,4.983125000000000471e-01,5.300000000000000266e-01
2.299999999999999961e-02,5.468750000000000000e-02,8.637500000000000733e-02,1.180624999999999869e-01,1.497499999999999942e-01,1.814375000000000016e-01,2.131249999999999811e-01,2.448124999999999885e-01,2.765000000000000235e-01,3.081875000000000031e-01,3.398750000000000382e-01,3.715625000000000178e-01,4.032499999999999973e-01,4.349375000000000324e-01,4.666250000000000120e-01,4.983125000000000471e-01,5.300000000000000266e-01
2.299999999999999961e-02,5.468750000000000000e-02,8.637500000000000733e-02,1.180624999999999869e-01,1.497499999999999942e-01,1.814375000000000016e-01,2.131249999999999811e-01,2.448124999999999885e-01,2.765000000000000235e-01,3.081875000000000031e-01,3.398750000000000382e-01,3.715625000000000178e-01,4.032499999999999973e-01,4.349375000000000324e-01,4.666250000000000120e-01,4.983125000000000471e-01,5.300000000000000266e-01
2.299999999999999961e-02,5.468750000000000000e-02,8.637500000000000733e-02,1.180624999999999869e-01,1.497499999999999942e-01,1.814375000000000016e-01,2.131249999999999811e-01,2.448124999999999885e-01,2.765000000000000235e-01,3.081875000000000031e-01,3.398750000000000382e-01,3.715625000000000178e-01,4.032499999999999973e-01,4.349375000000000324e-01,4.666250000000000120e-01,4.983125000000000471e-01,5.300000000000000266e-01
2.299999999999999961e-02,5.468750000000000000e-02,8.637500000000000733e-02,1.180624999999999869e-01,1.497499999999999942e-01,1.814375000000000016e-01,2.131249999999999811e-01,2.448124999999999885e-01,2.765000000000000235e-01,3.081875000000000031e-01,3.398750000000000382e-01,3.715625000000000178e-01,4.032499999999999973e-01,4.349375000000000324e-01,4.666250000000000120e-01,4.983125000000000471e-01,5.300000000000000266e-01
2.299999999999999961e-02,5.468750000000000000e-02,8.637500000000000733e-02,1.180624999999999869e-01,1.497499999999999942e-01,1.814375000000000016e-01,2.131249999999999811e-01,2.448124999999999885e-01,2.765000000000000235e-01,3.081875000000000031e-01,3.398750000000000382e-01,3.715625000000000178e-01,4.032499999999999973e-01,4.349375000000000324e-01,4.666250000000000120e-01,4.983125000000000471e-01,5.300000000000000266e-01
2.299999999999999961e-02,5.468750000000000000e-02,8.637500000000000733e-02,1.180624999999999869e-01,1.497499999999999942e-01,1.814375000000000016e-01,2.131249999999999811e-01,2.448124999999999885e-01,2.765000000000000235e-01,3.081875000000000031e-01,3.398750000000000382e-01,3.715625000000000178e-01,4.032499999999999973e-01,4.349375000000000324e-01,4.666250000000000120e-01,4.983125000000000471e-01,5.300000000000000266e-01
2.299999999999999961e-02,5.468750000000000000e-02,8.637500000000000733e-02,1.180624999999999869e-01,1.497499999999999942e-01,1.814375000000000016e-01,2.131249999999999811e-01,2.448124999999999885e-01,2.765000000000000235e-01,3.081875000000000031e-01,3.398750000000000382e-01,3.715625000000000178e-01,4.032499999999999973e-01,4.349375000000000324e-01,4.666250000000000120e-01,4.983125000000000471e-01,5.300000000000000266e-01
2.299999999999999961e-02,5.468750000000000000e-02,8.637500000000000733e-02,1.180624999999999869e-01,1.497499999999999942e-01,1.814375000000000016e-01,2.131249999999999811e-01,2.448124999999999885e-01,2.765000000000000235e-01,3.081875000000000031e-01,3.398750000000000382e-01,3.715625000000000178e-01,4.032499999999999973e-01,4.349375000000000324e-01,4.666250000000000120e-01,4.983125000000000471e-01,5.300000000000000266e-01
2.299999999999999961e-02,5.468750000000000000e-02,8.637500000000000733e-02,1.180624999999999869e-01,1.497499999999999942e-01,1.814375000000000016e-01,2.131249999999999811e-01,2.448124999999999885e-01,2.765000000000000235e-01,3.081875000000000031e-01,3.398750000000000382e-01,3.715625000000000178e-01,4.032499999999999973e-01,4.349375000000000324e-01,4.666250000000000120e-01,4.983125000000000471e-01,5.300000000000000266e-01
2.299999999999999961e-02,5.468750000000000000e-02,8.637500000000000733e-02,1.180624999999999869e-01,1.497499999999999942e-01,1.814375000000000016e-01,2.131249999999999811e-01,2.448124999999999885e-01,2.765000000000000235e-01,3.081875000000000031e-01,3.398750000000000382e-01,3.715625000000000178e-01,4.032499999999999973e-01,4.349375000000000324e-01,4.666250000000000120e-01,4.983125000000000471e-01,5.300000000000000266e-01
2.299999999999999961e-02,5.468750000000000000e-02,8.637500000000000733e-02,1.180624999999999869e-01,1.497499999999999942e-01,1.814375000000000016e-01,2.131249999999999811e-01,2.448124999999999885e-01,2.765000000000000235e-01,3.081875000000000031e-01,3.398750000000000382e-01,3.715625000000000178e-01,4.032499999999999973e-01,4.349375000000000324e-01,4.666250000000000120e-01,4.983125000000000471e-01,5.300000000000000266e-01
2.299999999999999961e-02,5.468750000000000000e-02,8.637500000000000733e-02,1.180624999999999869e-01,1.497499999999999942e-01,1.814375000000000016e-01,2.131249999999999811e-01,2.448124999999999885e-01,2.765000000000000235e-01,3.081875000000000031e-01,3.398750000000000382e-01,3.715625000000000178e-01,4.032499999999999973e-01,4.349375000000000324e-01,4.666250000000000120e-01,4.983125000000000471e-01,5.300000000000000266e-01
2.299999999999999961e-02,5.468750000000000000e-02,8.637500000000000733e-02,1.180624999999999869e-01,1.497499999999999942e-01,1.814375000000000016e-01,2.131249999999999811e-01,2.448124999999999885e-01,2.765000000000000235e-01,3.081875000000000031e-01,3.398750000000000382e-01,3.715625000000000178e-01,4.032499999999999973e-01,4.349375000000000324e-01,4.666250000000000120e-01,4.983125000000000471e-01,5.300000000000000266e-01
2.299999999999999961e-02,5.468750000000000000e-02,8.637500000000000733e-02,1.180624999999999869e-01,1.497499999999999942e-01,1.814375000000000016e-01,2.131249999999999811e-01,2.448124999999999885e-01,2.765000000000000235e-01,3.081875000000000031e-01,3.398750000000000382e-01,3.715625000000000178e-01,4.032499999999999973e-01,4.349375000000000324e-01,4.666250000000000120e-01,4.983125000000000471e-01,5.300000000000000266e-01
2.299999999999999961e-02,5.468750000000000000e-02,8.637500000000000733e-02,1.180624999999999869e-01,1.497499999999999942e-01,1.814375000000000016e-01,2.131249999999999811e-01,2.448124999999999885e-01,2.765000000000000235e-01,3.081875000000000031e-01,3.398750000000000382e-01,3.715625000000000178e-01,4.032499999999999973e-01,4.349375000000000324e-01,4.666250000000000120e-01,4.983125000000000471e-01,5.300000000000000266e-01
2.299999999999999961e-02,5.468750000000000000e-02,8.637500000000000733e-02,1.180624999999999869e-01,1.497499999999999942e-01,1.814375000000000016e-01,2.131249999999999811e-01,2.448124999999999885e-01,2.765000000000000235e-01,3.081875000000000031e-01,3.398750000000000382e-01,3.715625000000000178e-01,4.032499999999999973e-01,4.349375000000000324e-01,4.666250000000000120e-01,4.983125000000000471e-01,5.300000000000000266e-01
2.299999999999999961e-02,5.468750000000000000e-02,8.637500000000000733e-02,1.180624999999999869e-01,1.497499999999999942e-01,1.814375000000000016e-01,2.131249999999999811e-01,2.448124999999999885e-01,2.765000000000000235e-01,3.081875000000000031e-01,3.398750000000000382e-01,3.715625000000000178e-01,4.032499999999999973e-01,4.349375000000000324e-01,4.666250000000000120e-01,4.983125000000000471e-01,5.300000000000000266e-01
2.299999999999999961e-02,5.468750000000000000e-02,8.637500000000000733e-02,1.180624999999999869e-01,1.497499999999999942e-01,1.814375000000000016e-01,2.131249999999999811e-01,2.448124999999999885e-01,2.765000000000000235e-01,3.081875000000000031e-01,3.398750000000000382e-01,3.715625000000000178e-01,4.032499999999999973e-01,4.349375000000000324e-01,4.666250000000000120e-01,4.983125000000000471e-01,5.300000000000000266e-01
2.299999999999999961e-02,5.468750000000000000e-02,8.637500000000000733e-02,1.180624999999999869e-01,1.497499999999999942e-01,1.814375000000000016e-01,2.131249999999999811e-01,2.448124999999999885e-01,2.765000000000000235e-01,3.081875000000000031e-01,3.398750000000000382e-01,3.715625000000000178e-01,4.032499999999999973e-01,4.349375000000000324e-01,4.666250000000000120e-01,4.983125000000000471e-01,5.300000000000000266e-01
2.299999999999999961e-02,5.468750000000000000e-02,8.637500000000000733e-02,1.180624999999999869e-01,1.497499999999999942e-01,1.814375000000000016e-01,2.131249999999999811e-01,2.448124999999999885e-01,2.765000000000000235e-01,3.081875000000000031e-01,3.398750000000000382e-01,3.715625000000000178e-01,4.032499999999999973e-01,4.349375000000000324e-01,4.666250000000000120e-01,4.983125000000000471e-01,5.300000000000000266e-01
2.299999999999999961e-02,5.468750000000000000e-02,8.637500000000000733e-02,1.180624999999999869e-01,1.497499999999999942e-01,1.814375000000000016e-01,2.131249999999999811e-01,2.448124999999999885e-01,2.765000000000000235e-01,3.081875000000000031e-01,3.398750000000000382e-01,3.715625000000000178e-01,4.032499999999999973e-01,4.349375000000000324e-01,4.666250000000000120e-01,4.983125000000000471e-01,5.300000000000000266e-01
2.299999999999999961e-02,5.468750000000000000e-02,8.637500000000000733e-02,1.180624999999999869e-01,1.497499999999999942e-01,1.814375000000000016e-01,2.131249999999999811e-01,2.448124999999999885e-01,2.765000000000000235e-01,3.081875000000000031e-01,3.398750000000000382e-01,3.715625000000000178e-01,4.032499999999999973e-01,4.349375000000000324e-01,4.666250000000000120e-01,4.983125000000000471e-01,5.300000000000000266e-01
2.299999999999999961e-02,5.468750000000000000e-02,8.637500000000000733e-02,1.180624999999999869e-01,1.497499999999999942e-01,1.814375000000000016e-01,2.131249999999999811e-01,2.448124999999999885e-01,2.765000000000000235e-01,3.081875000000000031e-01,3.398750000000000382e-01,3.715625000000000178e-01,4.032499999999999973e-01,4.349375000000000324e-01,4.666250000000000120e-01,4.983125000000000471e-01,5.300000000000000266e-01
2.299999999999999961e-02,5.468750000000000000e-02,8.637500000000000733e-02,1.180624999999999869e-01,1.497499999999999942e-01,1.814375000000000016e-01,2.131249999999999811e-01,2.448124999999999885e-01,2.765000000000000235e-01,3.081875000000000031e-01,3.398750000000000382e-01,3.715625000000000178e-01,4.032499999999999973e-01,4.349375000000000324e-01,4.666250000000000120e-01,4.983125000000000471e-01,5.300000000000000266e-01
2.299999999999999961e-02,5.468750000000000000e-02,8.637500000000000733e-02,1.180624999999999869e-01,1.497499999999999942e-01,1.814375000000000016e-01,2.131249999999999811e-01,2.448124999999999885e-01,2.765000000000000235e-01,3.081875000000000031e-01,3.398750000000000382e-01,3.715625000000000178e-01,4.032499999999999973e-01,4.349375000000000324e-01,4.666250000000000120e-01,4.983125000000000471e-01,5.300000000000000266e-01
2.299999999999999961e-02,5.468750000000000000e-02,8.637500000000000733e-02,1.180624999999999869e-01,1.497499999999999942e-01,1.814375000000000016e-01,2.131249999999999811e-01,2.448124999999999885e-01,2.765000000000000235e-01,3.081875000000000031e-01,3.398750000000000382e-01,3.715625000000000178e-01,4.032499999999999973e-01,4.349375000000000324e-01,4.666250000000000120e-01,4.983125000000000471e-01,5.300000000000000266e-01
2.299999999999999961e-02,5.468750000000000000e-02,8.637500000000000733e-02,1.180624999999999869e-01,1.497499999999999942e-01,1.814375000000000016e-01,2.131249999999999811e-01,2.448124999999999885e-01,2.765000000000000235e-01,3.081875000000000031e-01,3.398750000000000382e-01,3.715625000000000178e-01,4.032499999999999973e-01,4.349375000000000324e-01,4.666250000000000120e-01,4.983125000000000471e-01,5.300000000000000266e-01
2.299999999999999961e-02,5.468750000000000000e-02,8.637500000000000733e-02,1.180624999999999869e-01,1.497499999999999942e-01,1.814375000000000016e-01,2.131249999999999811e-01,2.448124999999999885e-01,2.765000000000000235e-01,3.081875000000000031e-01,3.398750000000000382e-01,3.715625000000000178e-01,4.032499999999999973e-01,4.349375000000000324e-01,4.666250000000000120e-01,4.983125000000000471e-01,5.300000000000000266e-01
2.299999999999999961e-02,5.468750000000000000e-02,8.637500000000000733e-02,1.180624999999999869e-01,1.497499999999999942e-01,1.814375000000000016e-01,2.131249999999999811e-01,2.448124999999999885e-01,2.765000000000000235e-01,3.081875000000000031e-01,3.398750000000000382e-01,3.715625000000000178e-01,4.032499999999999973e-01,4.349375000000000324e-01,4.666250000000000120e-01,4.983125000000000471e-01,5.300000000000000266e-01
2.299999999999999961e-02,5.468750000000000000e-02,8.637500000000000733e-02,1.180624999999999869e-01,1.497499999999999942e-01,1.814375000000000016e-01,2.131249999999999811e-01,2.448124999999999885e-01,2.765000000000000235e-01,3.081875000000000031e-01,3.398750000000000382e-01,3.715625000000000178e-01,4.032499999999999973e-01,4.349375000000000324e-01,4.666250000000000120e-01,4.983125000000000471e-01,5.300000000000000266e-01
2.299999999999999961e-02,5.468750000000000000e-02,8.637500000000000733e-02,1.180624999999999869e-01,1.497499999999999942e-01,1.814375000000000016e-01,2.131249999999999811e-01,2.448124999999999885e-01,2.765000000000000235e-01,3.081875000000000031e-01,3.398750000000000382e-01,3.715625000000000178e-01,4.032499999999999973e-01,4.349375000000000324e-01,4.666250000000000120e-01,4.983125000000000471e-01,5.300000000000000266e-01
2.299999999999999961e-02,5.468750000000000000e-02,8.637500000000000733e-02,1.180624999999999869e-01,1.497499999999999942e-01,1.814375000000000016e-01,2.131249999999999811e-01,2.448124999999999885e-01,2.765000000000000235e-01,3.081875000000000031e-01,3.398750000000000382e-01,3.715625000000000178e-01,4.032499999999999973e-01,4.349375000000000324e-01,4.666250000000000120e-01,4.983125000000000471e-01,5.300000000000000266e-01
2.299999999999999961e-02,5.468750000000000000e-02,8.637500000000000733e-02,1.180624999999999869e-01,1.497499999999999942e-01,1.814375000000000016e-01,2.131249999999999811e-01,2.448124999999999885e-01,2.765000000000000235e-01,3.081875000000000031e-01,3.398750000000000382e-01,3.715625000000000178e-01,4.032499999999999973e-01,4.349375000000000324e-01,4.666250000000000120e-01,4.983125000000000471e-01,5.300000000000000266e-01
2.299999999999999961e-02,5.468750000000000000e-02,8.637500000000000733e-02,1.180624999999999869e-01,1.497499999999999942e-01,1.814375000000000016e-01,2.131249999999999811e-01,2.448124999999999885e-01,2.765000000000000235e-01,3.081875000000000031e-01,3.398750000000000382e-01,3.715625000000000178e-01,4.032499999999999973e-01,4.349375000000000324e-01,4.666250000000000120e-01,4.983125000000000471e-01,5.300000000000000266e-01
2.299999999999999961e-02,5.468750000000000000e-02,8.637500000000000733e-02,1.180624999999999869e-01,1.497499999999999942e-01,1.814375000000000016e-01,2.131249999999999811e-01,2.448124999999999885e-01,2.765000000000000235e-01,3.081875000000000031e-01,3.398750000000000382e-01,3.715625000000000178e-01,4.032499999999999973e-01,4.349375000000000324e-01,4.666250000000000120e-01,4.983125000000000471e-01,5.300000000000000266e-01
2.299999999999999961e-02,5.468750000000000000e-02,8.637500000000000733e-02,1.180624999999999869e-01,1.497499999999999942e-01,1.814375000000000016e-01,2.131249999999999811e-01,2.448124999999999885e-01,2.765000000000000235e-01,3.081875000000000031e-01,3.398750000000000382e-01,3.715625000000000178e-01,4.032499999999999973e-01,4.349375000000000324e-01,4.666250000000000120e-01,4.983125000000000471e-01,5.300000000000000266e-01
2.299999999999999961e-02,5.468750000000000000e-02,8.637500000000000733e-02,1.180624999999999869e-01,1.497499999999999942e-01,1.814375000000000016e-01,2.131249999999999811e-01,2.448124999999999885e-01,2.765000000000000235e-01,3.081875000000000031e-01,3.398750000000000382e-01,3.715625000000000178e-01,4.032499999999999973e-01,4.349375000000000324e-01,4.666250000000000120e-01,4.983125000000000471e-01,5.300000000000000266e-01
2.299999999999999961e-02,5.468750000000000000e-02,8.637500000000000733e-02,1.180624999999999869e-01,1.497499999999999942e-01,1.814375000000000016e-01,2.131249999999999811e-01,2.448124999999999885e-01,2.765000000000000235e-01,3.081875000000000031e-01,3.398750000000000382e-01,3.715625000000000178e-01,4.032499999999999973e-01,4.349375000000000324e-01,4.666250000000000120e-01,4.983125000000000471e-01,5.300000000000000266e-01
2.299999999999999961e-02,5.468750000000000000e-02,8.637500000000000733e-02,1.180624999999999869e-01,1.497499999999999942e-01,1.814375000000000016e-01,2.131249999999999811e-01,2.448124999999999885e-01,2.765000000000000235e-01,3.081875000000000031e-01,3.398750000000000382e-01,3.715625000000000178e-01,4.032499999999999973e-01,4.349375000000000324e-01,4.666250000000000120e-01,4.983125000000000471e-01,5.300000000000000266e-01
2.299999999999999961e-02,5.468750000000000000e-02,8.637500000000000733e-02,1.180624999999999869e-01,1.497499999999999942e-01,1.814375000000000016e-01,2.131249999999999811e-01,2.448124999999999885e-01,2.765000000000000235e-01,3.081875000000000031e-01,3.398750000000000382e-01,3.715625000000000178e-01,4.032499999999999973e-01,4.349375000000000324e-01,4.666250000000000120e-01,4.983125000000000471e-01,5.300000000000000266e-01
2.299999999999999961e-02,5.468750000000000000e-02,8.637500000000000733e-02,1.180624999999999869e-01,1.497499999999999942e-01,1.814375000000000016e-01,2.131249999999999811e-01,2.448124999999999885e-01,2.765000000000000235e-01,3.081875000000000031e-01,3.398750000000000382e-01,3.715625000000000178e-01,4.032499999999999973e-01,4.349375000000000324e-01,4.666250000000000120e-01,4.983125000000000471e-01,5.300000000000000266e-01
2.299999999999999961e-02,5.468750000000000000e-02,8.637500000000000733e-02,1.180624999999999869e-01,1.497499999999999942e-01,1.814375000000000016e-01,2.131249999999999811e-01,2.448124999999999885e-01,2.765000000000000235e-01,3.081875000000000031e-01,3.398750000000000382e-01,3.715625000000000178e-01,4.032499999999999973e-01,4.349375000000000324e-01,4.666250000000000120e-01,4.983125000000000471e-01,5.300000000000000266e-01
2.299999999999999961e-02,5.468750000000000000e-02,8.637500000000000733e-02,1.180624999999999869e-01,1.497499999999999942e-01,1.814375000000000016e-01,2.131249999999999811e-01,2.448124999999999885e-01,2.765000000000000235e-01,3.081875000000000031e-01,3.398750000000000382e-01,3.715625000000000178e-01,4.032499999999999973e-01,4.349375000000000324e-01,4.666250000000000120e-01,4.983125000000000471e-01,5.300000000000000266e-01
2.299999999999999961e-02,5.468750000000000000e-02,8.637500000000000733e-02,1.180624999999999869e-01,1.497499999999999942e-01,1.814375000000000016e-01,2.131249999999999811e-01,2.448124999999999885e-01,2.765000000000000235e-01,3.081875000000000031e-01,3.398750000000000382e-01,3.715625000000000178e-01,4.032499999999999973e-01,4.349375000000000324e-01,4.666250000000000120e-01,4.983125000000000471e-01,5.300000000000000266e-01
2.299999999999999961e-02,5.468750000000000000e-02,8.637500000000000733e-02,1.180624999999999869e-01,1.497499999999999942e-01,1.814375000000000016e-01,2.131249999999999811e-01,2.448124999999999885e-01,2.765000000000000235e-01,3.081875000000000031e-01,3.398750000000000382e-01,3.715625000000000178e-01,4.032499999999999973e-01,4.349375000000000324e-01,4.666250000000000120e-01,4.983125000000000471e-01,5.300000000000000266e-01
2.299999999999999961e-02,5.468750000000000000e-02,8.637500000000000733e-02,1.180624999999999869e-01,1.497499999999999942e-01,1.814375000000000016e-01,2.131249999999999811e-01,2.448124999999999885e-01,2.765000000000000235e-01,3.081875000000000031e-01,3.398750000000000382e-01,3.715625000000000178e-01,4.032499999999999973e-01,4.349375000000000324e-01,4.666250000000000120e-01,4.983125000000000471e-01,5.300000000000000266e-01
2.299999999999999961e-02,5.468750000000000000e-02,8.637500000000000733e-02,1.180624999999999869e-01,1.497499999999999942e-01,1.814375000000000016e-01,2.131249999999999811e-01,2.448124999999999885e-01,2.765000000000000235e-01,3.081875000000000031e-01,3.398750000000000382e-01,3.715625000000000178e-01,4.032499999999999973e-01,4.349375000000000324e-01,4.666250000000000120e-01,4.983125000000000471e-01,5.300000000000000266e-01
2.299999999999999961e-02,5.468750000000000000e-02,8.637500000000000733e-02,1.180624999999999869e-01,1.497499999999999942e-01,1.814375000000000016e-01,2.131249999999999811e-01,2.448124999999999885e-01,2.765000000000000235e-01,3.081875000000000031e-01,3.398750000000000382e-01,3.715625000000000178e-01,4.032499999999999973e-01,4.349375000000000324e-01,4.666250000000000120e-01,4.983125000000000471e-01,5.300000000000000266e-01
2.299999999999999961e-02,5.468750000000000000e-02,8.637500000000000733e-02,1.180624999999999869e-01,1.497499999999999942e-01,1.814375000000000016e-01,2.131249999999999811e-01,2.448124999999999885e-01,2.765000000000000235e-01,3.081875000000000031e-01,3.398750000000000382e-01,3.715625000000000178e-01,4.032499999999999973e-01,4.349375000000000324e-01,4.666250000000000120e-01,4.983125000000000471e-01,5.300000000000000266e-01
2.299999999999999961e-02,5.468750000000000000e-02,8.637500000000000733e-02,1.180624999999999869e-01,1.497499999999999942e-01,1.814375000000000016e-01,2.131249999999999811e-01,2.448124999999999885e-01,2.765000000000000235e-01,3.081875000000000031e-01,3.398750000000000382e-01,3.715625000000000178e-01,4.032499999999999973e-01,4.349375000000000324e-01,4.666250000000000120e-01,4.983125000000000471e-01,5.300000000000000266e-01
2.299999999999999961e-02,5.468750000000000000e-02,8.637500000000000733e-02,1.180624999999999869e-01,1.497499999999999942e-01,1.814375000000000016e-01,2.131249999999999811e-01,2.448124999999999885e-01,2.765000000000000235e-01,3.081875000000000031e-01,3.398750000000000382e-01,3.715625000000000178e-01,4.032499999999999973e-01,4.349375000000000324e-01,4.666250000000000120e-01,4.983125000000000471e-01,5.300000000000000266e-01
2.299999999999999961e-02,5.468750000000000000e-02,8.637500000000000733e-02,1.180624999999999869e-01,1.497499999999999942e-01,1.814375000000000016e-01,2.131249999999999811e-01,2.448124999999999885e-01,2.765000000000000235e-01,3.081875000000000031e-01,3.398750000000000382e-01,3.715625000000000178e-01,4.032499999999999973e-01,4.349375000000000324e-01,4.666250000000000120e-01,4.983125000000000471e-01,5.300000000000000266e-01
2.299999999999999961e-02,5.468750000000000000e-02,8.637500000000000733e-02,1.180624999999999869e-01,1.497499999999999942e-01,1.814375000000000016e-01,2.131249999999999811e-01,2.448124999999999885e-01,2.765000000000000235e-01,3.081875000000000031e-01,3.398750000000000382e-01,3.715625000000000178e-01,4.032499999999999973e-01,4.349375000000000324e-01,4.666250000000000120e-01,4.983125000000000471e-01,5.300000000000000266e-01
2.299999999999999961e-02,5.468750000000000000e-02,8.637500000000000733e-02,1.180624999999999869e-01,1.497499999999999942e-01,1.814375000000000016e-01,2.131249999999999811e-01,2.448124999999999885e-01,2.765000000000000235e-01,3.081875000000000031e-01,3.398750000000000382e-01,3.715625000000000178e-01,4.032499999999999973e-01,4.349375000000000324e-01,4.666250000000000120e-01,4.983125000000000471e-01,5.300000000000000266e-01
2.299999999999999961e-02,5.468750000000000000e-02,8.637500000000000733e-02,1.180624999999999869e-01,1.497499999999999942e-01,1.814375000000000016e-01,2.131249999999999811e-01,2.448124999999999885e-01,2.765000000000000235e-01,3.081875000000000031e-01,3.398750000000000382e-01,3.715625000000000178e-01,4.032499999999999973e-01,4.349375000000000324e-01,4.666250000000000120e-01,4.983125000000000471e-01,5.300000000000000266e-01
2.299999999999999961e-02,5.468750000000000000e-02,8.637500000000000733e-02,1.180624999999999869e-01,1.497499999999999942e-01,1.814375000000000016e-01,2.131249999999999811e-01,2.448124999999999885e-01,2.765000000000000235e-01,3.081875000000000031e-01,3.398750000000000382e-01,3.715625000000000178e-01,4.032499999999999973e-01,4.349375000000000324e-01,4.666250000000000120e-01,4.983125000000000471e-01,5.300000000000000266e-01
2.299999999999999961e-02,5.468750000000000000e-02,8.637500000000000733e-02,1.180624999999999869e-01,1.497499999999999942e-01,1.814375000000000016e-01,2.131249999999999811e-01,2.448124999999999885e-01,2.765000000000000235e-01,3.081875000000000031e-01,3.398750000000000382e-01,3.715625000000000178e-01,4.032499999999999973e-01,4.349375000000000324e-01,4.666250000000000120e-01,4.983125000000000471e-01,5.300000000000000266e-01
2.299999999999999961e-02,5.468750000000000000e-02,8.637500000000000733e-02,1.180624999999999869e-01,1.497499999999999942e-01,1.814375000000000016e-01,2.131249999999999811e-01,2.448124999999999885e-01,2.765000000000000235e-01,3.081875000000000031e-01,3.398750000000000382e-01,3.715625000000000178e-01,4.032499999999999973e-01,4.349375000000000324e-01,4.666250000000000120e-01,4.983125000000000471e-01,5.300000000000000266e-01
2.299999999999999961e-02,5.468750000000000000e-02,8.637500000000000733e-02,1.180624999999999869e-01,1.497499999999999942e-01,1.814375000000000016e-01,2.131249999999999811e-01,2.448124999999999885e-01,2.765000000000000235e-01,3.081875000000000031e-01,3.398750000000000382e-01,3.715625000000000178e-01,4.032499999999999973e-01,4.349375000000000324e-01,4.666250000000000120e-01,4.983125000000000471e-01,5.300000000000000266e-01
2.299999999999999961e-02,5.468750000000000000e-02,8.637500000000000733e-02,1.180624999999999869e-01,1.497499999999999942e-01,1.814375000000000016e-01,2.131249999999999811e-01,2.448124999999999885e-01,2.765000000000000235e-01,3.081875000000000031e-01,3.398750000000000382e-01,3.715625000000000178e-01,4.032499999999999973e-01,4.349375000000000324e-01,4.666250000000000120e-01,4.983125000000000471e-01,5.300000000000000266e-01
2.299999999999999961e-02,5.468750000000000000e-02,8.637500000000000733e-02,1.180624999999999869e-01,1.497499999999999942e-01,1.814375000000000016e-01,2.131249999999999811e-01,2.448124999999999885e-01,2.765000000000000235e-01,3.081875000000000031e-01,3.398750000000000382e-01,3.715625000000000178e-01,4.032499999999999973e-01,4.349375000000000324e-01,4.666250000000000120e-01,4.983125000000000471e-01,5.300000000000000266e-01
2.299999999999999961e-02,5.468750000000000000e-02,8.637500000000000733e-02,1.180624999999999869e-01,1.497499999999999942e-01,1.814375000000000016e-01,2.131249999999999811e-01,2.448124999999999885e-01,2.765000000000000235e-01,3.081875000000000031e-01,3.398750000000000382e-01,3.715625000000000178e-01,4.032499999999999973e-01,4.349375000000000324e-01,4.666250000000000120e-01,4.983125000000000471e-01,5.300000000000000266e-01
2.299999999999999961e-02,5.468750000000000000e-02,8.637500000000000733e-02,1.180624999999999869e-01,1.497499999999999942e-01,1.814375000000000016e-01,2.131249999999999811e-01,2.448124999999999885e-01,2.765000000000000235e-01,3.081875000000000031e-01,3.398750000000000382e-01,3.715625000000000178e-01,4.032499999999999973e-01,4.349375000000000324e-01,4.666250000000000120e-01,4.983125000000000471e-01,5.300000000000000266e-01
2.299999999999999961e-02,5.468750000000000000e-02,8.637500000000000733e-02,1.180624999999999869e-01,1.497499999999999942e-01,1.814375000000000016e-01,2.131249999999999811e-01,2.448124999999999885e-01,2.765000000000000235e-01,3.081875000000000031e-01,3.398750000000000382e-01,3.715625000000000178e-01,4.032499999999999973e-01,4.349375000000000324e-01,4.666250000000000120e-01,4.983125000000000471e-01,5.300000000000000266e-01
2.299999999999999961e-02,5.468750000000000000e-02,8.637500000000000733e-02,1.180624999999999869e-01,1.497499999999999942e-01,1.814375000000000016e-01,2.131249999999999811e-01,2.448124999999999885e-01,2.765000000000000235e-01,3.081875000000000031e-01,3.398750000000000382e-01,3.715625000000000178e-01,4.032499999999999973e-01,4.349375000000000324e-01,4.666250000000000120e-01,4.983125000000000471e-01,5.300000000000000266e-01
2.299999999999999961e-02,5.468750000000000000e-02,8.637500000000000733e-02,1.180624999999999869e-01,1.497499999999999942e-01,1.814375000000000016e-01,2.131249999999999811e-01,2.448124999999999885e-01,2.765000000000000235e-01,3.081875000000000031e-01,3.398750000000000382e-01,3.715625000000000178e-01,4.032499999999999973e-01,4.349375000000000324e-01,4.666250000000000120e-01,4.983125000000000471e-01,5.300000000000000266e-01
2.299999999999999961e-02,5.468750000000000000e-02,8.637500000000000733e-02,1.180624999999999869e-01,1.497499999999999942e-01,1.814375000000000016e-01,2.131249999999999811e-01,2.448124999999999885e-01,2.765000000000000235e-01,3.081875000000000031e-01,3.398750000000000382e-01,3.715625000000000178e-01,4.032499999999999973e-01,4.349375000000000324e-01,4.666250000000000120e-01,4.983125000000000471e-01,5.300000000000000266e-01
2.299999999999999961e-02,5.468750000000000000e-02,8.637500000000000733e-02,1.180624999999999869e-01,1.497499999999999942e-01,1.814375000000000016e-01,2.131249999999999811e-01,2.448124999999999885e-01,2.765000000000000235e-01,3.081875000000000031e-01,3.398750000000000382e-01,3.715625000000000178e-01,4.032499999999999973e-01,4.349375000000000324e-01,4.666250000000000120e-01,4.983125000000000471e-01,5.300000000000000266e-01
2.299999999999999961e-02,5.468750000000000000e-02,8.637500000000000733e-02,1.180624999999999869e-01,1.497499999999999942e-01,1.814375000000000016e-01,2.131249999999999811e-01,2.448124999999999885e-01,2.765000000000000235e-01,3.081875000000000031e-01,3.398750000000000382e-01,3.715625000000000178e-01,4.032499999999999973e-01,4.349375000000000324e-01,4.666250000000000120e-01,4.983125000000000471e-01,5.300000000000000266e-01
2.299999999999999961e-02,5.468750000000000000e-02,8.637500000000000733e-02,1.180624999999999869e-01,1.497499999999999942e-01,1.814375000000000016e-01,2.131249999999999811e-01,2.448124999999999885e-01,2.765000000000000235e-01,3.081875000000000031e-01,3.398750000000000382e-01,3.715625000000000178e-01,4.032499999999999973e-01,4.349375000000000324e-01,4.666250000000000120e-01,4.983125000000000471e-01,5.300000000000000266e-01
2.299999999999999961e-02,5.468750000000000000e-02,8.637500000000000733e-02,1.180624999999999869e-01,1.497499999999999942e-01,1.814375000000000016e-01,2.131249999999999811e-01,2.448124999999999885e-01,2.765000000000000235e-01,3.081875000000000031e-01,3.398750000000000382e-01,3.715625000000000178e-01,4.032499999999999973e-01,4.349375000000000324e-01,4.666250000000000120e-01,4.983125000000000471e-01,5.300000000000000266e-01
2.299999999999999961e-02,5.468750000000000000e-02,8.637500000000000733e-02,1.180624999999999869e-01,1.497499999999999942e-01,1.814375000000000016e-01,2.131249999999999811e-01,2.448124999999999885e-01,2.765000000000000235e-01,3.081875000000000031e-01,3.398750000000000382e-01,3.715625000000000178e-01,4.032499999999999973e-01,4.349375000000000324e-01,4.666250000000000120e-01,4.983125000000000471e-01,5.300000000000000266e-01
2.299999999999999961e-02,5.468750000000000000e-02,8.637500000000000733e-02,1.180624999999999869e-01,1.497499999999999942e-01,1.814375000000000016e-01,2.131249999999999811e-01,2.448124999999999885e-01,2.765000000000000235e-01,3.081875000000000031e-01,3.398750000000000382e-01,3.715625000000000178e-01,4.032499999999999973e-01,4.349375000000000324e-01,4.666250000000000120e-01,4.983125000000000471e-01,5.300000000000000266e-01
2.299999999999999961e-02,5.468750000000000000e-02,8.637500000000000733e-02,1.180624999999999869e-01,1.497499999999999942e-01,1.814375000000000016e-01,2.131249999999999811e-01,2.448124999999999885e-01,2.765000000000000235e-01,3.081875000000000031e-01,3.398750000000000382e-01,3.715625000000000178e-01,4.032499999999999973e-01,4.349375000000000324e-01,4.666250000000000120e-01,4.983125000000000471e-01,5.300000000000000266e-01
2.299999999999999961e-02,5.468750000000000000e-02,8.637500000000000733e-02,1.180624999999999869e-01,1.497499999999999942e-01,1.814375000000000016e-01,2.131249999999999811e-01,2.448124999999999885e-01,2.765000000000000235e-01,3.081875000000000031e-01,3.398750000000000382e-01,3.715625000000000178e-01,4.032499999999999973e-01,4.349375000000000324e-01,4.666250000000000120e-01,4.983125000000000471e-01,5.300000000000000266e-01
2.299999999999999961e-02,5.468750000000000000e-02,8.637500000000000733e-02,1.180624999999999869e-01,1.497499999999999942e-01,1.814375000000000016e-01,2.131249999999999811e-01,2.448124999999999885e-01,2.765000000000000235e-01,3.081875000000000031e-01,3.398750000000000382e-01,3.715625000000000178e-01,4.032499999999999973e-01,4.349375000000000324e-01,4.666250000000000120e-01,4.983125000000000471e-01,5.300000000000000266e-01
2.299999999999999961e-02,5.468750000000000000e-02,8.637500000000000733e-02,1.180624999999999869e-01,1.497499999999999942e-01,1.814375000000000016e-01,2.131249999999999811e-01,2.448124999999999885e-01,2.765000000000000235e-01,3.081875000000000031e-01,3.398750000000000382e-01,3.715625000000000178e-01,4.032499999999999973e-01,4.349375000000000324e-01,4.666250000000000120e-01,4.983125000000000471e-01,5.300000000000000266e-01
2.299999999999999961e-02,5.468750000000000000e-02,8.637500000000000733e-02,1.180624999999999869e-01,1.497499999999999942e-01,1.814375000000000016e-01,2.131249999999999811e-01,2.448124999999999885e-01,2.765000000000000235e-01,3.081875000000000031e-01,3.398750000000000382e-01,3.715625000000000178e-01,4.032499999999999973e-01,4.349375000000000324e-01,4.666250000000000120e-01,4.983125000000000471e-01,5.300000000000000266e-01
2.299999999999999961e-02,5.468750000000000000e-02,8.637500000000000733e-02,1.180624999999999869e-01,1.497499999999999942e-01,1.814375000000000016e-01,2.131249999999999811e-01,2.448124999999999885e-01,2.765000000000000235e-01,3.081875000000000031e-01,3.398750000000000382e-01,3.715625000000000178e-01,4.032499999999999973e-01,4.349375000000000324e-01,4.666250000000000120e-01,4.983125000000000471e-01,5.300000000000000266e-01
2.299999999999999961e-02,5.468750000000000000e-02,8.637500000000000733e-02,1.180624999999999869e-01,1.497499999999999942e-01,1.814375000000000016e-01,2.131249999999999811e-01,2.448124999999999885e-01,2.765000000000000235e-01,3.081875000000000031e-01,3.398750000000000382e-01,3.715625000000000178e-01,4.032499999999999973e-01,4.349375000000000324e-01,4.666250000000000120e-01,4.983125000000000471e-01,5.300000000000000266e-01
2.299999999999999961e-02,5.468750000000000000e-02,8.637500000000000733e-02,1.180624999999999869e-01,1.497499999999999942e-01,1.814375000000000016e-01,2.131249999999999811e-01,2.448124999999999885e-01,2.765000000000000235e-01,3.081875000000000031e-01,3.398750000000000382e-01,3.715625000000000178e-01,4.032499999999999973e-01,4.349375000000000324e-01,4.666250000000000120e-01,4.983125000000000471e-01,5.300000000000000266e-01
2.299999999999999961e-02,5.468750000000000000e-02,8.637500000000000733e-02,1.180624999999999869e-01,1.497499999999999942e-01,1.814375000000000016e-01,2.131249999999999811e-01,2.448124999999999885e-01,2.765000000000000235e-01,3.081875000000000031e-01,3.398750000000000382e-01,3.715625000000000178e-01,4.032499999999999973e-01,4.349375000000000324e-01,4.666250000000000120e-01,4.983125000000000471e-01,5.300000000000000266e-01
