# tendency to change, top row gives equation number (where number 0 is the first equation), penultimate column is gas-particle partitioning and final column is gas-wall partitioning (molecules/cc.s (air))
4.800000000000000000e+01,4.900000000000000000e+01,5.000000000000000000e+01,5.100000000000000000e+01,5.200000000000000000e+01,5.300000000000000000e+01,5.400000000000000000e+01,0.000000000000000000e+00,0.000000000000000000e+00
0.000000000000000000e+00,0.000000000000000000e+00,0.000000000000000000e+00,0.000000000000000000e+00,0.000000000000000000e+00,0.000000000000000000e+00,0.000000000000000000e+00,-3.286982199320087051e+10,-9.012513577296863794e+08
-1.354536348096889242e+03,-7.293657258983248539e+02,-3.397357581030888832e+05,-2.264905054020592943e+05,-2.091012159033438563e+07,-1.290432328913993016e+07,-2.741711746984404046e+06,6.543759373934612423e+07,1.247910824127197266e+06
-1.772164985300713852e+03,-9.542426843926918991e+02,-3.804902384474677965e+05,-2.536601589649785892e+05,-2.683119856296854466e+07,-1.655841449777604453e+07,-3.518076734654966742e+06,-7.068583002278049290e+07,1.645334587116577197e+06
-2.754757470286154785e+03,-1.483330945538698415e+03,-4.647999043036756339e+05,-3.098666028691171086e+05,-3.218948007339077815e+07,-1.986518612920795009e+07,-4.220648611021518707e+06,-7.914591202887831628e+07,1.984530487647583010e+06
-4.634167125221364586e+03,-2.495320759734580406e+03,-5.924545923717730911e+05,-3.949697282478487468e+05,-3.698540459927868098e+07,-2.282490878242198750e+07,-4.849484868786540814e+06,-7.220710927280311286e+07,2.291632128792602569e+06
-7.918986879158514057e+03,-4.264069858008429946e+03,-7.618211261542732827e+05,-5.078807507695156382e+05,-4.120876192880868912e+07,-2.543128140012145042e+07,-5.403246756399741396e+06,-6.488814727831596881e+07,2.565972455972168129e+06
-1.332720001624293218e+04,-7.176184624130808515e+03,-9.716097015443715500e+05,-6.477398010295812273e+05,-4.484465770633902401e+07,-2.767511218590503186e+07,-5.879981342614382505e+06,-5.803366972700718045e+07,2.806616769346924033e+06
-2.182285051572500015e+04,-1.175076566231345896e+04,-1.220680469909817912e+06,-8.137869799398786854e+05,-4.787511772735697031e+07,-2.954530866740736365e+07,-6.277331869845756330e+06,-5.171134120247041434e+07,3.012451322889282368e+06
-3.465685379999626457e+04,-1.866138281538260344e+04,-1.507785315661209635e+06,-1.005190210440806695e+06,-5.028189708340702951e+07,-3.103061131196273118e+07,-6.592906086111061275e+06,-4.593864602169480175e+07,3.182335778776245192e+06
-5.339860364077339909e+04,-2.875309426810875084e+04,-1.831197171433740063e+06,-1.220798114289160352e+06,-5.205077734201641381e+07,-3.212224545757306740e+07,-6.824839686453200877e+06,-4.072117097064221650e+07,3.315341056348877028e+06
-7.993894580781986588e+04,-4.304404774267222820e+04,-2.188254493330406491e+06,-1.458836328886937816e+06,-5.317670723418136686e+07,-3.281709380011542886e+07,-6.972470354132171720e+06,-3.605296017353436351e+07,3.411036252222656272e+06
-9.974912188026715012e+04,-5.371106562783614936e+04,-2.407874100796256214e+06,-1.605249400530837942e+06,-5.374382906255309284e+07,-3.316708332007210329e+07,-7.046830733726366423e+06,-3.192252954374374449e+07,3.465308174344482366e+06
-1.233839092355425528e+05,-6.643748958836904785e+04,-2.596941087895254605e+06,-1.731294058596836869e+06,-5.361492252804505080e+07,-3.308753086083899438e+07,-7.029928653152760118e+06,-2.840498593423128873e+07,3.472844605598144699e+06
-1.525317499457489175e+05,-8.213248074001864006e+04,-2.796068559765290003e+06,-1.864045706510193646e+06,-5.300365489724068344e+07,-3.271029751525518298e+07,-6.949779925337502733e+06,-2.529198294614185020e+07,3.451146800546203740e+06
-1.875647565456862503e+05,-1.009964073707541247e+05,-2.998720876126646996e+06,-1.999147250751098385e+06,-5.195130290574125201e+07,-3.206085651350815594e+07,-6.811796709668871015e+06,-2.253717770568349212e+07,3.402497427300354000e+06
-2.284630031783068553e+05,-1.230185401729344449e+05,-3.196653937012474518e+06,-2.131102624674983323e+06,-5.050968383164668083e+07,-3.117118600099874288e+07,-6.622773229673952796e+06,-2.010899824001190439e+07,3.329548781393615995e+06
-2.746970389147200040e+05,-1.479137901848492038e+05,-3.381033097843755502e+06,-2.254022065229170956e+06,-4.874012577861149609e+07,-3.007913356617108360e+07,-6.390750757685073651e+06,-1.796901189635670930e+07,3.235498226233948022e+06
-3.251492427966436953e+05,-1.750803615058850264e+05,-3.543045013778739143e+06,-2.362030009185826406e+06,-4.670892610764577240e+07,-2.882561348950866982e+07,-6.124422129499008879e+06,-1.607767476838194393e+07,3.123845556627502665e+06
-3.781305019684166764e+05,-2.036087318291473784e+05,-3.674629618559597060e+06,-2.449753079039731994e+06,-4.448239149992021918e+07,-2.745154580327244848e+07,-5.832481402961567044e+06,-1.439893730181745254e+07,2.998129360969360452e+06
-4.315186224306632066e+05,-2.323561813088186027e+05,-3.769272557236455381e+06,-2.512848371490970720e+06,-4.212239446030045301e+07,-2.599511406378681958e+07,-5.523041231682751328e+06,-1.289882593717600591e+07,2.861696515781677328e+06
-4.829549244469759869e+05,-2.600526516252947040e+05,-3.822587045756358653e+06,-2.548391363837572746e+06,-3.968484461624641716e+07,-2.449082193974648044e+07,-5.203432423458883539e+06,-1.155246479354674928e+07,2.717643192402771208e+06
-5.974107993349506287e+05,-3.216827381034348509e+05,-4.229840277140121907e+06,-2.819893518093415070e+06,-3.639033225213877112e+07,-2.245767007868004963e+07,-4.771459648444768973e+06,-1.028451415100179054e+07,2.548862965093506034e+06
-7.135608077301062876e+05,-3.842250503162109526e+05,-4.439287148266188800e+06,-2.959524765510792844e+06,-3.307717048799422011e+07,-2.041300905989853293e+07,-4.337041584964277223e+06,-9.322295241726309061e+06,2.361508775535156485e+06
-8.221988183755440405e+05,-4.427224406637543580e+05,-4.566316206667696126e+06,-3.044210804445131682e+06,-3.008777300337034091e+07,-1.856815361921281740e+07,-3.945075131560796406e+06,-8.429683777847297490e+06,2.188833063525909558e+06
-9.193645469643358374e+05,-4.950424483654115465e+05,-4.620433247611431405e+06,-3.080288831740954891e+06,-2.738141193356802687e+07,-1.689796925270894170e+07,-3.590220096184618771e+06,-7.580914950556671247e+06,2.028954349511413602e+06
-1.002562486021116376e+06,-5.398413386267549358e+05,-4.610272199627994560e+06,-3.073514799751996994e+06,-2.492196886349496990e+07,-1.538016609932469390e+07,-3.267740672661053482e+06,-6.790126311952671967e+06,1.879939059944519075e+06
-1.070430536048272857e+06,-5.763856732567622093e+05,-4.545082953881618567e+06,-3.030055302587746177e+06,-2.267910912540641800e+07,-1.399602363858123496e+07,-2.973659413296295796e+06,-6.059374908745942637e+06,1.740334937945098849e+06
-1.122356754369303118e+06,-6.043459446603938704e+05,-4.434236304971337318e+06,-2.956157536647558678e+06,-2.063236296861308813e+07,-1.273290931454619020e+07,-2.705292347283184528e+06,-5.391593931679634377e+06,1.609366299344665604e+06
-1.158502132354845991e+06,-6.238088404987631366e+05,-4.286651167617511936e+06,-2.857767445078341756e+06,-1.876288545040354133e+07,-1.157919329369309545e+07,-2.460168546818646137e+06,-4.783462437133948319e+06,1.486383444655792322e+06
-1.179541666293034330e+06,-6.351378203116337536e+05,-4.110562805981472135e+06,-2.740375203987648245e+06,-1.705462477443954349e+07,-1.052496948492510431e+07,-2.236183318326863460e+06,-4.232456152526594698e+06,1.370901616245788522e+06
-1.186527950696262531e+06,-6.388996657595258439e+05,-3.913350314513703343e+06,-2.608900209675802849e+06,-1.549345802172354423e+07,-9.561522170748971403e+06,-2.031484880470744334e+06,-3.735340816418297589e+06,1.262534894431427121e+06
-1.180759273861145834e+06,-6.357934551560014952e+05,-3.701498569466673769e+06,-2.467665712977782823e+06,-1.406685007592741773e+07,-8.681115518885279074e+06,-1.844429642822650960e+06,-3.288566389501956291e+06,1.160955597151870839e+06
-1.163687384526783135e+06,-6.266008993605754804e+05,-3.480594874413314275e+06,-2.320396582942210138e+06,-1.276349728978379257e+07,-7.876773677086851560e+06,-1.673535483800322516e+06,-2.888454868663785513e+06,1.065871607029647799e+06
-1.136765032730074599e+06,-6.121042483931169845e+05,-3.254955537825743202e+06,-2.169970358550495934e+06,-1.157087557042904943e+07,-7.140767616016529500e+06,-1.517160258360452252e+06,-2.530753813608898781e+06,9.768399727647399995e+05
-1.101549621478416491e+06,-5.931421038729933789e+05,-3.028856602845035028e+06,-2.019237735230023740e+06,-1.048181728998498619e+07,-6.468673956931294873e+06,-1.374364155155373970e+06,-2.212717849125457462e+06,8.937544441351776477e+05
-1.059539546881415648e+06,-5.705212944746083813e+05,-2.805518477012815885e+06,-1.870345651341877645e+06,-9.487727004876999184e+06,-5.855188169093673117e+06,-1.244020149240865139e+06,-1.930481896320185857e+06,8.163545764985657297e+05
-1.012158628709709388e+06,-5.450084923821510747e+05,-2.587517869672071189e+06,-1.725011913114714669e+06,-8.580705246470665559e+06,-5.295435230776478536e+06,-1.125092471128146863e+06,-1.680757133484015940e+06,7.443820640257187188e+05
-9.607340823434196645e+05,-5.173183520310720196e+05,-2.376866038200822193e+06,-1.584577358800548594e+06,-7.753502791681331582e+06,-4.784941408152990043e+06,-1.016630610797377420e+06,-1.460395153988007922e+06,6.775793437293167226e+05
-9.064807890665010782e+05,-4.881050402665774454e+05,-2.175084045413985383e+06,-1.450056030275990488e+06,-6.999469529612733051e+06,-4.319602699219047092e+06,-9.177626131485226797e+05,-1.266438891177693615e+06,6.156904449850845849e+05
-8.504919295679490315e+05,-4.579571928442801582e+05,-1.983273598482640693e+06,-1.322182398988427361e+06,-6.312509650524795055e+06,-3.895657179432260804e+06,-8.276892024289504625e+05,-1.096152997355610598e+06,5.584633485664138570e+05
-7.937315195165494224e+05,-4.273938951242957846e+05,-1.802174445709279738e+06,-1.201449630472853314e+06,-5.687012996570718475e+06,-3.509642635995566379e+06,-7.456747810188879957e+05,-9.470021508689635666e+05,5.056467160975952283e+05
-7.370364676109226421e+05,-3.968657902520351927e+05,-1.632229461144102272e+06,-1.088152974096068414e+06,-5.117841970554791391e+06,-3.158388488821401261e+06,-6.710457129223940428e+05,-8.166511841705018887e+05,4.569942313567123492e+05
-6.811202123148358660e+05,-3.667570374002961325e+05,-1.473637483530412661e+06,-9.824249890202753013e+05,-4.600297297589307651e+06,-2.838994660924870521e+06,-6.031858344741225010e+05,-7.029835348725976655e+05,4.122655789499626262e+05
-6.265768882653819164e+05,-3.373875552198209334e+05,-1.326394845730658388e+06,-8.842632304871056695e+05,-4.130067600540501531e+06,-2.548800459774121176e+06,-5.415298427282125922e+05,-6.040745876740488457e+05,3.712255891140709282e+05
-5.738779457011676859e+05,-3.090112015313979355e+05,-1.190308225324715720e+06,-7.935388168831439689e+05,-3.703105634695319925e+06,-2.285308197635398712e+06,-4.855470674862744636e+05,-5.181757378736646497e+05,3.336389941768837161e+05
-5.233977037111964310e+05,-2.818295327675672597e+05,-1.065075527994640637e+06,-7.100503519964271691e+05,-3.315757143896877300e+06,-2.046262712929366622e+06,-4.347583667696954217e+05,-4.437122560464033158e+05,2.992810300602721982e+05
-4.754183826309483848e+05,-2.559945137243567733e+05,-9.502989935485357419e+05,-6.335326623656905722e+05,-2.964673337843684945e+06,-1.829597357095840853e+06,-3.887246509410426370e+05,-3.792862840087119839e+05,2.679359133677711361e+05
-4.299110189497559331e+05,-2.314905486652531545e+05,-8.450164753306676866e+05,-5.633443168871118687e+05,-2.645153444908453152e+06,-1.632411129462734330e+06,-3.468295600841503474e+05,-3.234898968988007400e+05,2.392564855491447379e+05
-3.872535398917437415e+05,-2.085211368647850468e+05,-7.492769662623638287e+05,-4.995179775082426495e+05,-2.356260650754537433e+06,-1.454125891112503130e+06,-3.089502601513816626e+05,-2.753659558555142721e+05,2.132018632549705508e+05
-3.475157765586706810e+05,-1.871238796854380344e+05,-6.625285985070288880e+05,-4.416857323380192975e+05,-2.095390854550158605e+06,-1.293134565832528053e+06,-2.747453043553529424e+05,-2.339751950894533365e+05,1.895852197466487996e+05
