# tendency to change, top row gives equation number (where number 0 is the first equation), penultimate column is gas-particle partitioning and final column is gas-wall partitioning (molecules/cc.s (air))
2.400000000000000000e+01,3.100000000000000000e+01,3.500000000000000000e+01,4.500000000000000000e+01,1.530000000000000000e+02,1.600000000000000000e+02,2.060000000000000000e+02,3.650000000000000000e+02,3.770000000000000000e+02,4.100000000000000000e+02,4.270000000000000000e+02,5.510000000000000000e+02,6.030000000000000000e+02,6.060000000000000000e+02,7.600000000000000000e+02,7.690000000000000000e+02,7.720000000000000000e+02,7.870000000000000000e+02,8.350000000000000000e+02,8.370000000000000000e+02,8.750000000000000000e+02,0.000000000000000000e+00,0.000000000000000000e+00
0.000000000000000000e+00,0.000000000000000000e+00,0.000000000000000000e+00,0.000000000000000000e+00,0.000000000000000000e+00,0.000000000000000000e+00,0.000000000000000000e+00,0.000000000000000000e+00,0.000000000000000000e+00,0.000000000000000000e+00,0.000000000000000000e+00,0.000000000000000000e+00,0.000000000000000000e+00,0.000000000000000000e+00,0.000000000000000000e+00,0.000000000000000000e+00,0.000000000000000000e+00,0.000000000000000000e+00,0.000000000000000000e+00,0.000000000000000000e+00,0.000000000000000000e+00,0.000000000000000000e+00,0.000000000000000000e+00
3.495841317715442274e+05,-1.350465004630158816e+01,-6.298726582236869262e+02,-6.699854422556877909e-01,3.857752524230493126e-05,5.114827747647635037e-02,1.936973274814172626e-08,7.036149729418974299e-08,1.543658681512342814e-04,1.042421627274276792e-04,2.925859291567499922e-05,1.179319683406575765e-08,2.992525454525073862e-11,4.205178431585687538e-10,8.731965724034796504e-13,1.959656828028643368e-04,3.524283453988944467e-11,1.472246233583864812e-12,3.836160667436201903e-11,0.000000000000000000e+00,3.872139539404162234e-05,2.585011351160726554e+04,-2.905844287574291251e-02
5.264242279877114343e+05,-4.362669509997493122e+01,-1.558533239579463043e+03,-1.657786805248198769e+00,1.430139004012975150e-04,1.435651946124436584e-01,1.954196510117663102e-07,1.070773824503485596e-06,4.015668102927141218e-04,5.030884988567099064e-04,1.821801556268704881e-04,7.577700324612810923e-08,6.456536917436958382e-10,7.021109836619513092e-09,2.297098356501644616e-11,8.987852467802257385e-04,7.311741268485065541e-10,5.252667449715520446e-11,7.208130361238524458e-10,2.180951538741743493e-12,1.000608695430088324e-04,-7.026392540144451777e+04,-4.370511236786842751e-02
8.057328489948769566e+05,-1.019619767315089973e+02,-2.970696916596608844e+03,-3.159882654831419835e+00,4.556915583053912692e-04,3.567569845337856815e-01,1.136688515610107041e-06,7.468782384749324321e-06,9.278002489593740586e-04,1.866515567976644897e-03,7.256956301038774374e-04,2.927275189185026733e-07,5.732679635339472262e-09,5.681375026551409898e-08,2.116060061800081900e-10,3.274015490272162189e-03,6.426653111149534066e-09,6.610942177755062129e-10,6.261186170338599007e-09,1.434918597154397182e-11,2.286861282855577669e-04,-1.531834006627590861e+05,-6.684233546257019321e-02
1.222845176711057313e+06,-2.074907390985835036e+02,-5.125387265781720089e+03,-5.451792214128687419e+00,1.378344404544645926e-03,8.510460912334928407e-01,5.305760615692002253e-06,3.754501942368077005e-05,2.171183897370436346e-03,6.140052213782454422e-03,2.413666759657166674e-03,9.727388912614699265e-07,3.559740919862052989e-08,3.680300271997202966e-07,1.484990042143397879e-09,1.071406350307999369e-02,4.057455009740393158e-08,5.493130762459365237e-09,4.165041892331613888e-08,7.159590891293647530e-11,5.270487866829478554e-04,-2.473900089711001783e+05,-1.013895348310470540e-01
1.808238473644103389e+06,-3.883926128704064240e+02,-8.351958704544140346e+03,-8.883844493497681682e+00,3.916830760524394814e-03,1.930668002088909319e+00,2.119739253225775310e-05,1.520323690876820995e-04,5.073379450753712390e-03,1.818227679603346553e-02,7.052384944517442640e-03,2.981059916534947893e-06,1.748442567238512777e-07,2.072672863485579425e-06,8.768645974404398391e-09,3.172039246034911997e-02,2.070795299408451127e-07,3.508674944280981077e-08,2.339882924109369931e-07,3.056297155043936242e-10,1.207617232257425987e-03,-3.733011865564745967e+05,-1.498549690246581967e-01
2.586371306887782644e+06,-6.831933863563408522e+02,-1.303869839157194474e+04,-1.386905431480648510e+01,1.037147170097110424e-02,4.136061886661651421e+00,7.452782748835698337e-05,5.207241839586141535e-04,1.158803861777103587e-02,4.884275522175434564e-02,1.848146457270934129e-02,8.602771478823289039e-06,7.159522522096424728e-07,1.027835309154486910e-05,4.472615198720310077e-08,8.530124712749177773e-02,8.957141918315912992e-07,1.832834564956331770e-07,1.142145553748895930e-06,1.150240955607419987e-09,2.694045645771502191e-03,-5.393959116580068367e+05,-2.142399258613586488e-01
3.573845517405239865e+06,-1.141029842668115634e+03,-1.961760186312787118e+04,-2.086692839998791271e+01,2.559738109637647516e-02,8.372721162530574190e+00,2.353580375966024725e-04,1.556371351533332361e-03,2.554253657943597253e-02,1.202399224238228370e-01,4.412882413575522356e-02,2.356039093210227363e-05,2.527903165575770134e-06,4.510785200384303346e-05,1.999019089403405311e-07,2.101014921433858873e-01,3.381010888801784881e-06,8.118734862339684692e-07,4.915918440758864224e-06,3.885019358571221613e-09,5.779436295657565913e-03,-7.515408843051661970e+05,-2.958869218826293834e-01
4.776954297533230856e+06,-1.820711460329107467e+03,-2.854474121733064385e+04,-3.036258332358938361e+01,5.915531653678934854e-02,1.608663048582004862e+01,6.788496210652901573e-04,4.153609971048752639e-03,5.403823743398823015e-02,2.742388039469622618e-01,9.731303355522941123e-02,6.140360926417045434e-05,7.892667236825380236e-06,1.765608321816041480e-04,7.928946082934163302e-07,4.787124018273115067e-01,1.138083032216488686e-05,3.129063748751837911e-06,1.888598567535258670e-05,1.195201295063771332e-08,1.186071682564124666e-02,-1.013852841500601033e+06,-3.952772493362426975e-01
6.189035762748267502e+06,-2.788196825281265319e+03,-4.027469721572239359e+04,-4.283954934936553371e+01,1.287403234340975533e-01,2.949085008359622506e+01,1.812200319295991045e-03,1.007134011395228144e-02,1.096102179045455316e-01,5.852274681978442139e-01,2.004154183754046914e-01,1.523907373283058561e-04,2.221579373121297817e-05,6.224017180865724832e-04,2.824547525988138200e-06,1.018440988983581486e+00,3.473333490534858526e-05,1.069982466836407228e-05,6.549086350811747948e-05,3.390911221888231865e-08,2.326101819202094217e-02,-1.328843322695628041e+06,-5.118129434585571014e-01
7.788547827954764478e+06,-4.112469747128775452e+03,-5.523128220707426954e+04,-5.874862887398750644e+01,2.652646392243107609e-01,5.183638524768988276e+01,4.522583711346682238e-03,2.248118247253462487e-02,2.133625775832361515e-01,1.178096091775147514e+00,3.888865225040261664e-01,3.601222953283468933e-04,5.720981371436191032e-05,1.994923686604243955e-03,9.131519454625645001e-06,2.038973207444660929e+00,9.731839492063520784e-05,3.294770378506490236e-05,2.069932709283583223e-04,8.960217263627521432e-08,4.363253508095792099e-02,-1.697743164828335401e+06,-6.436592960357666593e-01
8.907689171955907717e+06,-5.813759200703443639e+03,-7.308968199539266061e+04,-7.774432224778416867e+01,4.459949721807028866e-01,7.514540208727088100e+01,9.092419270437841414e-03,4.023204987668681232e-02,3.376973079997641625e-01,1.928990202912433505e+00,6.135997367559161697e-01,6.908853655731343963e-04,1.168595168633871327e-04,4.995197590588436494e-03,2.304972728620733146e-05,3.317888150750992082e+00,2.176320262351217336e-04,7.891628280653550183e-05,5.137624781245147708e-04,1.906239561098404791e-07,6.660267652336049338e-02,-2.101698902053530794e+06,-7.352289810180664409e-01
1.013152021897590347e+07,-7.866636822953430965e+03,-9.344879969913151581e+04,-9.939998915217454112e+01,7.288415011493338813e-01,1.069479997899426422e+02,1.747487083477608158e-02,6.913726980060976024e-02,5.118394156824956909e-01,3.062335163683941985e+00,9.384064749262175376e-01,1.255692049857653472e-03,2.262230771840108702e-04,1.155692451914159050e-02,5.377503704845748827e-05,5.233096193135016172e+00,4.633376073554917179e-04,1.748859842057382875e-04,1.188895398232798443e-03,3.866231067670485206e-07,9.740377458508683861e-02,-2.535366550321363844e+06,-8.352798900604248011e-01
1.141504214311822318e+07,-1.031904141672145852e+04,-1.164712860229226062e+05,-1.238886385324638866e+02,1.169703561671203929e+00,1.509321548590704367e+02,3.252068808978285375e-02,1.152941093992043559e-01,7.605798622267915254e-01,4.769958690400456724e+00,1.407470785014423686e+00,2.186113593298338355e-03,4.210495104672443210e-04,2.523272696741862831e-02,1.183057856407930899e-04,8.088607990138859449e+00,9.473776558395762297e-04,3.659637127719311779e-04,2.608032033218685326e-03,7.586156463272051561e-07,1.394093734490015613e-01,-2.994059393419042695e+06,-9.400475044250488077e-01
1.272156874660815485e+07,-1.319483133227064172e+04,-1.422402025776384107e+05,-1.512986216916788180e+02,1.838646572573684024e+00,2.105144164099345971e+02,5.863556425854966198e-02,1.862727297266370263e-01,1.111762108668389093e+00,7.276363089528316230e+00,2.066508412158978736e+00,3.663535263778190578e-03,7.540273473738880053e-04,5.237645737064966500e-02,2.471663932822643376e-04,1.222490497956467159e+01,1.857919529940554957e-03,7.275194817335416597e-04,5.446451890639006713e-03,1.441066209735897551e-06,1.958358322338324409e-01,-3.479009234289782587e+06,-1.046468177795410126e+00
1.401273568321254291e+07,-1.650613138046736640e+04,-1.707569179107743257e+05,-1.816313943318361339e+02,2.823768397303310529e+00,2.892808524659185423e+02,1.024141316281475533e-01,2.912306200473814277e-01,1.597478446707942146e+00,1.084908232093221159e+01,2.964411128308023002e+00,5.930380893245098400e-03,1.299560650223218101e-03,1.037743045640778378e-01,4.922937687285384913e-04,1.802845018551646561e+01,3.493998613924309722e-03,1.378448033024662648e-03,1.085725570073177090e-02,2.648801728823522565e-06,2.698561095137518295e-01,-3.992252862315545324e+06,-1.151346305847168017e+00
1.525226405558385141e+07,-2.025334356540299632e+04,-2.019415345161456498e+05,-2.148019707573077426e+02,4.228774339808332172e+00,3.906290802494904142e+02,1.731917729767278313e-01,4.403619106572841946e-01,2.251466755101554806e+00,1.578399654490693926e+01,4.147852124953359976e+00,9.286424667755964826e-03,2.155853618544385959e-03,1.966315011132841184e-01,9.365817938572226038e-04,2.589892812096401897e+01,6.303238825565236035e-03,2.493614842834386384e-03,2.069408358597384437e-02,4.706686935041780655e-06,3.641031113740664793e-01,-4.534228754242690280e+06,-1.251667709350585911e+00
1.640963480413468368e+07,-2.442647865028607703e+04,-2.356420666813201096e+05,-2.506486862039052141e+02,6.166793308935078599e+00,5.172994067437274452e+02,2.834088136067546837e-01,6.439410652771393462e-01,3.104712614956760763e+00,2.237911116886486695e+01,5.654171490699769542e+00,1.406827874173892552e-02,3.443337841893582066e-03,3.566495390405072241e-01,1.703706496137135859e-03,3.620057673286419231e+01,1.091570630991437613e-02,4.311815468964235593e-03,3.775624340027033260e-02,8.077858976992010720e-06,4.800563841144095956e-01,-5.103518135625119321e+06,-1.344904678344726490e+00
1.746253728560592234e+07,-2.900736328037997373e+04,-2.716490955115428660e+05,-2.889487851527356952e+02,8.750860040140185703e+00,6.708976233973342005e+02,4.486102228446737783e-01,9.111013688043061443e-01,4.179845963957776078e+00,3.089993010500974435e+01,7.504047771561271674e+00,2.060918678921231859e-02,5.298381206259267055e-03,6.196902670184191164e-01,2.965687321347131901e-03,4.920622376135276710e+01,1.816479450854747643e-02,7.134671568232209098e-03,6.601013761294553805e-02,1.338290104043639368e-05,6.174725765969144575e-01,-5.697136380365239456e+06,-1.429218414306640650e+00
1.839790392077759281e+07,-3.397172402211572626e+04,-3.097074594102640986e+05,-3.294308563068027524e+02,1.208298740057472642e+01,8.515660726544815589e+02,6.869206125712264965e-01,1.248666170244319362e+00,5.485808629152517213e+00,4.154473834955968670e+01,9.696400524957516254e+00,2.918417778789217029e-02,7.862534145524974899e-03,1.032269501444027515e+00,4.944480031549401342e-03,6.505044068976071969e+01,2.908365198149759009e-02,1.131261756127176742e-02,1.107098580977823182e-01,2.140105302651864550e-05,7.740812197565103414e-01,-6.309367199741478078e+06,-1.503544075012207104e+00
1.921066068382612616e+07,-3.929411031546029699e+04,-3.495594888758180314e+05,-3.718208207506693839e+02,1.624280712082097367e+01,1.057708582219562004e+03,1.018191363564476593e+00,1.660071768963804262e+00,7.013218616513846371e+00,5.440987434778289611e+01,1.220434383234123388e+01,3.994854937105887099e-02,1.126963205152955831e-02,1.651195932769426555e+00,7.909113151785641949e-03,8.368854710826452958e+01,4.489048915538673690e-02,1.722294742545488200e-02,1.784580465167753260e-01,3.305397130925377512e-05,9.454851944887917581e-01,-6.934865717776260339e+06,-1.567482589721679753e+00
1.986194547803935036e+07,-4.393349854611394403e+04,-3.908620039666731609e+05,-4.157536434857556173e+02,2.397843820846047080e+01,1.448866150392921554e+03,1.644218452165679967e+00,2.414840477214875492e+00,1.001114739637018225e+01,7.824899561329398523e+01,1.682779895881068555e+01,5.958601072009974547e-02,1.755208469919286585e-02,2.855054306466190184e+00,1.366592284144464362e-02,1.182489079588265781e+02,7.526041469359959213e-02,2.836835558130048132e-02,3.114267238807758020e-01,5.550086485164037011e-05,1.291821954215784940e+00,-7.524677498637288809e+06,-1.617928634643554631e+00
2.042080437271181867e+07,-4.833816540683812491e+04,-4.334129216201504460e+05,-4.610143720000676808e+02,3.384480995383725599e+01,1.909687784465781078e+03,2.518751252631076909e+00,3.341153776402690845e+00,1.384185605673537367e+01,1.077650220206770513e+02,2.210320244256332956e+01,8.468517671237893452e-02,2.580635537083788775e-02,4.651255276971747676e+00,2.221443838032804985e-02,1.597282155882586494e+02,1.187900701770231437e-01,4.401791639723764971e-02,5.126420781291808337e-01,8.810091990852099409e-05,1.703919092665555857e+00,-8.253126218054996803e+06,-1.660600463867187626e+00
2.082585177600334957e+07,-5.286963708974845940e+04,-4.768986047266136156e+05,-5.072693955313919218e+02,4.569740389792735158e+01,2.422304725173250517e+03,3.668986582993064349e+00,4.405431948516980611e+00,1.834630410962367364e+01,1.422380403159895081e+02,2.775491651832424722e+01,1.149457903220834076e-01,3.594989543969332596e-02,7.166329071804626416e+00,3.408821464747273378e-02,2.064200942552805316e+02,1.771703269853851237e-01,6.449611558428434976e-02,7.984085483077308920e-01,1.326992371643800786e-04,2.151717854303021760e+00,-8.970293690113605931e+06,-1.690380554199218732e+00
2.111099575103180856e+07,-5.751047232336473098e+04,-5.210210915215487476e+05,-5.542017769306607988e+02,5.948230826749327349e+01,2.976967105850307235e+03,5.124733226074076775e+00,5.586271094351255684e+00,2.339329055773844246e+01,1.812570211043024528e+02,3.363162553907198316e+01,1.499494863714867510e-01,4.792767114457358729e-02,1.053576109418031415e+01,4.983669289255056312e-02,2.572383498432339479e+02,2.523563809761836252e-01,9.006034729442027875e-02,1.187325743620123220e+00,1.912209048198241026e-04,2.616406795505287430e+00,-9.639228594363547862e+06,-1.710117858886718745e+00
2.130522664804961160e+07,-6.224384037832893227e+04,-5.655519894886753755e+05,-6.015685787421357418e+02,7.511643354790838600e+01,3.564325304569203126e+03,6.909761057435403586e+00,6.862220296837567624e+00,2.882776442698003194e+01,2.243364509658318866e+02,3.960620337324201756e+01,1.888624476002941643e-01,6.164498253354976087e-02,1.488496173723724247e+01,6.993259716743002730e-02,3.111065522240186283e+02,3.461391994174621844e-01,1.207846158048725971e-01,1.698342318880507351e+00,2.654247490246071481e-04,3.080574050530151986e+00,-1.026305262168959714e+07,-1.722246154785156191e+00
2.143089937244177610e+07,-6.705847817405920068e+04,-6.103167238047611900e+05,-6.491841085268404186e+02,9.250226082227568725e+01,4.175836195106626292e+03,9.042041196204531062e+00,8.213573785135938721e+00,3.449160036198320256e+01,2.709649228691559983e+02,4.557583573478376593e+01,2.305751912865135478e-01,7.699492903376034536e-02,2.032453328487774868e+01,9.475413156440047613e-02,3.670344829995557348e+02,4.601230063996822883e-01,1.566034137231363255e-01,2.350053578336426696e+00,3.568639042942503363e-04,3.529549950639936817e+00,-1.083925623624554463e+07,-1.728641708374023533e+00
2.150531534515926614e+07,-7.195230873773233907e+04,-6.551890052615967579e+05,-6.969140344799100149e+02,1.114993771092735670e+02,4.802333075865161845e+03,1.153186772229474855e+01,9.619158933111012999e+00,4.021925997334686542e+01,3.205175167999925065e+02,5.144148945065409606e+01,2.737186754703281322e-01,9.383885812508457880e-02,2.694660146996533001e+01,1.245658542874422126e-01,4.239822818962745714e+02,5.956390436162567470e-01,1.972874444596814936e-01,3.160386340941131689e+00,4.667749896160899620e-04,3.950314485091254380e+00,-1.137155835665002838e+07,-1.730755065917968682e+00
2.154213309649934247e+07,-7.692618089252115169e+04,-7.000729571903669275e+05,-7.446563741267608521e+02,1.319639339650035197e+02,5.435717429295238617e+03,1.438419555045007137e+01,1.106039497058792342e+01,4.586543763631047455e+01,3.723821897287175489e+02,5.712551906400793911e+01,3.169167809387157253e-01,1.120463847292714199e-01,3.482430996570030857e+01,1.595283092302760275e-01,4.810424891137532768e+02,7.538146235214385760e-01,2.425247870043745757e-01,4.146131860362901378e+00,5.961217546072926886e-04,4.333500473039887169e+00,-1.185742854977362789e+07,-1.729730773925781229e+00
2.155210525934227183e+07,-8.198483709206221101e+04,-7.448991793416787405e+05,-7.923373075354195407e+02,1.537427029116866777e+02,6.068515462334715266e+03,1.759860841297697220e+01,1.252027256411708933e+01,5.130564545358671324e+01,4.259420377022036632e+02,6.256356162274651922e+01,3.588732570053045356e-01,1.314904715811269775e-01,4.401117527720127498e+01,1.997015349185378152e-01,5.373987861419503815e+02,9.355475039589496999e-01,2.919346348308314298e-01,5.322639401476371823e+00,7.455656980576818704e-04,4.672668823706372265e+00,-1.229779304258905724e+07,-1.726468887329101642e+00
2.154374407742644474e+07,-8.713568281178300094e+04,-7.896189474803917110e+05,-8.399050075185915603e+02,1.766785767587830378e+02,6.693983815163105646e+03,2.117009938925110291e+01,1.398355090928150268e+01,5.644009375422962904e+01,4.805926750095557054e+02,6.770395388058015840e+01,3.984604303394005953e-01,1.520515057214484600e-01,5.454189405505501043e+01,2.450566884209825491e-01,5.923379236941340196e+02,1.141520159344165064e+00,3.450935847878462970e-01,6.703630922074848009e+00,9.154757731632213926e-04,4.964097320558272131e+00,-1.269386624367498234e+07,-1.721681045532226673e+00
2.152379453963011876e+07,-9.238850462401377445e+04,-8.342002086402204586e+05,-8.873253798502269092e+02,2.006122832048114049e+02,7.306063007791570271e+03,2.508961193911559207e+01,1.543657853273757397e+01,6.119349186708876687e+01,5.357483014934202856e+02,7.250570856312657497e+01,4.347643362828101932e-01,1.736170327276168046e-01,6.643317780151058116e+01,2.954877822654133346e-01,6.452442572178878208e+02,1.372201076332342229e+00,4.015525436368683199e-01,8.300994546491594406e+00,1.105935787320673448e-03,5.206301340409371647e+00,-1.304725209661681764e+07,-1.715930175781249956e+00
2.149760600451064110e+07,-9.775470864495100977e+04,-8.786238800043887459e+05,-9.345781264442437077e+02,2.253857599644103971e+02,7.899409335578656282e+03,2.934474738429564411e+01,1.686731089300727859e+01,6.551450250526072239e+01,5.908517073574138294e+02,7.693778811644214954e+01,4.671061887101058407e-01,1.960832990380998175e-01,7.968528682230979143e+01,3.508253509713460394e-01,6.956015742817310183e+02,1.627861669386400978e+00,4.608525255883125782e-01,1.012471870620449188e+01,1.316768110152786476e-03,5.399680946603708342e+00,-1.335988705144324154e+07,-1.709661834716796891e+00
2.146909705203570053e+07,-1.032450312648993859e+05,-9.228841414158176631e+05,-9.816570564929229477e+02,2.508781744494891939e+02,8.470471867327929431e+03,3.392422570613932464e+01,1.826779166971559576e+01,6.938336601101542556e+01,6.454783852319811785e+02,8.098667821579313397e+01,4.951385828727473126e-01,2.193834937533972462e-01,9.429146053449576925e+01,4.108967240069400506e-01,7.430930539178543768e+02,1.908727392491962993e+00,5.226177662335129703e-01,1.218310792826998323e+01,1.547697154593154038e-03,5.546570746001398433e+00,-1.363333753751022555e+07,-1.703201477050781287e+00
2.144183079160273820e+07,-1.088748151835994358e+05,-9.669774279303918593e+05,-1.028558378022397164e+03,2.769120725482129615e+02,9.014287546798839685e+03,3.880801220579547817e+01,1.962661588997476514e+01,7.277703198415190400e+01,6.990624901347363220e+02,8.462875799842591107e+01,5.185163607477857317e-01,2.434073932069800716e-01,1.102193036291085662e+02,4.754143967374868662e-01,7.872891191305758412e+02,2.214608759448459363e+00,5.863377689726029240e-01,1.448210391960554588e+01,1.798003247065889506e-03,5.649236716399567371e+00,-1.387230167699304968e+07,-1.696844482421875133e+00
2.141840882619611919e+07,-1.146584043726039527e+05,-1.010909310304190381e+06,-1.075288016556542743e+03,3.033447776691942863e+02,9.527541755670501516e+03,4.397736170316470350e+01,2.093599276086091265e+01,7.570025754509032367e+01,7.511642755028368583e+02,8.785606567836241254e+01,5.371805211028788385e-01,2.680788611851055436e-01,1.274302907156125997e+02,5.440976926836674776e-01,8.279405457390444099e+02,2.545276391618219947e+00,6.515833363304536219e-01,1.702590842748117339e+01,2.066896401260326973e-03,5.711407318559779789e+00,-1.407749472225134820e+07,-1.690805358886718679e+00
2.140081240172794461e+07,-1.206105735735986818e+05,-1.054690267083460465e+06,-1.121857117956907814e+03,3.300406027644832534e+02,1.000752034583920067e+04,4.941229399604509354e+01,2.218932281460002542e+01,7.817025282340027559e+01,8.013875000540207338e+02,9.066625142543313132e+01,5.512260692985659905e-01,2.933309168836066849e-01,1.458758601483303607e+02,6.166491830641768201e-01,8.648732747672142978e+02,2.900358619021402795e+00,7.179452024379928687e-01,1.981683160077051653e+01,2.353439468762711078e-03,5.737302801388088014e+00,-1.425179083583478630e+07,-1.685246795654296914e+00
2.139052919645090401e+07,-1.267464302327878540e+05,-1.098334471786497626e+06,-1.168280758367534645e+03,3.568720512869001595e+02,1.045208635522758232e+04,5.509206455468964236e+01,2.338112727796055879e+01,8.021357912103671595e+01,8.493816843303083033e+02,9.306184596688613908e+01,5.608678156332536080e-01,3.191058845988395398e-01,1.654991445950603861e+02,6.927644208461862796e-01,8.979817313723690404e+02,3.279359517680654257e+00,7.850379583852721277e-01,2.285538949105779594e+01,2.656581349254306772e-03,5.731400370102918806e+00,-1.439786671011207812e+07,-1.680289947509765680e+00
2.138864714396511018e+07,-1.330812846055406844e+05,-1.141858805407865671e+06,-1.214576893831539110e+03,3.837205577749509757e+02,1.085964703490718239e+04,6.099554390383654123e+01,2.450697107103231076e+01,8.186352046495163393e+01,8.948428502628341903e+02,9.504957421644424187e+01,5.664095739219550119e-01,3.453553970517369009e-01,1.862364657801291798e+02,7.721396979118188009e-01,9.272217888405441499e+02,3.681675965491907121e+00,8.525023478435101998e-01,2.614042136538281014e+01,2.975187668306742209e-03,5.698255707624460875e+00,-1.451829495316286013e+07,-1.676022613525390614e+00
2.139593206328394637e+07,-1.396305607134145685e+05,-1.185282097055843566e+06,-1.260765552569344436e+03,4.104769280942818455e+02,1.122911677907570265e+04,6.710153476329256250e+01,2.556338386052495437e+01,8.315781115724611539e+01,9.375132816318017603e+02,9.663973854231106486e+01,5.682174137191565721e-01,3.720403115470145572e-01,2.080186553807949394e+02,8.544784340158767533e-01,9.526037033712650555e+02,4.106614310402973977e+00,9.200065068767897536e-01,2.966922355149928592e+01,3.308068753426174693e-03,5.642364083180455125e+00,-1.461572003709782660e+07,-1.672505584716796889e+00
2.141288199360423163e+07,-1.464097341311107157e+05,-1.228624464617374586e+06,-1.306868133654564872e+03,4.370421109403957303e+02,1.155988617846928173e+04,7.338912704417532495e+01,2.654780379300187576e+01,8.413645523217326172e+01,9.771820939896832670e+02,9.784566482770320306e+01,5.666945795365928573e-01,3.991305528140032810e-01,2.307725110695046453e+02,9.394975049683245150e-01,9.741851347574121291e+02,4.553407217010377650e+00,9.872480324645851457e-01,3.343768145877657361e+01,3.654008228818588465e-03,5.568032171530521879e+00,-1.469264114919875376e+07,-1.669777282714843825e+00
2.143978332237702608e+07,-1.534343007493808400e+05,-1.271906814197153319e+06,-1.352906874575392749e+03,4.633266737335584367e+02,1.185176542855379193e+04,7.983783719701821724e+01,2.745846630430914459e+01,8.484009127616316448e+01,1.013682108050220791e+03,9.868311052687971596e+01,5.622623529467656311e-01,4.266044660258271892e-01,2.544216246431069806e+02,1.026930270700032288e+00,9.920631591420954010e+02,5.021225617120665063e+00,1.053952447533981651e+00,3.744040911156074714e+01,4.011781675659584559e-03,5.479304178350297150e+00,-1.475126686387356929e+07,-1.667858398437499945e+00
2.147675557246321440e+07,-1.607197861074026732e+05,-1.315150441345514031e+06,-1.398904427067098595e+03,4.892505513828743915e+02,1.210493769438580239e+04,8.642776365852053289e+01,2.829431786249347880e+01,8.530860472394624594e+01,1.046887548449898986e+03,9.916979755266218888e+01,5.553440723586907657e-01,4.544482528031030255e-01,2.788872226923375024e+02,1.116529411537318106e+00,1.006367123384830279e+03,5.509190455976351153e+00,1.119872363990318531e+00,4.167087893268355003e+01,4.380174027935179043e-03,5.379902426685651662e+00,-1.479384393618182838e+07,-1.666755889892578057e+00
2.152378398215939850e+07,-1.682817321025449201e+05,-1.358376704703511903e+06,-1.444883509973542687e+03,5.147431466552491202e+02,1.231992286873009834e+04,9.313977653244221244e+01,2.905495908948158856e+01,8.558008510242201794e+01,1.076712562912343856e+03,9.932505313356986676e+01,5.463528497579599463e-01,4.826556581748240871e-01,3.040890941718119507e+02,1.208069781957156197e+00,1.017252662353540131e+03,6.016386051812204094e+00,1.184787560110254656e+00,4.612156088897810946e+01,4.757996942951175055e-03,5.273187077883140006e+00,-1.482242982145529240e+07,-1.666465637207031225e+00
2.158073515621689707e+07,-1.761355756143001199e+05,-1.401606628819738049e+06,-1.490866486769788708e+03,5.397465203053271807e+02,1.249760354798967273e+04,9.995622689695166230e+01,2.974075223182596162e+01,8.569014614817558595e+01,1.103116603736024899e+03,9.916979555598089746e+01,5.356819534319363640e-01,5.112295968324974682e-01,3.299482342494047202e+02,1.301357232845310463e+00,1.024900313706966017e+03,6.541898549022420184e+00,1.248513068442259621e+00,5.078422546240918933e+01,5.144129766461037756e-03,5.162116843258963250e+00,-1.483900854351559654e+07,-1.666973236083984400e+00
2.164740474464440718e+07,-1.842968906399593398e+05,-1.444860845488701249e+06,-1.536875303164684510e+03,5.642089914241638553e+02,1.263905229126793529e+04,1.068600379872730599e+02,3.035242985892060830e+01,8.567109405618005269e+01,1.126087119615033316e+03,9.872540780343118172e+01,5.236973018056307883e-01,5.401777799651320544e-01,3.563843586368987530e+02,1.396217203523007377e+00,1.029500868531560627e+03,7.084779763236507044e+00,1.310882595443501497e+00,5.564981504522356914e+01,5.537482172697582618e-03,5.049266871728557149e+00,-1.484507996368874796e+07,-1.668259094238281337e+00
2.172353294243596867e+07,-1.927813382776471844e+05,-1.488159391112821409e+06,-1.582931271558064282e+03,5.880871349531872738e+02,1.274554865209013587e+04,1.138351574952419298e+02,3.089116681400987474e+01,8.555186348057880252e+01,1.145642430576841889e+03,9.801387668693281796e+01,5.107345924178153806e-01,5.695138980275640250e-01,3.833176324578322465e+02,1.492499938582840802e+00,1.031254617708237902e+03,7.644075417173914921e+00,1.371753363095114420e+00,6.070867744695945589e+01,5.937019658539955183e-03,4.936835814740772932e+00,-1.484230151109261252e+07,-1.670298522949218878e+00
2.180855933713749051e+07,-2.016025250903995475e+05,-1.531518370221289806e+06,-1.629051522079282904e+03,6.114071679750426256e+02,1.281959786385105872e+04,1.208776969440548754e+02,3.136145309689065286e+01,8.535666864324365122e+01,1.161962544122837244e+03,9.706073587554891446e+01,4.970619220415332662e-01,5.992918287950605993e-01,4.107071116275706686e+02,1.590214148054102328e+00,1.030432049011793197e+03,8.219343234271649479e+00,1.431168261603346537e+00,6.595411574068380389e+01,6.342314323664003523e-03,4.826107952630227516e+00,-1.483382175875082053e+07,-1.673042724609375087e+00
2.190247303076902032e+07,-2.107789892778239155e+05,-1.574958208039427176e+06,-1.675257780712856402e+03,6.340724343980488129e+02,1.286146790229102407e+04,1.279618819848166140e+02,3.176174653391831981e+01,8.510657334879894620e+01,1.174961150779627587e+03,9.588199944000866992e+01,4.829585434596204152e-01,6.294927829562879662e-01,4.384369314736948127e+02,1.689111526620771686e+00,1.027153289242441133e+03,8.809084455885857423e+00,1.488847950748930948e+00,7.137229975805568927e+01,6.751871783045132643e-03,4.719080395382814430e+00,-1.481712144048778154e+07,-1.676487426757812482e+00
2.200494098629548028e+07,-2.203269415519850736e+05,-1.618496838683001464e+06,-1.721569123690031574e+03,6.560610304590926489e+02,1.287286734327545309e+04,1.350747370107819734e+02,3.209422132224077728e+01,8.482119660356474355e+01,1.184730688414513679e+03,9.450072482184813794e+01,4.686697985076432316e-01,6.601459996116025852e-01,4.664304113408226726e+02,1.789112633798172869e+00,1.021626574738868044e+03,9.412367740507352920e+00,1.544710653913104581e+00,7.695244664619028185e+01,7.164836964826832091e-03,4.616997068330435994e+00,-1.479535600019598007e+07,-1.680602355957031335e+00
