# tendency to change, top row gives equation number (where number 0 is the first equation), penultimate column is gas-particle partitioning and final column is gas-wall partitioning (molecules/cc.s (air))
2.300000000000000000e+01,3.000000000000000000e+01,4.400000000000000000e+01,0.000000000000000000e+00,0.000000000000000000e+00
0.000000000000000000e+00,0.000000000000000000e+00,-9.627558715688761324e+06,-4.649526004082528114e+09,-3.004171192432288080e+07
6.104544318511581048e+06,-2.182433857473426324e+05,-1.457024595863982290e+07,1.469837949443545192e+07,-3.191569015502929929e+00
7.899183509461332113e+06,-3.749371764111689990e+05,-1.917249483067776263e+07,-2.124111200882100314e+07,-2.962968132019042855e+00
9.526381208853742108e+06,-5.620770836096903076e+05,-2.344079562789557502e+07,-2.969569796627009287e+07,-2.744859939575195362e+00
1.096689237245739438e+07,-7.746309098344568629e+05,-2.738918823629400507e+07,-3.247057621719508618e+07,-2.535065643310546957e+00
1.219942390236390941e+07,-1.008064413123441744e+06,-3.102858930292750150e+07,-3.405477260212408006e+07,-2.331451034545898526e+00
1.320340856790319644e+07,-1.258033711008867947e+06,-3.436681105520050973e+07,-3.490188603364779800e+07,-2.132162429809570270e+00
1.396073786169772223e+07,-1.520102437711736187e+06,-3.740917572544005513e+07,-3.517336891077289730e+07,-1.935735122680664055e+00
1.445830826698373072e+07,-1.789549583808800206e+06,-4.015920351228400320e+07,-3.499913597959971428e+07,-1.741251083374023567e+00
1.469126374493064545e+07,-2.061315013398320414e+06,-4.261962190090637654e+07,-3.449610915446180105e+07,-1.548515808105468849e+00
1.466620301677879877e+07,-2.330103406332441140e+06,-4.479339445434131473e+07,-3.376888916718415916e+07,-1.358218017578125103e+00
1.479251502015481889e+07,-2.595650264970817138e+06,-4.670910853292285651e+07,-3.293291595356212556e+07,-1.199744598388671868e+00
1.464395385000422783e+07,-2.845472413813169114e+06,-4.838328780722507089e+07,-3.217928794332479313e+07,-1.039912902832031305e+00
1.433252450131412223e+07,-3.083850068437859882e+06,-4.982291586912500113e+07,-3.138963381881598383e+07,-8.864919128417968475e-01
1.388730041384768113e+07,-3.307696777857328765e+06,-5.103881466570504755e+07,-3.058811329089539871e+07,-7.411269836425781188e-01
1.334189540546259470e+07,-3.514666255210395902e+06,-5.204433598858425021e+07,-2.980830697031289339e+07,-6.055617675781249654e-01
1.273227354662755318e+07,-3.703429708988391794e+06,-5.285540425127243996e+07,-2.906688530492313206e+07,-4.814440002441406352e-01
1.209292167126154155e+07,-3.873694978250932414e+06,-5.349014201768408716e+07,-2.836816529733726382e+07,-3.700583801269531348e-01
1.145353623039070331e+07,-4.026074307138638105e+06,-5.396822891206908226e+07,-2.771013921951919049e+07,-2.721300354003906574e-01
1.083702100670740195e+07,-4.161912373633733485e+06,-5.431044745528057963e+07,-2.708217251198278740e+07,-1.877189941406250118e-01
1.025916009412329458e+07,-4.282873838070999831e+06,-5.453625195887573063e+07,-2.647794716363781318e+07,-1.164136962890625071e-01
9.471519493680506945e+06,-4.079372099118730519e+06,-5.194901977268312871e+07,-2.447045621440631524e+07,1.659740295410156330e+00
8.516742238919869065e+06,-3.861725787458618172e+06,-4.956207656629154086e+07,-2.308806476740401238e+07,1.532510223388671822e+00
7.738149765385383740e+06,-3.668346039693558123e+06,-4.736378372995149344e+07,-2.179076310584484413e+07,1.408112854003906289e+00
7.101767124643809162e+06,-3.497028010594279505e+06,-4.534859658285865188e+07,-2.051742701461499929e+07,1.288570648193359425e+00
6.575586309900397435e+06,-3.345309134400844108e+06,-4.350796604946343601e+07,-1.930517873153549060e+07,1.175502792358398496e+00
6.135419442097270861e+06,-3.210915959074381273e+06,-4.182990578422872722e+07,-1.816197888757354766e+07,1.069674957275390748e+00
5.764060052669957280e+06,-3.092264836044983007e+06,-4.030462821906032413e+07,-1.709910258352291211e+07,9.715370483398437784e-01
5.448070927588720806e+06,-2.987816767386279535e+06,-3.892059407057981193e+07,-1.611114384244853817e+07,8.811168518066406774e-01
5.177281434917151928e+06,-2.896235761794560589e+06,-3.766641091534539312e+07,-1.519567169158462062e+07,7.982170257568359517e-01
4.943779708464798518e+06,-2.816334583573448937e+06,-3.653104879461976141e+07,-1.434868880660189129e+07,7.225056762695312162e-01
4.741411712042604573e+06,-2.747067319831451401e+06,-3.550406084533906728e+07,-1.356561847768906876e+07,6.535709075927734757e-01
4.565279198943777010e+06,-2.687500903020536527e+06,-3.457564626031728834e+07,-1.284172121669867262e+07,5.909628753662109490e-01
4.411201872022589669e+06,-2.636624692736674566e+06,-3.373515489848899096e+07,-1.217117062363748997e+07,5.341045989990234055e-01
4.276282875937987119e+06,-2.593874836255074944e+06,-3.297572040269257128e+07,-1.155217299947691709e+07,4.826464691162109522e-01
4.157895017870009411e+06,-2.558586164649857674e+06,-3.228960410147771612e+07,-1.097884535082356632e+07,4.361430511474609362e-01
4.053869006642043591e+06,-2.530160791173861362e+06,-3.166970713540897518e+07,-1.044753467970558628e+07,3.941680908203125111e-01
3.962396415245013312e+06,-2.508063408599829767e+06,-3.110955224668067321e+07,-9.954694715141577646e+06,3.563201599121093577e-01
3.881953595235982444e+06,-2.491814367771637160e+06,-3.060324484877425805e+07,-9.497024113762378693e+06,3.222252960205078121e-01
3.811243927123794798e+06,-2.480983506139244419e+06,-3.014543048923555017e+07,-9.071598394324347377e+06,2.915373382568359206e-01
3.749158902185447514e+06,-2.475184118988080416e+06,-2.973124441291332990e+07,-8.675716510130869225e+06,2.639367675781250089e-01
3.694743751472549979e+06,-2.474069271396276541e+06,-2.935628269963268936e+07,-8.306824952743795700e+06,2.391309204101562669e-01
3.647172771056406666e+06,-2.477328259657820221e+06,-2.901656616449810192e+07,-7.962705885927606374e+06,2.168526153564453163e-01
3.605727582450318150e+06,-2.484682099877233617e+06,-2.870849681183128431e+07,-7.641320593064713292e+06,1.968582458496093701e-01
3.569769645629156847e+06,-2.495874898277019616e+06,-2.842878136064331979e+07,-7.340846170328772627e+06,1.789233245849609355e-01
3.538748176943027880e+06,-2.510680511581972707e+06,-2.817447524993830919e+07,-7.059475521375716664e+06,1.628458709716796848e-01
3.512176714654811192e+06,-2.528896468620739877e+06,-2.794292589110294357e+07,-6.795716946843957528e+06,1.484431610107422028e-01
3.489510902554853354e+06,-2.550250358187575825e+06,-2.773099360662562400e+07,-6.548773404181296006e+06,1.354940948486328123e-01
3.470521200296695810e+06,-2.574690444821984973e+06,-2.753741110397367924e+07,-6.315885266792833805e+06,1.239146423339843733e-01
3.454856693462035153e+06,-2.602070779638029169e+06,-2.736022885664631426e+07,-6.096811541153036058e+06,1.135702056884765609e-01
