# tendency to change, top row gives equation number (where number 0 is the first equation), penultimate column is gas-particle partitioning and final column is gas-wall partitioning (molecules/cc.s (air))
6.000000000000000000e+00,7.000000000000000000e+00,1.400000000000000000e+01,3.800000000000000000e+01,0.000000000000000000e+00,0.000000000000000000e+00
0.000000000000000000e+00,0.000000000000000000e+00,0.000000000000000000e+00,0.000000000000000000e+00,0.000000000000000000e+00,0.000000000000000000e+00
-2.575274341284855036e+05,-7.437857559786047786e+05,-9.011888925550047134e+04,1.091901666281285929e+06,1.130123755882300726e-06,-9.851918759962163452e-15
-2.935855844457902131e+05,-8.479282085437395144e+05,-1.027370417686129222e+05,1.244250834817326628e+06,-1.413105913862694828e-06,-2.293050254884021601e-14
-3.665447509284579428e+05,-1.058647462519630557e+06,-1.282682984826450993e+05,1.553460511967065278e+06,-2.014711357159187526e-06,-3.961149615781811482e-14
-4.796139030604952131e+05,-1.385211601524830563e+06,-1.678356029165304790e+05,2.032661107520598453e+06,-2.463779518937860768e-06,-5.731756866009241159e-14
-6.358301294124169508e+05,-1.836392286046848400e+06,-2.225017507451140555e+05,2.694724166227110662e+06,-3.019967844430453379e-06,-7.662081255924158109e-14
-8.396254205065257847e+05,-2.424989905420034658e+06,-2.938176682340778643e+05,3.558432994188628159e+06,-3.685501430252412020e-06,-9.811882382970704354e-14
-1.096827330809045350e+06,-3.167835489778460003e+06,-3.838226438816618756e+05,4.648485464502299204e+06,-4.451849401515422342e-06,-1.224049689732553648e-13
-1.414613850437979912e+06,-4.085660371395110153e+06,-4.950285362691925257e+05,5.995302758139975369e+06,-5.315567998043986992e-06,-1.500328932271810565e-13
-1.801333264013638487e+06,-5.202575904496979900e+06,-6.303567356204865500e+05,7.634265904201772064e+06,-6.278775625813407344e-06,-1.814446596443142313e-13
-2.266151879308925942e+06,-6.545056041963982396e+06,-7.930148904016567394e+05,9.604222811749396846e+06,-7.348531555946543478e-06,-2.168582848016687023e-13
-2.635731539151009172e+06,-7.612468869728237391e+06,-9.223452216878660256e+05,1.117054563063726947e+07,-7.984258466309559886e-06,-1.507820604484955181e-13
-3.015690887598105706e+06,-8.709860113431083038e+06,-1.055307810671821004e+06,1.278085881176849082e+07,-8.607511973805341440e-06,-1.752712870672912197e-13
-3.456666803374880925e+06,-9.983478227145310491e+06,-1.209622475334773539e+06,1.464976750592437573e+07,-9.335523187704774782e-06,-2.020052250473192190e-13
-3.960190847667400725e+06,-1.143774663627590425e+07,-1.385825168640663847e+06,1.678376265265811607e+07,-1.016286873910437810e-05,-2.286059987144373171e-13
-4.524629250424061902e+06,-1.306794671774862893e+07,-1.583344170749878278e+06,1.917592013900467753e+07,-1.108483329823707651e-05,-2.539302830506518022e-13
-5.145515491362347268e+06,-1.486117835404331982e+07,-1.800616472078084480e+06,2.180731031757888198e+07,-1.209108431384997248e-05,-2.767111123569421073e-13
-5.815403629906047136e+06,-1.679593632355439663e+07,-2.035036447722333949e+06,2.464637640129862353e+07,-1.316499547952561736e-05,-2.956811566423578252e-13
-6.524097899838740937e+06,-1.884277341142987832e+07,-2.283036201580282301e+06,2.764990751299663633e+07,-1.428472932326201309e-05,-3.098078113494828659e-13
-7.259478929589774460e+06,-2.096668668302642927e+07,-2.540374693037995603e+06,3.076654030584947392e+07,-1.542183149374176971e-05,-3.184186317395365712e-13
-8.008185039781260304e+06,-2.312908519431178644e+07,-2.802376149542212486e+06,3.393964638389849663e+07,-1.654835429671991368e-05,-3.212317356560135050e-13
-9.662851771160271019e+06,-2.790806165503850952e+07,-3.381408546858843882e+06,4.095232197329100966e+07,-1.935503657527308383e-05,-6.135180627420134253e-13
-1.107052532782993652e+07,-3.197367720416197181e+07,-3.874008403044550680e+06,4.691821093535412103e+07,-2.191025074241495841e-05,-5.948910739017599315e-13
-1.244374925272913277e+07,-3.593979599288669974e+07,-4.354552989801171236e+06,5.273809823592989892e+07,-2.430245426980583227e-05,-5.795929361451790667e-13
-1.377569526100619882e+07,-3.978669670092843473e+07,-4.820652823969904333e+06,5.838304478668218851e+07,-2.643566731557735558e-05,-5.599334745864937091e-13
-1.505785463089002296e+07,-4.348980460258328170e+07,-5.269330371884784661e+06,6.381698960658538342e+07,-2.831668680195187631e-05,-5.373706618572171918e-13
-1.628580692485717684e+07,-4.703635267566484958e+07,-5.699038750159166753e+06,6.902119835229720175e+07,-2.994518524429850317e-05,-5.131869096342001453e-13
-1.745593163924565166e+07,-5.041588425149866939e+07,-6.108511003631525673e+06,7.398032689615204930e+07,-3.133860394754126689e-05,-4.881347548391090487e-13
-1.856711477761138231e+07,-5.362518190709401667e+07,-6.497357301271642558e+06,7.868965398816688359e+07,-3.250087918932797261e-05,-4.629588934434991352e-13
-1.961960219348272309e+07,-5.666495571185792238e+07,-6.865663676806259900e+06,8.315022158475266397e+07,-3.344669774015462602e-05,-4.380934920389378781e-13
-2.061455101857999340e+07,-5.953854767125197500e+07,-7.213835055734621361e+06,8.736693374858757854e+07,-3.419183127700685675e-05,-4.139020792770509225e-13
-2.155377805266884342e+07,-6.225120503123165667e+07,-7.542507207130718976e+06,9.134749029446135461e+07,-3.475291448844005374e-05,-3.905861467590199299e-13
-2.243951698724967614e+07,-6.480937909640019387e+07,-7.852461786747009493e+06,9.510135787422446907e+07,-3.514688642969505949e-05,-3.683048588332127374e-13
-2.327533014162141457e+07,-6.722335848847958446e+07,-8.144945389005229808e+06,9.864363402331486344e+07,-3.539043725695989294e-05,-3.471420789713519885e-13
-2.406291614325190336e+07,-6.949804915047962964e+07,-8.420552429907104000e+06,1.019815177282062471e+08,-3.550451243857933318e-05,-3.271241194591212579e-13
-2.480502598806512356e+07,-7.164139645563770831e+07,-8.680245590203188360e+06,1.051266680388118178e+08,-3.550014196267533466e-05,-3.082956390176861028e-13
-2.550444364116659760e+07,-7.366144099814386666e+07,-8.924999087850937620e+06,1.080908837323798537e+08,-3.539300110946176371e-05,-2.906586082929152306e-13
-2.616392620667559654e+07,-7.556614579280699790e+07,-9.155777741102676839e+06,1.108858497460899353e+08,-3.519724136942317547e-05,-2.741889493229621255e-13
-2.678616442636134475e+07,-7.736328218797972798e+07,-9.373523146905817091e+06,1.135229697655426860e+08,-3.492577722634447010e-05,-2.588500525035897364e-13
-2.737375454107525572e+07,-7.906034859629096091e+07,-9.579143829811720178e+06,1.160132469716424644e+08,-3.459075993752033394e-05,-2.446022273616677056e-13
-2.792919610937368497e+07,-8.066456419443447888e+07,-9.773514482827292755e+06,1.183672747912509888e+08,-3.420312544295255898e-05,-2.313950975274537032e-13
-2.845486576521374285e+07,-8.218279313065312803e+07,-9.957466782848184928e+06,1.205951256834653169e+08,-3.377231954211737689e-05,-2.191761772074585349e-13
-2.895300912219494581e+07,-8.362152114272631705e+07,-1.013178655763728358e+07,1.227063168274284601e+08,-3.330714371394624554e-05,-2.078906213842657274e-13
-2.942574382105096057e+07,-8.498686435967659950e+07,-1.029721485226061009e+07,1.247098230379643887e+08,-3.281530080992388229e-05,-1.974818086836194240e-13
-2.987509602958411351e+07,-8.628467472017487884e+07,-1.045446070183723420e+07,1.266142314566669464e+08,-3.230377387711240867e-05,-1.878984468017819184e-13
-3.030293637323405594e+07,-8.752035492844757438e+07,-1.060417871114737727e+07,1.284274700179842860e+08,-3.177792422949278088e-05,-1.790809167623308359e-13
-3.071100290481551737e+07,-8.869892479502905905e+07,-1.074697709263990447e+07,1.301569047977156341e+08,-3.124299743942559959e-05,-1.709749841705132705e-13
-3.110162631125027314e+07,-8.982711576482321322e+07,-1.088367144453729503e+07,1.318124135259107053e+08,-3.070767096506965359e-05,-1.635205859606969575e-13
-3.147548065913929045e+07,-9.090687466395388544e+07,-1.101449764902831800e+07,1.333968529774873555e+08,-3.016681615422888492e-05,-1.566579921341571125e-13
-3.183393843217537552e+07,-9.194216547328579426e+07,-1.113993599167180248e+07,1.349160399025574625e+08,-2.962776175717979162e-05,-1.503620561393859269e-13
