# tendency to change, top row gives equation number (where number 0 is the first equation), penultimate column is gas-particle partitioning and final column is gas-wall partitioning (molecules/cc.s (air))
0.000000000000000000e+00,1.000000000000000000e+00,2.000000000000000000e+00,8.000000000000000000e+00,9.000000000000000000e+00,1.500000000000000000e+01,1.900000000000000000e+01,3.800000000000000000e+01,3.900000000000000000e+01,5.000000000000000000e+01,5.100000000000000000e+01,1.700000000000000000e+02,2.390000000000000000e+02,2.480000000000000000e+02,2.800000000000000000e+02,3.980000000000000000e+02,5.080000000000000000e+02,6.230000000000000000e+02,6.420000000000000000e+02,6.610000000000000000e+02,6.800000000000000000e+02,8.790000000000000000e+02,0.000000000000000000e+00,0.000000000000000000e+00
0.000000000000000000e+00,0.000000000000000000e+00,0.000000000000000000e+00,0.000000000000000000e+00,0.000000000000000000e+00,0.000000000000000000e+00,0.000000000000000000e+00,0.000000000000000000e+00,0.000000000000000000e+00,0.000000000000000000e+00,0.000000000000000000e+00,0.000000000000000000e+00,0.000000000000000000e+00,0.000000000000000000e+00,0.000000000000000000e+00,0.000000000000000000e+00,0.000000000000000000e+00,0.000000000000000000e+00,0.000000000000000000e+00,0.000000000000000000e+00,0.000000000000000000e+00,0.000000000000000000e+00,0.000000000000000000e+00,0.000000000000000000e+00
7.210067216082574427e+07,2.072483784876378253e+07,-6.103859966410433296e-02,-8.898417837949785590e+07,-9.580882823836711395e+03,-3.958717864819296324e+02,-6.234194615973260767e+01,-1.091901666281285929e+06,-3.321122034491673112e+05,-3.397357581030888832e+05,-2.264905054020592943e+05,1.022060106466300133e-01,7.563444731576980662e-02,1.890493558488445802e-02,3.148723353908921413e-02,5.906196911082792905e-02,1.865075139134969172e-04,1.867486958427642641e-08,4.831929633361024649e-03,4.300585784469412062e-04,1.898486984858397536e-04,1.208218057737092062e-10,2.351042767359289806e+06,-3.487889458854770783e+04
8.314658447438228130e+07,2.389990868693140522e+07,-8.021102644797831194e-02,-1.004987109651841074e+08,-1.259239768693967926e+04,-5.889584142083515417e+02,-9.274384720224897194e+01,-1.244250834817326628e+06,-3.784506418073323439e+05,-3.804902384474677965e+05,-2.536601589649785892e+05,3.693522012160604384e-01,1.112265157740572469e-01,2.779933138125023628e-02,1.161563682483572058e-01,8.658119935516497834e-02,1.495026056286934526e-03,1.544962576726685301e-07,1.849975471690934806e-02,1.160326228910868061e-03,1.502098714458719505e-03,2.607684398651593436e-09,-2.942318764567640610e+06,-7.556589824264812341e+04
1.037902216879906952e+08,2.983377894137814641e+07,-1.250081641246665043e-01,-1.234112827196414620e+08,-1.962511696005747217e+04,-9.016138277238870842e+02,-1.427766870764542091e+02,-1.553460511967065278e+06,-4.724996852122634882e+05,-4.647999043036756339e+05,-3.098666028691171086e+05,8.818072683262774270e-01,1.691341376133488894e-01,4.227063301271558049e-02,2.857288537104332171e-01,1.307306138807377005e-01,5.720591392278231296e-03,5.733485303746933326e-07,4.907082668735676667e-02,2.186518449192715284e-03,5.673514747854629080e-03,2.021647337693987132e-08,-4.200618887521922588e+06,-1.324846772286625055e+05
1.335820030306452364e+08,3.839721973947667331e+07,-2.105206238072073743e-01,-1.576097643376455903e+08,-3.304192088890227751e+04,-1.391481555828468800e+03,-2.227806069988522779e+02,-2.032661107520598453e+06,-6.182530718019665219e+05,-5.924545923717730911e+05,-3.949697282478487468e+05,1.736836891131284588e+00,2.605739093713422272e-01,6.511957879794004478e-02,5.844341988907180152e-01,1.992509475038795885e-01,1.570626693645327601e-02,1.572849777855358901e-06,1.103323460149002178e-01,3.691842011967640721e-03,1.535089624971169679e-02,1.069423765258197562e-07,-5.143707270345034078e+06,-1.928314181335163012e+05
1.720313187691929936e+08,4.944920871816301346e+07,-3.594210884760196123e-01,-2.023380729554035962e+08,-5.638820454982062074e+04,-2.119031361780493171e+03,-3.448514823532830746e+02,-2.694724166227110662e+06,-8.196258034675960662e+05,-7.618211261542732827e+05,-5.078807507695156382e+05,3.053642329643367237e+00,3.981978369406674045e-01,9.950341624031180943e-02,1.071248617756802801e+00,3.001087161981927931e-01,3.555591835163515041e-02,3.734657888976931512e-06,2.219793018325725564e-01,5.942661579827806552e-03,3.415945445813819287e-02,4.582670085759731787e-07,-6.313047995227025822e+06,-2.585365105947036936e+05
2.185114135567949414e+08,6.280958940254176408e+07,-6.028574584121155766e-01,-2.566504520557727814e+08,-9.452378825644686003e+04,-3.152888779139003873e+03,-5.244250550031663352e+02,-3.558432994188628159e+06,-1.082331000144988298e+06,-9.716097015443715500e+05,-6.477398010295812273e+05,4.979942932088042618e+00,5.977835991819570038e-01,1.493572353707845191e-01,1.823313013952280182e+00,4.423272675728356362e-01,7.090592179238433546e-02,8.201066484641220987e-06,4.106627919473612720e-01,9.281294674251268362e-03,6.674833486333837940e-02,1.689783999800685616e-06,-7.714104239834613167e+06,-3.316432367845497211e+05
2.722119516174244881e+08,7.824543639735804498e+07,-9.810708814280180157e-01,-3.193562028127959967e+08,-1.537081986622390395e+05,-4.571966173554940724e+03,-7.816313940489843617e+02,-4.648485464502299204e+06,-1.413880753177255392e+06,-1.220680469909817912e+06,-8.137869799398786854e+05,7.698106948317095188e+00,8.795110075376985082e-01,2.197113420342819978e-01,2.939043164309432576e+00,6.362823075930734706e-01,1.292283369526985859e-01,1.714158295796375264e-05,7.110201777971043580e-01,1.412524826080048534e-02,1.187620556355366980e-01,5.510848550615490527e-06,-9.329802705919042230e+06,-4.141844812132683001e+05
3.320976097243438959e+08,9.545915322601674497e+07,-1.543684660606311043e+00,-3.889736451737389565e+08,-2.416284437776187260e+05,-6.466459764810897468e+03,-1.142788274948382877e+03,-5.995302758139975369e+06,-1.823527952047107508e+06,-1.507785315661209635e+06,-1.005190210440806695e+06,1.142960061471874944e+01,1.269207418134875809e+00,3.170003318383359803e-01,4.540112830210159878e+00,8.937095815992730508e-01,2.201046773973828474e-01,3.449807672918923294e-05,1.166347672598754270e+00,2.096440305622596090e-02,1.966626781928236256e-01,1.616807585849200558e-05,-1.115363688203233108e+07,-5.080658708935852046e+05
3.968768984884470701e+08,1.140795102262906283e+08,-2.349117942361772737e+00,-4.637051150866188407e+08,-3.672822981330429902e+05,-8.937146379296837040e+03,-1.641899265465064900e+03,-7.634265904201772064e+06,-2.322034070885046851e+06,-1.831197171433740063e+06,-1.220798114289160352e+06,1.643569536667241238e+01,1.799307616781896435e+00,4.493003419611563132e-01,6.770996926195572918e+00,1.227240031882502524e+00,3.553559465614147261e-01,6.709741922160111641e-05,1.828369825468726395e+00,3.034717679747277533e-02,3.073077078745086732e-01,4.321632334502468613e-05,-1.319073034368271939e+07,-6.148268188514633803e+05
4.650038456155454516e+08,1.336621283909455687e+08,-3.462585378227733823e+00,-5.414631700965640545e+08,-5.406323064869442023e+05,-1.209261599176625168e+04,-2.321907500309835541e+03,-9.604222811749396846e+06,-2.921215068102252670e+06,-2.188254493330406491e+06,-1.458836328886937816e+06,2.301190897439893135e+01,2.509098612067472533e+00,6.263875023572228473e-01,9.794711085436924591e+00,1.649276102763390428e+00,5.488815786089568105e-01,1.261700234323234304e-04,2.755540118833002872e+00,4.284744833649791612e-02,4.572205975830619940e-01,1.062738591393722380e-04,-1.545659599495877326e+07,-7.352651964922180632e+05
4.986727946102931499e+08,1.433400341238905787e+08,-4.318886410617925442e+00,-5.945960656968187094e+08,-6.731926108610676602e+05,-1.502504560462464542e+04,-2.958449577943000349e+03,-1.117054563063726947e+07,-3.397626945432930253e+06,-2.407874100796256214e+06,-1.605249400530837942e+06,3.067713516027167131e+01,3.137277450966057035e+00,7.830142419474250826e-01,1.351303272652775966e+01,2.019424314577020318e+00,7.958868719953648974e-01,2.223493118372897365e-04,3.946957263612309141e+00,5.747748813918321376e-02,6.482210008079960506e-01,2.387180147597769378e-04,-1.681354703241689131e+07,-5.130281459159087972e+05
5.366683670353126526e+08,1.542615977359886765e+08,-5.317992909731055207e+00,-6.363698691809048653e+08,-8.277899440200816607e+05,-1.819348323440688182e+04,-3.694548334491176320e+03,-1.278085881176849082e+07,-3.887418906874040607e+06,-2.596941087895254605e+06,-1.731294058596836869e+06,3.997447393202457988e+01,3.843139428430669913e+00,9.590448945311933482e-01,1.815289368259417557e+01,2.408500180988894623e+00,1.113780362258388390e+00,3.696950064080473412e-04,5.466603660377599816e+00,7.388565811064823352e-02,8.822726912143112887e-01,4.924470627529838225e-04,-1.814700742392235249e+07,-5.949254173822632292e+05
5.754352046989462376e+08,1.654048561885039508e+08,-6.535952389534738671e+00,-6.783276706964232922e+08,-1.015754216009998927e+06,-2.194783373756222136e+04,-4.611139667804937744e+03,-1.464976750592437573e+07,-4.455865135713772848e+06,-2.796068559765290003e+06,-1.864045706510193646e+06,5.119767343677671079e+01,4.696446612435648760e+00,1.171847012297914992e+00,2.387989318499663938e+01,2.853961844853274865e+00,1.515185101926618261e+00,5.837233237900293697e-04,7.371280825586699059e+00,9.237629749326009554e-02,1.163271861639804561e+00,9.487626711276575921e-04,-1.970421681892924756e+07,-6.862912564140472095e+05
6.136182516871744394e+08,1.763803080627614558e+08,-7.984896985951267290e+00,-7.191711741368700266e+08,-1.238652217030205065e+06,-2.632759900766818828e+04,-5.735515391650638776e+03,-1.678376265265811607e+07,-5.104939912516061217e+06,-2.998720876126646996e+06,-1.999147250751098385e+06,6.450632102887793451e+01,5.707958410456470233e+00,1.424050585646314371e+00,3.080085766455371044e+01,3.351799925922105405e+00,2.008541205256922701e+00,8.831439265980716791e-04,9.701177769853805088e+00,1.131040386379791596e-01,1.490025624295873374e+00,1.726407523585498640e-03,-2.147435349604395404e+07,-7.774019869937134208e+05
6.499875352796692848e+08,1.868344062360610068e+08,-9.663689336560016940e+00,-7.575535656845554113e+08,-1.495936018521856749e+06,-3.134466603282256983e+04,-7.088892615602003389e+03,-1.917592013900467753e+07,-5.832537202932976186e+06,-3.196653937012474518e+06,-2.131102624674983323e+06,7.997926945516130104e+01,6.876993393435245849e+00,1.715443148118751759e+00,3.898085330464740395e+01,3.891502993867955507e+00,2.598298132561024154e+00,1.289125596309141294e-03,1.248037322917139846e+01,1.360071208108452889e-01,1.857970231903385949e+00,2.989560985384264249e-03,-2.344800342376013473e+07,-8.643625039332733722e+05
6.834903697207285166e+08,1.964645634933491647e+08,-1.155623122127582825e+01,-7.923983806231213808e+08,-1.784704044960515806e+06,-3.698397832045143878e+04,-8.683061839074840464e+03,-2.180731031757888198e+07,-6.632899375945399515e+06,-3.381033097843755502e+06,-2.254022065229170956e+06,9.758886892153813619e+01,8.188267654866862699e+00,2.042182714971058743e+00,4.843100937053249311e+01,4.456461908231875491e+00,3.283438126753040809e+00,1.822954779667138253e-03,1.571213566395745431e+01,1.607855553214498634e-01,2.259290865437871609e+00,4.951914364679936391e-03,-2.560377561935749650e+07,-9.428562275805664249e+05
7.133223822072314024e+08,2.050395684545510411e+08,-1.363077808652532852e+01,-8.229678500213032961e+08,-2.099639910756722093e+06,-4.320177206719398237e+04,-1.051636514306871322e+04,-2.464637640129862353e+07,-7.496428136747805402e+06,-3.543045013778739143e+06,-2.362030009185826406e+06,1.171843458119692372e+02,9.609345620658769960e+00,2.396164024771486378e+00,5.910185032005446715e+01,5.024881100855550287e+00,4.056544115193098321e+00,2.502639496224203300e-03,1.937655023660985165e+01,1.869127975806539055e-01,2.683582212367605191e+00,7.875286243656609217e-03,-2.790681040154701844e+07,-1.008515714618072496e+06
7.389673476598030329e+08,2.124110358030963242e+08,-1.584165865591137390e+01,-8.488674467753878832e+08,-2.433335014682532288e+06,-4.992684445029401832e+04,-1.257093676993170448e+04,-2.764990751299663633e+07,-8.409980488976916298e+06,-3.674629618559597060e+06,-2.449753079039731994e+06,1.384908562424391789e+02,1.109081904465847046e+01,2.765063739242295426e+00,7.088425560969207595e+01,5.571786574583028617e+00,4.903748635402942035e+00,3.338966098369759022e-03,2.343121546956699319e+01,2.136842352336202622e-01,3.118937852524519716e+00,1.206173855286201899e-02,-3.031101699386871606e+07,-1.057766670776184183e+06
7.602004212315996885e+08,2.185143354481369555e+08,-1.813378606916171876e+01,-8.700200254674801826e+08,-2.777038841809372418e+06,-5.706699820857096347e+04,-1.481269755455668928e+04,-3.076654030584947392e+07,-9.357933785633616149e+06,-3.769272557236455381e+06,-2.512848371490970720e+06,1.611306786265560334e+02,1.257017818482329119e+01,3.133302550455511870e+00,8.361960317300669487e+01,6.071908835379006497e+00,5.805895927033358994e+00,4.331989851448582278e-03,2.781535670806474414e+01,2.403005833307592654e-01,3.553325161637135299e+00,1.783651037130768932e-02,-3.275604869659713283e+07,-1.088231915260742186e+06
7.770324180950484276e+08,2.233525761359319687e+08,-2.044693284327167149e+01,-8.865828959582090378e+08,-3.121361839763115626e+06,-6.451402258730289759e+04,-1.719300482660203852e+04,-3.393964638389849663e+07,-1.032306396530249529e+07,-3.822587045756358653e+06,-2.548391363837572746e+06,1.846458422991440784e+02,1.397832739799117974e+01,3.483661908106537197e+00,9.711214896025009580e+01,6.502645381722168771e+00,6.739756541635673059e+00,5.468973843201735234e-03,3.245527152090341616e+01,2.659471680099752544e-01,3.975469662019288641e+00,2.554129998324103368e-02,-3.518239400170130283e+07,-1.098888269293701276e+06
9.062198563968776464e+08,2.604866087414876521e+08,-2.877357498056413121e+01,-9.877168142546344995e+08,-3.894295015931445640e+06,-7.783793572059340659e+04,-2.135486706881413920e+04,-4.095232197329100966e+07,-1.245603547179286182e+07,-4.229840277140121907e+06,-2.819893518093415070e+06,1.994336184463631128e+02,1.636359417162019625e+01,4.077630681276462887e+00,1.066450951332222132e+02,7.230527549596112102e+00,7.325335819559235517e+00,6.429352342975125888e-03,3.583890052892382272e+01,2.842587766654925407e-01,4.135373111967884263e+00,3.361019433557070613e-02,-4.118780355368608236e+07,-2.109201398925231770e+06
9.397475700776143074e+08,2.701239173635643125e+08,-3.418490475461004507e+01,-1.025494254099627256e+09,-4.623031436812910251e+06,-8.848511022811479052e+04,-2.536721301939742625e+04,-4.691821093535412103e+07,-1.427061693998656422e+07,-4.439287148266188800e+06,-2.959524765510792844e+06,2.154557477104680459e+02,1.846601323393400662e+01,4.599541777148631994e+00,1.168862011460013974e+02,7.677413305839302815e+00,7.886481804575536714e+00,7.486500060434449211e-03,3.933654179727955125e+01,3.053625949230552306e-01,4.210898719307231808e+00,4.298103354307886842e-02,-4.666709161521891505e+07,-2.037323396776061971e+06
9.660049981264554262e+08,2.776714328350425363e+08,-3.949895061279581654e+01,-1.053629474259838462e+09,-5.331480525082631037e+06,-9.886559553570565186e+04,-2.938133443483803057e+04,-5.273809823592989892e+07,-1.604079062403525412e+07,-4.566316206667696126e+06,-3.044210804445131682e+06,2.302032210481771415e+02,2.026148635035425016e+01,5.044421302494129122e+00,1.267866559877318053e+02,7.976376615404494608e+00,8.343498018476280365e+00,8.556613045596211942e-03,4.266221088206548018e+01,3.240679685231476204e-01,4.235441942693602080e+00,5.369301244677941731e-02,-5.180687937007435411e+07,-1.985892242893859977e+06
9.861942955805177689e+08,2.834747062786324620e+08,-4.464069485603980070e+01,-1.075147700888280153e+09,-6.009034474191875197e+06,-1.089729768810848909e+05,-3.331449498324741580e+04,-5.838304478668218851e+07,-1.775775442692788690e+07,-4.620433247611431405e+06,-3.080288831740954891e+06,2.435040503862466039e+02,2.169508319328018686e+01,5.398977908796323000e+00,1.362541706049545951e+02,8.136117705749191131e+00,8.704404403962092474e+00,9.605567371414521285e-03,4.578507119082200916e+01,3.397423041747074102e-01,4.222612773852667978e+00,6.573710660994440402e-02,-5.640117985529376566e+07,-1.919236941310058581e+06
1.001485755531684041e+09,2.878701303220018148e+08,-4.955218501867606307e+01,-1.091323590817607641e+09,-6.648129847185739316e+06,-1.187683174244823022e+05,-3.710309738288421795e+04,-6.381698960658538342e+07,-1.941054006073452532e+07,-4.610272199627994560e+06,-3.073514799751996994e+06,2.553720234676794405e+02,2.274764837240843107e+01,5.658550970328009910e+00,1.452753934966045222e+02,8.170208896792246378e+00,8.981679378416345116e+00,1.059776524587686952e-02,4.869965374596856122e+01,3.522965714352667699e-01,4.182988096914912468e+00,7.909078791012384702e-02,-6.046291160498183221e+07,-1.842472206586914137e+06
1.012827035444723606e+09,2.911301025268503428e+08,-5.420002665396623343e+01,-1.103150899964357615e+09,-7.244782243123023771e+06,-1.282393660501835984e+05,-4.070528018459219311e+04,-6.902119835229720175e+07,-2.099344929800510034e+07,-4.545082953881618567e+06,-3.030055302587746177e+06,2.658767262088701386e+02,2.342564005575959385e+01,5.824687329266956759e+00,1.538589339586349922e+02,8.095669668426944909e+00,9.187438011402667470e+00,1.150189455624530191e-02,5.140956718608705955e+01,3.618939558078037577e-01,4.124517773096631146e+00,9.371147070277689728e-02,-6.398992868112530559e+07,-1.759985265002380358e+06
1.020925653351328611e+09,2.934579940413579345e+08,-5.855878834697985980e+01,-1.111407192222587109e+09,-7.796232732724308036e+06,-1.373835781036400294e+05,-4.409307800851446518e+04,-7.398032689615204930e+07,-2.250181507740397006e+07,-4.434236304971337318e+06,-2.956157536647558678e+06,2.751254420659776656e+02,2.375394154826092930e+01,5.903438470564577933e+00,1.620309600757782675e+02,7.931351013707423014e+00,9.332785154600133026e+00,1.229334597780548308e-02,5.392467237441420025e+01,3.688167645239016079e-01,4.053403527201393075e+00,1.095910723099467743e-01,-6.701816134691230208e+07,-1.674383058975585969e+06
1.026366970070853949e+09,2.950220627707643509e+08,-6.261840805768910911e+01,-1.116698959451866627e+09,-8.301877813983084634e+06,-1.462139972164877690e+05,-4.725548715489158349e+04,-7.868965398816688359e+07,-2.393420138616246730e+07,-4.286651167617511936e+06,-2.857767445078341756e+06,2.832570433637559972e+02,2.376979070234136060e+01,5.903902039099548915e+00,1.698331989767056882e+02,7.695716560741515444e+00,9.428329913780229887e+00,1.295765787926342165e-02,5.626046750523899220e+01,3.734406235150738995e-01,3.974455301786198547e+00,1.267236266512482834e-01,-6.955483083980062604e+07,-1.588210350498046959e+06
1.029617549354511738e+09,2.959564192274987698e+08,-6.637752677336588647e+01,-1.119529998427780390e+09,-8.762296299187863246e+06,-1.547532924230245699e+05,-5.019314939167304692e+04,-8.315022158475266397e+07,-2.529092514516296983e+07,-4.110562805981472135e+06,-2.740375203987648245e+06,2.904227442366433820e+02,2.351657265581717837e+01,5.836723098289869682e+00,1.773161900012565866e+02,7.405960780293026957e+00,9.483630870642386412e+00,1.348951774856081177e-02,5.843545170735702499e+01,3.761619781539153329e-01,3.891398468690455026e+00,1.451218444693520015e-01,-7.163027037432892621e+07,-1.503069329029174754e+06
1.031056116616351724e+09,2.963699254035531878e+08,-6.984110728696386161e+01,-1.120299957821064949e+09,-9.178900544765608385e+06,-1.630294322213693231e+05,-5.291585220236546593e+04,-8.736693374858757854e+07,-2.657347797138180956e+07,-3.913350314513703343e+06,-2.608900209675802849e+06,2.967801276056538313e+02,2.303981188689302328e+01,5.713117683703856642e+00,1.845377143599571355e+02,7.077413291214195823e+00,9.507283026797145098e+00,1.389141077409851779e-02,6.047027611558579707e+01,3.773725263754876269e-01,3.807112285864588053e+00,1.648202083273796470e-01,-7.327728115525978804e+07,-1.420165471907470841e+06
1.030989314098138213e+09,2.963507234832884669e+08,-7.301843210039260157e+01,-1.119343127864907265e+09,-9.553635788778498769e+06,-1.710742749347875360e+05,-5.543974191299509403e+04,-9.134749029446135461e+07,-2.778420183620242029e+07,-3.701498569466673769e+06,-2.467665712977782823e+06,3.024843120549556943e+02,2.238395672667773439e+01,5.544081367342929667e+00,1.915593391831142469e+02,6.723301811973727560e+00,9.506830903328369331e+00,1.417158346160207402e-02,6.238652337898200528e+01,3.774359198980690167e-01,3.723808096922816890e+00,1.858773157170820478e-01,-7.453065294881190360e+07,-1.340227081504882779e+06
1.029668994858305216e+09,2.959712068805429339e+08,-7.592172601506993601e+01,-1.116930037927599192e+09,-9.888786507563123479e+06,-1.789212177113470680e+05,-5.778547747269166575e+04,-9.510135787422446907e+07,-2.892597611118585616e+07,-3.480594874413314275e+06,-2.320396582942210138e+06,3.076850834475766874e+02,2.159053084326574634e+01,5.339926593289006540e+00,1.984454360543128359e+02,6.354719942945592948e+00,9.488875388352623119e+00,1.434218781839681316e-02,6.420618200351326266e+01,3.766819035941529892e-01,3.643170803637342470e+00,2.083772976278235323e-01,-7.542596095391294360e+07,-1.263797462308105547e+06
1.027313341663482666e+09,2.952940907174408436e+08,-7.856944962097001905e+01,-1.113295906806937695e+09,-1.018736185054834373e+07,-1.866085268975914223e+05,-5.997638561843290518e+04,-9.864363402331486344e+07,-3.000339285431296006e+07,-3.254955537825743202e+06,-2.169970358550495934e+06,3.125112547014430788e+02,2.069397525116695746e+01,5.109254489089598117e+00,2.052544849758984640e+02,5.979847187867416203e+00,9.458568332594932571e+00,1.441811000272710808e-02,6.594954684634691944e+01,3.753852831262357581e-01,3.566188606765843705e+00,2.323986608772293516e-01,-7.599837190739063919e+07,-1.191237373640869278e+06
1.024081120004707694e+09,2.943650110325809121e+08,-8.097250032320528135e+01,-1.108621752298587084e+09,-1.045136723221775889e+07,-1.941659221557507699e+05,-6.203640585187047691e+04,-1.019815177282062471e+08,-3.101864170530516654e+07,-3.028856602845035028e+06,-2.019237735230023740e+06,3.170990750903815183e+02,1.972884968848361709e+01,4.860698712371750219e+00,2.120552230042804638e+02,5.606564556368865304e+00,9.421039484126612962e+00,1.441329290442166199e-02,6.763840556790511016e+01,3.738016550265787497e-01,3.494001571192331124e+00,2.581018928353252528e-01,-7.629230660030400753e+07,-1.122539403120605508e+06
1.020115611540694237e+09,2.932251531444150209e+08,-8.314650775109386416e+01,-1.103060454256304741e+09,-1.068334548549591750e+07,-2.016262354618310637e+05,-6.399080569368318538e+04,-1.051266680388118178e+08,-3.197526887429875135e+07,-2.805518477012815885e+06,-1.870345651341877645e+06,3.215677621632501086e+02,1.872293655034162541e+01,4.601233328664396716e+00,2.189123411020616459e+02,5.240472305200205128e+00,9.380372336160471392e+00,1.434265186734326458e-02,6.929305583546614855e+01,3.721474468308505479e-01,3.427275310098352179e+00,2.856500318929391935e-01,-7.633100063197830319e+07,-1.057918731118896510e+06
1.015536199764947534e+09,2.919088330096544027e+08,-8.510717906937190946e+01,-1.096743141121382952e+09,-1.088578493215893954e+07,-2.090210170126563462e+05,-6.586430881364819652e+04,-1.080908837323798537e+08,-3.287686307081853226e+07,-2.587517869672071189e+06,-1.725011913114714669e+06,3.260232027090230531e+02,1.769919733357322755e+01,4.336644624995920516e+00,2.258881120673005967e+02,4.885752040714523403e+00,9.339903713750313585e+00,1.422026537215077997e-02,7.093238758929190624e+01,3.706039602954756540e-01,3.366449032967283372e+00,3.152322700673928502e-01,-7.614775530450347066e+07,-9.973734347834473010e+05
1.010442673326808453e+09,2.904447341830393076e+08,-8.686994118658761010e+01,-1.089781727625507355e+09,-1.106107667004198208e+07,-2.163802884516837366e+05,-6.768065551113971742e+04,-1.108858497460899353e+08,-3.372697837885732949e+07,-2.376866038200822193e+06,-1.584577358800548594e+06,3.305591265678293098e+02,1.667617927721763493e+01,4.071624087682519821e+00,2.330425582839447145e+02,4.545399305827591441e+00,9.302330245239822659e+00,1.405894429168627439e-02,7.257390122816975975e+01,3.693219143215862865e-01,3.311787817833425240e+00,3.470647072755154716e-01,-7.577268342596095800e+07,-9.408228196828613291e+05
1.004918814109275103e+09,2.888569391854085326e+08,-8.844971549088077722e+01,-1.082271188466280222e+09,-1.121149034467792884e+07,-2.237323412041238043e+05,-6.946229202598512347e+04,-1.135229697655426860e+08,-3.452908333708416671e+07,-2.175084045413985383e+06,-1.450056030275990488e+06,3.352580029747610411e+02,1.566851328457367210e+01,3.809886413999590715e+00,2.404334093544428868e+02,4.221440965390174327e+00,9.269797999538937461e+00,1.387003786345725014e-02,7.423366984227060072e+01,3.684261165365633750e-01,3.263421527336062500e+00,3.813908626964147563e-01,-7.523331330884966254e+07,-8.881508717596435454e+05
9.990352946152817011e+08,2.871657623372777700e+08,-8.986076942523887112e+01,-1.074291557806235790e+09,-1.133916047629634291e+07,-2.311036388296989026e+05,-7.123020699933815922e+04,-1.160132469716424644e+08,-3.528652466688242555e+07,-1.983273598482640693e+06,-1.322182398988427361e+06,3.401921021966734315e+02,1.468745960371711412e+01,3.554301720656797947e+00,2.481161630302340484e+02,3.915133700148001328e+00,9.243987304354979173e+00,1.366341244461208998e-02,7.592633917354935136e+01,3.680199441156475348e-01,3.221376973694938251e+00,4.184824477823646527e-01,-7.455559800871069729e+07,-8.392153483663330553e+05
9.928517103689333200e+08,2.853883339584703445e+08,-9.111665260308828351e+01,-1.065911864330505848e+09,-1.144608181904716976e+07,-2.385189486546927656e+05,-7.300372632324053848e+04,-1.183672747912509888e+08,-3.600252445907381177e+07,-1.802174445709279738e+06,-1.201449630472853314e+06,3.454237096401532767e+02,1.374133427270503738e+01,3.306998711278139602e+00,2.561436931100981838e+02,3.627108438300739479e+00,9.226157652018017075e+00,1.344743554852970320e-02,7.766504758063562974e+01,3.681878641890549697e-01,3.185596384258720271e+00,4.586391158131010171e-01,-7.376293326014924049e+07,-7.938504230747070396e+05
9.864185253332736492e+08,2.835391595649536252e+08,-9.223010301564704605e+01,-1.057191119291896582e+09,-1.153410362080992758e+07,-2.460012779853466200e+05,-7.480052968847933516e+04,-1.205951256834653169e+08,-3.668014634721450508e+07,-1.632229461144102272e+06,-1.088152974096068414e+06,3.510063193084654927e+02,1.283606081581475600e+01,3.069501214856447557e+00,2.645664891714724831e+02,3.357528755635839524e+00,9.217223781650703884e+00,1.322913605651025205e-02,7.946147214793131752e+01,3.689994837885640644e-01,3.155961377279735469e+00,5.021897488050377500e-01,-7.287555543878298998e+07,-7.518784414326172555e+05
9.797785386536009312e+08,2.816305414740263820e+08,-9.321301640576847092e+01,-1.048180170524896622e+09,-1.160493068794336729e+07,-2.535719880416018714e+05,-7.663668677081257920e+04,-1.227063168274284601e+08,-3.732228507121873647e+07,-1.473637483530412661e+06,-9.824249890202753013e+05,3.569855413223312439e+02,1.197563129627995338e+01,2.842842622490926896e+00,2.734327559500072766e+02,3.106213471884399002e+00,9.217813510781139641e+00,1.301435554996119986e-02,8.132587502196966511e+01,3.705124227882938270e-01,3.132310218233644861e+00,5.494935122972498531e-01,-7.191235570381891727e+07,-7.131080484217529884e+05
9.729681373067337275e+08,2.796729388696568608e+08,-9.407646727682050880e+01,-1.038923140171218514e+09,-1.166013036409544945e+07,-2.612509364197145624e+05,-7.852670203451692942e+04,-1.247098230379643887e+08,-3.793167040577117354e+07,-1.326394845730658388e+06,-8.842632304871056695e+05,3.633997227900401299e+02,1.116246077436283457e+01,2.627654235892505241e+00,2.827884345879475632e+02,2.872722621748422078e+00,9.228310165931612019e+00,1.280789830460869055e-02,8.326713240171838493e+01,3.727744528180151895e-01,3.114448298933141679e+00,6.009404075621195274e-01,-7.088989409076951444e+07,-6.773467424278564285e+05
9.660184989643948078e+08,2.776753135572151542e+08,-9.483085924610405471e+01,-1.029457372521700501e+09,-1.170115371843228675e+07,-2.690567598261511303e+05,-8.048352428565493028e+04,-1.266142314566669464e+08,-3.851091421108240634e+07,-1.190308225324715720e+06,-7.935388168831439689e+05,3.702800641529249219e+02,1.039750096140819835e+01,2.424193251003879723e+00,2.926770179104586873e+02,2.656377156742910195e+00,9.248862593707096735e+00,1.261360200397443690e-02,8.529276243071115005e+01,3.758240265260162083e-01,3.102143892442562390e+00,6.569494401191168231e-01,-6.982321102537016571e+07,-6.444217937845459674e+05
9.589560642336503267e+08,2.756452657057101130e+08,-9.548570443657344242e+01,-1.019816872182937741e+09,-1.172931488009311259e+07,-2.770067535291701788e+05,-8.251871908869195613e+04,-1.284274700179842860e+08,-3.906242784328430891e+07,-1.065075527994640637e+06,-7.100503519964271691e+05,3.776518963572485745e+02,9.680890189652075151e+00,2.232507256298073894e+00,3.031399241224495995e+02,2.456418747460654917e+00,9.279461360157016614e+00,1.243462005858170065e-02,8.740897124229951487e+01,3.796942726254422529e-01,3.095158075764041339e+00,7.179736403839945824e-01,-6.872387099105551839e+07,-6.141261414776610909e+05
9.518035421650544405e+08,2.735893228741272688e+08,-9.604975211093315579e+01,-1.010030812882489920e+09,-1.174581062230908498e+07,-2.851170560809872113e+05,-8.464264831157801382e+04,-1.301569047977156341e+08,-3.958845176389461011e+07,-9.502989935485357419e+05,-6.335326623656905722e+05,3.855355187476411061e+02,9.012071450644478787e+00,2.052463713435027870e+00,3.142169202071156633e+02,2.272022400750630222e+00,9.319972161697430479e+00,1.227354211343892679e-02,8.962080487741233981e+01,3.844141076129242163e-01,3.093246083812104530e+00,7.845002110619206936e-01,-6.760321174365366995e+07,-5.862744706619873177e+05
9.445810377801045179e+08,2.715132641113713384e+08,-9.653332259745187116e+01,-1.000123674098719001e+09,-1.175196256056216918e+07,-2.934070288159266929e+05,-8.686183045745718118e+04,-1.318124135259107053e+08,-4.009199037779077888e+07,-8.450164753306676866e+05,-5.633443168871118687e+05,3.939291864431007753e+02,8.385651942921404256e+00,1.882705314206359448e+00,3.259351882303947718e+02,2.101262318939190799e+00,9.369317207914404477e+00,1.213027447493166856e-02,9.193079397818432597e+01,3.899736501004624767e-01,3.095858681483590669e+00,8.569893419294705161e-01,-6.648002052199918777e+07,-5.606770213735351572e+05
9.373037940290970802e+08,2.694214708977221847e+08,-9.694104084954530265e+01,-9.901217371956888437e+08,-1.174847025186957978e+07,-3.018869307397130760e+05,-8.918729860945860855e+04,-1.333968529774873555e+08,-4.057391260004275292e+07,-7.492769662623638287e+05,-4.995179775082426495e+05,4.028620979798711801e+02,7.804924222119884902e+00,1.724059807393181432e+00,3.383430068677722602e+02,1.944454511905291616e+00,9.427929823729915171e+00,1.200850919433266162e-02,9.434354576741525022e+01,3.964332001831307184e-01,3.103047436481904509e+00,9.360678298412324905e-01,-6.534322302714217454e+07,-5.370943027463379549e+05
9.299869051790052652e+08,2.673182819754700661e+08,-9.727968103871131689e+01,-9.800414975841541290e+08,-1.173623804490262829e+07,-3.105701987515017972e+05,-9.162680049580444756e+04,-1.349160399025574625e+08,-4.103598765012902021e+07,-6.625285985070288880e+05,-4.416857323380192975e+05,4.123435917490238012e+02,7.268309127381071377e+00,1.576124762509937272e+00,3.514771569118924504e+02,1.800766237425833971e+00,9.495508214413510117e+00,1.190999392328701001e-02,9.686121456181332690e+01,4.038172840233489880e-01,3.114589236058963095e+00,1.022336802856062432e+00,-6.420871467851191014e+07,-5.154569495611572638e+05
