# tendency to change, top row gives equation number (where number 0 is the first equation), penultimate column is gas-particle partitioning and final column is gas-wall partitioning (molecules/cc.s (air))
0.000000000000000000e+00,1.000000000000000000e+00,2.000000000000000000e+00,3.000000000000000000e+00,4.000000000000000000e+00,5.000000000000000000e+00,6.000000000000000000e+00,7.000000000000000000e+00,3.200000000000000000e+01,3.900000000000000000e+01,4.100000000000000000e+01,4.300000000000000000e+01,0.000000000000000000e+00,0.000000000000000000e+00
0.000000000000000000e+00,0.000000000000000000e+00,0.000000000000000000e+00,0.000000000000000000e+00,0.000000000000000000e+00,0.000000000000000000e+00,0.000000000000000000e+00,0.000000000000000000e+00,0.000000000000000000e+00,0.000000000000000000e+00,1.066593134788369238e+08,0.000000000000000000e+00,0.000000000000000000e+00,0.000000000000000000e+00
-7.210067216082574427e+07,-2.072483784876378253e+07,-6.103859966410433296e-02,-2.122520758062492860e+03,-5.304624172199683017e+02,-1.094389101292255191e+02,2.575274341284855036e+05,7.437857559786047786e+05,0.000000000000000000e+00,3.321122034491673112e+05,9.149482672077967227e+07,2.064671679489628531e+01,1.094566629398926239e+00,-8.715956255400670701e-09
-8.314658447438228130e+07,-2.389990868693140522e+07,-8.021102644797831194e-02,-2.425941540311569042e+03,-7.055669191128913553e+02,-1.455644587520903883e+02,2.935855844457902131e+05,8.479282085437395144e+05,0.000000000000000000e+00,3.784506418073323439e+05,1.055297791210813522e+08,2.748442409869908687e+01,-1.384473963789719431e+00,-2.357643506911699697e-08
-1.037902216879906952e+08,-2.983377894137814641e+07,-1.250081641246665043e-01,-2.978478396658077145e+03,-1.099415312817907534e+03,-2.268187334453147628e+02,3.665447509284579428e+05,1.058647462519630557e+06,0.000000000000000000e+00,4.724996852122634882e+05,1.317305710549386144e+08,4.366521733352849566e+01,-1.973525117956395736e+00,-3.741757859643257445e-08
-1.335820030306452364e+08,-3.839721973947667331e+07,-2.105206238072073743e-01,-3.741531967753265235e+03,-1.820713311301000431e+03,-3.756286477198786997e+02,4.796139030604952131e+05,1.385211601524830563e+06,0.000000000000000000e+00,6.182530718019665219e+05,1.695020084316713512e+08,7.540491725607529361e+01,-2.373878115224099528e+00,-5.061804267825209398e-08
-1.720313187691929936e+08,-4.944920871816301346e+07,-3.594210884760196123e-01,-4.666101458481063673e+03,-3.018385976888188907e+03,-6.227187090673809280e+02,6.358301294124169508e+05,1.836392286046848400e+06,0.000000000000000000e+00,8.196258034675960662e+05,2.181968559276194274e+08,1.328461574191627221e+02,-2.826630980155091954e+00,-6.300471295617171468e-08
-2.185114135567949414e+08,-6.280958940254176408e+07,-6.028574584121155766e-01,-5.692994108914152093e+03,-4.866870150431106595e+03,-1.004076721957052655e+03,8.396254205065257847e+05,2.424989905420034658e+06,0.000000000000000000e+00,1.082331000144988298e+06,2.769853919802662730e+08,2.314855753954373654e+02,-3.318069782617515617e+00,-7.433919290633639384e-08
-2.722119516174244881e+08,-7.824543639735804498e+07,-9.810708814280180157e-01,-6.755452342509131995e+03,-7.547203346929704821e+03,-1.557052266096973653e+03,1.096827330809045350e+06,3.167835489778460003e+06,0.000000000000000000e+00,1.413880753177255392e+06,3.447943135964233875e+08,3.941295770573582331e+02,-3.822168029407589707e+00,-8.431797505181748176e-08
-3.320976097243438959e+08,-9.545915322601674497e+07,-1.543684660606311043e+00,-7.783199702886399791e+03,-1.122266485306714094e+04,-2.315331247597006040e+03,1.414613850437979912e+06,4.085660371395110153e+06,0.000000000000000000e+00,1.823527952047107508e+06,4.202536328163553476e+08,6.535499906756591599e+02,-4.316958842404130969e+00,-9.258178124582627365e-08
-3.968768984884470701e+08,-1.140795102262906283e+08,-2.349117942361772737e+00,-8.707907176614884520e+03,-1.600965014026011704e+04,-3.302927042565072497e+03,1.801333264013638487e+06,5.202575904496979900e+06,0.000000000000000000e+00,2.322034070885046851e+06,5.016574355525561571e+08,1.055796316682441329e+03,-4.785607815864134196e+00,-9.874319675873266999e-08
-4.650038456155454516e+08,-1.336621283909455687e+08,-3.462585378227733823e+00,-9.469926451588580676e+03,-2.194773048376825682e+04,-4.528003541780717569e+03,2.266151879308925942e+06,6.545056041963982396e+06,0.000000000000000000e+00,2.921215068102252670e+06,5.869678393415576220e+08,1.663952340992755580e+03,-5.216371174501587049e+00,-1.024354787659831345e-07
-4.986727946102931499e+08,-1.433400341238905787e+08,-4.318886410617925442e+00,-9.588411999473562901e+03,-2.519845628152397694e+04,-5.198655932764000681e+03,2.635731539151009172e+06,7.612468869728237391e+06,0.000000000000000000e+00,3.397626945432930253e+06,6.284047982483127117e+08,2.194662591408084609e+03,-5.225760224277885335e+00,-5.482513006427325509e-08
-5.366683670353126526e+08,-1.542615977359886765e+08,-5.317992909731055207e+00,-9.652480552680584879e+03,-2.914468816184129901e+04,-6.012797146315886494e+03,3.015690887598105706e+06,8.709860113431083038e+06,0.000000000000000000e+00,3.887418906874040607e+06,6.753589320255863667e+08,2.879880943703555658e+03,-5.299040002640935221e+00,-5.714249346056022020e-08
-5.754352046989462376e+08,-1.654048561885039508e+08,-6.535952389534738671e+00,-9.624730902265440818e+03,-3.345396790360155137e+04,-6.901838222687997586e+03,3.456666803374880925e+06,9.983478227145310491e+06,0.000000000000000000e+00,4.455865135713772848e+06,7.229902493643746376e+08,3.790192234603668112e+03,-5.376232004890702854e+00,-5.724830953113269124e-08
-6.136182516871744394e+08,-1.763803080627614558e+08,-7.984896985951267290e+00,-9.497834069735294179e+03,-3.797096464899726561e+04,-7.833733084276992486e+03,3.960190847667400725e+06,1.143774663627590425e+07,0.000000000000000000e+00,5.104939912516061217e+06,7.695460158010588884e+08,4.978776056631018037e+03,-5.447520519006020301e+00,-5.544402665691450143e-08
-6.499875352796692848e+08,-1.868344062360610068e+08,-9.663689336560016940e+00,-9.275675127196083849e+03,-4.251626855163235450e+04,-8.771467953256838882e+03,4.524629250424061902e+06,1.306794671774862893e+07,0.000000000000000000e+00,5.832537202932976186e+06,8.134509033003778458e+08,6.499718367344416038e+03,-5.508731280940506458e+00,-5.193029028305318090e-08
-6.834903697207285166e+08,-1.964645634933491647e+08,-1.155623122127582825e+01,-8.971338475269702030e+03,-4.690183242778852582e+04,-9.676247095620867185e+03,5.145515491362347268e+06,1.486117835404331982e+07,0.000000000000000000e+00,6.632899375945399515e+06,8.533724996012814045e+08,8.402813563496933057e+03,-5.556088414497700967e+00,-4.702834485215134876e-08
-7.133223822072314024e+08,-2.050395684545510411e+08,-1.363077808652532852e+01,-8.603972442040980241e+03,-5.095313387342223723e+04,-1.051206505448534153e+04,5.815403629906047136e+06,1.679593632355439663e+07,0.000000000000000000e+00,7.496428136747805402e+06,8.883135396666932106e+08,1.072697385536097136e+04,-5.586336560293540643e+00,-4.114676812605466561e-08
-7.389673476598030329e+08,-2.124110358030963242e+08,-1.584165865591137390e+01,-8.195110462530466975e+03,-5.452890516265977203e+04,-1.124977709602146933e+04,6.524097899838740937e+06,1.884277341142987832e+07,0.000000000000000000e+00,8.409980488976916298e+06,9.176620283911790848e+08,1.349397469271051523e+04,-5.597281929687536461e+00,-3.471618765615858042e-08
-7.602004212315996885e+08,-2.185143354481369555e+08,-1.813378606916171876e+01,-7.765368309809852690e+03,-5.753401788364091772e+04,-1.186975741945929803e+04,7.259478929589774460e+06,2.096668668302642927e+07,0.000000000000000000e+00,9.357933785633616149e+06,9.411911407230325937e+08,1.670470194649284167e+04,-5.586747472728460728e+00,-2.813552055158652561e-08
-7.770324180950484276e+08,-2.233525761359319687e+08,-2.044693284327167149e+01,-7.332204012934123966e+03,-5.991964727367368323e+04,-1.236193306082838535e+04,8.008185039781260304e+06,2.312908519431178644e+07,0.000000000000000000e+00,1.032306396530249529e+07,9.589839585077463388e+08,2.033642439647273568e+04,-5.554695280175593552e+00,-2.173868597310502257e-08
-9.062198563968776464e+08,-2.604866087414876521e+08,-2.877357498056413121e+01,-7.895340357137451974e+03,-7.225654609384010837e+04,-1.490714025633395795e+04,9.662851771160271019e+06,2.790806165503850952e+07,0.000000000000000000e+00,1.245603547179286182e+07,9.915733747884074450e+08,2.743125644127612759e+04,-6.279464946616428733e+00,-5.485419387696310925e-08
-9.397475700776143074e+08,-2.701239173635643125e+08,-3.418490475461004507e+01,-7.419700345869739067e+03,-7.764078561932592129e+04,-1.601795468241896378e+04,1.107052532782993652e+07,3.197367720416197181e+07,0.000000000000000000e+00,1.427061693998656422e+07,1.027448215697942019e+09,3.576656746322011895e+04,-6.434143132627342609e+00,-4.402203921927139052e-08
-9.660049981264554262e+08,-2.776714328350425363e+08,-3.949895061279581654e+01,-6.971499273961953804e+03,-8.188343299088117783e+04,-1.689324893387409611e+04,1.244374925272913277e+07,3.593979599288669974e+07,0.000000000000000000e+00,1.604079062403525412e+07,1.054139048800776124e+09,4.503533519018475636e+04,-6.526474451884115346e+00,-3.405927600397262696e-08
-9.861942955805177689e+08,-2.834747062786324620e+08,-4.464069485603980070e+01,-6.560353519048240742e+03,-8.510865901132271392e+04,-1.755864050383177528e+04,1.377569526100619882e+07,3.978669670092843473e+07,0.000000000000000000e+00,1.775775442692788690e+07,1.073229234175999522e+09,5.509470485544169787e+04,-6.546958775321597201e+00,-2.602342283353209541e-08
-1.001485755531684041e+09,-2.878701303220018148e+08,-4.955218501867606307e+01,-6.186505066980313131e+03,-8.747848692928774108e+04,-1.804755616706595174e+04,1.505785463089002296e+07,4.348980460258328170e+07,0.000000000000000000e+00,1.941054006073452532e+07,1.086269832397248268e+09,6.581717906449733709e+04,-6.515151244680553511e+00,-1.952595266629941653e-08
-1.012827035444723606e+09,-2.911301025268503428e+08,-5.420002665396623343e+01,-5.847511446118760432e+03,-8.913975439049507258e+04,-1.839028977926130028e+04,1.628580692485717684e+07,4.703635267566484958e+07,0.000000000000000000e+00,2.099344929800510034e+07,1.094504068174872637e+09,7.709340705674001947e+04,-6.442484708648716918e+00,-1.422388231731019962e-08
-1.020925653351328611e+09,-2.934579940413579345e+08,-5.855878834697985980e+01,-5.540314779382129927e+03,-9.021026787355306442e+04,-1.861114581931498469e+04,1.745593163924565166e+07,5.041588425149866939e+07,0.000000000000000000e+00,2.250181507740397006e+07,1.098861830494179487e+09,8.880683766831624962e+04,-6.340611132014311480e+00,-9.897546988213435504e-09
-1.026366970070853949e+09,-2.950220627707643509e+08,-6.261840805768910911e+01,-5.261438640399986980e+03,-9.079348273958986101e+04,-1.873146800848104613e+04,1.856711477761138231e+07,5.362518190709401667e+07,0.000000000000000000e+00,2.393420138616246730e+07,1.100102725349405766e+09,1.008589396265082760e+05,-6.215180498500669337e+00,-6.338417733786627432e-09
-1.029617549354511738e+09,-2.959564192274987698e+08,-6.637752677336588647e+01,-5.007623022276978190e+03,-9.097535665013671678e+04,-1.876899014370695295e+04,1.961960219348272309e+07,5.666495571185792238e+07,0.000000000000000000e+00,2.529092514516296983e+07,1.098826344158500433e+09,1.131601403964881465e+05,-6.072106408333537431e+00,-3.401568392291664942e-09
-1.031056116616351724e+09,-2.963699254035531878e+08,-6.984110728696386161e+01,-4.775874385432567578e+03,-9.082788049644655257e+04,-1.873856455839501723e+04,2.061455101857999340e+07,5.953854767125197500e+07,0.000000000000000000e+00,2.657347797138180956e+07,1.095514447560800314e+09,1.256303034451332787e+05,-5.916040971376143709e+00,-9.642171789892018933e-10
-1.030989314098138213e+09,-2.963507234832884669e+08,-7.301843210039260157e+01,-4.563564027139205791e+03,-9.041063745903134986e+04,-1.865248376965029456e+04,2.155377805266884342e+07,6.225120503123165667e+07,0.000000000000000000e+00,2.778420183620242029e+07,1.090552555694635868e+09,1.381969530030363821e+05,-5.750722053995655614e+00,1.061976945493370248e-09
-1.029668994858305216e+09,-2.959712068805429339e+08,-7.592172601506993601e+01,-4.368378441327292421e+03,-8.977330728436989011e+04,-1.852099713187309681e+04,2.243951698724967614e+07,6.480937909640019387e+07,0.000000000000000000e+00,2.892597611118585616e+07,1.084253473138027668e+09,1.507952411703244143e+05,-5.579192906007264696e+00,2.751738065853715135e-09
-1.027313341663482666e+09,-2.952940907174408436e+08,-7.856944962097001905e+01,-4.188204163057644109e+03,-8.895879755669047881e+04,-1.835295684477029863e+04,2.327533014162141457e+07,6.722335848847958446e+07,0.000000000000000000e+00,3.000339285431296006e+07,1.076879744387705564e+09,1.633852237410370144e+05,-5.403726945720430663e+00,4.170458851149305562e-09
-1.024081120004707694e+09,-2.943650110325809121e+08,-8.097250032320528135e+01,-4.021422013399311254e+03,-8.799931731890435913e+04,-1.815500790794618297e+04,2.406291614325190336e+07,6.949804915047962964e+07,0.000000000000000000e+00,3.101864170530516654e+07,1.068627081292110324e+09,1.758996163620948792e+05,-5.227211173939207534e+00,5.353729648049921055e-09
-1.020115611540694237e+09,-2.932251531444150209e+08,-8.314650775109386416e+01,-3.866510339885062876e+03,-8.692347374743719411e+04,-1.793305222530245737e+04,2.480502598806512356e+07,7.164139645563770831e+07,0.000000000000000000e+00,3.197526887429875135e+07,1.059665786309569716e+09,1.882933603586707322e+05,-5.050567577081584325e+00,6.344052962958813243e-09
-1.015536199764947534e+09,-2.919088330096544027e+08,-8.510717906937190946e+01,-3.722156549765714317e+03,-8.575498941230353375e+04,-1.769198396487737773e+04,2.550444364116659760e+07,7.366144099814386666e+07,0.000000000000000000e+00,3.287686307081853226e+07,1.050135212625286460e+09,2.005267707454202173e+05,-4.875254962787821000e+00,7.173941412474960393e-09
-1.010442673326808453e+09,-2.904447341830393076e+08,-8.686994118658761010e+01,-3.587223523443750764e+03,-8.451353341874926991e+04,-1.743586103043839466e+04,2.616392620667559654e+07,7.556614579280699790e+07,0.000000000000000000e+00,3.372697837885732949e+07,1.040149615235991001e+09,2.125654564894375508e+05,-4.702380614143582882e+00,7.868955435696989126e-09
-1.004918814109275103e+09,-2.888569391854085326e+08,-8.844971549088077722e+01,-3.460721868298809113e+03,-8.321543489536436391e+04,-1.716805226015054359e+04,2.678616442636134475e+07,7.736328218797972798e+07,0.000000000000000000e+00,3.452908333708416671e+07,1.029802975938197136e+09,2.243801189645587583e+05,-4.532803733080394082e+00,8.450107998214662247e-09
-9.990352946152817011e+08,-2.871657623372777700e+08,-8.986076942523887112e+01,-3.341787107872390152e+03,-8.187427320100122597e+04,-1.689135919128548994e+04,2.737375454107525572e+07,7.906034859629096091e+07,0.000000000000000000e+00,3.528652466688242555e+07,1.019172880144144893e+09,2.359463246498634689e+05,-4.367238952257284978e+00,8.935647201724350413e-09
-9.928517103689333200e+08,-2.853883339584703445e+08,-9.111665260308828351e+01,-3.229664445246788546e+03,-8.050129967991204467e+04,-1.660810307189489322e+04,2.792919610937368497e+07,8.066456419443447888e+07,0.000000000000000000e+00,3.600252445907381177e+07,1.008323145346003771e+09,2.472444301402997517e+05,-4.206221446706949862e+00,9.340152246295474258e-09
-9.864185253332736492e+08,-2.835391595649536252e+08,-9.223010301564704605e+01,-3.123692957526560804e+03,-7.910585350850522809e+04,-1.632021065353448830e+04,2.845486576521374285e+07,8.218279313065312803e+07,0.000000000000000000e+00,3.668014634721450508e+07,9.973064625872012377e+08,2.582590725905623403e+05,-4.050101962029405200e+00,9.676017725723795805e-09
-9.797785386536009312e+08,-2.816305414740263820e+08,-9.321301640576847092e+01,-3.023293484330425599e+03,-7.769567772817920195e+04,-1.602927939152669205e+04,2.895300912219494581e+07,8.362152114272631705e+07,0.000000000000000000e+00,3.732228507121873647e+07,9.861663274357477427e+08,2.689788282362466562e+05,-3.899168422655365340e+00,9.953539120033384336e-09
-9.729681373067337275e+08,-2.796729388696568608e+08,-9.407646727682050880e+01,-2.927957318148854938e+03,-7.627718688918411499e+04,-1.573663266216652300e+04,2.942574382105096057e+07,8.498686435967659950e+07,0.000000000000000000e+00,3.793167040577117354e+07,9.749386373851039410e+08,2.793960599337167223e+05,-3.753599670960332979e+00,1.018120019580237563e-08
-9.660184989643948078e+08,-2.776753135572151542e+08,-9.483085924610405471e+01,-2.837230728901436578e+03,-7.485570607538789045e+04,-1.544336907556458209e+04,2.987509602958411351e+07,8.628467472017487884e+07,0.000000000000000000e+00,3.851091421108240634e+07,9.636530506117694378e+08,2.895080818341969862e+05,-3.613514380274272852e+00,1.036726280290167731e-08
-9.589560642336503267e+08,-2.756452657057101130e+08,-9.548570443657344242e+01,-2.750719728542312623e+03,-7.343561470981556340e+04,-1.515039214395339513e+04,3.030293637323405594e+07,8.752035492844757438e+07,0.000000000000000000e+00,3.906242784328430891e+07,9.523339287421057224e+08,2.993142560698985471e+05,-3.478883716479085120e+00,1.051713297783862885e-08
-9.518035421650544405e+08,-2.735893228741272688e+08,-9.604975211093315579e+01,-2.668075372478675945e+03,-7.202054531806666637e+04,-1.485845128827161170e+04,3.071100290481551737e+07,8.869892479502905905e+07,0.000000000000000000e+00,3.958845176389461011e+07,9.410015118400980234e+08,3.088168449234943837e+05,-3.349703763404911161e+00,1.063591662386897979e-08
-9.445810377801045179e+08,-2.715132641113713384e+08,-9.653332259745187116e+01,-2.588928075587647982e+03,-7.061331764717680926e+04,-1.456812824632458432e+04,3.110162631125027314e+07,8.982711576482321322e+07,0.000000000000000000e+00,4.009199037779077888e+07,9.296695919096496105e+08,3.180444201636728249e+05,-3.226289918713285410e+00,1.073198654921725347e-08
-9.373037940290970802e+08,-2.694214708977221847e+08,-9.694104084954530265e+01,-2.513082539764946887e+03,-6.921646557600886445e+04,-1.427994577888131425e+04,3.147548065913929045e+07,9.090687466395388544e+07,0.000000000000000000e+00,4.057391260004275292e+07,9.183543268265292645e+08,3.269765948669779464e+05,-3.107691280849841586e+00,1.080123729479964927e-08
-9.299869051790052652e+08,-2.673182819754700661e+08,-9.727968103871131689e+01,-2.440287977682211476e+03,-6.783213155119134171e+04,-1.399434589091034286e+04,3.183393843217537552e+07,9.194216547328579426e+07,0.000000000000000000e+00,4.103598765012902021e+07,9.070680367532558441e+08,3.356228720041190973e+05,-2.994233695368507142e+00,1.085027361114043779e-08
