# particle number concentration assuming water not removed from particles (#/cc (air)), with time changing with rows (corresponding times given in the time output file) and size bin changing with columns with size bin numbers given in the second row of the header
# 12
1.200000000000000000e+05,8.123716880680734098e-134
1.153158058169221040e+05,0.000000000000000000e+00
1.109867460652365407e+05,0.000000000000000000e+00
1.069742765398028714e+05,0.000000000000000000e+00
1.032446223270536721e+05,0.000000000000000000e+00
9.976864903834671713e+04,0.000000000000000000e+00
9.652111768573366862e+04,0.000000000000000000e+00
9.348005045578566205e+04,0.000000000000000000e+00
9.062621461221744539e+04,0.000000000000000000e+00
8.794270105445463560e+04,0.000000000000000000e+00
8.541457818475016393e+04,0.000000000000000000e+00
8.302860636130666535e+04,0.000000000000000000e+00
8.077298836842157471e+04,0.000000000000000000e+00
7.863719021353419521e+04,0.000000000000000000e+00
7.661177788050111849e+04,0.000000000000000000e+00
7.468827620900483453e+04,0.000000000000000000e+00
7.285904969845316373e+04,0.000000000000000000e+00
7.111720154698121769e+04,0.000000000000000000e+00
6.945648746076441603e+04,0.000000000000000000e+00
6.787124191329319729e+04,0.000000000000000000e+00
6.635631388831679942e+04,0.000000000000000000e+00
6.490701912589835410e+04,0.000000000000000000e+00
6.351904691792011727e+04,0.000000000000000000e+00
6.218845748529122648e+04,0.000000000000000000e+00
6.091165376888996980e+04,0.000000000000000000e+00
5.968534388852378470e+04,0.000000000000000000e+00
5.850650818891267409e+04,0.000000000000000000e+00
5.737236994178107852e+04,0.000000000000000000e+00
5.628037081375721027e+04,0.000000000000000000e+00
5.522814915404513886e+04,0.000000000000000000e+00
5.421352091704287159e+04,0.000000000000000000e+00
5.323446283930441132e+04,0.000000000000000000e+00
5.228909754467002494e+04,0.000000000000000000e+00
5.137568037188237940e+04,0.000000000000000000e+00
5.049258740440152178e+04,0.000000000000000000e+00
4.963830507474648766e+04,0.000000000000000000e+00
4.881142073551304202e+04,0.000000000000000000e+00
4.801061419760523859e+04,0.000000000000000000e+00
4.723465012382262648e+04,0.000000000000000000e+00
4.648237117068873340e+04,0.000000000000000000e+00
4.575269180036299804e+04,0.000000000000000000e+00
4.504459268985885865e+04,0.000000000000000000e+00
4.435711566248700547e+04,0.000000000000000000e+00
4.368935908860951167e+04,0.000000000000000000e+00
4.304047369663105928e+04,0.000000000000000000e+00
4.240965877721272409e+04,0.000000000000000000e+00
4.179615870750098111e+04,0.000000000000000000e+00
4.119925971537522128e+04,0.000000000000000000e+00
4.061828710508191580e+04,0.000000000000000000e+00
4.005260254170456756e+04,0.000000000000000000e+00
4.005260254170456756e+04,0.000000000000000000e+00
