# the total concentration (ug/m3) of injected (through initial gas-phase concentration, instantaneous and/or continuous gas-phase influx) components, with component index (relative to all components) in the first row and its cumulative injected concentrations in following rows
1.000000000000000000e+00,2.000000000000000000e+01,7.000000000000000000e+00,1.000000000000000000e+01,2.900000000000000000e+01,2.000000000000000000e+00,3.000000000000000000e+00,1.200000000000000000e+01,5.600000000000000000e+01,0.000000000000000000e+00
0.000000000000000000e+00,2.038828357094070896e+02,0.000000000000000000e+00,1.864825860108366271e+02,1.333808527245032337e+03,4.145368697840541472e+01,3.825007399125279761e+00,2.345285966134472044e+00,0.000000000000000000e+00,0.000000000000000000e+00
0.000000000000000000e+00,2.038828357094070896e+02,0.000000000000000000e+00,1.864825860108366271e+02,1.333808527245032337e+03,4.145368697840541472e+01,3.825007399125279761e+00,2.345285966134472044e+00,0.000000000000000000e+00,0.000000000000000000e+00
0.000000000000000000e+00,2.038828357094070896e+02,0.000000000000000000e+00,1.864825860108366271e+02,1.333808527245032337e+03,4.145368697840541472e+01,3.825007399125279761e+00,2.345285966134472044e+00,0.000000000000000000e+00,0.000000000000000000e+00
0.000000000000000000e+00,2.038828357094070896e+02,0.000000000000000000e+00,1.864825860108366271e+02,1.333808527245032337e+03,4.145368697840541472e+01,3.825007399125279761e+00,2.345285966134472044e+00,0.000000000000000000e+00,0.000000000000000000e+00
0.000000000000000000e+00,2.038828357094070896e+02,0.000000000000000000e+00,1.864825860108366271e+02,1.333808527245032337e+03,4.145368697840541472e+01,3.825007399125279761e+00,2.345285966134472044e+00,0.000000000000000000e+00,0.000000000000000000e+00
0.000000000000000000e+00,2.038828357094070896e+02,0.000000000000000000e+00,1.864825860108366271e+02,1.333808527245032337e+03,4.145368697840541472e+01,3.825007399125279761e+00,2.345285966134472044e+00,0.000000000000000000e+00,0.000000000000000000e+00
0.000000000000000000e+00,2.038828357094070896e+02,0.000000000000000000e+00,1.864825860108366271e+02,1.333808527245032337e+03,4.145368697840541472e+01,3.825007399125279761e+00,2.345285966134472044e+00,0.000000000000000000e+00,0.000000000000000000e+00
0.000000000000000000e+00,2.038828357094070896e+02,0.000000000000000000e+00,1.864825860108366271e+02,1.333808527245032337e+03,4.145368697840541472e+01,3.825007399125279761e+00,2.345285966134472044e+00,0.000000000000000000e+00,0.000000000000000000e+00
0.000000000000000000e+00,2.038828357094070896e+02,0.000000000000000000e+00,1.864825860108366271e+02,1.333808527245032337e+03,4.145368697840541472e+01,3.825007399125279761e+00,2.345285966134472044e+00,0.000000000000000000e+00,0.000000000000000000e+00
0.000000000000000000e+00,2.038828357094070896e+02,0.000000000000000000e+00,1.864825860108366271e+02,1.333808527245032337e+03,4.145368697840541472e+01,3.825007399125279761e+00,2.345285966134472044e+00,0.000000000000000000e+00,0.000000000000000000e+00
0.000000000000000000e+00,2.038828357094070896e+02,0.000000000000000000e+00,1.864825860108366271e+02,1.333808527245032337e+03,4.343094134239692750e+01,3.825007399125270879e-01,3.752457545815155449e+00,0.000000000000000000e+00,0.000000000000000000e+00
0.000000000000000000e+00,2.038828357094070896e+02,0.000000000000000000e+00,1.864825860108366271e+02,1.333808527245032337e+03,4.343094134239692750e+01,3.825007399125270879e-01,3.752457545815155449e+00,0.000000000000000000e+00,0.000000000000000000e+00
0.000000000000000000e+00,2.038828357094070896e+02,0.000000000000000000e+00,1.864825860108366271e+02,1.333808527245032337e+03,4.343094134239692750e+01,3.825007399125270879e-01,3.752457545815155449e+00,0.000000000000000000e+00,0.000000000000000000e+00
0.000000000000000000e+00,2.038828357094070896e+02,0.000000000000000000e+00,1.864825860108366271e+02,1.333808527245032337e+03,4.343094134239692750e+01,3.825007399125270879e-01,3.752457545815155449e+00,0.000000000000000000e+00,0.000000000000000000e+00
0.000000000000000000e+00,2.038828357094070896e+02,0.000000000000000000e+00,1.864825860108366271e+02,1.333808527245032337e+03,4.343094134239692750e+01,3.825007399125270879e-01,3.752457545815155449e+00,0.000000000000000000e+00,0.000000000000000000e+00
0.000000000000000000e+00,2.038828357094070896e+02,0.000000000000000000e+00,1.864825860108366271e+02,1.333808527245032337e+03,4.343094134239692750e+01,3.825007399125270879e-01,3.752457545815155449e+00,0.000000000000000000e+00,0.000000000000000000e+00
0.000000000000000000e+00,2.038828357094070896e+02,0.000000000000000000e+00,1.864825860108366271e+02,1.333808527245032337e+03,4.343094134239692750e+01,3.825007399125270879e-01,3.752457545815155449e+00,0.000000000000000000e+00,0.000000000000000000e+00
0.000000000000000000e+00,2.038828357094070896e+02,0.000000000000000000e+00,1.864825860108366271e+02,1.333808527245032337e+03,4.343094134239692750e+01,3.825007399125270879e-01,3.752457545815155449e+00,0.000000000000000000e+00,0.000000000000000000e+00
0.000000000000000000e+00,2.038828357094070896e+02,0.000000000000000000e+00,1.864825860108366271e+02,1.333808527245032337e+03,4.343094134239692750e+01,3.825007399125270879e-01,3.752457545815155449e+00,0.000000000000000000e+00,0.000000000000000000e+00
0.000000000000000000e+00,2.038828357094070896e+02,0.000000000000000000e+00,1.864825860108366271e+02,1.333808527245032337e+03,4.343094134239692750e+01,3.825007399125270879e-01,3.752457545815155449e+00,0.000000000000000000e+00,0.000000000000000000e+00
0.000000000000000000e+00,2.038828357094070896e+02,0.000000000000000000e+00,1.864825860108366271e+02,1.333808527245032337e+03,4.639682288838420021e+01,-3.748507251142774166e+00,4.456043335655497373e+00,0.000000000000000000e+00,1.197205574190227440e+00
0.000000000000000000e+00,2.038828357094070896e+02,0.000000000000000000e+00,1.864825860108366271e+02,1.333808527245032337e+03,4.936270443437147293e+01,-7.879515242198075420e+00,5.159629125495839297e+00,0.000000000000000000e+00,2.394411148380454879e+00
0.000000000000000000e+00,2.038828357094070896e+02,0.000000000000000000e+00,1.864825860108366271e+02,1.333808527245032337e+03,5.232858598035874564e+01,-1.201052323325337667e+01,5.863214915336181221e+00,0.000000000000000000e+00,3.591616722570682541e+00
0.000000000000000000e+00,2.038828357094070896e+02,0.000000000000000000e+00,1.864825860108366271e+02,1.333808527245032337e+03,5.529446752634601836e+01,-1.614153122430867882e+01,6.566800705176523145e+00,0.000000000000000000e+00,4.788822296760909758e+00
0.000000000000000000e+00,2.038828357094070896e+02,0.000000000000000000e+00,1.864825860108366271e+02,1.333808527245032337e+03,5.826034907233329108e+01,-2.027253921536398096e+01,7.270386495016865069e+00,0.000000000000000000e+00,5.986027870951136975e+00
0.000000000000000000e+00,2.038828357094070896e+02,0.000000000000000000e+00,1.864825860108366271e+02,1.333808527245032337e+03,6.122623061832056379e+01,-2.440354720641928310e+01,7.973972284857206994e+00,0.000000000000000000e+00,7.183233445141364193e+00
0.000000000000000000e+00,2.038828357094070896e+02,0.000000000000000000e+00,1.864825860108366271e+02,1.333808527245032337e+03,6.419211216430782940e+01,-2.853455519747458524e+01,8.677558074697548918e+00,0.000000000000000000e+00,8.380439019331591410e+00
0.000000000000000000e+00,2.038828357094070896e+02,0.000000000000000000e+00,1.864825860108366271e+02,1.333808527245032337e+03,6.715799371029510212e+01,-3.266556318852988738e+01,9.381143864537889954e+00,0.000000000000000000e+00,9.577644593521819516e+00
0.000000000000000000e+00,2.038828357094070896e+02,0.000000000000000000e+00,1.864825860108366271e+02,1.333808527245032337e+03,7.012387525628237483e+01,-3.679657117958518597e+01,1.008472965437823099e+01,0.000000000000000000e+00,1.077485016771204762e+01
0.000000000000000000e+00,2.038828357094070896e+02,0.000000000000000000e+00,1.864825860108366271e+02,1.333808527245032337e+03,7.308975680226964755e+01,-4.092757917064048456e+01,1.078831544421857203e+01,0.000000000000000000e+00,1.197205574190227573e+01
0.000000000000000000e+00,2.038828357094070896e+02,0.000000000000000000e+00,1.864825860108366271e+02,1.333808527245032337e+03,7.605563834825692027e+01,-4.505858716169578315e+01,1.149190123405891306e+01,0.000000000000000000e+00,1.316926131609250383e+01
0.000000000000000000e+00,2.038828357094070896e+02,0.000000000000000000e+00,1.864825860108366271e+02,1.333808527245032337e+03,7.902151989424419298e+01,-4.918959515275108174e+01,1.219548702389925410e+01,0.000000000000000000e+00,1.436646689028273194e+01
0.000000000000000000e+00,2.038828357094070896e+02,0.000000000000000000e+00,1.864825860108366271e+02,1.333808527245032337e+03,8.198740144023146570e+01,-5.332060314380638033e+01,1.289907281373959513e+01,0.000000000000000000e+00,1.556367246447296004e+01
0.000000000000000000e+00,2.038828357094070896e+02,0.000000000000000000e+00,1.864825860108366271e+02,1.333808527245032337e+03,8.495328298621873842e+01,-5.745161113486167892e+01,1.360265860357993617e+01,0.000000000000000000e+00,1.676087803866318637e+01
0.000000000000000000e+00,2.038828357094070896e+02,0.000000000000000000e+00,1.864825860108366271e+02,1.333808527245032337e+03,8.791916453220601113e+01,-6.158261912591697751e+01,1.430624439342027721e+01,0.000000000000000000e+00,1.795808361285341448e+01
0.000000000000000000e+00,2.038828357094070896e+02,0.000000000000000000e+00,1.864825860108366271e+02,1.333808527245032337e+03,9.088504607819328385e+01,-6.571362711697227610e+01,1.500983018326061824e+01,0.000000000000000000e+00,1.915528918704364258e+01
0.000000000000000000e+00,2.038828357094070896e+02,0.000000000000000000e+00,1.864825860108366271e+02,1.333808527245032337e+03,9.385092762418055656e+01,-6.984463510802757469e+01,1.571341597310095928e+01,0.000000000000000000e+00,2.035249476123387069e+01
0.000000000000000000e+00,2.038828357094070896e+02,0.000000000000000000e+00,1.864825860108366271e+02,1.333808527245032337e+03,9.681680917016782928e+01,-7.397564309908287328e+01,1.641700176294130031e+01,0.000000000000000000e+00,2.154970033542409880e+01
0.000000000000000000e+00,2.038828357094070896e+02,0.000000000000000000e+00,1.864825860108366271e+02,1.333808527245032337e+03,9.978269071615510200e+01,-7.810665109013817187e+01,1.712058755278164313e+01,0.000000000000000000e+00,2.274690590961432690e+01
0.000000000000000000e+00,2.038828357094070896e+02,0.000000000000000000e+00,1.864825860108366271e+02,1.333808527245032337e+03,1.027485722621423747e+02,-8.223765908119347046e+01,1.782417334262198594e+01,0.000000000000000000e+00,2.394411148380455501e+01
0.000000000000000000e+00,2.038828357094070896e+02,0.000000000000000000e+00,1.864825860108366271e+02,1.333808527245032337e+03,1.057144538081296474e+02,-8.636866707224876905e+01,1.852775913246232875e+01,0.000000000000000000e+00,2.514131705799478311e+01
0.000000000000000000e+00,2.038828357094070896e+02,0.000000000000000000e+00,1.864825860108366271e+02,1.333808527245032337e+03,1.086803353541169201e+02,-9.049967506330406763e+01,1.923134492230267156e+01,0.000000000000000000e+00,2.633852263218501122e+01
0.000000000000000000e+00,2.038828357094070896e+02,0.000000000000000000e+00,1.864825860108366271e+02,1.333808527245032337e+03,1.116462169001041929e+02,-9.463068305435936622e+01,1.993493071214301438e+01,0.000000000000000000e+00,2.753572820637523932e+01
0.000000000000000000e+00,2.038828357094070896e+02,0.000000000000000000e+00,1.864825860108366271e+02,1.333808527245032337e+03,1.146120984460914656e+02,-9.876169104541466481e+01,2.063851650198335719e+01,0.000000000000000000e+00,2.873293378056546743e+01
0.000000000000000000e+00,2.038828357094070896e+02,0.000000000000000000e+00,1.864825860108366271e+02,1.333808527245032337e+03,1.175779799920787383e+02,-1.028926990364699634e+02,2.134210229182370000e+01,0.000000000000000000e+00,2.993013935475569554e+01
0.000000000000000000e+00,2.038828357094070896e+02,0.000000000000000000e+00,1.864825860108366271e+02,1.333808527245032337e+03,1.205438615380660110e+02,-1.070237070275252620e+02,2.204568808166404281e+01,0.000000000000000000e+00,3.112734492894592364e+01
0.000000000000000000e+00,2.038828357094070896e+02,0.000000000000000000e+00,1.864825860108366271e+02,1.333808527245032337e+03,1.235097430840532837e+02,-1.111547150185805606e+02,2.274927387150438562e+01,0.000000000000000000e+00,3.232455050313615175e+01
0.000000000000000000e+00,2.038828357094070896e+02,0.000000000000000000e+00,1.864825860108366271e+02,1.333808527245032337e+03,1.264756246300405564e+02,-1.152857230096358592e+02,2.345285966134472844e+01,0.000000000000000000e+00,3.352175607732637985e+01
0.000000000000000000e+00,2.038828357094070896e+02,0.000000000000000000e+00,1.864825860108366271e+02,1.333808527245032337e+03,1.294415061760278149e+02,-1.194167310006911578e+02,2.415644545118507125e+01,0.000000000000000000e+00,3.471896165151660796e+01
0.000000000000000000e+00,2.038828357094070896e+02,0.000000000000000000e+00,1.864825860108366271e+02,1.333808527245032337e+03,1.324073877220150735e+02,-1.235477389917464563e+02,2.486003124102541406e+01,0.000000000000000000e+00,3.591616722570683606e+01
0.000000000000000000e+00,2.038828357094070896e+02,0.000000000000000000e+00,1.864825860108366271e+02,1.333808527245032337e+03,1.353732692680023320e+02,-1.276787469828017549e+02,2.556361703086575687e+01,0.000000000000000000e+00,3.711337279989706417e+01
