# particle number concentration assuming water removed from particles (#/cc (air)), with time changing with rows (corresponding times given in the time output file) and size bin changing with columns with size bin numbers given in the second row of the header
# 
0.000000000000000000e+00,0.000000000000000000e+00,0.000000000000000000e+00,0.000000000000000000e+00,0.000000000000000000e+00,0.000000000000000000e+00,0.000000000000000000e+00,0.000000000000000000e+00,0.000000000000000000e+00,0.000000000000000000e+00,0.000000000000000000e+00,0.000000000000000000e+00,0.000000000000000000e+00,0.000000000000000000e+00,0.000000000000000000e+00,0.000000000000000000e+00,0.000000000000000000e+00,0.000000000000000000e+00,0.000000000000000000e+00,0.000000000000000000e+00,0.000000000000000000e+00,0.000000000000000000e+00,0.000000000000000000e+00,0.000000000000000000e+00
0.000000000000000000e+00,0.000000000000000000e+00,0.000000000000000000e+00,0.000000000000000000e+00,0.000000000000000000e+00,0.000000000000000000e+00,0.000000000000000000e+00,0.000000000000000000e+00,0.000000000000000000e+00,0.000000000000000000e+00,0.000000000000000000e+00,0.000000000000000000e+00,0.000000000000000000e+00,0.000000000000000000e+00,0.000000000000000000e+00,0.000000000000000000e+00,0.000000000000000000e+00,0.000000000000000000e+00,0.000000000000000000e+00,0.000000000000000000e+00,0.000000000000000000e+00,0.000000000000000000e+00,0.000000000000000000e+00,0.000000000000000000e+00
0.000000000000000000e+00,0.000000000000000000e+00,0.000000000000000000e+00,0.000000000000000000e+00,0.000000000000000000e+00,0.000000000000000000e+00,0.000000000000000000e+00,0.000000000000000000e+00,0.000000000000000000e+00,0.000000000000000000e+00,0.000000000000000000e+00,0.000000000000000000e+00,0.000000000000000000e+00,0.000000000000000000e+00,0.000000000000000000e+00,0.000000000000000000e+00,0.000000000000000000e+00,0.000000000000000000e+00,0.000000000000000000e+00,0.000000000000000000e+00,0.000000000000000000e+00,0.000000000000000000e+00,0.000000000000000000e+00,0.000000000000000000e+00
0.000000000000000000e+00,0.000000000000000000e+00,0.000000000000000000e+00,0.000000000000000000e+00,0.000000000000000000e+00,0.000000000000000000e+00,0.000000000000000000e+00,0.000000000000000000e+00,0.000000000000000000e+00,0.000000000000000000e+00,0.000000000000000000e+00,0.000000000000000000e+00,0.000000000000000000e+00,0.000000000000000000e+00,0.000000000000000000e+00,0.000000000000000000e+00,0.000000000000000000e+00,0.000000000000000000e+00,0.000000000000000000e+00,0.000000000000000000e+00,0.000000000000000000e+00,0.000000000000000000e+00,0.000000000000000000e+00,0.000000000000000000e+00
7.436635634738744329e+02,0.000000000000000000e+00,0.000000000000000000e+00,0.000000000000000000e+00,0.000000000000000000e+00,0.000000000000000000e+00,0.000000000000000000e+00,0.000000000000000000e+00,0.000000000000000000e+00,0.000000000000000000e+00,0.000000000000000000e+00,0.000000000000000000e+00,0.000000000000000000e+00,0.000000000000000000e+00,0.000000000000000000e+00,0.000000000000000000e+00,0.000000000000000000e+00,0.000000000000000000e+00,0.000000000000000000e+00,0.000000000000000000e+00,0.000000000000000000e+00,0.000000000000000000e+00,0.000000000000000000e+00,0.000000000000000000e+00
0.000000000000000000e+00,1.999999999999994543e+03,0.000000000000000000e+00,0.000000000000000000e+00,0.000000000000000000e+00,0.000000000000000000e+00,1.980644761479484487e+03,1.033806510639154602e-01,0.000000000000000000e+00,0.000000000000000000e+00,1.971428499175206298e+03,1.001442995292424060e-01,7.286188542662848704e+02,1.168125855179497248e-02,0.000000000000000000e+00,0.000000000000000000e+00,0.000000000000000000e+00,0.000000000000000000e+00,0.000000000000000000e+00,0.000000000000000000e+00,0.000000000000000000e+00,0.000000000000000000e+00,0.000000000000000000e+00,0.000000000000000000e+00
2.000000000000000000e+03,0.000000000000000000e+00,0.000000000000000000e+00,0.000000000000000000e+00,1.969478349040463627e+03,0.000000000000000000e+00,1.449354354189855421e-01,0.000000000000000000e+00,0.000000000000000000e+00,1.963928529740896010e+03,1.368081335512346952e-01,0.000000000000000000e+00,1.962069049182870458e+03,1.179873216424993376e-01,3.939639991484772509e+03,1.957668203636269709e+03,7.259347207318940036e+02,9.441017675209709137e-02,2.812288354783972586e-05,0.000000000000000000e+00,0.000000000000000000e+00,0.000000000000000000e+00,0.000000000000000000e+00,0.000000000000000000e+00
0.000000000000000000e+00,0.000000000000000000e+00,0.000000000000000000e+00,0.000000000000000000e+00,1.999999999999998181e+03,0.000000000000000000e+00,0.000000000000000000e+00,0.000000000000000000e+00,0.000000000000000000e+00,0.000000000000000000e+00,1.972648454440436126e+03,1.973204550109873279e-01,1.955828540746571434e+03,1.735281642372988320e-01,1.954860068304284823e+03,1.955575420425135917e+03,3.928633979423594610e+03,2.679657041036033661e+03,0.000000000000000000e+00,4.213020033720713117e-04,2.131490398680220606e-07,0.000000000000000000e+00,0.000000000000000000e+00,0.000000000000000000e+00
7.217802026152348844e+02,0.000000000000000000e+00,0.000000000000000000e+00,1.864235203710245059e+03,4.144111985599148729e-01,0.000000000000000000e+00,0.000000000000000000e+00,0.000000000000000000e+00,0.000000000000000000e+00,0.000000000000000000e+00,1.953373216188803781e+03,5.133701168373118184e-01,1.264921620998860801e-04,1.946110910712170153e+03,1.934212296582996714e+03,3.874319029778268941e+03,4.148821942576439881e+00,6.567407742999785114e+03,4.971291043909991991e+00,3.802245674473426866e-03,2.407369265859817874e-06,0.000000000000000000e+00,0.000000000000000000e+00,0.000000000000000000e+00
3.720242228968563722e+02,0.000000000000000000e+00,6.634310694825096562e+02,5.198321164724706289e-02,0.000000000000000000e+00,0.000000000000000000e+00,0.000000000000000000e+00,1.809628540857151165e+03,7.867663446157283635e-01,2.542884910653133335e-04,0.000000000000000000e+00,1.927184431293883563e+03,1.593264371039027960e+00,1.928070111280363335e+03,1.918846336629926554e+03,3.855541464946268661e+03,0.000000000000000000e+00,6.534313382909444954e+03,1.224893038411811474e+01,1.746828038611116310e-02,1.669942788862775569e-05,0.000000000000000000e+00,0.000000000000000000e+00,0.000000000000000000e+00
1.134386648873551167e+02,3.067074767416624468e+02,1.388799016544816148e-02,0.000000000000000000e+00,0.000000000000000000e+00,0.000000000000000000e+00,6.376797864339272337e+02,4.914362970456705865e-02,0.000000000000000000e+00,1.771867494014184558e+03,3.464640840250652332e-01,6.840293571187731176e-05,1.906369284270962680e+03,3.306701859903135587e-01,1.911486596787142162e+03,1.906166199911519698e+03,3.829469695944882005e+03,6.500976359280405632e+03,2.138427817717443702e+01,4.357457129020005093e-02,8.310576485928029280e-05,4.876527220453543559e-08,0.000000000000000000e+00,0.000000000000000000e+00
1.248231950741463692e+02,1.186685586754636021e-03,0.000000000000000000e+00,0.000000000000000000e+00,2.912407500261341511e+02,2.393559299325993817e-02,1.031047679396730407e-02,6.200822419221054815e+02,1.004711353544512908e-01,4.482139011074217499e-02,1.739947094425052683e+03,6.602761192013424374e-01,1.884095214679785613e+03,1.472259414436028369e+00,1.895653536777879708e+03,1.892967918829274595e+03,3.805690172485175481e+03,6.465885730186166256e+03,2.941283167678065169e+01,3.150882763746471138e+00,2.634853010654142867e-03,0.000000000000000000e+00,0.000000000000000000e+00,0.000000000000000000e+00
1.034070547614101088e+01,0.000000000000000000e+00,0.000000000000000000e+00,1.167896822704331754e+02,1.128111999019665822e-03,1.646205075752004256e-03,2.812962601419122279e+02,4.293296006677448790e-02,6.060788389194866568e+02,1.708366392907837428e-01,1.711569487304169570e+03,1.033872929435359467e+00,2.996925616099126444e-01,1.865926336515715320e+03,1.880074240849715579e+03,1.879129470969998010e+03,3.781517828841093433e+03,6.432733872795027310e+03,3.734569342505695033e+01,6.221374711222511067e+00,9.618489074378806802e-05,2.629655187273845143e-03,0.000000000000000000e+00,0.000000000000000000e+00
1.102824055699458761e+01,8.968205112309465894e-06,0.000000000000000000e+00,0.000000000000000000e+00,0.000000000000000000e+00,1.119434957747368742e+02,2.678136220505179452e-03,1.519152117611761001e-03,2.737564932578401908e+02,5.941547272955626795e+02,2.062505606814777348e-01,1.686127925888976051e+03,1.597750015224942199e+00,1.846571449384575772e+03,1.864919214182261385e+03,1.865603717368990601e+03,3.758498103224573242e+03,6.397378328299958412e+03,4.756007663677011976e+01,9.254533065783926205e+00,2.636949367231532270e-04,2.624484900466573546e-03,0.000000000000000000e+00,0.000000000000000000e+00
0.000000000000000000e+00,0.000000000000000000e+00,1.014840022292904997e+01,0.000000000000000000e+00,2.041681371248159720e-05,0.000000000000000000e+00,0.000000000000000000e+00,1.083923434126602530e+02,2.674541938520095528e+02,7.126880492168638677e-03,5.837708570637878438e+02,1.662313718391228122e+03,2.155243582135137004e+00,1.828007149355870524e+03,1.849356465942740670e+03,1.853203559171028246e+03,3.735586947897315895e+03,6.362916155819262713e+03,5.745225755400581136e+01,1.224268164004975290e+01,1.018467386188996043e-02,2.619345882980528891e-03,0.000000000000000000e+00,0.000000000000000000e+00
1.221177462779451162e+00,0.000000000000000000e+00,0.000000000000000000e+00,0.000000000000000000e+00,9.630208128889565344e+00,1.956246261851083798e-05,1.128507106080725565e-05,0.000000000000000000e+00,1.055150557658404864e+02,2.619615118091030581e+02,5.741295609977968297e+02,1.639925162455185728e+03,2.500100614317663172e+00,1.810010424533980313e+03,9.217453390050875939e-01,3.673439511570272771e+03,3.712686258027483291e+03,6.325710189599645673e+03,7.128692810864193063e+01,1.517810675499520201e+01,2.277732508237056974e-02,2.614251911700728528e-03,0.000000000000000000e+00,0.000000000000000000e+00
8.889568674084102895e-01,0.000000000000000000e+00,0.000000000000000000e+00,0.000000000000000000e+00,0.000000000000000000e+00,0.000000000000000000e+00,9.259447572748129573e+00,2.117202135388194994e-05,1.030521173155568277e+02,2.570293994086972020e+02,8.328698554765586598e-03,5.652376732963004997e+02,1.621335813319070894e+03,1.792718448581574648e+03,1.848997826801279665e+00,3.644959506000721376e+03,3.690148590477791458e+03,6.287842237775971626e+03,8.585976694679368393e+01,1.808151311397102035e+01,3.759910519823881497e-02,2.609215156822009603e-03,0.000000000000000000e+00,0.000000000000000000e+00
0.000000000000000000e+00,0.000000000000000000e+00,8.067464141454536719e-01,7.684289593388317757e-08,0.000000000000000000e+00,0.000000000000000000e+00,0.000000000000000000e+00,8.965174969931956284e+00,3.007004621550108322e-05,1.008703183109877131e+02,2.525232459782495766e+02,5.568842705499134809e+02,1.601262381954073589e+03,4.104953258727077614e-01,1.778249431201409834e+03,3.617058939094016750e+03,3.667943998741389350e+03,6.249624342667410929e+03,1.008067279531539242e+02,2.101308947525918569e+01,5.489639917891195320e-02,2.604250398604105246e-03,0.000000000000000000e+00,0.000000000000000000e+00
0.000000000000000000e+00,0.000000000000000000e+00,0.000000000000000000e+00,7.570516342278728050e-01,7.298870780447974762e-08,6.948979793625525574e-08,0.000000000000000000e+00,8.717230230330677898e+00,3.155324781542150482e-05,9.889226106407822670e+01,2.483291064889491508e+02,5.489720416970878887e+02,1.581958883518606854e+03,8.809293990472749636e-01,1.762355309882854726e+03,3.588315552695258702e+03,3.644676217112291852e+03,6.330511114144352177e+03,0.000000000000000000e+00,2.379360099629783676e+01,7.457771919410996486e-02,2.599375075519052072e-03,0.000000000000000000e+00,0.000000000000000000e+00
0.000000000000000000e+00,0.000000000000000000e+00,0.000000000000000000e+00,0.000000000000000000e+00,0.000000000000000000e+00,7.215236637709141476e-01,1.993765271765287905e-07,0.000000000000000000e+00,8.500347571051110052e+00,3.907137686542464243e-05,3.415145751439294486e+02,5.414355682998186694e+02,1.563322260316961547e+03,1.169836599171643954e+00,1.746575354888513175e+03,3.560609729743957814e+03,3.621740949015533261e+03,6.310623639161929532e+03,0.000000000000000000e+00,2.654380551465198224e+01,9.653265298750789147e-02,2.594608116239491540e-03,0.000000000000000000e+00,0.000000000000000000e+00
0.000000000000000000e+00,0.000000000000000000e+00,0.000000000000000000e+00,0.000000000000000000e+00,0.000000000000000000e+00,0.000000000000000000e+00,6.935640123583007854e-01,2.503421582548950275e-07,8.305804447282728376e+00,3.986448521264317945e-05,3.361334590836918892e+02,5.342248009693081485e+02,1.545315915762201030e+03,1.447474207482870812e+00,1.731149791288728011e+03,3.532890708454136529e+03,3.599018726109630279e+03,1.753756595073492264e+01,6.273738807526290657e+03,2.926203056418628634e+01,1.207653628412652114e-01,2.589970961454905306e-03,0.000000000000000000e+00,0.000000000000000000e+00
0.000000000000000000e+00,0.000000000000000000e+00,0.000000000000000000e+00,0.000000000000000000e+00,0.000000000000000000e+00,0.000000000000000000e+00,6.702428893756305905e-01,2.432191063796316070e-07,5.362676834084268295e-08,8.128172201383479845e+00,4.637696667783192963e-05,3.310258306150910244e+02,2.055316068521035959e+03,1.572086310374684270e+00,1.716051908725079102e+03,3.505835075690355097e+03,3.576203735191351370e+03,2.369752617481340451e+01,6.248593245937060601e+03,3.194947099607924201e+01,1.471968527643383318e-01,2.585487057026015448e-03,0.000000000000000000e+00,0.000000000000000000e+00
0.000000000000000000e+00,0.000000000000000000e+00,0.000000000000000000e+00,0.000000000000000000e+00,0.000000000000000000e+00,0.000000000000000000e+00,0.000000000000000000e+00,6.500465547625557949e-01,3.386224924576875671e-07,7.963845452282726889e+00,5.371687904895696260e-05,3.261500094206945732e+02,2.031823030934942608e+03,1.690106562740316010e+00,1.701252061437172642e+03,3.478880852140214301e+03,3.553995250795305765e+03,2.966873850723325745e+01,6.223639105064396972e+03,3.460696463787972021e+01,1.757807394658390254e-01,2.581181637349808447e-03,0.000000000000000000e+00,0.000000000000000000e+00
0.000000000000000000e+00,0.000000000000000000e+00,0.000000000000000000e+00,0.000000000000000000e+00,0.000000000000000000e+00,0.000000000000000000e+00,0.000000000000000000e+00,6.320996754285587160e-01,3.306451918210950896e-07,7.810308204759532913e+00,5.400937133045901386e-05,3.214755477495626792e+02,2.008988553611094630e+03,1.802577964777656749e+00,1.686728432592098443e+03,3.452358494476879059e+03,3.532044439090587730e+03,3.547581299258798992e+01,6.198868006897933810e+03,3.723512170665322429e+01,2.064713815351394421e-01,2.577081662316984406e-03,0.000000000000000000e+00,0.000000000000000000e+00
0.000000000000000000e+00,0.000000000000000000e+00,0.000000000000000000e+00,0.000000000000000000e+00,0.000000000000000000e+00,0.000000000000000000e+00,0.000000000000000000e+00,0.000000000000000000e+00,6.158537456630188700e-01,3.665624702760409780e-07,7.665786108203313631e+00,3.169778764051230837e+02,5.182284309287351048e-04,1.986876489488804737e+03,1.674139392079752724e+03,3.426340415088477585e+03,3.510358968388793983e+03,4.111916295871181148e+01,6.170999414345186779e+03,4.310417604636677424e+01,2.406315043446802804e-01,2.573262337532614477e-03,0.000000000000000000e+00,0.000000000000000000e+00
0.000000000000000000e+00,0.000000000000000000e+00,0.000000000000000000e+00,0.000000000000000000e+00,0.000000000000000000e+00,0.000000000000000000e+00,0.000000000000000000e+00,0.000000000000000000e+00,6.009431452580999977e-01,3.996538033239802422e-07,7.528799100684689272e+00,3.126371557456442929e+02,1.052885144739637959e-03,1.965307025231721809e+03,1.659993927493876072e+03,3.400485482090118694e+03,3.536033877982882586e+03,0.000000000000000000e+00,6.143326164429669916e+03,4.888915089022842864e+01,2.792841552840809038e-01,2.569838316299067737e-03,0.000000000000000000e+00,0.000000000000000000e+00
0.000000000000000000e+00,0.000000000000000000e+00,0.000000000000000000e+00,0.000000000000000000e+00,0.000000000000000000e+00,0.000000000000000000e+00,0.000000000000000000e+00,0.000000000000000000e+00,5.871123019706757651e-01,3.917199832801601783e-07,7.398344658126165818e+00,3.084372511201522116e+02,1.557661365338348447e-03,1.944124613419902062e+03,1.646192642704137597e+03,3.374996841495812077e+03,3.520658634442953371e+03,0.000000000000000000e+00,6.115866333658936128e+03,5.459099369771774235e+01,3.225249595691488946e-01,2.566890172651945749e-03,0.000000000000000000e+00,0.000000000000000000e+00
0.000000000000000000e+00,0.000000000000000000e+00,0.000000000000000000e+00,0.000000000000000000e+00,0.000000000000000000e+00,0.000000000000000000e+00,0.000000000000000000e+00,0.000000000000000000e+00,0.000000000000000000e+00,5.741758296162083886e-01,7.273592524121417213e+00,3.043647295509884998e+02,2.035385673052182796e-03,1.923409776358861336e+03,1.632605437372493498e+03,3.358278392800045367e+03,3.497196379338652605e+03,0.000000000000000000e+00,6.088608653267093359e+03,6.021157671539322820e+01,3.702315892839310729e-01,2.564507114663541840e-03,0.000000000000000000e+00,0.000000000000000000e+00
0.000000000000000000e+00,0.000000000000000000e+00,0.000000000000000000e+00,0.000000000000000000e+00,0.000000000000000000e+00,0.000000000000000000e+00,0.000000000000000000e+00,0.000000000000000000e+00,0.000000000000000000e+00,5.619936585738464219e-01,7.153875682193485019e+00,8.902270833887272999e-07,3.004107888517589799e+02,1.903130411565422037e+03,1.619218384252609894e+03,3.336280518121837758e+03,0.000000000000000000e+00,3.479412438280146944e+03,6.061549410242394515e+03,6.575264693147379091e+01,4.222854744861549992e-01,2.562785780822638033e-03,0.000000000000000000e+00,0.000000000000000000e+00
0.000000000000000000e+00,0.000000000000000000e+00,0.000000000000000000e+00,0.000000000000000000e+00,0.000000000000000000e+00,0.000000000000000000e+00,0.000000000000000000e+00,0.000000000000000000e+00,0.000000000000000000e+00,5.504581792581780819e-01,7.038645219870750758e+00,1.722923210528309454e-06,2.965611944141909362e+02,1.883258202841321236e+03,1.606024326567179742e+03,3.314519561527159567e+03,0.000000000000000000e+00,3.461774285971459904e+03,6.034682982083628303e+03,7.121585646294795424e+01,4.785716797822197610e-01,2.561829668389030163e-03,0.000000000000000000e+00,0.000000000000000000e+00
0.000000000000000000e+00,0.000000000000000000e+00,0.000000000000000000e+00,0.000000000000000000e+00,0.000000000000000000e+00,0.000000000000000000e+00,0.000000000000000000e+00,0.000000000000000000e+00,0.000000000000000000e+00,5.394861089058902159e-01,6.927458000012538086e+00,2.506786116820771864e-06,2.928095010693708105e+02,1.863769430316290254e+03,1.593014559015806071e+03,2.422417739278641236e+00,3.290564720777902949e+03,3.442423889932465954e+03,6.009856854353663948e+03,7.660316167549385113e+01,5.389876328045288822e-01,2.561748667772737256e-03,0.000000000000000000e+00,0.000000000000000000e+00
