# particle number concentration assuming water not removed from particles (#/cc (air)), with time changing with rows (corresponding times given in the time output file) and size bin changing with columns with size bin numbers given in the second row of the header
# 
0.000000000000000000e+00,0.000000000000000000e+00,0.000000000000000000e+00,0.000000000000000000e+00,0.000000000000000000e+00,0.000000000000000000e+00,0.000000000000000000e+00,0.000000000000000000e+00,0.000000000000000000e+00,0.000000000000000000e+00,0.000000000000000000e+00,0.000000000000000000e+00,0.000000000000000000e+00,0.000000000000000000e+00,0.000000000000000000e+00,0.000000000000000000e+00,0.000000000000000000e+00,0.000000000000000000e+00,0.000000000000000000e+00,0.000000000000000000e+00,0.000000000000000000e+00,0.000000000000000000e+00,0.000000000000000000e+00,0.000000000000000000e+00
8.600375991811240510e+02,0.000000000000000000e+00,0.000000000000000000e+00,0.000000000000000000e+00,0.000000000000000000e+00,0.000000000000000000e+00,0.000000000000000000e+00,0.000000000000000000e+00,0.000000000000000000e+00,0.000000000000000000e+00,0.000000000000000000e+00,0.000000000000000000e+00,0.000000000000000000e+00,0.000000000000000000e+00,0.000000000000000000e+00,0.000000000000000000e+00,0.000000000000000000e+00,0.000000000000000000e+00,0.000000000000000000e+00,0.000000000000000000e+00,0.000000000000000000e+00,0.000000000000000000e+00,0.000000000000000000e+00,0.000000000000000000e+00
8.229973926388711334e+02,0.000000000000000000e+00,0.000000000000000000e+00,0.000000000000000000e+00,8.316032289014428898e+02,8.230356503254279699e-02,0.000000000000000000e+00,0.000000000000000000e+00,0.000000000000000000e+00,0.000000000000000000e+00,0.000000000000000000e+00,0.000000000000000000e+00,0.000000000000000000e+00,0.000000000000000000e+00,0.000000000000000000e+00,0.000000000000000000e+00,0.000000000000000000e+00,0.000000000000000000e+00,0.000000000000000000e+00,0.000000000000000000e+00,0.000000000000000000e+00,0.000000000000000000e+00,0.000000000000000000e+00,0.000000000000000000e+00
1.170969947486376213e+03,0.000000000000000000e+00,0.000000000000000000e+00,0.000000000000000000e+00,0.000000000000000000e+00,7.990310265668210832e+02,7.630238636539991848e-02,0.000000000000000000e+00,0.000000000000000000e+00,0.000000000000000000e+00,0.000000000000000000e+00,8.225326003564385928e+02,6.751018548207565750e-02,0.000000000000000000e+00,0.000000000000000000e+00,0.000000000000000000e+00,0.000000000000000000e+00,0.000000000000000000e+00,0.000000000000000000e+00,0.000000000000000000e+00,0.000000000000000000e+00,0.000000000000000000e+00,0.000000000000000000e+00,0.000000000000000000e+00
1.469907845959533461e+03,0.000000000000000000e+00,0.000000000000000000e+00,0.000000000000000000e+00,0.000000000000000000e+00,1.138649296409031422e+03,0.000000000000000000e+00,1.548961593651138891e-01,0.000000000000000000e+00,0.000000000000000000e+00,0.000000000000000000e+00,7.908948027122245321e+02,4.543865436375403299e-01,5.930442783806263995e-02,8.174339159191166573e+02,1.939063346800578014e-01,5.240724049849036087e-02,0.000000000000000000e+00,0.000000000000000000e+00,0.000000000000000000e+00,0.000000000000000000e+00,0.000000000000000000e+00,0.000000000000000000e+00,0.000000000000000000e+00
1.671264893734157340e+03,0.000000000000000000e+00,0.000000000000000000e+00,0.000000000000000000e+00,0.000000000000000000e+00,0.000000000000000000e+00,1.429360158458046271e+03,2.440153864217106949e-01,0.000000000000000000e+00,0.000000000000000000e+00,0.000000000000000000e+00,0.000000000000000000e+00,1.128240324399436759e+03,1.172555597826797219e-01,0.000000000000000000e+00,7.869859659616927274e+02,8.138562910349770618e+02,3.492361076604462711e-01,5.281158646966088027e-02,0.000000000000000000e+00,0.000000000000000000e+00,0.000000000000000000e+00,0.000000000000000000e+00,0.000000000000000000e+00
1.757367803756476860e+03,0.000000000000000000e+00,0.000000000000000000e+00,0.000000000000000000e+00,0.000000000000000000e+00,0.000000000000000000e+00,1.622727295612761054e+03,3.149957729557016362e-01,0.000000000000000000e+00,0.000000000000000000e+00,0.000000000000000000e+00,0.000000000000000000e+00,1.415827227160001030e+03,4.255927097001655501e-01,8.540537525326643469e-05,1.121861414311731323e+03,2.301950550799400363e-01,1.594420105782550763e+03,8.988617637543173666e-01,1.497160763734272369e-04,0.000000000000000000e+00,0.000000000000000000e+00,0.000000000000000000e+00,0.000000000000000000e+00
1.737433229057482095e+03,0.000000000000000000e+00,0.000000000000000000e+00,0.000000000000000000e+00,0.000000000000000000e+00,1.700653808882694420e+03,0.000000000000000000e+00,3.471762588929004356e-01,0.000000000000000000e+00,0.000000000000000000e+00,0.000000000000000000e+00,0.000000000000000000e+00,1.606273107363631880e+03,2.414185785106703619e-01,0.000000000000000000e+00,1.407791004314612564e+03,1.113646443972901125e+03,3.264960669652826386e+00,1.589021325381430415e+03,1.337792132525121414e+00,3.904421567184421650e-04,0.000000000000000000e+00,0.000000000000000000e+00,0.000000000000000000e+00
1.636240621408063816e+03,0.000000000000000000e+00,0.000000000000000000e+00,0.000000000000000000e+00,0.000000000000000000e+00,1.671713548610230418e+03,3.364281053659819443e-01,0.000000000000000000e+00,0.000000000000000000e+00,0.000000000000000000e+00,0.000000000000000000e+00,1.680109072245324114e+03,6.195226013362630235e-01,1.564686855569552462e-04,1.595269173657444071e+03,4.396292879493194361e-01,1.400453383921341356e+03,1.109358420452599830e+03,3.811608486222420655e+00,1.585688201999493231e+03,1.682572984825192464e-01,3.124930872583201353e-05,0.000000000000000000e+00,0.000000000000000000e+00
1.483044761400204152e+03,0.000000000000000000e+00,0.000000000000000000e+00,0.000000000000000000e+00,1.560446507652251057e+03,2.924916914650796396e-01,0.000000000000000000e+00,0.000000000000000000e+00,0.000000000000000000e+00,0.000000000000000000e+00,1.646551790192411318e+03,6.144060729147767796e-01,1.610857201039103865e-04,1.666061253465625214e+03,6.151493476812703864e-01,1.585586611645980156e+03,9.351235593293825143e-01,1.394489375022245213e+03,1.109150541047546312e+03,1.581259669745053543e+03,5.713155972856537312e-01,1.326474600116199476e-04,3.119717790811914448e-05,0.000000000000000000e+00
1.304247990232164739e+03,0.000000000000000000e+00,0.000000000000000000e+00,1.397025083419131079e+03,2.320603150458322717e-01,0.000000000000000000e+00,0.000000000000000000e+00,0.000000000000000000e+00,0.000000000000000000e+00,1.530129787542908389e+03,2.609898392132957157e-01,0.000000000000000000e+00,1.628909104166828001e+03,8.530303469467570565e-01,1.653642421687926799e+03,1.327460678207731393e+00,1.577989891581105667e+03,1.388526269289145603e+03,1.105374929025847223e+03,1.576933698646954326e+03,1.282568833726662749e+00,6.515489061854836967e-04,3.142076415281197798e-05,0.000000000000000000e+00
1.120080387614114443e+03,0.000000000000000000e+00,1.210351925616984090e+03,1.714425398444937576e-01,0.000000000000000000e+00,0.000000000000000000e+00,0.000000000000000000e+00,1.360887139038841951e+03,4.424427022033146639e-01,1.066969993097029493e-04,1.508038440860461833e+03,8.132903489989208312e-01,2.305683909044722313e-01,1.614733700585154111e+03,2.260313617631981298e-01,1.644031650515366437e+03,1.569645027869877822e+03,1.382787882487346451e+03,1.101603337065989081e+03,1.572665877638774418e+03,2.300474133799388810e+00,1.602960441947656745e-01,6.018376423721258605e-05,0.000000000000000000e+00
9.440950992922553269e+02,9.542238638460282800e+02,1.337187618215051887e-01,0.000000000000000000e+00,0.000000000000000000e+00,0.000000000000000000e+00,1.170017441538411504e+03,3.296029076169442740e-01,7.020671878501563679e-05,1.335889541646447242e+03,6.294352306688929533e-01,1.489490075954512349e+03,1.484083747462198177e+00,1.600779185103822556e+03,6.794195088571309826e-01,1.633037599246582658e+03,1.561594104146956624e+03,1.376374885890093992e+03,1.099168053365264086e+03,1.568469782609481854e+03,3.297246952447780544e+00,3.182332077122375646e-01,6.016073357448810090e-05,1.264716317422441330e-08
7.841310677076617139e+02,7.840692669256544605e+02,8.827165461391794921e-02,0.000000000000000000e+00,0.000000000000000000e+00,9.151400842874719501e+02,2.293673709166245134e-01,4.021698503222487751e-05,1.142907779403017457e+03,4.719458666149002335e-01,1.315036608441976568e+03,1.160891634182436238e+00,1.474312534764902011e+03,6.046816399826887567e-01,1.588574504691562879e+03,1.622475103484300917e+03,1.553157128614255498e+03,1.431464277975855515e+00,2.466114436501170530e+03,1.563932827827059100e+03,4.660471729070793323e+00,4.757504094652290627e-01,6.025360709473398193e-05,2.521737307741647529e-08
1.281112601726781349e+03,5.754540414097945866e-02,0.000000000000000000e+00,0.000000000000000000e+00,7.464319015166100826e+02,1.512354466558832322e-01,2.168064548398869362e-05,8.895978169736242762e+02,3.165277667955334606e-01,1.121075189230419255e+03,8.486900500510460299e-01,1.298198147744635207e+03,1.458663716495167819e+03,1.373209253942884844e+00,1.576075691751024578e+03,1.612100466791295958e+03,9.398447846239228465e-01,1.547364515278625731e+03,2.456816143143686531e+03,1.559446098901457844e+03,5.994705915948937758e+00,6.324549399088822410e-01,6.052385395385264131e-05,3.775059662191683736e-08
5.237335510314151179e+02,0.000000000000000000e+00,0.000000000000000000e+00,1.197537807289387047e+03,2.232073954079191458e-01,0.000000000000000000e+00,7.223228106800123669e+02,1.470248352413821846e-01,8.696673342450379778e+02,5.540240313863670218e-01,1.103387088620560917e+03,1.281387449955875127e+03,5.793155051256074772e-01,1.446031473641328375e+03,1.564056155590092203e+03,1.601432138889957059e+03,2.350492030195322712e+00,1.540269142945895283e+03,2.447630713705850667e+03,1.555002714966482245e+03,7.303833485939403403e+00,7.884014189108111692e-01,6.102270330790713802e-05,5.029402308580068311e-08
8.338423281099443329e+02,2.359011317755523376e-02,0.000000000000000000e+00,0.000000000000000000e+00,0.000000000000000000e+00,1.148453090607714785e+03,3.737401556555398630e-01,7.037214082594884985e+02,3.612245214593998721e-01,8.528724550386552892e+02,1.087189783732247179e+03,3.999771893480766893e-01,1.266906387360586905e+03,1.432368790599315389e+03,1.552385964095457439e+03,1.589290982675807527e+03,5.590183807321902343e+00,1.532883918969103888e+03,2.438300774770637418e+03,1.550723453949586883e+03,9.081393644855868530e+00,9.435844794863835761e-01,2.310938362808405888e-04,8.039721724910384821e-08
3.397725063841353403e+02,0.000000000000000000e+00,7.660979810588611372e+02,6.872767760256708047e-02,2.230546231404053822e-02,0.000000000000000000e+00,1.112536594510741907e+03,6.885884075728914144e-01,6.884044008057641122e+02,5.443134116835451897e-01,8.382003491098942050e+02,1.072296041659547654e+03,1.252668414321639375e+03,1.419227158530665292e+03,1.540997891213217372e+03,1.092875606524236209e+00,1.585785961455690313e+03,1.525605356493993895e+03,2.429066946429682503e+03,1.546481617776255689e+03,1.082202327007428444e+01,1.098323689338668308e+00,4.308675490844180497e-04,8.032990261922299324e-08
5.299948288722171128e+02,0.000000000000000000e+00,0.000000000000000000e+00,0.000000000000000000e+00,7.271862026827642467e+02,1.504102236186176667e-01,2.148705235926677996e-05,1.083631171296050752e+03,9.133672327326306517e-01,6.755817611167847190e+02,8.249598966996519493e+02,1.058022993415504288e+03,1.239092245125115141e+03,1.406516942429670507e+03,1.529371439686536633e+03,2.924379505758615050e+00,1.576855915277152008e+03,1.518424612713634815e+03,2.419920826212390239e+03,1.541311024384984421e+03,1.346027418902458095e+01,1.252778755129746457e+00,6.600465249724244343e-04,8.029891222385650931e-08
2.164903320793418970e+02,4.371885845782776414e+02,2.816104661616184932e-02,0.000000000000000000e+00,0.000000000000000000e+00,6.995331835771618216e+02,2.847738394821076047e-01,5.867944482917718946e-02,1.058953030451099039e+03,6.643944549971367906e+02,8.125582319394825390e+02,1.044692898920312246e+03,1.225803259148243114e+03,1.394040907503594781e+03,1.655314176365465517e+00,1.521872218510758103e+03,1.567642367716222225e+03,1.511726331390137830e+03,2.410856866350806285e+03,1.535600090434747244e+03,1.660314990313153416e+01,1.407184335768233874e+00,9.184245849184773016e-04,8.031672799643329957e-08
3.318355300022838037e+02,0.000000000000000000e+00,0.000000000000000000e+00,4.100678629661675814e+02,4.654802628088015870e-02,3.707645966392522653e-06,6.776191611786231306e+02,4.585808217542329812e-01,1.115338707626724324e-01,1.037291231478423015e+03,6.533664068228080168e+02,8.011325274813312944e+02,2.245002758312209153e+03,1.381627713672004802e+03,3.475671220899868352e+00,1.511665083728119725e+03,1.558574256595752104e+03,1.505100084890529388e+03,2.401190812564162115e+03,1.530031746785181213e+03,2.020577076175072051e+01,1.561759700431326392e+00,1.205898041765020865e-03,8.039741043648567983e-08
3.986046329333689187e+02,9.828121964976538338e-03,0.000000000000000000e+00,0.000000000000000000e+00,0.000000000000000000e+00,3.913767595395788135e+02,1.838452507286578511e-02,6.592794997057824276e+02,6.276392953689153842e-01,1.017548199954786355e+03,6.431649850141376419e+02,7.902792404115995168e+02,2.220132673622297716e+03,1.177022442474946473e+00,1.374123247917440040e+03,1.501320867899160021e+03,1.549968520368825466e+03,1.498540685379744673e+03,2.391612552441119533e+03,1.522411205011616175e+03,2.570434566183539360e+01,1.716930763122967774e+00,1.522442221959266224e-03,8.055664942161932688e-08
1.079786282395325543e+02,3.639282982398972877e+02,0.000000000000000000e+00,2.433508516845107189e-02,1.554867246942973313e-06,0.000000000000000000e+00,3.768696537536334290e+02,3.481435090352757306e-02,6.439301654632422469e+02,9.989805750496394694e+02,6.337673736425479092e+02,7.801034850202985353e+02,2.195761916708454009e+03,2.697199591684591446e+00,1.363398457469977075e+03,1.491162049118728419e+03,1.541476378419594994e+03,1.492043663496286854e+03,2.382117037014790185e+03,1.718684327520360267e+00,1.544532684769201296e+03,1.863746523740781758e+00,1.866975367358708442e-03,8.081088005834033021e-08
1.618021144534482687e+02,0.000000000000000000e+00,0.000000000000000000e+00,3.416716467096032375e+02,3.695185703164984709e-02,4.017931109690897861e-06,3.648275590291357275e+02,7.139155196292462646e-02,6.295614726659362077e+02,5.761526127832690414e-02,9.820302774405141690e+02,1.394880208322838826e+03,4.760399846177208460e-01,2.175966560307012514e+03,1.352392820310833486e+03,1.481682432789660197e+03,1.533089777878112045e+03,1.485219458076976935e+03,2.373057041559903155e+03,3.407331917665474386e+00,1.540964977413539145e+03,2.009984156524551313e+00,2.238297739432463813e-03,8.117701618562571335e-08
1.848538061642448724e+02,0.000000000000000000e+00,0.000000000000000000e+00,0.000000000000000000e+00,3.253093062638721449e+02,3.549628140004144200e-02,1.270301344394456772e-02,3.544718248479311455e+02,8.427477026054497333e-02,6.165368587701098022e+02,9.660822591610497057e+02,1.376493259113977501e+03,9.425001757572699645e-01,2.154301002423803766e+03,1.341612292662372511e+03,1.472342840641812927e+03,1.524406355521866772e+03,1.478819548420809951e+03,2.364063956986390622e+03,5.067269225998779270e+00,1.537412381810717761e+03,2.155479827027115824e+00,2.636105184049441184e-03,8.167380547129338161e-08
1.954132562010235290e+02,2.870859449101539288e-03,0.000000000000000000e+00,0.000000000000000000e+00,0.000000000000000000e+00,3.122561591006419235e+02,4.657959904356314546e-02,3.452253414735708361e+02,1.568449052698573654e-01,6.043970746287094471e+02,9.509365260702824116e+02,1.358676881875648405e+03,1.604750711388715612e+00,2.132659204796655558e+03,1.331584235551280926e+03,1.462753557788054877e+03,1.515896121557800825e+03,1.472501556333699227e+03,2.354505771170169282e+03,7.352753255973047963e+00,1.533873750936693341e+03,2.300305365000331559e+00,3.060088817025763321e-03,8.232116492810651961e-08
4.193863079387665493e+01,1.592262076624539588e+02,6.298046793779646033e-03,2.036778414339614070e-07,0.000000000000000000e+00,0.000000000000000000e+00,3.012947919898310261e+02,5.598925560100701665e-02,3.370668261147317253e+02,5.930006526685903054e+02,9.364263932731375917e+02,1.341472701726098421e+03,2.378310148906010113e+00,2.111555772916373826e+03,1.321724368611709679e+03,1.452630124372226419e+03,1.508078947001519509e+03,1.466231337075046440e+03,2.345024087860751024e+03,9.596824061646925585e+00,1.530348435496563752e+03,2.444531406215428859e+00,3.509956642986266067e-03,8.314018758153703980e-08
6.124359198680377858e+01,0.000000000000000000e+00,1.470827805381336759e+02,8.431617077041712177e-03,4.513378175258265517e-07,0.000000000000000000e+00,2.917551933246508042e+02,6.964249758834466231e-02,3.294192954089759837e+02,5.822809397267386657e+02,1.022331605144880112e-01,9.227584158356120270e+02,1.327389802022131789e+03,2.091185327677063015e+03,1.311688165716461526e+03,1.442984237022075376e+03,1.500333017730439451e+03,1.460006955055825529e+03,2.335615687302480637e+03,1.180135253141493479e+01,1.526835908532340227e+03,2.588159453669701016e+00,3.985426725818627669e-03,8.415311242711426776e-08
6.474986965602596456e+01,0.000000000000000000e+00,0.000000000000000000e+00,1.381630996746360438e+02,8.019809091226987041e-03,2.265595095146078972e-03,4.121791967258849986e-08,2.833479513854171046e+02,3.223029803747486994e+02,4.028421825635904868e-02,5.722962555426364588e+02,9.095148563529035073e+02,1.311534432592552321e+03,2.071255750835291110e+03,1.301810029426053916e+03,1.433462785304755471e+03,1.492655246690424292e+03,1.453826455372661485e+03,2.326277694924315711e+03,1.396800048553343387e+01,1.523335698627067814e+03,2.731190702990983876e+00,4.486220228249055038e-03,8.538328373351683275e-08
5.975957750600929330e+01,0.000000000000000000e+00,0.000000000000000000e+00,0.000000000000000000e+00,1.311164705341869876e+02,1.190737134904693711e-02,3.534603574226059806e-07,2.756611721811065081e+02,1.077207873894732784e-02,3.157184537401683428e+02,5.626477949512732266e+02,8.967889504603775777e+02,1.296123389138668244e+03,2.051366330795309295e+03,1.292447468330291713e+03,1.424059324091725102e+03,1.485042736540277929e+03,1.447688206310439227e+03,2.317007505289128858e+03,1.609831040556670345e+01,1.519847382224164903e+03,2.873626059665626897e+00,5.012061130713819056e-03,8.685512094962302786e-08
5.123682419250602749e+01,0.000000000000000000e+00,0.000000000000000000e+00,0.000000000000000000e+00,0.000000000000000000e+00,1.252708781574077648e+02,1.334554975334059299e-02,3.833008418637421325e-07,2.686291331406185350e+02,3.094540366328674281e+02,5.534377338065642107e+02,8.844275680590880029e+02,1.281179361159712016e+03,2.031871425138733457e+03,1.283208971759288261e+03,1.414639198141915131e+03,1.477621723455397159e+03,1.441590781400946298e+03,2.306658452548043442e+03,1.926177637957284006e+01,1.516370674284066126e+03,3.015570604189373949e+00,5.562685980487422528e-03,8.859412190401202770e-08
