# particle number concentration assuming water not removed from particles (#/cc (air)), with time changing with rows (corresponding times given in the time output file) and size bin changing with columns with size bin numbers given in the second row of the header
# 
0.000000000000000000e+00,0.000000000000000000e+00,0.000000000000000000e+00,0.000000000000000000e+00,0.000000000000000000e+00,0.000000000000000000e+00,0.000000000000000000e+00,0.000000000000000000e+00,0.000000000000000000e+00,0.000000000000000000e+00,0.000000000000000000e+00,0.000000000000000000e+00
0.000000000000000000e+00,0.000000000000000000e+00,0.000000000000000000e+00,0.000000000000000000e+00,0.000000000000000000e+00,0.000000000000000000e+00,0.000000000000000000e+00,0.000000000000000000e+00,0.000000000000000000e+00,0.000000000000000000e+00,0.000000000000000000e+00,0.000000000000000000e+00
0.000000000000000000e+00,0.000000000000000000e+00,0.000000000000000000e+00,0.000000000000000000e+00,0.000000000000000000e+00,0.000000000000000000e+00,0.000000000000000000e+00,0.000000000000000000e+00,0.000000000000000000e+00,0.000000000000000000e+00,0.000000000000000000e+00,0.000000000000000000e+00
3.999999999999992724e+03,3.969760445776902088e+03,3.968995829004571533e+03,3.969941273350478696e+03,3.970779783230893827e+03,3.971229690467931505e+03,3.970897819401520792e+03,3.967263678873587196e+03,2.115102847445977208e+00,9.935827528043773560e-01,5.844061088713968788e-01,1.069332290833205246e+00
3.984902311792400724e+03,3.634225714456981677e+03,3.889518790125037867e+03,3.896129670569313021e+03,3.914284493832134558e+03,3.924586698256687669e+03,3.931619497857596798e+03,3.937339596648119823e+03,3.944514394730875210e+03,3.928222515973828649e+03,9.118965170062939052e+00,3.480520287121667877e+01
1.506025773322471650e+01,3.115641894698161195e+03,3.432583733557448795e+03,3.809765660751867472e+03,3.838324329667370421e+03,3.866617601607602410e+03,3.886848521816745233e+03,3.898679044993733442e+03,3.908082578932067463e+03,3.918714171551413529e+03,3.889541737890530385e+03,8.504459348247038974e+01
1.127909465657818622e+01,2.840156406219450218e+03,3.294017996951741225e+03,3.740007685394537020e+03,3.785982992539368297e+03,3.822542634713984171e+03,3.848533879873791648e+03,3.865106029095884878e+03,3.880867030604481897e+03,3.891278120525875238e+03,3.871649071533636743e+03,1.142526452322107389e+02
9.430864249837187074e+00,2.667780738973235202e+03,3.186285805270373658e+03,3.676933083729143164e+03,3.737464259088581912e+03,3.781292369737532226e+03,3.812252536096892982e+03,3.832842588914199041e+03,3.852294207622320755e+03,3.865393010615819094e+03,3.855475953730616766e+03,1.427998453649495900e+02
8.748139829689298708e+00,2.542697610865129263e+03,3.096409349132693478e+03,3.618728622493593775e+03,3.691745277395589710e+03,3.742367795129550814e+03,3.777665076773474539e+03,3.801872688659874711e+03,3.820876867101041626e+03,3.838317868832878503e+03,3.841073541984894746e+03,1.718312204649623709e+02
8.260875072193062607e+00,2.443431212883484477e+03,3.018142444472566694e+03,3.564280600740729369e+03,3.645873190833491662e+03,3.705016912087855872e+03,3.744650573484484539e+03,3.772062306263566370e+03,3.790505562770875713e+03,3.812059967502066684e+03,3.827753095018197200e+03,2.004517292009078062e+02
7.880578481910684552e+00,2.360147030487346001e+03,2.948053149815738834e+03,3.512844789803772528e+03,3.602006768787110559e+03,3.666502058730580757e+03,3.712913165073814980e+03,3.743294320997570594e+03,3.761183850777135831e+03,3.786234821791124432e+03,3.815473105501349437e+03,2.286472432325522277e+02
7.566249991542091990e+00,2.287678722685202047e+03,2.884068937265906698e+03,3.463900340745500671e+03,3.559849814243564651e+03,3.629162499009791190e+03,3.679656805565952254e+03,3.715456592132418336e+03,3.732814887742833434e+03,3.761006741778609921e+03,3.803781737473261273e+03,2.564895032084371564e+02
7.296328007322549603e+00,2.223029770210665447e+03,2.824849599509952895e+03,3.417064693733243985e+03,3.519172941804543370e+03,3.592904068150001422e+03,3.647174023470092834e+03,3.682140568892192277e+03,3.705853398161786117e+03,3.736846500417666903e+03,3.792933688914407867e+03,2.846091392732970462e+02
7.058264473088914137e+00,2.164316488800086063e+03,2.769475749660054134e+03,3.372048950423732094e+03,3.479798299074025635e+03,3.557640917858895136e+03,3.615330917127957036e+03,3.649716313630061450e+03,3.676491384344595645e+03,3.713296201748111343e+03,3.782367662856332117e+03,3.123523800974175515e+02
6.844196686772996863e+00,2.110282433747288906e+03,2.717288598599353463e+03,3.328628310137943572e+03,3.441583439380154232e+03,3.523272541078759787e+03,3.584075342394754898e+03,3.618093064258613140e+03,3.647723840340672723e+03,3.690143448083510066e+03,3.772110460829283511e+03,3.396940845883084990e+02
6.648891878243538223e+00,2.060047012643032758e+03,2.667798432068581405e+03,3.286621918219704185e+03,3.404410989832921587e+03,3.489714863145868549e+03,3.553455720702695089e+03,3.587013378202821059e+03,3.619587659663646718e+03,3.667355023754577360e+03,3.762115120361110712e+03,3.666173281945090139e+02
6.468707338386753491e+00,2.012970535952005548e+03,2.620621741136903893e+03,3.245885496012114800e+03,3.368183425792655726e+03,3.456897151733131068e+03,3.523434095614050420e+03,3.556413161565551491e+03,3.592039035008982864e+03,3.642236232993182057e+03,3.752262568961935358e+03,3.931276578352545812e+02
6.301013943806747619e+00,1.968574699291194747e+03,2.575447137524440222e+03,3.206304410444601217e+03,3.332821070984284688e+03,3.424761415806485729e+03,3.493965973269469032e+03,3.526324743581519215e+03,3.564915687797571991e+03,3.617590384169745903e+03,3.742488233465592202e+03,4.192215738938531899e+02
6.143843738212206418e+00,1.926489889407500641e+03,2.532046245966337665e+03,3.167777268444604488e+03,3.298254951118760346e+03,3.393256788556014271e+03,3.465011948405913699e+03,3.496740587757079084e+03,3.538142777967265829e+03,3.593403117737433604e+03,3.732777269732629065e+03,4.448910742047943927e+02
5.995688671428288430e+00,1.886425380325516016e+03,2.490231367304270407e+03,3.130217380376818255e+03,3.264425555432341298e+03,3.362339247960611374e+03,3.433445693832546567e+03,3.468019455824367924e+03,3.511981989567933397e+03,3.569906870322964551e+03,3.723534809298777418e+03,4.705318936923318915e+02
5.855367137918287668e+00,1.848147279315091055e+03,2.449851785664552608e+03,3.093552033056459550e+03,3.231283201467071194e+03,3.331971573866328981e+03,3.402444285411195779e+03,3.439755202437751905e+03,3.486125700768319348e+03,3.546704478914373340e+03,3.714375148646872276e+03,4.957331418270269978e+02
5.721935184878113922e+00,1.811465456181455238e+03,2.410778957624973827e+03,3.057718736488562172e+03,3.198783225304765892e+03,3.302120368085648352e+03,3.371973871264260652e+03,3.411921336716644419e+03,3.460561519475342266e+03,3.523781345586006864e+03,3.705279235424940453e+03,5.204946162973529908e+02
5.594624958082801136e+00,1.776222057071564905e+03,2.372903874698204163e+03,3.022661859226176603e+03,3.166886642473417851e+03,3.272756227971993667e+03,3.342004532235313036e+03,3.384494460023418469e+03,3.435278188971777126e+03,3.501124497627276924e+03,3.696233833162165411e+03,5.448137372077555938e+02
5.472803954752539113e+00,1.742284879288466527e+03,2.336133796346355211e+03,2.988333497780418838e+03,3.135559226507984022e+03,3.243853167856526397e+03,3.312509796240683954e+03,3.357453810998087192e+03,3.410265635636874777e+03,3.478722285953363098e+03,3.687225921956959155e+03,5.686915212825286972e+02
5.355944147333278949e+00,1.709541898765810856e+03,2.300388700443513244e+03,2.954691221709157617e+03,3.104770540707777400e+03,3.215388041260128830e+03,3.283466071225067481e+03,3.330780873277791216e+03,3.385550996563371427e+03,3.456497173806844330e+03,3.678273337701431046e+03,5.921314168332588679e+02
5.243599791291023493e+00,1.677897292204892665e+03,2.265599084788836535e+03,2.921697457857348127e+03,3.074493461005650715e+03,3.187340153384072437e+03,3.254852240900256675e+03,3.304459083970765278e+03,3.361130381035649862e+03,3.434431856290958876e+03,3.669372448280437766e+03,6.151332681723221185e+02
5.135389799132711985e+00,1.647268018871985532e+03,2.231703564970797743e+03,2.889318464878353552e+03,3.044703560319770986e+03,3.159690826526402816e+03,3.226649236690538146e+03,3.278473483032380045e+03,3.336991369923255661e+03,3.412526902400597919e+03,3.660514497408106308e+03,6.376959809792480200e+02
5.030987804716658296e+00,1.617582222095903489e+03,2.198648529541528660e+03,2.857524339989240616e+03,3.015385153648290725e+03,3.132411604564230856e+03,3.198845513537296483e+03,3.252810644998018688e+03,3.313122842199006755e+03,3.390782617900723380e+03,3.651686487134290473e+03,6.598251261023617644e+02
4.930109175161959456e+00,1.588774876769523644e+03,2.166385828875504558e+03,2.826287893662065017e+03,2.986523834611536131e+03,3.105476765957226235e+03,3.171430432700748042e+03,3.227458320959758566e+03,3.289514650595858711e+03,3.369199013267736518e+03,3.642876718774984056e+03,6.815266451994987165e+02
4.832505426217543310e+00,1.560791810832881993e+03,2.134872654117490583e+03,2.795584621656030322e+03,2.958100156152360796e+03,3.078875171211437646e+03,3.144388494308908321e+03,3.202405378675009160e+03,3.266157591895554560e+03,3.347776794944566518e+03,3.634073729095746330e+03,7.028069977503693053e+02
4.737958934092616481e+00,1.533583656612955565e+03,2.104070776291482616e+03,2.765392371438447299e+03,2.930096529896148240e+03,3.052596648492764416e+03,3.117705648700554775e+03,3.177641714739149393e+03,3.243043333826632079e+03,3.326530478700997264e+03,3.625248823347486905e+03,7.236773848108500715e+02
4.646275356906731879e+00,1.507105901613188280e+03,2.073945301309570823e+03,2.735690736504850520e+03,2.902496733366295302e+03,3.026631761839489627e+03,3.091368921688524551e+03,3.153157987239157592e+03,3.220164189838073980e+03,3.305457184794035584e+03,3.616396959550553220e+03,7.441436096693303170e+02
4.557283012812964884e+00,1.481318970168447322e+03,2.044464969593336491e+03,2.706461217229351860e+03,2.875286055374209809e+03,3.000971819280013733e+03,3.065366516677362142e+03,3.128945684373853965e+03,3.197513182858877371e+03,3.284554214587651131e+03,3.607513924634681644e+03,7.642115340626976376e+02
4.470827308164667890e+00,1.456186888540209793e+03,2.015601034177741440e+03,2.677686707984395071e+03,2.848450892661589933e+03,2.975608744670662418e+03,3.039687515267850358e+03,3.104996920688333375e+03,3.175083857639293910e+03,3.263818942012530442e+03,3.598595955083632816e+03,7.838871856257528634e+02
4.386768710818669703e+00,1.431676991871031305e+03,1.987327181152605135e+03,2.649351387216813691e+03,2.821978659075166888e+03,2.950534985512356798e+03,3.014321801937035616e+03,3.081304378763020395e+03,3.152870238219100884e+03,3.243248840530702182e+03,3.589639739633464160e+03,8.031766642667753331e+02
4.304981928605031705e+00,1.407759757756849467e+03,1.959619446047933252e+03,2.620509347314740353e+03,2.795853356160115254e+03,2.925745313556342808e+03,2.989259817126854614e+03,3.057861079910205262e+03,3.130866594385415738e+03,3.222841236359081449e+03,3.580642224703288321e+03,8.220858839136398046e+02
4.225354009376758313e+00,1.384408466633504304e+03,1.932456075775969566e+03,2.592113368429038474e+03,2.770053267791070994e+03,2.901238713055825428e+03,2.964493231853952238e+03,3.034661088114006816e+03,3.109068138900968734e+03,3.202594102568971721e+03,3.571600667825678556e+03,8.406208118153222131e+02
4.147780122415476001e+00,1.361598068386165551e+03,1.905816383427174060e+03,2.564149448069767459e+03,2.744570292796714057e+03,2.877008082600831585e+03,2.940013942217863132e+03,3.011698516164684406e+03,3.087470101813687961e+03,3.182505172684875106e+03,3.562513062364989310e+03,8.587875624602015705e+02
4.072165230196791441e+00,1.339305769532488512e+03,1.879681431088585668e+03,2.536604608629344057e+03,2.719396823814944128e+03,2.853046815008356134e+03,2.915814441681561675e+03,2.988967899058034618e+03,3.066068075468497682e+03,3.162572295819462397e+03,3.553377819926371558e+03,8.765922037928952477e+02
3.998422210831674928e+00,1.317510553422307794e+03,1.854033623726184032e+03,2.509466715722528534e+03,2.694525709774865391e+03,2.829348725480067969e+03,2.891887724576402434e+03,2.966464130353337168e+03,3.044857954252439413e+03,3.142793398327628438e+03,3.544193686903035996e+03,8.940407459766718148e+02
3.926470486015575911e+00,1.296192875363561598e+03,1.828856494468962865e+03,2.482724352921828086e+03,2.669950187236736383e+03,2.805907981646336339e+03,2.868227207874009309e+03,2.944182403847265959e+03,3.023835883209463645e+03,3.123166462437789050e+03,3.534959645237359382e+03,9.111391724860036447e+02
3.856235546342573262e+00,1.275334564941020744e+03,1.804134638891590157e+03,2.456366776894596114e+03,2.645663850660726439e+03,2.782719080374479290e+03,2.844826704157444510e+03,2.922118194082533591e+03,3.002998242921434212e+03,3.103689533543798007e+03,3.527352377124747363e+03,9.278921781685274937e+02
3.787646674441040417e+00,1.254918225690903000e+03,1.779853031593517471e+03,2.430383183820965314e+03,2.621659939115355428e+03,2.759776149896822517e+03,2.821679611712793303e+03,2.900266458493759274e+03,2.982340851596481116e+03,3.084359895530991253e+03,3.519664367871800550e+03,9.443051639900568262e+02
3.720640078348667057e+00,1.234928166741261293e+03,1.755998196832893427e+03,2.404764054360742648e+03,2.597932709484262887e+03,2.737074307456781298e+03,2.798780478603898700e+03,2.878623204648409683e+03,2.961860541382050542e+03,3.065175770364991422e+03,3.511895812726460463e+03,9.603839323440874978e+02
3.655156048884921294e+00,1.215349631827663416e+03,1.732557410148381223e+03,2.379500367112870663e+03,2.574476693637349854e+03,2.714615160395932435e+03,2.776111981190941606e+03,2.857190567715796078e+03,2.941554315505598879e+03,3.046135425136411868e+03,3.504047062336995168e+03,9.761342042706545499e+02
3.591139029261002147e+00,1.196168843003842767e+03,1.709518714717108878e+03,2.354583583784148686e+03,2.551286677931293525e+03,2.692393888335040629e+03,2.753670060675210152e+03,2.835964566948825905e+03,2.921419346548989779e+03,3.027237182162411045e+03,3.496118626509095066e+03,9.915616160672038859e+02
3.528536747422203135e+00,1.177372774601459014e+03,1.686870758395188886e+03,2.330005577884169270e+03,2.528357680598142906e+03,2.670405688275137891e+03,2.731451256262424977e+03,2.814941218946723893e+03,2.901452947520655471e+03,3.008479404594486368e+03,3.488111140442662418e+03,1.006671707726129057e+03
3.467300726337755989e+00,1.158949307964456693e+03,1.664602890504287870e+03,2.305758636543535886e+03,2.505684923709257873e+03,2.648646022047767474e+03,2.709452229315705608e+03,2.794116764954910650e+03,2.881652573807750287e+03,2.989860531698793238e+03,3.480025547622067279e+03,1.021469626049824797e+03
3.407385250186888648e+00,1.140886983446411932e+03,1.642705006641770069e+03,2.281835437977378206e+03,2.483263860242081137e+03,2.627110596290342073e+03,2.687669784233537939e+03,2.773487662689610715e+03,2.862015821108838281e+03,2.971378995475376541e+03,3.471862437465421408e+03,1.035961286835593000e+03
3.348746965348818883e+00,1.123174836089336623e+03,1.621167395187806733e+03,2.258228930146066432e+03,2.461090086074832925e+03,2.605795268011956068e+03,2.666100795444152936e+03,2.753050499725714417e+03,2.842540365253249547e+03,2.953033390153542314e+03,3.463623263619267618e+03,1.050151005468953826e+03
3.291344579321926478e+00,1.105802573472008817e+03,1.599980931563693957e+03,2.234932422152046911e+03,2.439159420720912749e+03,2.584696153128142214e+03,2.644742315468380639e+03,2.732802073356940582e+03,2.823224009838796064e+03,2.934821925599302176e+03,3.455307883527098511e+03,1.064046333735752341e+03
3.235140100958415310e+00,1.088760467166441003e+03,1.579136885122022250e+03,2.211939503858257012e+03,2.417467801975061775e+03,2.563809505766980692e+03,2.623591427481482242e+03,2.712739315825275298e+03,2.804064648750144897e+03,2.916743265148836144e+03,3.446917884805663562e+03,1.077651519181300273e+03
3.180097188143806708e+00,1.072039250402347079e+03,1.558626917664201983e+03,2.189244010320215693e+03,2.396011303043365842e+03,2.543131732049582297e+03,2.602645289426208819e+03,2.692859285844946498e+03,2.785060261809028816e+03,2.898796199309131680e+03,3.438455002476098343e+03,1.090970478399030071e+03
3.126181222126112935e+00,1.055630097259951071e+03,1.538443068268041316e+03,2.166840035340431314e+03,2.374786150985637960e+03,2.522659401753649036e+03,2.581901166642925091e+03,2.673159177761649971e+03,2.766208906097458566e+03,2.880979335028618607e+03,3.429920386794372007e+03,1.104008341401303824e+03
3.073359467088196961e+00,1.039524604076126707e+03,1.518577718368698925e+03,2.144721894659570353e+03,2.353140045066383209e+03,2.502387813766031741e+03,2.561356845316248382e+03,2.653636147043646815e+03,2.747508566660376800e+03,2.863291326138557451e+03,3.421315523394153388e+03,1.116768882346644432e+03
3.021600993968466486e+00,1.023714883974021632e+03,1.499023745164889988e+03,2.122884350818259463e+03,2.331738748036427296e+03,2.482311669650862768e+03,2.541011040322652207e+03,2.634287802298913903e+03,2.728957630996218086e+03,2.845730921362424397e+03,3.412641085798725726e+03,1.129257396726862225e+03
2.970876018803846108e+00,1.008193277470297858e+03,1.479774144599115743e+03,2.101322135341457852e+03,2.310578245147699363e+03,2.462428302255114886e+03,2.520861064158879799e+03,2.615111670328707987e+03,2.710554366915435367e+03,2.828296830859391321e+03,3.403898433472446868e+03,1.141478684692927800e+03
2.921156206981344372e+00,9.929524668269832546e+02,1.460822185498697536e+03,2.080030164989865625e+03,2.289654647085816578e+03,2.442735122164277982e+03,2.500904304941123883e+03,2.596105369348503245e+03,2.692297100122270422e+03,2.810987809077888869e+03,3.395089001291205932e+03,1.153437370926286121e+03
2.872413999469594970e+00,9.779853421392698465e+02,1.442161364398085880e+03,2.059003528588898007e+03,2.268964175852966946e+03,2.423229599782832338e+03,2.481138205842735260e+03,2.577266598545251327e+03,2.674184204260639490e+03,2.793802659344774383e+03,3.386214282872213062e+03,1.165137884638123751e+03
2.824624116638722704e+00,9.632853242259241142e+02,1.423785527548453729e+03,2.038237497862142618e+03,2.248503176616151450e+03,2.403909304833861825e+03,2.461560328550326631e+03,2.558593152600793019e+03,2.656214117047341006e+03,2.776740156445899174e+03,3.377275795105526868e+03,1.176584711466810631e+03
2.777761419971849222e+00,9.488458834800128443e+02,1.405688636440721893e+03,2.017727480046151641e+03,2.228268091469596129e+03,2.384771844823809715e+03,2.442168249114730770e+03,2.540082884435794313e+03,2.638385308272065231e+03,2.759799157629802721e+03,3.368275080091546897e+03,1.187782102442371752e+03
2.731802107863344542e+00,9.346608163691081472e+02,1.387864909680396522e+03,1.997469033099630678e+03,2.208255459688222345e+03,2.365814895903103661e+03,2.422959627781732706e+03,2.521733721582484122e+03,2.620696296309674835e+03,2.742978516679856057e+03,3.359213678975133917e+03,1.198734296656498600e+03
2.686723337511192078e+00,9.207241575013455304e+02,1.370308761928328749e+03,1.977457861833089510e+03,2.188461931077875761e+03,2.347036200219365128e+03,2.403932170813816811e+03,2.503543659116552590e+03,2.603145638676899125e+03,2.726277120166152145e+03,3.350093166796038076e+03,1.209445437274244341e+03
2.642503214282453605e+00,9.070301680069660506e+02,1.353014800397489807e+03,1.957689794156973903e+03,2.168884229955398496e+03,2.328433545756821331e+03,2.385083647661518626e+03,2.485510750895471119e+03,2.585731931750685817e+03,2.709693870789702032e+03,3.340915100391163378e+03,1.219919604294489091e+03
2.599120636779395532e+00,8.935733124315542000e+02,1.335977810664498747e+03,1.938160782475833912e+03,2.149519170155017491e+03,2.310004775664094268e+03,2.366411877062446365e+03,2.467633107010524782e+03,2.568453805694929997e+03,2.693227691834013058e+03,3.331681052638007714e+03,1.230160792908012581e+03
2.556555343229740984e+00,8.803482574735268145e+02,1.319192745572795275e+03,1.918866884628788512e+03,2.130363636912977199e+03,2.291747779232876837e+03,2.347914733038011036e+03,2.449908885529795043e+03,2.551309922762496626e+03,2.676877527599749101e+03,3.322392611077000765e+03,1.240172884769144957e+03
2.514787715984583283e+00,8.673498462919416170e+02,1.302654720986937264e+03,1.899804297050969353e+03,2.111414615702558876e+03,2.273660498074743828e+03,2.329590115501510354e+03,2.432336305971103684e+03,2.534298976464735915e+03,2.660642347658476410e+03,3.313051350633915717e+03,1.249959741530919018e+03
2.473798932665943529e+00,8.545730819585280642e+02,1.286358965531955391e+03,1.880969280881953864e+03,2.092669148125543870e+03,2.255740919265379944e+03,2.311435988101546627e+03,2.414913616479155735e+03,2.517419684087760288e+03,2.644521115501353961e+03,3.303658825345796231e+03,1.259525163229484633e+03
2.433570844920837306e+00,8.420132052431067677e+02,1.270300952972479990e+03,1.862358250763065143e+03,2.074124348886271036e+03,2.237987066022780255e+03,2.293450356268524502e+03,2.397639135391162654e+03,2.500670801482622664e+03,2.628512830435641263e+03,3.294216606113172020e+03,1.268872870867002803e+03
2.394085847804051870e+00,8.296655279527938092e+02,1.254476185133731633e+03,1.843967667927251796e+03,2.055777405755675773e+03,2.220397013585889454e+03,2.275631260653508434e+03,2.380511196693781130e+03,2.484051095752143283e+03,2.612616487429851531e+03,3.284726254185362905e+03,1.278006514570615991e+03
2.355327034221929239e+00,8.175255665452233416e+02,1.238880347849625423e+03,1.825794102367466621e+03,2.037625557293758220e+03,2.202968857566243514e+03,2.257976773592301470e+03,2.363528183826632812e+03,2.467559366150009282e+03,2.596831137597654106e+03,3.275192193407850482e+03,1.286926756650873131e+03
2.317278021575571056e+00,8.055889620719262894e+02,1.223509240865303809e+03,1.807834209411569873e+03,2.019666106820574214e+03,2.185700734375298907e+03,2.240485006190584500e+03,2.346688516083738705e+03,2.451194432355955087e+03,2.581155837781734135e+03,3.265617151844099681e+03,1.295635899158480925e+03
2.279922938328960313e+00,7.938514849816585865e+02,1.208358773887611960e+03,1.790084724974256915e+03,2.001896420443827083e+03,2.168590820551477918e+03,2.223154105896957844e+03,2.329990645941446019e+03,2.434955133800001022e+03,2.565589655233471603e+03,3.256002478292401520e+03,1.304137560653999572e+03
2.243246418684433419e+00,7.823090327954363374e+02,1.193424967144558195e+03,1.772542460030187158e+03,1.984313913657620787e+03,2.151637316798704887e+03,2.205982242918271368e+03,2.313433054721766439e+03,2.418840327943844386e+03,2.550131696097094391e+03,3.246349571244696563e+03,1.312435172639584835e+03
2.207233613696323093e+00,7.709576382952812992e+02,1.178703961334254700e+03,1.755204310924266110e+03,1.966916070904511798e+03,2.134838478951474826e+03,2.188967648621770877e+03,2.297014265539486132e+03,2.402848897449225660e+03,2.534781016325851397e+03,3.236659670650461067e+03,1.320532413056129826e+03
2.171870077079266714e+00,7.597934311492907682e+02,1.164191980879102402e+03,1.738067235030806160e+03,1.949700416650404804e+03,2.118192575614907582e+03,2.172108559842090472e+03,2.280732819658057906e+03,2.386979735490441271e+03,2.519536733646334142e+03,3.226934142040501229e+03,1.328432623624687039e+03
2.137141819525635977e+00,7.488126598669759915e+02,1.149885356128159628e+03,1.721128261570297582e+03,1.932664524027959487e+03,2.101697903845416022e+03,2.155403244682870081e+03,2.264587288611823624e+03,2.371231754178897518e+03,2.504397976273185122e+03,3.217174316853862365e+03,1.336139118835746103e+03
2.103035256517129081e+00,7.380116741007149130e+02,1.135780505203219718e+03,1.704384486418296774e+03,1.915806022063924047e+03,2.085352800248851509e+03,2.138850009568501719e+03,2.248576272282401987e+03,2.355603882644698842e+03,2.489363863046928600e+03,3.207381483896806458e+03,1.343655230257594667e+03
2.069537208448528176e+00,7.273869285116054471e+02,1.121873940394260671e+03,1.687833068283575813e+03,1.899122579100350777e+03,2.069155619388437117e+03,2.122447179592551947e+03,2.232698393718588250e+03,2.340095064137430654e+03,2.474433541238891394e+03,3.197556948387151351e+03,1.350984159444473789e+03
2.036634868393858433e+00,7.169349724876083201e+02,1.108162257945206193e+03,1.671471226990926652e+03,1.882611910014544947e+03,2.053104744878461133e+03,2.106193108417623080e+03,2.216952300395844759e+03,2.324704256777418777e+03,2.459606164499088209e+03,3.187701995630467991e+03,1.358129066184823387e+03
2.004315791751331677e+00,7.066524480472211280e+02,1.094642136261104042e+03,1.655296241077481909e+03,1.866271772990239242e+03,2.037198586239624547e+03,2.090086175459931837e+03,2.201336662672097191e+03,2.309430432583976653e+03,2.444880896278912587e+03,3.177817897229572736e+03,1.365093053596140408e+03
1.972567882432477715e+00,6.965360865660542231e+02,1.081310333165308293e+03,1.639305445012721293e+03,1.850099966927923106e+03,2.021435577149155279e+03,2.074124785195982895e+03,2.185850172706963349e+03,2.294272577159064440e+03,2.430256910508369401e+03,3.167905907591502910e+03,1.371879170771728241e+03
1.941379361089790034e+00,6.865827004444701060e+02,1.068163680109270217e+03,1.623496228951492867e+03,1.834094333209954584e+03,2.005814176242991607e+03,2.058307363850699858e+03,2.170491543164087489e+03,2.279229687702346382e+03,2.415733390852057255e+03,3.157967278194994833e+03,1.378490397390253747e+03
1.910738784895938069e+00,6.767891890116873128e+02,1.055199084745153641e+03,1.607866034493408051e+03,1.818252749795592763e+03,1.990332864057859297e+03,2.042632362719867388e+03,2.155259507143625797e+03,2.264300774826841916e+03,2.401309531101136599e+03,3.148003234827738197e+03,1.384929670585077929e+03
1.880634925981457872e+00,6.671525046723448895e+02,1.042413508230618618e+03,1.592412348720768250e+03,1.802573128476821466e+03,1.974990136784299466e+03,2.027098244391887420e+03,2.140152811125797598e+03,2.249484856339159251e+03,2.386984545554767010e+03,3.138015023105186174e+03,1.391199800116035021e+03
1.851057055683831498e+00,6.576697340520793205e+02,1.029804019972654260e+03,1.577132722854541726e+03,1.787053431235375456e+03,1.959784532682396957e+03,2.011703521546942056e+03,2.125170235392944051e+03,2.234780972492674209e+03,2.372757625422069850e+03,3.128003787000923239e+03,1.397303734713648055e+03
1.821994549642194317e+00,6.483379859502557565e+02,1.017367720407727916e+03,1.562024743957307692e+03,1.771691645126325739e+03,1.944714594419870991e+03,1.996446703377758922e+03,2.110310565357235646e+03,2.220188164812018840e+03,2.358627996808153512e+03,3.117970724336530111e+03,1.403244216745738640e+03
1.793437055513834810e+00,6.391544416828982094e+02,1.005101778252394524e+03,1.547086045267496957e+03,1.756485789200094132e+03,1.929778882984144502e+03,1.981326319373573369e+03,2.095572603487230936e+03,2.205705485635040986e+03,2.344594897504602613e+03,3.107917026785404687e+03,1.409023918352986357e+03
1.765374564667795187e+00,6.301163686927940262e+02,9.930034272851920605e+02,1.532314303482598689e+03,1.741433920599500425e+03,1.914975988560143151e+03,1.966340931675978709e+03,2.080955172408403541e+03,2.191332001343926549e+03,2.330657559483213845e+03,3.097843827751998560e+03,1.414645546757628381e+03
1.737797286922618811e+00,6.212210923747172728e+02,9.810699599207599704e+02,1.517707241131768797e+03,1.726534128654723872e+03,1.900304517181852134e+03,1.951489115375828305e+03,2.066457110269963323e+03,2.177066787076922537e+03,2.316815228913994815e+03,3.087752251079604775e+03,1.420111743148380356e+03
1.710695648758045584e+00,6.124659952791020032e+02,9.692987240263795456e+02,1.503262622294338371e+03,1.711784534040148174e+03,1.885763093850259793e+03,1.936769464762347297e+03,2.052077270147276522e+03,2.162908926841024822e+03,2.303067159162504595e+03,3.077643416181365410e+03,1.425425083431751318e+03
1.684060324353241711e+00,6.038485239557614932e+02,9.576871241046042087e+02,1.488978251424137852e+03,1.697183287765731166e+03,1.871350361583177573e+03,1.922180592496789131e+03,2.037814520070506205e+03,2.148857514195632575e+03,2.289412612344566696e+03,3.067518422842493237e+03,1.430588100265417097e+03
1.657882212274767175e+00,5.953661830407835396e+02,9.462326175525491863e+02,1.474851972248795391e+03,1.682728571061416687e+03,1.857064981739901214e+03,1.907721129626370157e+03,2.023667742639943754e+03,2.134911651848231031e+03,2.275850857539149729e+03,3.057378352104859459e+03,1.435603284354249809e+03
1.632152427156745134e+00,5.870165335147762562e+02,9.349327135281052961e+02,1.460881666620864507e+03,1.668418594193907438e+03,1.842905632982255156e+03,1.893389904945393255e+03,2.009635480180379318e+03,2.121070624688248245e+03,2.262381171769459797e+03,3.047224269998769614e+03,1.440473078454543156e+03
1.606862292460573549e+00,5.787971905415342917e+02,9.237849708534723732e+02,1.447065253260271447e+03,1.654251595748060936e+03,1.828871011121735592e+03,1.879185829770415239e+03,1.995716160840012208e+03,2.107333788912157615e+03,2.249002839126748313e+03,3.037057224370414588e+03,1.445199883467970267e+03
1.582003337702025059e+00,5.707058233843882817e+02,9.127869981610722334e+02,1.433400687596558100e+03,1.640225842424935081e+03,1.814959829129503760e+03,1.865107561450484582e+03,1.981908758564523623e+03,2.093700248705031754e+03,2.235715150404026645e+03,3.026878244260963129e+03,1.449786061666335399e+03
1.557567295046895728e+00,5.627401547168824436e+02,9.019364533429053381e+02,1.419885961086455382e+03,1.626339628068558568e+03,1.801170815977347502e+03,1.851153774837957371e+03,1.968212256396085195e+03,2.080169117905953044e+03,2.222517860607219973e+03,3.016687756438598171e+03,1.454234058506986912e+03
1.533546070000448625e+00,5.548979517485496444e+02,8.912310360970287775e+02,1.406519096918269952e+03,1.612591271538134833e+03,1.787502716218464684e+03,1.837323162126625675e+03,1.954625648673783189e+03,2.066739519048554484e+03,2.209410876227608696e+03,3.006485971935524503e+03,1.458546331887141378e+03
1.509931761713910081e+00,5.471770317474343983e+02,8.806684911858293390e+02,1.393298153225318401e+03,1.598979119614681849e+03,1.773954291924564814e+03,1.823614433823225909e+03,1.941147940123475564e+03,2.053410585371997513e+03,2.196393462185658336e+03,2.996273916417809232e+03,1.462725123825705623e+03
1.486716646833300182e+00,5.395752594228627004e+02,8.702466084589513002e+02,1.380221220706245276e+03,1.585501543429061940e+03,1.760524319655666432e+03,1.810026316694003754e+03,1.927778144642551524e+03,2.040181458681007143e+03,2.183464892422308367e+03,2.986052601983984914e+03,1.466772628104587284e+03
1.463893171299886387e+00,5.320905430260432922e+02,8.599632178771324789e+02,1.367286421083612140e+03,1.572156938558698357e+03,1.747211590898013128e+03,1.796557553462675969e+03,1.914515285555226001e+03,2.027051288919812805e+03,2.170624448091134582e+03,2.975823025884397794e+03,1.470690994519570495e+03
1.441453959344216162e+00,5.247208390846097927e+02,8.498161946144557533e+02,1.354491908147945878e+03,1.558943724639232414e+03,1.734014911759574034e+03,1.783206903221240964e+03,1.901358395402599399e+03,2.014019234968641513e+03,2.157871419011475155e+03,2.965586168937574712e+03,1.474482333198521246e+03
1.419391785085984736e+00,5.174641417271684531e+02,8.398034486928695515e+02,1.341835864393112843e+03,1.545860344868686980e+03,1.720933103192979615e+03,1.769973140541451130e+03,1.888306516678774642e+03,2.001084463482425008e+03,2.145205100894781026e+03,2.955342987133045426e+03,1.478148727345329235e+03
1.397699584284219476e+00,5.103184881047203589e+02,8.299229307315692949e+02,1.329316503726115343e+03,1.532905267718043660e+03,1.707965002473723644e+03,1.756855056996344047e+03,1.875358701453106278e+03,1.988246150147668914e+03,2.132624794578185629e+03,2.945094418261415740e+03,1.481692231357556693e+03
1.376370463705250069e+00,5.032819626833534699e+02,8.201726362945287292e+02,1.316932067592272460e+03,1.520076978775703310e+03,1.695109455033963059e+03,1.743851455697050824e+03,1.862514008643330499e+03,1.975503477464121943e+03,2.120129817125611680e+03,2.935732054598018294e+03,1.485114121927731730e+03
1.355397325413905119e+00,4.963525725121756409e+02,8.105504390217022319e+02,1.304680630825441085e+03,1.507373782049797910e+03,1.682365104687540224e+03,1.730960900815283821e+03,1.849771242295539423e+03,1.962855360436959018e+03,2.107719188885819676e+03,2.926352117831419946e+03,1.488416946560636688e+03
1.334773572067320835e+00,4.895284784617810487e+02,8.010544077437299393e+02,1.292560499199108563e+03,1.494794219382983101e+03,1.669730837154696701e+03,1.718182237290760668e+03,1.837129491034403372e+03,1.950301007288912160e+03,2.095392246908893867e+03,2.916955666983667925e+03,1.491602653018371257e+03
1.314492688685040767e+00,4.828078611450594622e+02,7.916826341739107420e+02,1.280570002311218332e+03,1.482336853754197591e+03,1.657205551340511420e+03,1.705514321830162999e+03,1.824587849441877779e+03,1.937839631017267493e+03,2.083148333623093549e+03,2.907543748660806614e+03,1.494673142599268203e+03
1.294548443681909244e+00,4.761889810333295827e+02,7.824332735330970081e+02,1.268707502346579986e+03,1.470000267735934358e+03,1.644788158037056974e+03,1.692956029557760758e+03,1.812145425773312809e+03,1.925470457535457399e+03,2.070986801945719890e+03,2.898117378182793345e+03,1.497630307567106456e+03
1.274934649074210613e+00,4.696701078216532323e+02,7.733045007149144112e+02,1.256971385003390878e+03,1.457783064670927615e+03,1.632477580885603857e+03,1.680506246718990951e+03,1.799801334159128373e+03,1.913192717390258622e+03,2.058907008605577630e+03,2.888677555939665126e+03,1.500476001166957985e+03
1.255645269835763855e+00,4.632495522113115385e+02,7.642945250594403888e+02,1.245360060882877406e+03,1.445683867557094572e+03,1.620272756055660466e+03,1.668163873278767824e+03,1.787554697426437087e+03,1.901005648463294165e+03,2.046908317081624318e+03,2.879225263612662275e+03,1.503212045798259851e+03
1.236674368460826567e+00,4.569256502639672135e+02,7.554015826904972073e+02,1.233871963308689828e+03,1.433701318233164557e+03,1.608172631533383537e+03,1.655927820815564246e+03,1.775404644567433024e+03,1.888908493793346224e+03,2.034990097060533571e+03,2.869761470170408757e+03,1.505840221645692282e+03
1.218016118436525019e+00,4.506967643602089311e+02,7.466239328049306323e+02,1.222505548259652187e+03,1.421834079510680112e+03,1.596176169866061628e+03,1.643797014932669754e+03,1.763350314184738181e+03,1.876900503016383709e+03,2.023151719221393705e+03,2.860287120327923276e+03,1.508362295283785215e+03
1.199664849219129525e+00,4.445613027688377201e+02,7.379598794354645861e+02,1.211259297655099317e+03,1.410080829838422687e+03,1.584282341809848049e+03,1.631770393088394030e+03,1.751390852442495088e+03,1.864980933673390609e+03,2.011392566572855685e+03,2.850803144403802889e+03,1.510779989928507803e+03
1.181614980749569721e+00,4.385176940483612498e+02,7.294077446182465110e+02,1.200131714051193967e+03,1.398440268146886638e+03,1.572490132659767369e+03,1.619846905860998959e+03,1.739525414066589065e+03,1.853149049020435314e+03,1.999712023222854896e+03,2.841310450749071151e+03,1.513095012973245957e+03
1.163861063043816646e+00,4.325644033896246015e+02,7.209658862965210346e+02,1.189121324151124554e+03,1.386911110281533865e+03,1.560798537712676080e+03,1.608025515693587749e+03,1.727753161019693607e+03,1.841404119262389031e+03,1.988109481129044980e+03,2.831809932800348179e+03,1.515309036718263314e+03
1.146397759935494864e+00,4.266999271519077865e+02,7.126326938342780295e+02,1.178226679495357303e+03,1.375492091460344227e+03,1.549206564726549232e+03,1.596305198025187792e+03,1.716073263020584136e+03,1.829745422015288796e+03,1.976584336745798510e+03,2.822302466693731731e+03,1.517423710586626839e+03
1.129219834081233831e+00,4.209227860761128568e+02,7.044065777806678170e+02,1.167446348984906081e+03,1.364181962260380260e+03,1.537713231710521995e+03,1.584684939084028883e+03,1.704484897807953985e+03,1.818172239791277889e+03,1.965135992693576100e+03,2.812788910123729693e+03,1.519440653704194119e+03
1.112322158876887901e+00,4.152315309160194943e+02,6.962859780405220818e+02,1.156778924130267569e+03,1.352979490917387466e+03,1.526317568063501540e+03,1.573163737277605378e+03,1.692987250881115642e+03,1.806683861972748446e+03,1.953763856841731922e+03,2.803270103570874653e+03,1.521361461071133363e+03
1.095699708172553910e+00,4.096247392224289001e+02,6.882693607059744636e+02,1.146223017241519074e+03,1.341883462443634471e+03,1.515018614095740531e+03,1.561740602466413520e+03,1.681579515158117829e+03,1.795279584064257278e+03,1.942467342276279624e+03,2.793746870924947871e+03,1.523187701643210630e+03
1.079347557629058318e+00,4.041010157087611105e+02,6.803552180489111834e+02,1.135777261121771062e+03,1.330892678308303630e+03,1.503815420872590266e+03,1.550414555919454642e+03,1.670260891078483837e+03,1.783958707755135947e+03,1.931245867374190993e+03,2.784220019623629014e+03,1.524920918968770366e+03
1.063260880995780644e+00,3.986589912491368182e+02,6.725420677026080511e+02,1.125440308603638414e+03,1.320005956140907529e+03,1.492707050064450414e+03,1.539184630113793673e+03,1.659030586521404530e+03,1.772720540815652157e+03,1.920098855702515039e+03,2.774690340719489541e+03,1.526562631879287210e+03
1.047434948107168529e+00,3.932973223734666703e+02,6.648284521972352650e+02,1.115210832206089890e+03,1.309222129471482731e+03,1.481692573815546439e+03,1.528049868593542897e+03,1.647887816750521324e+03,1.761564397053435414e+03,1.909025735951025808e+03,2.765158609107869324e+03,1.528114335001077961e+03
1.031865122975856863e+00,3.880146907920195076e+02,6.572129385579144127e+02,1.105087523893017760e+03,1.298540047557354228e+03,1.470771074675004229e+03,1.517009325867686584e+03,1.636831804344972852e+03,1.750489596287788800e+03,1.898025941771802309e+03,2.755625583830330470e+03,1.529577499337500967e+03
1.016546859597856400e+00,3.828098021875155723e+02,6.496941171549758565e+02,1.095069094208444994e+03,1.287958574767974369e+03,1.459941645208085902e+03,1.506062067034502434e+03,1.625861779094118674e+03,1.739495464100088157e+03,1.887098912018429928e+03,2.746092008313243241e+03,1.530953571744006695e+03
1.001475706355279272e+00,3.776813878355173983e+02,6.422706031697482558e+02,1.085154272531808601e+03,1.277476590284693884e+03,1.449203387645875182e+03,1.495207167641527121e+03,1.614976977812312498e+03,1.728581331977657555e+03,1.876244091059840230e+03,2.736558611208491584e+03,1.532243974280195971e+03
9.866472924406626266e-01,3.726282001493868847e+02,6.349410327112653931e+02,1.075341806681825574e+03,1.267092989145901811e+03,1.438555415231729057e+03,1.484443714318962520e+03,1.604176644890962280e+03,1.717746537418875960e+03,1.865460926835589817e+03,2.727026104381528057e+03,1.533450111655156206e+03
9.720573361909969901e-01,3.676490157022733456e+02,6.277040653799529082e+02,1.065630462249169796e+03,1.256806680363057694e+03,1.427996850353201580e+03,1.473770803657862871e+03,1.593460031561179676e+03,1.706990423527702205e+03,1.854748872808926535e+03,2.717495185309847329e+03,1.534573363916420931e+03
9.577016334062615766e-01,3.627426312659777636e+02,6.205583805271933215e+02,1.056019022031487793e+03,1.246616587760898256e+03,1.417526825672280665e+03,1.463187542658005896e+03,1.582826396246309059e+03,1.696312338993735239e+03,1.844107386416542568e+03,2.707966536275492672e+03,1.535615091153249296e+03
9.435760735422320522e-01,3.579078699045388134e+02,6.135026834749951377e+02,1.046506287114327733e+03,1.236521648622181829e+03,1.407144482371018057e+03,1.452693048019048092e+03,1.572275003939820635e+03,1.685711638443424590e+03,1.833535931390668111e+03,2.698440826291925532e+03,1.536576628363857253e+03
9.296766203032504894e-01,3.531435740991184957e+02,6.065356986504536962e+02,1.037091075188300465e+03,1.226520814459042185e+03,1.396848971506738053e+03,1.442286446483505415e+03,1.561805126649359408e+03,1.675187681972243581e+03,1.823033975481889001e+03,2.688918709613994906e+03,1.537459291075038891e+03
9.159993140431756942e-01,3.484486068454098131e+02,5.996561707093035238e+02,1.027772220528587241e+03,1.216613050536379887e+03,1.386639453556122362e+03,1.431966874614804738e+03,1.551416043223975294e+03,1.664739835176436145e+03,1.812600990904727496e+03,2.679400826389195572e+03,1.538264374450954392e+03
9.025402727588816010e-01,3.438218521326852510e+02,5.928628650552420822e+02,1.018548573977142496e+03,1.206797335584440589e+03,1.376515098154179213e+03,1.421733478667250665e+03,1.541107039299525468e+03,1.654367469222874433e+03,1.802236454514252728e+03,2.669887802888232727e+03,1.538993153499368873e+03
8.892956888437074658e-01,3.392622139510178272e+02,5.861545668744741988e+02,1.009419002484120824e+03,1.197072661600743004e+03,1.366475084029551908e+03,1.411585414426840771e+03,1.530877407211445870e+03,1.644069960718861466e+03,1.791939847669458914e+03,2.660380251782091364e+03,1.539646883327832484e+03
8.762618278315368325e-01,3.347686160272434677e+02,5.795300809522005920e+02,1.000382388924945303e+03,1.187438033663139322e+03,1.356518598889206714e+03,1.401521847103974324e+03,1.520726445938781126e+03,1.633846691703144415e+03,1.781710656201617894e+03,2.650878772340043724e+03,1.540226799577630572e+03
8.634350263469795506e-01,3.303400011883847469e+02,5.729882309482393339e+02,9.914376316517332270e+02,1.177892469747817358e+03,1.346644839443164301e+03,1.391541951348765224e+03,1.510653461217885479e+03,1.623697049603741789e+03,1.771548370176602702e+03,2.641383950330292919e+03,1.540734119489874274e+03
8.508116918912914661e-01,3.259753315288764384e+02,5.665278597674183629e+02,9.825836444491786779e+02,1.168435000309882753e+03,1.336853010845246899e+03,1.381644910702216748e+03,1.500657764991397471e+03,1.613620427076117039e+03,1.761452484443516823e+03,2.631896569560549324e+03,1.541169829342474713e+03
8.383882998402857334e-01,3.216735874180595829e+02,5.601478285265504837e+02,9.738193562580024718e+02,1.159064668531785628e+03,1.327142327264508140e+03,1.371829918127483324e+03,1.490738676041132294e+03,1.603616222234588349e+03,1.751422498033381316e+03,2.622417533885380635e+03,1.541534765548629366e+03
8.261613927957504044e-01,3.174337674039883268e+02,5.538470163970446265e+02,9.651437106398529977e+02,1.149780529612171222e+03,1.317512011151183742e+03,1.362096175299957849e+03,1.480895519356917021e+03,1.593683838270666911e+03,1.741457915003635890e+03,2.612947371618867692e+03,1.541830108340584957e+03
8.141275791433871811e-01,3.132548879168232361e+02,5.476243205602276021e+02,9.565556659678927645e+02,1.140581650963594939e+03,1.307961293476872925e+03,1.352442892817537313e+03,1.471127626337314496e+03,1.583822683673940674e+03,1.731558243536978807e+03,2.603486599091916105e+03,1.542057020147823778e+03
8.022835315926238886e-01,3.091359828306588611e+02,5.414786556704755185e+02,9.480541949669924406e+02,1.131467111891768582e+03,1.298489413547719096e+03,1.342869290013810769e+03,1.461434334688723084e+03,1.574032172090380755e+03,1.721722995969041449e+03,2.594035721125622331e+03,1.542216645196933314e+03
7.906259856995865309e-01,3.050761030689554332e+02,5.354089534956698344e+02,9.396382844768126006e+02,1.122436003424362298e+03,1.289095618914190482e+03,1.333374594854950374e+03,1.451814988376970177e+03,1.564311722282928486e+03,1.711951688731898457e+03,2.584595231175318986e+03,1.542310109915826843e+03
7.791517385585864375e-01,3.010743162672136464e+02,5.294141626089085548e+02,9.313069352235773977e+02,1.113487428134439142e+03,1.279779165271975671e+03,1.323958043834175669e+03,1.442268937573661105e+03,1.554660758092148171e+03,1.702243842315956044e+03,2.575165611514562443e+03,1.542338523247988178e+03
7.678576474949551089e-01,2.971297064298686337e+02,5.234932480665049752e+02,9.230591615833219521e+02,1.104620499963659540e+03,1.270539316366278626e+03,1.314618881870041605e+03,1.432795538607676917e+03,1.545078708394668638e+03,1.692598981228219600e+03,2.565747333409402017e+03,1.542302976970055852e+03
7.567406286014835004e-01,2.932413735092849834e+02,5.176451909656449288e+02,9.148939912796887484e+02,1.095834344033575007e+03,1.261375343908066270e+03,1.305356362213034345e+03,1.423394153937087822e+03,1.535565007047188146e+03,1.683016633929187265e+03,2.556340857251191210e+03,1.542204546051021453e+03
7.457976568423749786e-01,2.894084337114083496e+02,5.118689891628965825e+02,9.068104658975281609e+02,1.087128096752975353e+03,1.252286527466186499e+03,1.296169746265432195e+03,1.414064151803200957e+03,1.526119092954578946e+03,1.673496332898953142e+03,2.546946633235478657e+03,1.542044288470921174e+03
7.350257632664999319e-01,2.856300183756303568e+02,5.061636555077039361e+02,8.988076394195328476e+02,1.078500905103611558e+03,1.243272154326962664e+03,1.287058303614353918e+03,1.404804906711743342e+03,1.516740409865875336e+03,1.664037614527803498e+03,2.537565100735709166e+03,1.541823246120515478e+03
7.244220340166807048e-01,2.819052738644251122e+02,5.005282181631275193e+02,8.908845787392551756e+02,1.069951926861175025e+03,1.234331519477513211e+03,1.278021311842129307e+03,1.395615799032486848e+03,1.507428406407189414e+03,1.654640019040625475e+03,2.528196688906190957e+03,1.541542444860067690e+03
7.139836093968492392e-01,2.782333613314374929e+02,4.949617203277678072e+02,8.830403633477187668e+02,1.061480330367186070e+03,1.225463925504832787e+03,1.269058056466210473e+03,1.386496215024858429e+03,1.498182536043554592e+03,1.645303090475717681e+03,2.518841816793862108e+03,1.541202894830565583e+03
7.037076836298510329e-01,2.746134567599729621e+02,4.894632203452493400e+02,8.752740852380627530e+02,1.053085294310043764e+03,1.216668682385698503e+03,1.260167830771678609e+03,1.377445546726837165e+03,1.489002257056928329e+03,1.636026376807437146e+03,2.509500893701795576e+03,1.540805590263742715e+03
6.935915016523620524e-01,2.710447498537270121e+02,4.840317904405476952e+02,8.675848483621831519e+02,1.044766007650645633e+03,1.207945107628605001e+03,1.251349935845929849e+03,1.368463192045145888e+03,1.479887032445317345e+03,1.626809429587648538e+03,2.500174318862078962e+03,1.540351510752209606e+03
