# particle radii (um) per size_bin (including water contribution to size), with size bins represented by columns and their number (starting from 1) given in second line of header, per time step which is represented by rows and corresponding times given in the time output file 
# 
6.016570103157982755e-03,8.463076219327797176e-03,1.190440032545416610e-02,1.674506331220650818e-02,2.355407560767718705e-02,3.313182323579211969e-02,4.660415162164061043e-02,6.555470651028118267e-02,9.221108841414027424e-02,1.297067026787291910e-01,1.824490851276882042e-01,2.566379992434215662e-01
6.016570103157982755e-03,8.463076219327797176e-03,1.190440032545416610e-02,1.674506331220650818e-02,2.355407560767718705e-02,3.313182323579211969e-02,4.660415162164061043e-02,6.555470651028118267e-02,9.221108841414027424e-02,1.297067026787291910e-01,1.824490851276882042e-01,2.566379992434215662e-01
6.016570103157982755e-03,8.463076219327797176e-03,1.190440032545416610e-02,1.674506331220650818e-02,2.355407560767718705e-02,3.313182323579211969e-02,4.660415162164061043e-02,6.555470651028118267e-02,9.221108841414027424e-02,1.297067026787291910e-01,1.824490851276882042e-01,2.566379992434215662e-01
5.799079099838228349e-03,1.282181208896032015e-02,2.120402304482229064e-02,2.933646669305145158e-02,3.661222925848637427e-02,4.306651084584025430e-02,4.896795892760875263e-02,5.473820640768529977e-02,5.551891519313893741e-02,5.690975956643671424e-02,5.859643671431953582e-02,6.246776974567865015e-02
2.000000000000000475e-03,6.975275001473187422e-03,2.275429354798588419e-02,3.197677741106596389e-02,4.001722151336868649e-02,4.710980199903322396e-02,5.333893642553017012e-02,5.888533905274822428e-02,6.400636440100072877e-02,6.906366734605248747e-02,6.989350910144546958e-02,7.607775914100307901e-02
2.000000000000000909e-03,4.713964196798335615e-03,1.102860291382668813e-02,2.768202171684474439e-02,3.665710351199144568e-02,4.438421145392880407e-02,5.119831096610327065e-02,5.720405295501199833e-02,6.257499817117005703e-02,6.755540925714317857e-02,7.248873968456683026e-02,7.892727728733893444e-02
4.312074463116871183e-03,7.598709513995748240e-03,1.486770319809700529e-02,3.131419755793730941e-02,4.000099497496617529e-02,4.749922510106253937e-02,5.414238267572394486e-02,6.002186199233566777e-02,6.529694088423788900e-02,7.020119182467880747e-02,7.507068970811490993e-02,8.242767360959414591e-02
6.731856262075251729e-03,1.063045762253348077e-02,1.820329026420850274e-02,3.424955772421795636e-02,4.270034637193874383e-02,5.002784606529567940e-02,5.654807077710113927e-02,6.233842603781854230e-02,6.754703821281494991e-02,7.239936231573412817e-02,7.722882248709829478e-02,8.522034918781599966e-02
9.265872644663433397e-03,1.344964904429551446e-02,2.103876474178866668e-02,3.668538119901901262e-02,4.494751460428430406e-02,5.214279243834835792e-02,5.856877320601130282e-02,6.429118397063524060e-02,6.944997873305565339e-02,7.426351099067364514e-02,7.906699941133575604e-02,8.756047992613132103e-02
1.168144406128963225e-02,1.594598797004222884e-02,2.345091894607087557e-02,3.874533808015847430e-02,4.685491447088978301e-02,5.394441096776819711e-02,6.029530466927242316e-02,6.596413611072822480e-02,7.108382441657910833e-02,7.586747091795627285e-02,8.065410796815895844e-02,8.956347022354065046e-02
1.386266802650383198e-02,1.812607601653501432e-02,2.551717252002926040e-02,4.051036688390251966e-02,4.849279887973179798e-02,5.549657633742655083e-02,6.178732895570916012e-02,6.741327313722222936e-02,7.250173863664953477e-02,7.726142562689955473e-02,8.203794062674510390e-02,9.130485572627464186e-02
1.579757918011166079e-02,2.002653306797255381e-02,2.730226011414597920e-02,4.204171789092914224e-02,4.992127560683999599e-02,5.685153204705647306e-02,6.308996984546251519e-02,6.867938851291079116e-02,7.374207832741826174e-02,7.848214395442101865e-02,8.325354882313436289e-02,9.283330966842436027e-02
1.750795490036341842e-02,2.169042479154484337e-02,2.885899358229014958e-02,4.338144036292050643e-02,5.117247124269876796e-02,5.804083035594957002e-02,6.423542245113096627e-02,6.979433672887082329e-02,7.483505060917189367e-02,7.955905693534702505e-02,8.432932521169517193e-02,9.418734251792920675e-02
1.902006861381859426e-02,2.315379536936483518e-02,3.022621831638265186e-02,4.456209241968987766e-02,5.227700908907723099e-02,5.909225638161440947e-02,6.524902080811340044e-02,7.078184273756132905e-02,7.580389371424016420e-02,8.051438667849564190e-02,8.528642428694770128e-02,9.539721395723073372e-02
2.036077341820524342e-02,2.444755764604196815e-02,3.143489390008533807e-02,4.560930761881749201e-02,5.325798579955759449e-02,6.002669480225523990e-02,6.614994544143577848e-02,7.165987688626351826e-02,7.666566664251728280e-02,8.136450120992454182e-02,8.614050866621893177e-02,9.648141705200490026e-02
2.155390971403687433e-02,2.559720257557562481e-02,3.251025797980074128e-02,4.654243247169389391e-02,5.413353541334541691e-02,6.086142059600625764e-02,6.695494710398557092e-02,7.244453285355825778e-02,7.743595772822044199e-02,8.212468650717193175e-02,8.690649779299632061e-02,9.746044159877553792e-02
2.261985113989498433e-02,2.662358415527192948e-02,3.347028910961628856e-02,4.737864977870626798e-02,5.491746205019373134e-02,6.160880668836889174e-02,6.767585909905730890e-02,7.314717972373006860e-02,7.812592028884182693e-02,8.280596547185929690e-02,8.759500493152864997e-02,9.834563150472784565e-02
2.357564410348265277e-02,2.754365212608558475e-02,3.433222251135014530e-02,4.813001664724022438e-02,5.562276925872510630e-02,6.228121280668336146e-02,6.832419498462441454e-02,7.377877462056237068e-02,7.874599522355067716e-02,8.341834139461988540e-02,8.821577616290983415e-02,9.914988927358542314e-02
2.443573159755046964e-02,2.837162782344587048e-02,3.510905734889911006e-02,4.880813476858666955e-02,5.625893234137398224e-02,6.288751649059008686e-02,6.890863234502950241e-02,7.434791726737363660e-02,7.930459169223483262e-02,8.397013114523281530e-02,8.877696103391947979e-02,9.988292056402692243e-02
2.521213144513996529e-02,2.911936188856244917e-02,3.580959749269281567e-02,4.942033350891054944e-02,5.683312162890772484e-02,6.343525692207280242e-02,6.943677253825188134e-02,7.486153746952313448e-02,7.980835810403838493e-02,8.446776780813737562e-02,8.928504612753666858e-02,1.005510816480980618e-01
2.591481234122742019e-02,2.979586973129946803e-02,3.644623105623961967e-02,4.997521782458759498e-02,5.735523004544407916e-02,6.393195646716939851e-02,6.991477736620498040e-02,7.532599801762336622e-02,8.026364750393238934e-02,8.491748936707350925e-02,8.974591366101615508e-02,1.011637079600794797e-01
2.655265928019960586e-02,3.041032485917355768e-02,3.702457611089247230e-02,5.048071394518757055e-02,5.782835158828933397e-02,6.438209417378359944e-02,7.034801330480784654e-02,7.574667804644152902e-02,8.067564418899404732e-02,8.532430160699645827e-02,9.016440899457142666e-02,1.017258355099228823e-01
2.713278761087628554e-02,3.096931985600263892e-02,3.755083570957706840e-02,5.093978363280379090e-02,5.825860636224011041e-02,6.479120257632416113e-02,7.074130549424570424e-02,7.612815620127186267e-02,8.104885011567217190e-02,8.569267659700895157e-02,9.054497995109198061e-02,1.022432548889034842e-01
2.766156754718479896e-02,3.147896484810004669e-02,3.803104214791770687e-02,5.135872204037628119e-02,5.865071486202493023e-02,6.516345734186956840e-02,7.109866190160872568e-02,7.647433673696535372e-02,8.138708952128730079e-02,8.602637451618090625e-02,9.089128354956944877e-02,1.027196705270092963e-01
2.814441249899879774e-02,3.194446298039754079e-02,3.846998962691718094e-02,5.174119940298294723e-02,5.900828116421349967e-02,6.550247450627015577e-02,7.142365043122811397e-02,7.678872168130096432e-02,8.169386796612705670e-02,8.632880486578695112e-02,9.120664025917325779e-02,1.031591632097680761e-01
2.858604482735803073e-02,3.237038517745710609e-02,3.887199381447329488e-02,5.209089834161460125e-02,5.933470616938349429e-02,6.581148404716163913e-02,7.171939183559995767e-02,7.707435884347221822e-02,8.197220739515806431e-02,8.660291523142255032e-02,9.149398269973951781e-02,1.035651467956471838e-01
2.899031268673545741e-02,3.276033765861884745e-02,3.924012906494048214e-02,5.241054131717085007e-02,5.963277656742226734e-02,6.609321904389704738e-02,7.198855005676836616e-02,7.733385962220250265e-02,8.222468511268699043e-02,8.685124735421882736e-02,9.175584022295689424e-02,1.039404898283034090e-01
2.936127401335533391e-02,3.311828022656881920e-02,3.957834673449654728e-02,5.270356557505223583e-02,5.990545476222725041e-02,6.635040177137931094e-02,7.223373179922119858e-02,7.756977637932112313e-02,8.245381232751673728e-02,8.707628717964932541e-02,9.199466936279981910e-02,1.042881158657955332e-01
2.970167221816360711e-02,3.344674884312314606e-02,3.988877736473574187e-02,5.297195218725574833e-02,6.015484204132001689e-02,6.658510929884046969e-02,7.245697904858787453e-02,7.778412832174549929e-02,8.266158645188544096e-02,8.728001970318299829e-02,9.221241475500240037e-02,1.046101908870748776e-01
3.001440740366418183e-02,3.374859271652290438e-02,4.017422225916886247e-02,5.321806456387048051e-02,6.038304397147967184e-02,6.679931465989785710e-02,7.266020789627958276e-02,7.797878936402104222e-02,8.284985709989224623e-02,8.746428574274908718e-02,9.241088731746244234e-02,1.049088546131111410e-01
3.030232691572830664e-02,3.402654270065293141e-02,4.043719913710690922e-02,5.344408389063379228e-02,6.059213142287137033e-02,6.699501059665413649e-02,7.284535802373902358e-02,7.815565732963210277e-02,8.302049498177237197e-02,8.763096813644985494e-02,9.259191927788787413e-02,1.051862259964366081e-01
3.056710401726828175e-02,3.428215703184107899e-02,4.067910981273903381e-02,5.365137247270813231e-02,6.078346971536521121e-02,6.717354902524476368e-02,7.301376763014386095e-02,7.831605693176908745e-02,8.317481712624767709e-02,8.778138441637932388e-02,9.275678494458970691e-02,1.054436783773674557e-01
3.081121845348467475e-02,3.451788565638645029e-02,4.090231502190166263e-02,5.384185162557263149e-02,6.095877800967805515e-02,6.733654676601669165e-02,7.316699841420259975e-02,7.846151439672183203e-02,8.331432892795768985e-02,8.791703162951010342e-02,9.290697076965859225e-02,1.056830933454772081e-01
3.103614001356282473e-02,3.473505094818525596e-02,4.110797391040526411e-02,5.401673501774038183e-02,6.111930533943057964e-02,6.748524655624132951e-02,7.330627649300562598e-02,7.859323988247453319e-02,8.344023034862001198e-02,8.803910515209865950e-02,9.304364384928794085e-02,1.059057627362157555e-01
3.124329806989532832e-02,3.493508017817332362e-02,4.129746032608128115e-02,5.417716860262277584e-02,6.126611586876114929e-02,6.762067816698663636e-02,7.343261361763975259e-02,7.871223377710291624e-02,8.355351640502886590e-02,8.814859979083182473e-02,9.316777767369244234e-02,1.061127979892087236e-01
3.143445924360115801e-02,3.511967144528242712e-02,4.147237637086194362e-02,5.432454734252580714e-02,6.140048217812742182e-02,6.774404291643019993e-02,7.354717535357208069e-02,7.881963646212598873e-02,8.365531318761981749e-02,8.824663676751563768e-02,9.328048855841575282e-02,1.063056205535378301e-01
3.161090416426060729e-02,3.529006993411586829e-02,4.163388260000083080e-02,5.445989401268869906e-02,6.152336721236908307e-02,6.785627722832578146e-02,7.365089465887904308e-02,7.891637102761436817e-02,8.374653814284201137e-02,8.833413200660639175e-02,9.338267025803323462e-02,1.064852196415383562e-01
3.177337897053890414e-02,3.544692543564689768e-02,4.178257629177982435e-02,5.458394191316310456e-02,6.163554317631244478e-02,6.795816684096014915e-02,7.374454820783314657e-02,7.900320724245635251e-02,8.382795722824189222e-02,8.841185163837914085e-02,9.347507228357457287e-02,1.066524560101202584e-01
3.192331324922972197e-02,3.559168238948304946e-02,4.191983224938541919e-02,5.469772737803779011e-02,6.173791035018061368e-02,6.805055030037716890e-02,7.382894196872329118e-02,7.908093519269875082e-02,8.390035325043654346e-02,8.848057781854354320e-02,9.355847034972765430e-02,1.068082898779862122e-01
3.206173787936217323e-02,3.572531822077389813e-02,4.204654699805268625e-02,5.480206935312813277e-02,6.183126791340985695e-02,6.813421137698356944e-02,7.390484293096134805e-02,7.915031060166259624e-02,8.396447551634460271e-02,8.854105858744419633e-02,9.363360419415324432e-02,1.069536174458879108e-01
3.218938700426676736e-02,3.584853202139603318e-02,4.216339569150813482e-02,5.489762587469904781e-02,6.191625959959108638e-02,6.820978493439695811e-02,7.397287615111268477e-02,7.921195303531658460e-02,8.402094102114254781e-02,8.859391146879345980e-02,9.370107668878366325e-02,1.070891150918183293e-01
3.230703613579509470e-02,3.596205642913746087e-02,4.227107697146968712e-02,5.498504047739616318e-02,6.199349869761864446e-02,6.827786826782494822e-02,7.403362661010411128e-02,7.926644082778688816e-02,8.407032521088332599e-02,8.863971277392637682e-02,9.376140977404186228e-02,1.072154718152230762e-01
3.241548652289023835e-02,3.606669305025760747e-02,4.237033400267426614e-02,5.506492219071182359e-02,6.206355919176812647e-02,6.833901499743980090e-02,7.408763344473422163e-02,7.931430559023976146e-02,8.411315659964675728e-02,8.867899179226376716e-02,9.381519728647071121e-02,1.073333272228039620e-01
3.251545209757756433e-02,3.616311290160854897e-02,4.246177194140764166e-02,5.513781533575769223e-02,6.212696528477408553e-02,6.839373818979142816e-02,7.413540025233290864e-02,7.935604553820282958e-02,8.414993088474281846e-02,8.871224485980200303e-02,9.386293027808481626e-02,1.074432688781870315e-01
3.260741107419051071e-02,3.625176739410634202e-02,4.254586544974237050e-02,5.520420998776614380e-02,6.218419587856614111e-02,6.844252495632523192e-02,7.417739186000366081e-02,7.939211226717111936e-02,8.418110777425966140e-02,8.873993257230822218e-02,9.390506160997146023e-02,1.075458329439323152e-01
3.269203341427698306e-02,3.633331942093229183e-02,4.262321653274209893e-02,5.526459657710200424e-02,6.223571043001988740e-02,6.848581692658686770e-02,7.421403088610455112e-02,7.942292694314646850e-02,8.420710335000454461e-02,8.876247137300069534e-02,9.394200117048796816e-02,1.076415173572815298e-01
3.276969984603551184e-02,3.640811691993912913e-02,4.269418743107791792e-02,5.531937945774691168e-02,6.228190944003129254e-02,6.852401225006223007e-02,7.424571178523527160e-02,7.944888467487278005e-02,8.422831124065369157e-02,8.878025643747478046e-02,9.397413871773603600e-02,1.077307901403268403e-01
3.284118680274132618e-02,3.647692200160624482e-02,4.275941695406664661e-02,5.536896395829842693e-02,6.232315568445258303e-02,6.855744578073440232e-02,7.427275067447362822e-02,7.947029135348042395e-02,8.424503054365815868e-02,8.879358716790188011e-02,9.400180461322409087e-02,1.078143707131832274e-01
3.290687006064745707e-02,3.654011912958765596e-02,4.281930519896381265e-02,5.541381236367502738e-02,6.235990367866649231e-02,6.858657088316932882e-02,7.429560425675724167e-02,7.948760707450158725e-02,8.425772359570973813e-02,8.880292469865734561e-02,9.402535952513388362e-02,1.078918267570919826e-01
3.296699078942175176e-02,3.659781809123464902e-02,4.287398015040808086e-02,5.545411558474837299e-02,6.239233492691587807e-02,6.861155753973553761e-02,7.431443227408895957e-02,7.950098441391814652e-02,8.426653920564619593e-02,8.880843401970667239e-02,9.404519931013949341e-02,1.079650742868774049e-01
3.302169722802939661e-02,3.665056916748013482e-02,4.292402768399113111e-02,5.549028600624861945e-02,6.242092473561544619e-02,6.863291623125108987e-02,7.432975644069626797e-02,7.951095813321945593e-02,8.427201055415826925e-02,8.881058771825403597e-02,9.406108328100637461e-02,1.080308257292851570e-01
3.307196273302686479e-02,3.669880062566849982e-02,4.296970895799350626e-02,5.552261966705177715e-02,6.244583959384490679e-02,6.865074784672478558e-02,7.434165867522213311e-02,7.951759386420738374e-02,8.427420196185365919e-02,8.880950619772816357e-02,9.407379004534485722e-02,1.080929296194087230e-01
3.311790007252086304e-02,3.674277151721636742e-02,4.301130621624308509e-02,5.555132576681464512e-02,6.246730008228178199e-02,6.866526192753277802e-02,7.435033116677232379e-02,7.952107256242088584e-02,8.427329348793513586e-02,8.880539241337190304e-02,9.408368400473711424e-02,1.081519505933862674e-01
3.315971493489124761e-02,3.678274489546799753e-02,4.304910338520086255e-02,5.557668150046440880e-02,6.248559263532501434e-02,6.867675777123442848e-02,7.435608062541011753e-02,7.952170716220102742e-02,8.426959423220295453e-02,8.879851955642244221e-02,9.409068773436218835e-02,1.082066940018908824e-01
3.319778534886638072e-02,3.681900776891783300e-02,4.308335990097422047e-02,5.559889616506093896e-02,6.250088984300224138e-02,6.868536949275626247e-02,7.435901356589852407e-02,7.951958579592441345e-02,8.426318486106278149e-02,8.878899648163379732e-02,9.409521197581294238e-02,1.082587267840204315e-01
3.323223333102406918e-02,3.685180356779242661e-02,4.311431490197138033e-02,5.561822256878047599e-02,6.251349537629917463e-02,6.869143788943823936e-02,7.435950125198369232e-02,7.951510689085658501e-02,8.425447249626590029e-02,8.877718964609866703e-02,9.409717150185957502e-02,1.083064379179431852e-01
3.326338294831677339e-02,3.688139838194227915e-02,4.314221162971883239e-02,5.563485962947736785e-02,6.252357714155688806e-02,6.869510827060870684e-02,7.435767590710413988e-02,7.950839150685932999e-02,8.424357418838590572e-02,8.876323029606603132e-02,9.409684979580652808e-02,1.083506985640574904e-01
3.329151266416200544e-02,3.690803266058032689e-02,4.316724635211197786e-02,5.564898424128848081e-02,6.253130848001346720e-02,6.869654770570124414e-02,7.435369831726393319e-02,7.949959532197380108e-02,8.423064388550285941e-02,8.874727584750788378e-02,9.409443162721820020e-02,1.083918090744805524e-01
3.331649333709375826e-02,3.693164837498363884e-02,4.318952645112193733e-02,5.566078181678092013e-02,6.253683825419753539e-02,6.869588012942054456e-02,7.434769001696688029e-02,7.948884509120875130e-02,8.421581576477106534e-02,8.872947259769309314e-02,9.409010358800183604e-02,1.084300730212046787e-01
3.333926969914313698e-02,3.695304999306599919e-02,4.320950891570741331e-02,5.567040449268262359e-02,6.254035014756564870e-02,6.869333081049207312e-02,7.433988055782451976e-02,7.947635242516519483e-02,8.419927780154375097e-02,8.870997444458093850e-02,9.408391501415967750e-02,1.084655704008360699e-01
3.335936775059326204e-02,3.697185175024059189e-02,4.322707131031275352e-02,5.567800105918669501e-02,6.254196107455682607e-02,6.868896784811195921e-02,7.433032346696251402e-02,7.946218002108948464e-02,8.418111205043159184e-02,8.868889792185229159e-02,9.407609511572410932e-02,1.084985790089792179e-01
3.337716605831578948e-02,3.698840245446520514e-02,4.324247959064932145e-02,5.568370225432565934e-02,6.254179488859355762e-02,6.868293149531880248e-02,7.431917216577181573e-02,7.944648326249416359e-02,8.416146922524178620e-02,8.866638030662911396e-02,9.406672322892303817e-02,1.085291976198971137e-01
3.339282240953370118e-02,3.700285955245734976e-02,4.325586723430117214e-02,5.568767265611508643e-02,6.254003297581875453e-02,6.867538740975734357e-02,7.430656259071484471e-02,7.942937620960729972e-02,8.414045312236509422e-02,8.864252641703300462e-02,9.405593622780163143e-02,1.085576018946481092e-01
3.340651862942182332e-02,3.701537550025340434e-02,4.326737738634780367e-02,5.569000667007369121e-02,6.253673743092434678e-02,6.866639997727227995e-02,7.429258169173821869e-02,7.941096425803866043e-02,8.411817929644349601e-02,8.861745349472363587e-02,9.404382515891430983e-02,1.085838950797763519e-01
3.341835582216914902e-02,3.702606840761304974e-02,4.327713635649279439e-02,5.569082445162513301e-02,6.253203334770368604e-02,6.865609106694374464e-02,7.427734195076564350e-02,7.939135101567527941e-02,8.409474599045727028e-02,8.859125789346326829e-02,9.403049275554807573e-02,1.086082236172166982e-01
3.342849814632657679e-02,3.703507693541620294e-02,4.328525910483256578e-02,5.569019010903896588e-02,6.252598369999708139e-02,6.864453464331429777e-02,7.426092899742228748e-02,7.937062755866157449e-02,8.407024570835615329e-02,8.856403167695761636e-02,9.401603196691447895e-02,1.086307602426910962e-01
3.343698739910679757e-02,3.704249200603762504e-02,4.329186579851827116e-02,5.568830930224739906e-02,6.251877691373079748e-02,6.863187457871119945e-02,7.424344656092589367e-02,7.934887691746447813e-02,8.404475559123987527e-02,8.853585599545084339e-02,9.400054086937593978e-02,1.086515452259705500e-01
3.344400639489997912e-02,3.704837372490229347e-02,4.329695129356841976e-02,5.568513560229450959e-02,6.251042047058978646e-02,6.861817037055847890e-02,7.422498857679254991e-02,7.932620544440122101e-02,8.401838232756761449e-02,8.850682775075276176e-02,9.398407592834126523e-02,1.086706736590380001e-01
3.344967232359088993e-02,3.705304019195558574e-02,4.330090369046601939e-02,5.568092338802517471e-02,6.250103905439592655e-02,6.860349585006307593e-02,7.420561791941358842e-02,7.930267708698146567e-02,8.399119222962925235e-02,8.847701488601115993e-02,9.396670823656194660e-02,1.086882669411748242e-01
3.345401529697462212e-02,3.705633036409418379e-02,4.330350649834081161e-02,5.567561253446359770e-02,6.249070501893989188e-02,6.858796567037753200e-02,7.418544528390312587e-02,7.927838726695063398e-02,8.396326882871125996e-02,8.844649327600320743e-02,9.394851370687318237e-02,1.087044324466990841e-01
3.345721411421033464e-02,3.705850068392155250e-02,4.330500121155222287e-02,5.566932557933123443e-02,6.247945307637493145e-02,6.857157382794291933e-02,7.416446164231857430e-02,7.925334049104371115e-02,8.393463330117195698e-02,8.841530642286590802e-02,9.392960166905736652e-02,1.087192717214489485e-01
3.345932718320576704e-02,3.705958649983491504e-02,4.330544246404412212e-02,5.566213627929484514e-02,6.246736332634341554e-02,6.855440418498885691e-02,7.414275208633654135e-02,7.922761979520853703e-02,8.390536481475995012e-02,8.838352509074011432e-02,9.391002228740609470e-02,1.087328529319931542e-01
3.346041871520001598e-02,3.705965228400226463e-02,4.330488451432357860e-02,5.565410790853800999e-02,6.245451285932435842e-02,6.853653935059779434e-02,7.412039599561601189e-02,7.920129765391227539e-02,8.387552975379336528e-02,8.835121003954327090e-02,9.388982914691693105e-02,1.087452516602928215e-01
3.346056432434835193e-02,3.705876875703763978e-02,4.330339284056235194e-02,5.564528924388860431e-02,6.244093391340117816e-02,6.851799488889467882e-02,7.409740000096194656e-02,7.917437959716289164e-02,8.384513690389537588e-02,8.831838283631296416e-02,9.386910368599257759e-02,1.087566751035182189e-01
3.345987215684968763e-02,3.705705332582540090e-02,4.330107840703574518e-02,5.563577365233391553e-02,6.242674167917718758e-02,6.849892173653365779e-02,7.407393603562659190e-02,7.914703855891036532e-02,8.381435046674952372e-02,8.828517504795041493e-02,9.384782093279374349e-02,1.087668221863982432e-01
3.345835834931489700e-02,3.705450689271082981e-02,4.329794501150727865e-02,5.562558010242011491e-02,6.241193930506405002e-02,6.847929294418657331e-02,7.404995670372814531e-02,7.911922160850994035e-02,8.378312072171519020e-02,8.825156033412663581e-02,9.382608176842967274e-02,1.087760784607222087e-01
3.345610559174341803e-02,3.705121760781369955e-02,4.329407669861087132e-02,5.561476727556918104e-02,6.239657114586228542e-02,6.845914798388672007e-02,7.402550320696456299e-02,7.909097344246698857e-02,8.375149560883489441e-02,8.821758780413832546e-02,9.380392408072107946e-02,1.087844459962506172e-01
3.345316498707361086e-02,3.704722898660915698e-02,4.328951116213616140e-02,5.560338739096213484e-02,6.238071238118931411e-02,6.843857928215592301e-02,7.400067274230619219e-02,7.906238648130681224e-02,8.371956005010347535e-02,8.818332819258228872e-02,9.378137099642573637e-02,1.087919044747759773e-01
3.344959926430973729e-02,3.704260748895446542e-02,4.328431348111016347e-02,5.559147997804855107e-02,6.236437811979028689e-02,6.841758427993921421e-02,7.397545673213973272e-02,7.903345417328244693e-02,8.368731243335920944e-02,8.814879054203772490e-02,9.375847026376653293e-02,1.087985710555939983e-01
3.344545553451976766e-02,3.703739757215405992e-02,4.327852589257996652e-02,5.557908778358006813e-02,6.234761481828238888e-02,6.839621207283444471e-02,7.394990457522633565e-02,7.900422427133205194e-02,8.365479857824972831e-02,8.811401732251429586e-02,9.373525377333809250e-02,1.088044782119599596e-01
3.344078333751451110e-02,3.703164712421730398e-02,4.327219267415032683e-02,5.556624965712759351e-02,6.233045990219641952e-02,6.837449919593430181e-02,7.392405203680336989e-02,7.897473149141800985e-02,8.362205235382340340e-02,8.807904133288411985e-02,9.371175235049536423e-02,1.088096706189488200e-01
3.343563094415738512e-02,3.702540314732716276e-02,4.326535689310694738e-02,5.555299898213118120e-02,6.231294345453605027e-02,6.835247488761155010e-02,7.389792900447969548e-02,7.894500637869625304e-02,8.358910483322833096e-02,8.804389372281216930e-02,9.368799600689532714e-02,1.088141838508374648e-01
3.343002592153867386e-02,3.701869238817057095e-02,4.325804949768030649e-02,5.553937635743595724e-02,6.229510736487296058e-02,6.833017745190753112e-02,7.387156809551191639e-02,7.891507637458226865e-02,8.355597997154726175e-02,8.800859669615372638e-02,9.366401143006325425e-02,1.088180854860159724e-01
3.342402792047840382e-02,3.701157351585281086e-02,4.325031782402070230e-02,5.552540678037727606e-02,6.227697085609560507e-02,6.830762669411767629e-02,7.384499295252296147e-02,7.888496867970706816e-02,8.352270743354398008e-02,8.797318075582125085e-02,9.363982504523567230e-02,1.088213883751639049e-01
3.341757445112486513e-02,3.700398283073481204e-02,4.324213392655616023e-02,5.551110497298105545e-02,6.225854333791778356e-02,6.828481953530980697e-02,7.381819207668866012e-02,7.885466944663907518e-02,8.348927434907230105e-02,8.793764146306574936e-02,9.361547564971228752e-02,1.088242294695412338e-01
3.341093064867479284e-02,3.699618717750800118e-02,4.323367872090257830e-02,5.549654591332447984e-02,6.223991405780610747e-02,6.826187396369472193e-02,7.379129894692820768e-02,7.882431114300697539e-02,8.345580533206983787e-02,8.790207654912032820e-02,9.359094486062100038e-02,1.088263950595882573e-01
3.340393330741750488e-02,3.698802026517416380e-02,4.322485609450192612e-02,5.548172150543247833e-02,6.222105953129581507e-02,6.823873842444264093e-02,7.376424584344627722e-02,7.879382427104344999e-02,8.342223571552721817e-02,8.786644206668053902e-02,9.356628387107601696e-02,1.088281131581737837e-01
3.339661103131055797e-02,3.697951942187573809e-02,4.321571151187631604e-02,5.546665525980055272e-02,6.220199238014038207e-02,6.821542230229822590e-02,7.373704286537953456e-02,7.876322055943682510e-02,8.338857853413851606e-02,8.783075283641360309e-02,9.354151583016109828e-02,1.088294519881464334e-01
3.338908889699408744e-02,3.697078962715183437e-02,4.320628771597477547e-02,5.545136086712606355e-02,6.218275114002544401e-02,6.819198506884140143e-02,7.370975869850072970e-02,7.873256832199790334e-02,8.335489844930704662e-02,8.779506198770835323e-02,9.351664539587793701e-02,1.088303204136087388e-01
3.338135687811468605e-02,3.696182862087705329e-02,4.319660706615369855e-02,5.543587321291910952e-02,6.216335631402422623e-02,6.816843254205789959e-02,7.368239097551701478e-02,7.870186337688193923e-02,8.332119276162544552e-02,8.775937227174783473e-02,9.349169399737625175e-02,1.088307559558387982e-01
3.337341001586888872e-02,3.695263771167683203e-02,4.318668649432676199e-02,5.542021271718144959e-02,6.214382583567447382e-02,6.814478319629657666e-02,7.365495904074952083e-02,7.867112443006910039e-02,8.328747840463411600e-02,8.772369796888061788e-02,9.346667673387835940e-02,1.088308294180799635e-01
3.336528807562362531e-02,3.694325368971170670e-02,4.317655284322675924e-02,5.540439615572333859e-02,6.212417469302281697e-02,6.812105044240808482e-02,7.362747528422529386e-02,7.864036345180853982e-02,8.325376748379659242e-02,8.768805181847548480e-02,9.344160863527277427e-02,1.088305542043773305e-01
3.335701169469620919e-02,3.693369598392520770e-02,4.316622396987505189e-02,5.538844065838790381e-02,6.210442003596468308e-02,6.809725120368113893e-02,7.359995626893432730e-02,7.860959640422672534e-02,8.322007543643691885e-02,8.765244836940773443e-02,9.341650256400362007e-02,1.088299484692148988e-01
3.334859909867088357e-02,3.692398330016304769e-02,4.315571833925344741e-02,5.537236188503994599e-02,6.208457620855748621e-02,6.807339836187670246e-02,7.357241414242629562e-02,7.857883392827171021e-02,8.318641196109764768e-02,8.761689754224641358e-02,9.339137134457864420e-02,1.088290400675633179e-01
3.334006710857701644e-02,3.691413149024528467e-02,4.314505103710909728e-02,5.535617362319543433e-02,6.206465638669055734e-02,6.804950473490689600e-02,7.354486240798852048e-02,7.854808839820989763e-02,8.315278891898693348e-02,8.758141120880665043e-02,9.336622664950455786e-02,1.088278466938173983e-01
3.333143684380514282e-02,3.690416291030475943e-02,4.313424284676448117e-02,5.533989219625469469e-02,6.204467567256393562e-02,6.802558468592984076e-02,7.351731500004200781e-02,7.851737298745387061e-02,8.311921938066398063e-02,8.754600153005524799e-02,9.334107878489919519e-02,1.088263818282497047e-01
3.332273281141866217e-02,3.689410371496546631e-02,4.312331745940902600e-02,5.532353423289630007e-02,6.202464725678528967e-02,6.800164811264590436e-02,7.348977910780185585e-02,7.848669293599121188e-02,8.308570737844210574e-02,8.751067344066705556e-02,9.331593722968171967e-02,1.088246884495802924e-01
3.331394690999008729e-02,3.688394436331411674e-02,4.311227159817202642e-02,5.530710109826442178e-02,6.200457428487871764e-02,6.797770131980665487e-02,7.346226450627242610e-02,7.845606042716349315e-02,8.305226654809221010e-02,8.747544224423951797e-02,9.329081080816650773e-02,1.088227612722063170e-01
3.330510555275901369e-02,3.687370730166348448e-02,4.310112024950748383e-02,5.529061154445420040e-02,6.198447784752058459e-02,6.795376475897151047e-02,7.343478963052178787e-02,7.842549204701647347e-02,8.301891260192677258e-02,8.744032302653388655e-02,9.326571093240766663e-02,1.088205811470014939e-01
3.329621991964375888e-02,3.686340854566484693e-02,4.308988287160555458e-02,5.527407588574594771e-02,6.196436408705452425e-02,6.792984265514841191e-02,7.340735795582695178e-02,7.839499091063385772e-02,8.298564829948883170e-02,8.740531839031373540e-02,9.324064436955389890e-02,1.088181821047010667e-01
3.328729615243337936e-02,3.685305083658781816e-02,4.307856179761128390e-02,5.525750131436699825e-02,6.194424072794695035e-02,6.790594236998447053e-02,7.337997657474391866e-02,7.836456390012656870e-02,8.295248020730691674e-02,8.737043411571784879e-02,9.321561728817355508e-02,1.088155953896811357e-01
3.327836008939030754e-02,3.684266632312858253e-02,4.306718615942016493e-02,5.524090113250846451e-02,6.192411696953781242e-02,6.788207090578562974e-02,7.335265097461762807e-02,7.833421545488210291e-02,8.291941206027415856e-02,8.733567367231412359e-02,9.319063664003084113e-02,1.088128402111289278e-01
3.326940255140826280e-02,3.683223897416117165e-02,4.305574294228424470e-02,5.522427812882498704e-02,6.190399943357759172e-02,6.785823670823457054e-02,7.332539082822858711e-02,7.830395605175496931e-02,8.288645493109605966e-02,8.730104774248448329e-02,9.316570918196104278e-02,1.088099063231450780e-01
3.326043778930810879e-02,3.682178546787972379e-02,4.304424889808710492e-02,5.520764993747937638e-02,6.188390790488124127e-02,6.783445967156505330e-02,7.329821414575594940e-02,7.827380108356829513e-02,8.285362186361115711e-02,8.726656647678859846e-02,9.314084077191983613e-02,1.088067987916654100e-01
3.325149990168049102e-02,3.681135006973503682e-02,4.303274471208306390e-02,5.519101424087484442e-02,6.186382145458044213e-02,6.781071065013617727e-02,7.327109092301328785e-02,7.824372330924231345e-02,8.282088880265470188e-02,8.723221195469907374e-02,9.311602579547118008e-02,1.088035903860749415e-01
3.324256654853199183e-02,3.680089960324971210e-02,4.302120100168160127e-02,5.517438409214173861e-02,6.184377054785600292e-02,6.778702746250761524e-02,7.324405972113058605e-02,7.821375875395389365e-02,8.278828875840332779e-02,8.719801080007262561e-02,9.309129118635950384e-02,1.088002402326189028e-01
3.323364554645491520e-02,3.679044376802117350e-02,4.300962787996866210e-02,5.515776230475594871e-02,6.182375501562110270e-02,6.776340869064936823e-02,7.321711888467521967e-02,7.818390593881320572e-02,8.275582041824013080e-02,8.716396217976332683e-02,9.306664078123537409e-02,1.087967670577696527e-01
3.322464843212331181e-02,3.677989276424910303e-02,4.299797333658440801e-02,5.514114524816757235e-02,6.180378013810609861e-02,6.773986156885647425e-02,7.319027355126361822e-02,7.815416630790428254e-02,8.272348156478653847e-02,8.713006171803881761e-02,9.304207805008396504e-02,1.087932117748827837e-01
3.321581788182342149e-02,3.676949480478181043e-02,4.298638669551103214e-02,5.512455980692514135e-02,6.178384887160944666e-02,6.771638135567348282e-02,7.316352119655561426e-02,7.812454410218359901e-02,8.269128372548253947e-02,8.709632566166013168e-02,9.301760967861094631e-02,1.087895275074543394e-01
3.320701790720211044e-02,3.675911537656181838e-02,4.297480957887073183e-02,5.510800834104387369e-02,6.176396934125281263e-02,6.769297689926383199e-02,7.313686898038815332e-02,7.809504372524836424e-02,8.265922841049344605e-02,8.706275313241292058e-02,9.299323814771291719e-02,1.087857415903060038e-01
3.319829324679541421e-02,3.674879922409975130e-02,4.296325863145249169e-02,5.509149413566619830e-02,6.174414489660623451e-02,6.766965134773818280e-02,7.311031975374754355e-02,7.806566794295621836e-02,8.262731848800743129e-02,8.702934714167104291e-02,9.296896747495324298e-02,1.087818614844962561e-01
3.318960075371555490e-02,3.673850605279251752e-02,4.295171489317516078e-02,5.507501470178596120e-02,6.172437613428895936e-02,6.764640606589067406e-02,7.308387315319517241e-02,7.803641344600276142e-02,8.259554773724551990e-02,8.699610021045442454e-02,9.294479889362332325e-02,1.087779199088602794e-01
3.318092290142798939e-02,3.672820289715610781e-02,4.294014260193584204e-02,5.505856980562433972e-02,6.170467607492501061e-02,6.762325943686511853e-02,7.305754910484529852e-02,7.800729982974841104e-02,8.256393470851018657e-02,8.696302705454156401e-02,9.292073269983087969e-02,1.087738981351677597e-01
3.317232573272507062e-02,3.671797698837031554e-02,4.292862028325099971e-02,5.504217160168404371e-02,6.168503396313084614e-02,6.760019155455092299e-02,7.303132668100001390e-02,7.797830898085961193e-02,8.253246486393310544e-02,8.693011857126016484e-02,9.289677437552802675e-02,1.087698221649716079e-01
3.316376677048318844e-02,3.670776876743266776e-02,4.291709259495105067e-02,5.502581478273185084e-02,6.166546283317014820e-02,6.757722253594634909e-02,7.300522663758061970e-02,7.794945946289542904e-02,8.250115406764060855e-02,8.689738636197197330e-02,9.287292548356899935e-02,1.087656791547819690e-01
3.315527769845206391e-02,3.669762016366284046e-02,4.290559935185350726e-02,5.500950924817362558e-02,6.164596104427178674e-02,6.755434563431669814e-02,7.297924074972213238e-02,7.792074326318400301e-02,8.246999492114871766e-02,8.686482441017188971e-02,9.284918625251321889e-02,1.087614857675673896e-01
3.314686739873414639e-02,3.668754600180634817e-02,4.289416175620704846e-02,5.499327373021363485e-02,6.162654283013276058e-02,6.753157184738467489e-02,7.295337749700593621e-02,7.789216689206820976e-02,8.243899240943305951e-02,8.683243583160996093e-02,9.282555690517321767e-02,1.087572417319820905e-01
3.313852078192549427e-02,3.667752175553304350e-02,4.288274859422093466e-02,5.497708803415927298e-02,6.160719668825861278e-02,6.750889462357527460e-02,7.292763335685704951e-02,7.786372879179179196e-02,8.240814625866511867e-02,8.680022150315562512e-02,9.280204131245996246e-02,1.087529567504000039e-01
3.313024976396098525e-02,3.666756225428924321e-02,4.287137525619337530e-02,5.496096211100806594e-02,6.158792925190982592e-02,6.748631865222336212e-02,7.290201193453942075e-02,7.783543196217761195e-02,8.237745906277624264e-02,8.676818336736631665e-02,9.277864057657898844e-02,1.087486320386630290e-01
3.312205133011610764e-02,3.665766582111104621e-02,4.286004295452478657e-02,5.494489843198494677e-02,6.156874282992930852e-02,6.746384581584333184e-02,7.287651456301499908e-02,7.780727721835130339e-02,8.234693118589782312e-02,8.673632132278162599e-02,9.275535526842480782e-02,1.087442726196096027e-01
3.311392948132073355e-02,3.664783695093595112e-02,4.284875576676214909e-02,5.492889952473238580e-02,6.154963939910404469e-02,6.744147764674020273e-02,7.285114243831444791e-02,7.777926551109480557e-02,8.231656335167381044e-02,8.670463576005651984e-02,9.273218627079145293e-02,1.087398833378058899e-01
3.310588541601514750e-02,3.663807740012993419e-02,4.283751604216422260e-02,5.491296736392546618e-02,6.153062062878368599e-02,6.741921548178024526e-02,7.282589660377603025e-02,7.775139765200796138e-02,8.228635615655863211e-02,8.667312695776625830e-02,9.270913431709597308e-02,1.087354679889654951e-01
3.309792071101421568e-02,3.662838929915240155e-02,4.282632629603454200e-02,5.489710390134144163e-02,6.151168813021837267e-02,6.739706058305415526e-02,7.280077802307341472e-02,7.772367437534273560e-02,8.225631012417408683e-02,8.664179511939577860e-02,9.268620000618604804e-02,1.087310300545465680e-01
3.309003745440412120e-02,3.661877530317057122e-02,4.281518953134910710e-02,5.488131166288393731e-02,6.149284401488900459e-02,6.737501462514847161e-02,7.277578795941512524e-02,7.769609659291683290e-02,8.222642584073269756e-02,8.661064035998182475e-02,9.266338355201456101e-02,1.087265727887301719e-01
3.308223322731679295e-02,3.660923327479734257e-02,4.280410469228130427e-02,5.486559000454339918e-02,6.147408779457424338e-02,6.735307715291803665e-02,7.275092597256541116e-02,7.766866387079233991e-02,8.219670283481628204e-02,8.657966218035556549e-02,9.264068575500854219e-02,1.087221007335480577e-01
3.307451929310666061e-02,3.659977625022346748e-02,4.279308219686919768e-02,5.484994109776949317e-02,6.145541890028557996e-02,6.733124619283180345e-02,7.272618955774295957e-02,7.764137366126581952e-02,8.216713866028563240e-02,8.654885846298990271e-02,9.261810688131022484e-02,1.087176204720667200e-01
3.306688230259094419e-02,3.659038932867431093e-02,4.278211202474305891e-02,5.483436815062245340e-02,6.143684448108775731e-02,6.730953022923179263e-02,7.270158702077555990e-02,7.761423344565854254e-02,8.213773984803356132e-02,8.651823393492040493e-02,9.259564705928600981e-02,1.087131248871950062e-01
3.305933048028820986e-02,3.658108228182559152e-02,4.277120186470316499e-02,5.481887065725615099e-02,6.141836141418092337e-02,6.728792507517747379e-02,7.267711404359879224e-02,7.758723918371385198e-02,8.210850267773973921e-02,8.648778544316300387e-02,9.257330605187398531e-02,1.087086203692972375e-01
3.305185049192768676e-02,3.657183944588848074e-02,4.276033911152302136e-02,5.480344772098398598e-02,6.139997287181254981e-02,6.726643539838639274e-02,7.265277531567898572e-02,7.756039493220616421e-02,8.207943038990656026e-02,8.645751492088467327e-02,9.255108373781574527e-02,1.087041071658369495e-01
3.304446942676101534e-02,3.656269395648973491e-02,4.274955233045414638e-02,5.478810481715005315e-02,6.138167593786780785e-02,6.724505448773342164e-02,7.262856312438831230e-02,7.753369338426231716e-02,8.205051650832913268e-02,8.642741747840516908e-02,9.252898059388958707e-02,1.086995937664538281e-01
3.303717515767998908e-02,3.655363159970400483e-02,4.273883030171642811e-02,5.477284087958701059e-02,6.136347278242951231e-02,6.722378565929006122e-02,7.260448079591842740e-02,7.750713738192668845e-02,8.202176325109040989e-02,8.639749431807822178e-02,9.250699635789023934e-02,1.086950801010033302e-01
3.302996435240702217e-02,3.654464913424583516e-02,4.272817089219906050e-02,5.475765586770827559e-02,6.134536413737982918e-02,6.720262982011747377e-02,7.258052906359635514e-02,7.748072734818058083e-02,8.199317069161717042e-02,8.636774503355847121e-02,9.248513070359332122e-02,1.086905679922475915e-01
3.302283987067731325e-02,3.653575028594564789e-02,4.271757772248543222e-02,5.474255109808497111e-02,6.132735039069463212e-02,6.718158683465089154e-02,7.255670753945829554e-02,7.745446279252121702e-02,8.196473826456990297e-02,8.633816889866927080e-02,9.246338333927031639e-02,1.086860589031683755e-01
3.301580082328226667e-02,3.652693438159908268e-02,4.270705065568876357e-02,5.472752683756884617e-02,6.130943181421302790e-02,6.716065680071146848e-02,7.253301609894294288e-02,7.742834338303888897e-02,8.193646543316562836e-02,8.630876510555626768e-02,9.244175391632246386e-02,1.086815547057996267e-01
3.300884709445894155e-02,3.651820186222056591e-02,4.269659073633794155e-02,5.471258383250619112e-02,6.129160881064986410e-02,6.713983977262305558e-02,7.250945451396684227e-02,7.740236868917545199e-02,8.190835159277633226e-02,8.627953281097106020e-02,9.242024200838985792e-02,1.086770568244834340e-01
3.300197731066033258e-02,3.650955120393482856e-02,4.268619653929520835e-02,5.469772161566048563e-02,6.127388173892145407e-02,6.711913659979960867e-02,7.248602379657828609e-02,7.737653965538407452e-02,8.188039747893174902e-02,8.625047221813668397e-02,9.239884712193824345e-02,1.086725650046147795e-01
3.299519332591040188e-02,3.650098543721612410e-02,4.267587148111288975e-02,5.468294089617991433e-02,6.125624956923418629e-02,6.709854492749527111e-02,7.246272078848410569e-02,7.735085275240628777e-02,8.185259942069622596e-02,8.622157998320222061e-02,9.237757042601851820e-02,1.086680852843536632e-01
3.298849322196227563e-02,3.649250259366468296e-02,4.266561435191717350e-02,5.466824247604072651e-02,6.123871417168332693e-02,6.707806730314097576e-02,7.243954831306399778e-02,7.732531079061857882e-02,8.182496003387577932e-02,8.619285788193790931e-02,9.235641380592439498e-02,1.086636130799475408e-01
3.298187700264412076e-02,3.648410290497652170e-02,4.265542508103237901e-02,5.465362494379452651e-02,6.122127365895393275e-02,6.705770139190478374e-02,7.241650371017947785e-02,7.729991090743620896e-02,8.179747631443362588e-02,8.616430308099412572e-02,9.233537685354244184e-02,1.086591539167547915e-01
3.297534464137398535e-02,3.647578722297713238e-02,4.264530560554810612e-02,5.463908989718060244e-02,6.120392900180424839e-02,6.703744765565919361e-02,7.239358709157875382e-02,7.727465300371777479e-02,8.177014800878816547e-02,8.613591504044200431e-02,9.231445880396953185e-02,1.086547070942123494e-01
3.296889588562672974e-02,3.646755569535677782e-02,4.263525638815957031e-02,5.462463737991982843e-02,6.118668004619287615e-02,6.701730572391023655e-02,7.237079788111865086e-02,7.724953632820358296e-02,8.174297419549940436e-02,8.610769262680921521e-02,9.229365891845400793e-02,1.086502738908583093e-01
3.296253011457837834e-02,3.645940804158746829e-02,4.262527756671591339e-02,5.461026739100586364e-02,6.116952665166189990e-02,6.699727526370845287e-02,7.234813555161964671e-02,7.722456018356409213e-02,8.171595400923092889e-02,8.607963475194480019e-02,9.227297640945494872e-02,1.086458552324144483e-01
3.295624669436433146e-02,3.645134397085181971e-02,4.261536926330291436e-02,5.459597989663644846e-02,6.115246863842339897e-02,6.697735590220783852e-02,7.232559953992148682e-02,7.719972384223983131e-02,8.168908656036945326e-02,8.605174031013726466e-02,9.225241046429898117e-02,1.086414519443435062e-01
3.295004489497663919e-02,3.644336305818213217e-02,4.260553143407042054e-02,5.458177474006657703e-02,6.113550575502658957e-02,6.695754723510685680e-02,7.230318927717149791e-02,7.717502658416877659e-02,8.166237097254268329e-02,8.602400820769683099e-02,9.223196025055142855e-02,1.086370647393204991e-01
3.294392333521756200e-02,3.643546392483338475e-02,4.259576289518828690e-02,5.456765114510321590e-02,6.111863751792179222e-02,6.693784886746161067e-02,7.228090432548964217e-02,7.715046786217084895e-02,8.163580654418173266e-02,8.599643748884351624e-02,9.221162493125463488e-02,1.086326941270173430e-01
3.293788453453222465e-02,3.642765109825488179e-02,4.258607014677306957e-02,5.455361359562432844e-02,6.110186593551737017e-02,6.691826082616809945e-02,7.225874334449512715e-02,7.712604554441211679e-02,8.160939071610198714e-02,8.596902548360663143e-02,9.219140307755314956e-02,1.086283414372126721e-01
3.293192637616108170e-02,3.641992147087843440e-02,4.257644846937509026e-02,5.453965742525346272e-02,6.108518810668409765e-02,6.689878172746954732e-02,7.223670601505879918e-02,7.710175988844659989e-02,8.158312395326833277e-02,8.594177247166062683e-02,9.217129453022157581e-02,1.086240070941451585e-01
3.292604718842175732e-02,3.641227366852677061e-02,4.256689759999560813e-02,5.452578327065427111e-02,6.106860436065445624e-02,6.687941139077130392e-02,7.221479166900597602e-02,7.707760986014400295e-02,8.155700494926403088e-02,8.591467690893853093e-02,9.215129812983370583e-02,1.086196914007636072e-01
3.292024584724520531e-02,3.640470685525951794e-02,4.255741718875542118e-02,5.451199088555007399e-02,6.105211442417109169e-02,6.686014941852649884e-02,7.219299973692529238e-02,7.705359471314081332e-02,8.153103277337600541e-02,8.588773762144186197e-02,9.213141289396298284e-02,1.086153947154541027e-01
3.291452392701642998e-02,3.639722344932370957e-02,4.254800986627878256e-02,5.449828068592073305e-02,6.103571759644495220e-02,6.684099444887352248e-02,7.217132856182574552e-02,7.702971271456168778e-02,8.150520569034748475e-02,8.586095294810039413e-02,9.211163809324100782e-02,1.086111186094340375e-01
3.290887637844802649e-02,3.638981758205155764e-02,4.253867026047372657e-02,5.448465066002401713e-02,6.101941346904252855e-02,6.682194679372469026e-02,7.214977858436001645e-02,7.700596413262171536e-02,8.147952367496194559e-02,8.583432235165397439e-02,9.209197255816381489e-02,1.086068615467622733e-01
