# particle size bin bounds (um), with size bins represented by columns and their number (starting at 1 and in line with the lower bound) given in second line of header, per time step which is is represented by rows and corresponding times given in the time output file 
# 
4.999999999999999237e-03,7.033140206315965405e-03,9.893012232339628079e-03,1.391578841856870238e-02,1.957433820584431397e-02,2.753381300951006361e-02,3.872983346207417577e-02,5.447846978120705203e-02,7.663094323935530638e-02,1.077912335889252421e-01,1.516221717685331538e-01,2.132759984868432546e-01,2.999999999999999334e-01
4.999999999999999237e-03,7.033140206315965405e-03,9.893012232339628079e-03,1.391578841856870238e-02,1.957433820584431397e-02,2.753381300951006361e-02,3.872983346207417577e-02,5.447846978120705203e-02,7.663094323935530638e-02,1.077912335889252421e-01,1.516221717685331538e-01,2.132759984868432546e-01,2.999999999999999334e-01
4.999999999999999237e-03,7.033140206315965405e-03,9.893012232339628079e-03,1.391578841856870238e-02,1.957433820584431397e-02,2.753381300951006361e-02,3.872983346207417577e-02,5.447846978120705203e-02,7.663094323935530638e-02,1.077912335889252421e-01,1.516221717685331538e-01,2.132759984868432546e-01,2.999999999999999334e-01
4.999999999999999237e-03,1.048131284679738526e-02,1.798839001267408394e-02,2.590829283668059230e-02,3.337090745881600429e-02,4.009908399305189136e-02,4.620566899209346129e-02,5.201311754040469776e-02,5.513132468378817430e-02,5.622293906482873221e-02,5.776541035170312116e-02,6.059393785719928427e-02,2.999999999999981015e-01
4.999999999999999237e-03,9.115936561321844739e-03,1.823187312264368948e-02,2.812148039841952385e-02,3.644049989726459715e-02,4.385030551609579719e-02,5.041677504631807832e-02,5.624886282044512520e-02,6.155236621205571745e-02,6.663097835224733589e-02,6.948106601150552675e-02,7.084255712052554832e-02,2.999999999999978795e-01
4.999999999999999237e-03,4.487786882059192732e-03,8.975573764118385464e-03,2.242493041105674337e-02,3.278375768981853233e-02,4.088573951824850394e-02,4.803292646869484345e-02,5.436703991720990420e-02,6.000970202165669537e-02,6.516037074834482579e-02,7.010885999504343213e-02,7.339026576253585010e-02,2.999999999999976574e-01
4.999999999999999237e-03,6.378127955728103357e-03,1.230385823806401380e-02,2.571093230486730039e-02,3.617899786323965777e-02,4.406905530378656816e-02,5.103697694647753302e-02,5.723311967967155411e-02,6.277022797678684374e-02,6.783770313927287021e-02,7.271746176258281347e-02,7.892063595004844556e-02,2.999999999999974909e-01
4.999999999999999237e-03,9.098477579139768040e-03,1.534967434927344762e-02,2.848140212442577465e-02,3.893350622328581312e-02,4.665182114254863566e-02,5.348666744535303386e-02,5.958392457071138432e-02,6.504700141108953060e-02,7.005722100318027834e-02,7.489195015877891937e-02,8.142067967836669196e-02,2.999999999999974909e-01
4.999999999999999237e-03,1.173067000540088146e-02,1.804173886315976749e-02,3.084350496946455106e-02,4.123034530940037495e-02,4.881032034794969415e-02,5.554164818411480575e-02,6.156295601517548788e-02,6.696992871699671002e-02,7.193726669766431492e-02,7.674042254064537827e-02,8.352964818668205671e-02,2.999999999999974909e-01
4.999999999999999237e-03,1.413530657351544373e-02,2.038880437466751919e-02,3.287514476437043004e-02,4.318087073853998925e-02,5.064775150477075771e-02,5.729584668119069163e-02,6.325672509422750056e-02,6.861947498803372403e-02,7.355342536829748146e-02,7.833391194843029870e-02,8.534131579787375410e-02,2.999999999999974909e-01
4.999999999999999237e-03,1.627357969349337019e-02,2.243033699385051788e-02,3.463512751120895183e-02,4.485670193884712387e-02,5.222948108981805698e-02,5.881017803536178062e-02,6.472255830516383812e-02,7.004991308973493314e-02,7.495714068549280684e-02,7.972122959420953336e-02,8.691839848122109857e-02,2.999999999999974909e-01
4.999999999999999237e-03,1.815826548824733128e-02,2.421091665348494223e-02,3.617258452265862539e-02,4.631661589176608307e-02,5.361037248967266688e-02,6.013255187924784750e-02,6.600301304783774692e-02,7.130060227733132916e-02,7.618583945869861207e-02,8.093816642348425350e-02,8.830324854390585176e-02,2.999999999999974909e-01
4.999999999999999237e-03,1.981983152531983233e-02,2.577311467491277819e-02,3.752462289029484532e-02,4.759578262321419867e-02,5.482177568914504279e-02,6.129463637686331789e-02,6.712996046227882874e-02,7.240242824018518208e-02,7.726925658051732315e-02,8.201355599046383782e-02,8.952969691545258069e-02,2.999999999999974909e-01
4.999999999999999237e-03,2.128760261489527281e-02,2.715053448979907677e-02,3.872054477416328466e-02,4.872493420913686507e-02,5.589238634895964120e-02,6.232269265091966437e-02,6.812776516085718159e-02,7.337879558498845711e-02,7.823004881211433059e-02,8.296902247091257621e-02,9.062383031161087843e-02,2.999999999999974909e-01
4.999999999999999237e-03,2.258900577755458203e-02,2.837140424404733033e-02,3.978418774486907478e-02,4.972775605758467804e-02,5.684383632909598139e-02,6.323654978366979873e-02,6.901488497168201119e-02,7.424714511048975674e-02,7.908487931803580284e-02,8.382053791297711109e-02,9.160280442432518211e-02,2.999999999999974909e-01
4.999999999999999237e-03,2.374765658783556735e-02,2.945926713350633872e-02,4.073442920161701036e-02,5.062256176423670512e-02,5.769361869178988439e-02,6.405310657033286281e-02,6.980766340074014142e-02,7.502326724199204211e-02,7.984915244162736625e-02,8.458317566809077370e-02,9.248456139532910958e-02,2.999999999999974909e-01
4.999999999999999237e-03,2.478341498754454628e-02,3.043201493691302315e-02,4.158703530836035944e-02,5.142435080077376042e-02,5.845462448990622339e-02,6.478437742398031329e-02,7.051764648821103043e-02,7.571839223516638184e-02,8.053393539058983919e-02,8.526772897159547171e-02,9.328007233439442047e-02,2.999999999999974909e-01
4.999999999999999237e-03,2.571273278158979839e-02,3.130593889990494760e-02,4.235457132889857562e-02,5.214554747936798323e-02,5.913940718929030366e-02,6.544220705353619161e-02,7.115601713439145826e-02,7.634318215437195521e-02,8.114942329640685570e-02,8.588405426436794554e-02,9.400079378854456214e-02,2.999999999999974909e-01
4.999999999999999237e-03,2.654954962714072345e-02,3.209392276421673545e-02,4.304820940119660072e-02,5.279640148675449063e-02,5.975704370357285550e-02,6.603532589392473173e-02,7.173138796523095828e-02,7.690612007596440980e-02,8.170396544903471558e-02,8.644037137215358768e-02,9.465570523158206573e-02,2.999999999999974909e-01
4.999999999999999237e-03,2.730551983182124068e-02,3.280556226658274538e-02,4.367514990458292584e-02,5.338405627291017280e-02,6.031485810668665154e-02,6.657127629502146426e-02,7.225098080168967929e-02,7.741397430008878366e-02,8.220408793934205760e-02,8.694313496727977542e-02,9.525119105306671663e-02,2.999999999999974909e-01
4.999999999999999237e-03,2.798987619642739205e-02,3.345157187387024639e-02,4.424474204703441466e-02,5.391775752851332704e-02,6.082138109215755317e-02,6.705681382730153961e-02,7.272105073897149052e-02,7.787309233214549653e-02,8.265607553648873784e-02,8.739838946097981676e-02,9.579503064165541260e-02,2.999999999999974909e-01
4.999999999999999237e-03,2.861152255624277788e-02,3.403875343771113615e-02,4.476371039005747759e-02,5.440262467085570097e-02,6.128044771247069533e-02,6.749688258963197629e-02,7.314695871307495822e-02,7.828874155518418532e-02,8.306501234950143531e-02,8.781105144730749767e-02,9.629215468367872954e-02,2.999999999999974909e-01
4.999999999999999237e-03,2.917717020993001661e-02,3.457329034280097468e-02,4.523586569602587593e-02,5.484336678068251619e-02,6.169782265104750002e-02,6.789661282519646179e-02,7.353338720036939336e-02,7.866545314064990468e-02,8.343537959042475471e-02,8.818557627393652787e-02,9.674774072899795796e-02,2.999999999999974909e-01
4.999999999999999237e-03,2.969295891173438090e-02,3.506110209511485720e-02,4.566713294029002557e-02,5.524533974995593510e-02,6.207790254999100837e-02,6.826007578065897141e-02,7.388428014284650902e-02,7.900708328289213211e-02,8.377096358573982160e-02,8.852566652851565077e-02,9.716545604135370939e-02,2.999999999999974909e-01
4.999999999999999237e-03,3.016411890484308952e-02,3.550703643785281527e-02,4.606138002722828112e-02,5.561214416338422506e-02,6.242428023910187584e-02,6.859085022607783189e-02,7.420316296384971144e-02,7.931713106619227294e-02,8.407521563340841775e-02,8.883468197823342349e-02,9.754903077333859640e-02,2.999999999999974909e-01
4.999999999999999237e-03,3.059523617605546669e-02,3.591542216027308887e-02,4.642234542276593018e-02,5.594727499499500822e-02,6.274024679442113950e-02,6.889209737101785469e-02,7.449311127059383975e-02,7.959862648365442772e-02,8.435111545507137376e-02,8.911555996298649307e-02,9.790165319971393110e-02,2.999999999999974909e-01
4.999999999999999237e-03,3.098998337547589216e-02,3.628948246049075455e-02,4.675274884235199740e-02,5.625346858379742104e-02,6.302854668372852298e-02,6.916650492649840942e-02,7.475675579827799344e-02,7.985415940882295560e-02,8.460121908729555107e-02,8.937083371321870306e-02,9.822603062265281015e-02,2.999999999999974909e-01
4.999999999999999237e-03,3.135232884540155307e-02,3.663310785377443812e-02,4.705608343987353892e-02,5.653387231916722627e-02,6.329199817242665838e-02,6.941672526928581444e-02,7.499666949262162596e-02,8.008625719229822693e-02,8.482802207483952639e-02,8.960297178800821771e-02,9.852486955133159252e-02,2.999999999999974909e-01
4.999999999999999237e-03,3.168487485990232472e-02,3.694855169089749508e-02,4.733429838753341196e-02,5.679051966390608747e-02,6.353268030562286839e-02,6.964481081760494352e-02,7.521487845529775673e-02,8.029692495251583573e-02,8.503351341658141327e-02,8.981393644199330006e-02,9.880022918593291126e-02,2.999999999999974909e-01
4.999999999999999237e-03,3.199047068116866316e-02,3.723859268601777822e-02,4.758982933175561619e-02,5.702561393286422614e-02,6.375261755503917882e-02,6.985269866867918620e-02,7.541327288615588820e-02,8.048802144761540989e-02,8.521953640523759199e-02,9.000555140033876522e-02,9.905409585114587079e-02,2.999999999999974909e-01
4.999999999999999237e-03,3.227187921592088865e-02,3.750580041369876855e-02,4.782490573070923012e-02,5.724126103745614397e-02,6.395383027613797677e-02,7.004234801266401300e-02,7.559376690145382105e-02,8.066142794061394172e-02,8.538796649634963765e-02,9.017967147714520126e-02,9.928845367526253907e-02,2.999999999999974909e-01
4.999999999999999237e-03,3.253069626720559576e-02,3.775161715807729551e-02,4.804085329830572182e-02,5.743881562336600882e-02,6.413767101786455038e-02,7.021509986715075702e-02,7.575768919266495649e-02,8.081846348601588736e-02,8.554011979387465825e-02,9.033759050825802828e-02,9.950462586327334102e-02,2.999999999999974909e-01
4.999999999999999237e-03,3.276937047641408779e-02,3.797841234089278928e-02,4.823969466903071934e-02,5.762007500805680499e-02,6.430579685668258438e-02,7.037253750139933761e-02,7.590658004075971632e-02,8.096064157314475374e-02,8.567749601059672371e-02,9.048079891169491518e-02,9.970431321651389289e-02,2.999999999999974909e-01
4.999999999999999237e-03,3.298927989708221736e-02,3.818739522882370202e-02,4.842258461055653357e-02,5.778626522442444069e-02,6.445944889826947521e-02,7.051589173872598038e-02,7.604165508367988213e-02,8.108916560040728416e-02,8.580129166477984404e-02,9.061047634113122973e-02,9.988874680653206384e-02,2.999999999999974909e-01
4.999999999999999237e-03,3.319184394765688911e-02,3.837994468043971763e-02,4.859071579289232778e-02,5.793847972467271873e-02,6.459966865163775662e-02,7.064618017325413613e-02,7.616391838473389464e-02,8.120503198435376213e-02,8.591250080859891280e-02,9.072760570162166638e-02,1.000589723454957947e-01,2.999999999999974909e-01
4.999999999999999237e-03,3.337878225774543878e-02,3.855768533677418619e-02,4.874552111735842158e-02,5.807803780914026076e-02,6.472768555125840706e-02,7.076458219064975241e-02,7.627452032189376008e-02,8.130937232765809985e-02,8.601224604539896290e-02,9.083330486519836100e-02,1.002162718825934939e-01,2.999999999999974909e-01
4.999999999999999237e-03,3.355134901346493170e-02,3.872179987555555286e-02,4.888804513880438962e-02,5.820592335334657391e-02,6.484444484519891194e-02,7.087203027109108266e-02,7.637438718297803741e-02,8.140310574680406641e-02,8.610144326619081911e-02,9.092847745532511849e-02,1.003615880358032231e-01,2.999999999999974909e-01
4.999999999999999237e-03,3.371023237840714559e-02,3.887289907696187680e-02,4.901895025178109461e-02,5.832288724888250869e-02,6.495072356025775873e-02,7.096930351226925227e-02,7.646429078480859731e-02,8.148699916902377161e-02,8.618085788913523726e-02,9.101388033586607640e-02,1.004957286943159722e-01,2.999999999999974909e-01
4.999999999999999237e-03,3.385686388471316477e-02,3.901237397202635127e-02,4.913937037436172384e-02,5.842988482149991114e-02,6.504738540246715606e-02,7.105722110501304367e-02,7.654502745059685309e-02,8.156183800863213429e-02,8.625127174983830691e-02,9.109029174464229606e-02,1.006195691536829057e-01,2.999999999999974909e-01
4.999999999999999237e-03,3.399224016065636317e-02,3.914114590450179509e-02,4.925013256777296955e-02,5.852771998413584809e-02,6.513521868942462323e-02,7.113655614807753991e-02,7.661735707043601518e-02,8.162837382492252325e-02,8.631343289628394533e-02,9.115845484153904665e-02,1.007339331931517284e-01,2.999999999999974909e-01
4.999999999999999237e-03,3.411707245363232444e-02,3.925989312314050184e-02,4.935188465200323477e-02,5.861703952834639020e-02,6.521486031896790714e-02,7.120793689341163579e-02,7.668190087944816435e-02,8.168722419040166938e-02,8.636795811276250234e-02,9.121897901405795483e-02,1.008394616278317085e-01,2.999999999999974909e-01
4.999999999999999237e-03,3.423210919477797515e-02,3.936932181500502753e-02,4.944527484878169510e-02,5.869846703507795166e-02,6.528691298756565675e-02,7.127195277430727061e-02,7.673923949056350724e-02,8.173896532770186241e-02,8.641542284917608230e-02,9.127241150316660334e-02,1.009367674902760942e-01,2.999999999999974909e-01
4.999999999999999237e-03,3.433814855403182625e-02,3.947019298545707128e-02,4.953094711403530775e-02,5.877258915210134549e-02,6.535193785165999136e-02,7.132914848669760777e-02,7.678990727785113546e-02,8.178412667857769269e-02,8.645635561620752807e-02,9.131931529925772784e-02,1.010264670491002881e-01,2.999999999999974909e-01
4.999999999999999237e-03,3.443587793394551483e-02,3.956313395791100779e-02,4.960945568673037764e-02,5.883993647970717222e-02,6.541045150210984815e-02,7.138003097552886311e-02,7.683440427875774803e-02,8.182320463471190464e-02,8.649125206503899266e-02,9.136018362128925374e-02,1.011091028833753930e-01,2.999999999999974909e-01
4.999999999999999237e-03,3.452575872493286735e-02,3.964860542751375005e-02,4.968127403594282260e-02,5.890099063587966172e-02,6.546293595190892656e-02,7.142507438865657032e-02,7.687318763440113834e-02,8.185665463854670254e-02,8.652057201908966433e-02,9.139547267603620462e-02,1.011851721370770896e-01,2.999999999999974909e-01
4.999999999999999237e-03,3.460845453034121916e-02,3.972722998927326332e-02,4.974692297068920160e-02,5.895622263242214500e-02,6.550983961812432976e-02,7.146470925720262157e-02,7.690667862208336314e-02,8.188489475745697188e-02,8.654473143366164800e-02,9.142559516842851952e-02,1.012551318952050611e-01,2.999999999999974909e-01
4.999999999999999237e-03,3.468432644837077250e-02,3.979936072864987545e-02,4.980678263763291952e-02,5.900603288511836741e-02,6.555156058945156572e-02,7.149933098227299888e-02,7.693527152166310112e-02,8.190831893687897103e-02,8.656412445404962352e-02,9.145094314643448241e-02,1.013194137168573483e-01,2.999999999999974909e-01
4.999999999999999237e-03,3.475414046376924110e-02,3.986568331196928966e-02,4.986133571930151387e-02,5.905080127726729938e-02,6.558844537353795967e-02,7.152926367740647384e-02,7.695927657312129355e-02,8.192722917722473908e-02,8.657905010973197812e-02,9.147183216391575888e-02,1.013785658275670465e-01,2.999999999999974909e-01
4.999999999999999237e-03,3.481827575397811181e-02,3.992658820519381230e-02,4.991101270186999034e-02,5.909098388270035002e-02,6.562094666647116936e-02,7.155496169458619438e-02,7.697915171226922537e-02,8.194208633472639669e-02,8.658996976737502738e-02,9.148866997279649083e-02,1.014324982287998361e-01,2.999999999999974909e-01
4.999999999999999237e-03,3.487690018450415042e-02,3.998219443688177249e-02,4.995597682265095346e-02,5.912676546495196361e-02,6.564923912421222196e-02,7.157658914657723248e-02,7.699505262986332255e-02,8.195304083478015256e-02,8.659704062600787067e-02,9.150174339187951145e-02,1.014824642980701186e-01,2.999999999999974909e-01
4.999999999999999237e-03,3.493038266272753545e-02,4.003306889348457603e-02,4.999669656897951647e-02,5.915859179515979560e-02,6.567381606585727394e-02,7.159466168893649507e-02,7.700750735980579909e-02,8.196062612506876954e-02,8.660076362177594744e-02,9.151114790160956580e-02,1.015264995859708336e-01,2.999999999999974909e-01
4.999999999999999237e-03,3.497939361026275451e-02,4.007954076933979010e-02,5.003344940544115355e-02,5.918668558021748100e-02,6.569480766795354754e-02,7.160926976482182016e-02,7.701658900731278568e-02,8.196490706601425313e-02,8.660123251093458652e-02,9.151735146537894050e-02,1.015671157696185073e-01,2.999999999999974909e-01
4.999999999999999237e-03,3.502412586936694272e-02,4.012188055885891613e-02,5.006646722997096927e-02,5.921126147892825237e-02,6.571242789366177339e-02,7.162061317928808402e-02,7.702248352246927887e-02,8.196606396599513678e-02,8.659863925609824487e-02,9.152064223055590697e-02,1.016047889372893864e-01,2.999999999999974909e-01
4.999999999999999237e-03,3.506481599620896866e-02,4.016036143781073070e-02,5.009602458011351567e-02,5.923260073732396214e-02,6.572696947555517477e-02,7.162899470498630683e-02,7.702550055675193297e-02,8.196440745101282732e-02,8.659327385332138416e-02,9.152110795712944946e-02,1.016388089711457304e-01,2.999999999999974909e-01
4.999999999999999237e-03,3.510179080238833710e-02,4.019525259847999549e-02,5.012234528871829103e-02,5.925089138674989597e-02,6.573858353958089706e-02,7.163453333271319057e-02,7.702573668137777108e-02,8.196002161720553070e-02,8.658523172585912142e-02,9.151901697638691047e-02,1.016702395124307878e-01,2.999999999999974909e-01
4.999999999999999237e-03,3.513523866345769769e-02,4.022679333663604223e-02,5.014567257574420456e-02,5.926641356213220579e-02,6.574759328186985385e-02,7.163758570254114000e-02,7.702357719499891564e-02,8.195330913877840739e-02,8.657489832865603030e-02,9.151449674030862069e-02,1.016981305522534351e-01,2.999999999999974909e-01
4.999999999999999237e-03,3.516545079051835304e-02,4.025523484777570465e-02,5.016621811382121487e-02,5.927934815052622597e-02,6.575415384172302036e-02,7.163828981214166725e-02,7.701914820169303288e-02,8.194438884262542078e-02,8.656239808978072325e-02,9.150775883853709547e-02,1.017230967804636094e-01,2.999999999999974909e-01
4.999999999999999237e-03,3.519268392231994502e-02,4.028079062558004991e-02,5.018416275648610730e-02,5.928986938102204229e-02,6.575843470087780473e-02,7.163680905492107731e-02,7.701260756621140791e-02,8.193341535104217699e-02,8.654788666966252431e-02,9.149897501679206402e-02,1.017453871828779555e-01,2.999999999999974909e-01
4.999999999999999237e-03,3.521684829259517924e-02,4.030349784924272538e-02,5.019965976728122531e-02,5.929814163401218169e-02,6.576057074383885592e-02,7.163326585239696009e-02,7.700407945110786245e-02,8.192051922487321447e-02,8.653150452052105202e-02,9.148831276087465714e-02,1.017652534247234924e-01,2.999999999999974909e-01
4.999999999999999237e-03,3.523880896100899107e-02,4.032395655115413036e-02,5.021297140996035940e-02,5.930433400866515908e-02,6.576076789831263036e-02,7.162788740525803666e-02,7.699378357758450420e-02,8.190589940011613890e-02,8.651342156977376296e-02,9.147587054308904675e-02,1.017827616543073993e-01,2.999999999999974909e-01
4.999999999999999237e-03,3.525814164517321325e-02,4.034193439578505347e-02,5.022414349643802844e-02,5.930857700690944645e-02,6.575911614892462898e-02,7.162073383672951099e-02,7.698177828495293695e-02,8.188962874223883193e-02,8.649373793843881386e-02,9.146182438731792486e-02,1.017981671996513460e-01,2.999999999999974909e-01
4.999999999999999237e-03,3.527520751417197176e-02,4.035773046515913481e-02,5.023335454397361011e-02,5.931099704634512637e-02,6.575574799126893133e-02,7.161195225449867863e-02,7.696821785637940339e-02,8.187186003056182160e-02,8.647259717025455872e-02,9.144628080657643543e-02,1.018115597220596025e-01,2.999999999999974909e-01
4.999999999999999237e-03,3.529016372046638039e-02,4.037148745122157850e-02,5.024075486029704746e-02,5.931176745041627507e-02,6.575083580474593015e-02,7.160169203674865424e-02,7.695322641227100857e-02,8.185270180102083293e-02,8.645010352496429462e-02,9.142936148463703949e-02,1.018230971374710220e-01,2.999999999999974909e-01
4.999999999999999237e-03,3.530317544121351625e-02,4.038335151169885479e-02,5.024645525625437426e-02,5.931096430286403320e-02,6.574444277098404066e-02,7.159002960528269843e-02,7.693690062228626669e-02,8.183226472339866220e-02,8.642637336269891335e-02,9.141116969830091754e-02,1.018328766693939597e-01,2.999999999999974909e-01
4.999999999999999237e-03,3.531435284124851554e-02,4.039344472217126780e-02,5.025057615862485449e-02,5.930871006594341105e-02,6.573669192776152026e-02,7.157708157168245211e-02,7.691934810732987959e-02,8.181064947980473678e-02,8.640150386408480820e-02,9.139180508652568202e-02,1.018410250899596109e-01,2.999999999999974909e-01
4.999999999999999237e-03,3.532384561672513579e-02,4.040189128473459929e-02,5.025319939474334752e-02,5.930506796873204894e-02,6.572765208302938644e-02,7.156292805404861068e-02,7.690065729498041236e-02,8.178794782042930755e-02,8.637558723666481642e-02,9.137136009393076463e-02,1.018476799820074441e-01,2.999999999999974909e-01
4.999999999999999237e-03,3.533172243881723545e-02,4.040879834017423872e-02,5.025449566886751318e-02,5.930023337997628041e-02,6.571748693643983397e-02,7.154769107805108996e-02,7.688092076748614945e-02,8.176423959133541364e-02,8.634870267464990479e-02,9.134992475259824662e-02,1.018529057879430794e-01,2.999999999999974909e-01
4.999999999999999237e-03,3.533809819266065660e-02,4.041418816998942204e-02,5.025443441450520160e-02,5.929418995562620032e-02,6.570623230153231631e-02,7.153144858111759596e-02,7.686023896380352050e-02,8.173963123075463078e-02,8.632095164812965404e-02,9.132757446155534420e-02,1.018567803954243400e-01,2.999999999999974909e-01
4.999999999999999237e-03,3.534320016714075086e-02,4.041841714088306031e-02,5.025331571409539372e-02,5.928711913499944142e-02,6.569398484514800407e-02,7.151426837216466603e-02,7.683867525429513567e-02,8.171418787909200121e-02,8.629240128028035917e-02,9.130437875619321075e-02,1.018594029156654063e-01,2.999999999999974909e-01
4.999999999999999237e-03,3.534695333337642409e-02,4.042129333394528512e-02,5.025102219861411063e-02,5.927903458801527664e-02,6.568083981503843038e-02,7.149626278909135269e-02,7.681633207246529871e-02,8.168799859514019879e-02,8.626313102007265865e-02,9.128041344809173507e-02,1.018608665515896572e-01,2.999999999999974909e-01
4.999999999999999237e-03,3.534957868866651226e-02,4.042306308235654039e-02,5.024771864018932888e-02,5.927000962494977099e-02,6.566680963381307801e-02,7.147742420153450904e-02,7.679320760344970909e-02,8.166107668456430713e-02,8.623317376341931018e-02,9.125575685516573721e-02,1.018612754091852146e-01,2.999999999999974909e-01
4.999999999999999237e-03,3.535112181109856255e-02,4.042377258498404402e-02,5.024347051636822437e-02,5.926012126776319250e-02,6.565197626862148694e-02,7.145783699796764976e-02,7.676938574576783192e-02,8.163350306872271811e-02,8.620260420616580876e-02,9.123046876129844995e-02,1.018606894202649799e-01,2.999999999999974909e-01
4.999999999999999237e-03,3.535164688372866709e-02,4.042348006534757926e-02,5.023833673658895799e-02,5.924944024320275004e-02,6.563641964205728374e-02,7.143758191630961152e-02,7.674494211041937852e-02,8.160534694302939984e-02,8.617148573049458748e-02,9.120460606167060669e-02,1.018591742050998644e-01,2.999999999999974909e-01
4.999999999999999237e-03,3.535122663172489410e-02,4.042225281269436199e-02,5.023237148977037492e-02,5.923800596506292870e-02,6.562016282292752745e-02,7.141666968259550996e-02,7.671988273085961207e-02,8.157661555020612187e-02,8.613983383323987886e-02,9.117822202275557841e-02,1.018568822482502079e-01,2.999999999999974909e-01
4.999999999999999237e-03,3.534997400652264976e-02,4.042020383834590835e-02,5.022567323652846888e-02,5.922592360473517836e-02,6.560334023233724277e-02,7.139526229926104750e-02,7.669437988162583486e-02,8.154747706807997931e-02,8.610779545143625036e-02,9.115136512387198020e-02,1.018536311266168420e-01,2.999999999999974909e-01
4.999999999999999237e-03,3.534789672924745774e-02,4.041733569930320430e-02,5.021825497533832783e-02,5.921320326785049076e-02,6.558593859571923423e-02,7.137332184789578482e-02,7.666838326829455985e-02,8.151788030302727084e-02,8.607533318623376839e-02,9.112407645620065888e-02,1.018496832636933552e-01,2.999999999999974909e-01
4.999999999999999237e-03,3.534508027397455232e-02,4.041373366646214271e-02,5.021018389750356303e-02,5.919989547497256366e-02,6.556799950397608490e-02,7.135088866696401300e-02,7.664193590552514923e-02,8.148787162631419834e-02,8.604249555925723436e-02,9.109639912945573237e-02,1.018450557576968118e-01,2.999999999999974909e-01
4.999999999999999237e-03,3.534157144084205948e-02,4.040943765659658904e-02,5.020150600809376168e-02,5.918606501845927875e-02,6.554960736986376046e-02,7.132805760573864007e-02,7.661513233823069591e-02,8.145753942082152588e-02,8.600935997788854148e-02,9.106837856086465177e-02,1.018397466523225936e-01,2.999999999999974909e-01
4.999999999999999237e-03,3.533743484522371137e-02,4.040451294344482580e-02,5.019226971346898991e-02,5.917173772526124198e-02,6.553076763319098941e-02,7.130482286611604381e-02,7.658796507442466872e-02,8.142687974759518776e-02,8.597593043069316765e-02,9.104004429188256031e-02,1.018338428662498435e-01,2.999999999999974909e-01
4.999999999999999237e-03,3.533271601726942213e-02,4.039900244728652362e-02,5.018251690702608958e-02,5.915695825549071446e-02,6.551152808404911432e-02,7.128123362882934910e-02,7.656048258043160470e-02,8.139593929811332618e-02,8.594225094549184929e-02,9.101143313082302178e-02,1.018273762908868674e-01,2.999999999999974909e-01
4.999999999999999237e-03,3.532746346044856461e-02,4.039295170125492551e-02,5.017228785423782228e-02,5.914176453398384964e-02,6.549192557748979848e-02,7.125732595603721797e-02,7.653272002179847822e-02,8.136475231146186871e-02,8.590835480569962435e-02,9.098257678539259374e-02,1.018203853332807496e-01,2.999999999999974909e-01
4.999999999999999237e-03,3.532172462332258678e-02,4.038640517177436579e-02,5.016161902206865697e-02,5.912618799596137259e-02,6.547198966711118007e-02,7.123312938816095397e-02,7.650470760177474627e-02,8.133334958556930061e-02,8.587427310345548126e-02,9.095350575785350611e-02,1.018129028649112922e-01,2.999999999999974909e-01
4.999999999999999237e-03,3.531552655050416989e-02,4.037939185886337684e-02,5.015054679775973051e-02,5.911026981899123595e-02,6.545176019483933683e-02,7.120867910839168147e-02,7.647647514474234520e-02,8.130175669721778631e-02,8.584002885703088948e-02,9.092424459528510028e-02,1.018049786353503045e-01,2.999999999999974909e-01
4.999999999999999237e-03,3.530892819926794574e-02,4.037196358140721780e-02,5.013910409982455518e-02,5.909403170698426799e-02,6.543125665587450068e-02,7.118399695443548836e-02,7.644804816032504946e-02,8.127000212525638256e-02,8.580565215151617076e-02,9.089482159356417068e-02,1.017966310330666868e-01,2.999999999999974909e-01
4.999999999999999237e-03,3.530186657546877799e-02,4.036407753606080506e-02,5.012728954047340063e-02,5.907748537938949801e-02,6.541048163070274646e-02,7.115907531904641647e-02,7.641941391024820174e-02,8.123807254864583161e-02,8.577113455654866714e-02,9.086525524995257841e-02,1.017879545970278715e-01,2.999999999999974909e-01
4.999999999999999237e-03,3.529460707071065129e-02,4.035594967488792539e-02,5.011521639312999793e-02,5.906071348991420722e-02,6.538953983522070856e-02,7.113404034520033614e-02,7.639070518886723060e-02,8.120609617896221155e-02,8.573658647317281001e-02,9.083558156159443620e-02,1.017788192866605212e-01,2.999999999999974909e-01
4.999999999999999237e-03,3.528698520406609723e-02,4.034745496609912913e-02,5.010284391902222051e-02,5.904369941982923892e-02,6.536839253553063112e-02,7.110883185608481150e-02,7.636185340208313799e-02,8.117400612530395465e-02,8.570195416751728856e-02,9.080580710002822409e-02,1.017693769343373245e-01,2.999999999999974909e-01
4.999999999999999237e-03,3.527903429834896437e-02,4.033863518680991245e-02,5.009020343781439566e-02,5.902646055387471280e-02,6.534705056015634173e-02,7.108345960490712601e-02,7.633286950437211116e-02,8.114181479571995481e-02,8.566725160401440775e-02,9.077595108246186428e-02,1.017596762269849520e-01,2.999999999999974909e-01
4.999999999999999237e-03,3.527086806769618582e-02,4.032955897856158739e-02,5.007731923993507389e-02,5.900902433024265287e-02,6.532556376760638439e-02,7.105798792937872976e-02,7.630382190796716757e-02,8.110958851911174994e-02,8.563253733957798541e-02,9.074604083826628975e-02,1.017496669080300287e-01,2.999999999999974909e-01
4.999999999999999237e-03,3.526248077804471082e-02,4.032023822307431726e-02,5.006422102605847385e-02,5.899141753227112039e-02,6.530394461355157332e-02,7.103241823318422188e-02,7.627470728116216014e-02,8.107732389924210414e-02,8.559781154120738034e-02,9.071608901554545357e-02,1.017393793649933320e-01,2.999999999999974909e-01
4.999999999999999237e-03,3.525387092631720315e-02,4.031068318758924268e-02,5.005092760848228045e-02,5.897365913051706710e-02,6.528221128589214994e-02,7.100676942944603165e-02,7.624554460659917210e-02,8.104503869037132935e-02,8.556308973654384864e-02,9.068611029956787084e-02,1.017288603667638042e-01,2.999999999999974909e-01
4.999999999999999237e-03,3.524507654116782601e-02,4.030092473546403875e-02,5.003745925571616987e-02,5.895576485141894307e-02,6.526037787948839319e-02,7.098105435824750287e-02,7.621634603657242990e-02,8.101274492390382609e-02,8.552838435601639588e-02,9.065611861796282755e-02,1.017181238260385368e-01,2.999999999999974909e-01
4.999999999999999237e-03,3.523611754307693494e-02,4.029098127830356424e-02,5.002383310955337697e-02,5.893775177823585426e-02,6.523846138250466442e-02,7.095528972230463749e-02,7.618712779550397551e-02,8.098045827140150366e-02,8.549371035958477916e-02,9.062612759369707838e-02,1.017071854599200520e-01,2.999999999999974909e-01
4.999999999999999237e-03,3.522701237467769364e-02,4.028087127266851558e-02,5.001006563780711206e-02,5.891963478756173656e-02,6.521647531016336319e-02,7.092948798782644504e-02,7.615790121509781463e-02,8.094818886709531647e-02,8.545907755592525856e-02,9.059614866451404236e-02,1.016960665265135288e-01,2.999999999999974909e-01
4.999999999999999237e-03,3.521777728145136094e-02,4.027061003652539217e-02,4.999617090317518692e-02,5.890142728084387519e-02,6.519443261375935939e-02,7.090366232103083310e-02,7.612867918240617815e-02,8.091594880388826294e-02,8.542449780382102564e-02,9.056619356903972129e-02,1.016847819861241148e-01,2.999999999999974909e-01
4.999999999999999237e-03,3.520843400804096052e-02,4.026021889031609208e-02,4.998216664495130912e-02,5.888314484899462298e-02,6.517234795939895464e-02,7.087782683178497911e-02,7.609947521111409818e-02,8.088375118981913636e-02,8.538998368697635344e-02,9.053627345472896326e-02,1.016733438120570321e-01,2.999999999999974909e-01
4.999999999999999237e-03,3.519900790375935645e-02,4.024972241901341591e-02,4.996807187331247374e-02,5.886480215679500833e-02,6.515023271461166388e-02,7.085198994494817937e-02,7.607029544458167314e-02,8.085160062258214819e-02,8.535553970923147327e-02,9.050639565083988536e-02,1.016617805315338935e-01,2.999999999999974909e-01
4.999999999999999237e-03,3.518949009738942674e-02,4.023911473347659140e-02,4.995388620093136472e-02,5.884640155187188804e-02,6.512809173774797289e-02,7.082615982159434775e-02,7.604115092862549774e-02,8.081951004221525625e-02,8.532118037374644692e-02,9.047657198604625028e-02,1.016500927532348469e-01,2.999999999999974909e-01
4.999999999999999237e-03,3.517990475550006324e-02,4.022841386461506463e-02,4.993962669852244907e-02,5.882796302251502851e-02,6.510594572560086946e-02,7.080035579700486026e-02,7.601205909376004821e-02,8.078749555967557061e-02,8.528692105298549264e-02,9.044681556117067922e-02,1.016382742230648867e-01,2.999999999999974909e-01
4.999999999999999237e-03,3.517026568587874186e-02,4.021763770823207768e-02,4.992530693117868540e-02,5.880949453255351900e-02,6.508379976190108163e-02,7.077458168571981734e-02,7.598302321933303460e-02,8.075556009948491043e-02,8.525276442224434537e-02,9.041713117356910134e-02,1.016263472050076971e-01,2.999999999999974909e-01
4.999999999999999237e-03,3.516057714690226654e-02,4.020678875467466329e-02,4.991093217288768147e-02,5.879100354527063560e-02,6.506166135604267431e-02,7.074884469281686461e-02,7.595405027780784135e-02,8.072371037126803428e-02,8.521871663035138211e-02,9.038752478779399357e-02,1.016143321258252269e-01,2.999999999999974909e-01
4.999999999999999237e-03,3.515086837713708029e-02,4.019589722912061264e-02,4.989652142439170157e-02,5.877250104150443660e-02,6.503953849025960465e-02,7.072315099449903719e-02,7.592514519243796778e-02,8.069195043857797789e-02,8.518478127026128666e-02,9.035800170573823897e-02,1.016022428508153025e-01,2.999999999999974909e-01
4.999999999999999237e-03,3.514112645756604231e-02,4.018494892682632907e-02,4.988207154460010812e-02,5.875399192754888339e-02,6.501743876477018846e-02,7.069750968313351369e-02,7.589631805316097990e-02,8.066029108414919657e-02,8.515096920212340825e-02,9.032857049522277637e-02,1.015900762734331803e-01,2.999999999999974909e-01
4.999999999999999237e-03,3.513136693615948047e-02,4.017396046845979340e-02,4.986759957802128218e-02,5.873549497345200571e-02,6.499538198150604795e-02,7.067193960920706286e-02,7.586758545740973636e-02,8.062874644792876466e-02,8.511729194042305657e-02,9.029923899649378027e-02,1.015778376865762028e-01,2.999999999999974909e-01
4.999999999999999237e-03,3.512162940885300150e-02,4.016297380002893658e-02,4.985311925926138449e-02,5.871699753825816021e-02,6.497334277927134527e-02,7.064641120816922415e-02,7.583891890346040887e-02,8.059729099263929220e-02,8.508372867035630949e-02,9.026999583829894980e-02,1.015655664101036970e-01,2.999999999999974909e-01
4.999999999999999237e-03,3.511188564105182514e-02,4.015195811998847897e-02,4.983862764001467660e-02,5.869852229669862004e-02,6.495135556355766115e-02,7.062096264094459841e-02,7.581035556100834683e-02,8.056595912235102463e-02,8.505030902350883826e-02,9.024086776671320920e-02,1.015532502518446817e-01,2.999999999999974909e-01
4.999999999999999237e-03,3.510214446401458549e-02,4.014092330697802830e-02,4.982413021009540061e-02,5.868007039694408955e-02,6.492941948452428391e-02,7.059559236336317156e-02,7.578189387005855593e-02,8.053474944695185322e-02,8.501703194017182219e-02,9.021185641999453220e-02,1.015409014998907844e-01,2.999999999999974909e-01
4.999999999999999237e-03,3.509231690719755159e-02,4.012980178862164682e-02,4.980960536414764939e-02,5.866164316479084706e-02,6.490754087466807376e-02,7.057030647076233121e-02,7.575353699675331509e-02,8.050366147607926348e-02,8.498389407011881780e-02,9.018296158907840310e-02,1.015285450326109257e-01,2.999999999999974909e-01
4.999999999999999237e-03,3.508264806712439732e-02,4.011878353176756562e-02,4.979512521189977808e-02,5.864325411744328309e-02,6.488571849118934809e-02,7.054510142063977196e-02,7.572528601963816886e-02,8.047270329403156952e-02,8.495090941342890722e-02,9.015419440216501656e-02,1.015161566836262630e-01,2.999999999999974909e-01
4.999999999999999237e-03,3.507300311427815481e-02,4.010777852864220311e-02,4.978066944820441764e-02,5.862490880661225950e-02,6.486396083538548130e-02,7.051998513947502212e-02,7.569714662372006853e-02,8.044187777305052134e-02,8.491807822402788752e-02,9.012555575625080806e-02,1.015037531209816296e-01,2.999999999999974909e-01
4.999999999999999237e-03,3.506342667646501765e-02,4.009681512600637987e-02,4.976624628777689963e-02,5.860661054225325267e-02,6.484227113951920862e-02,7.049496061043371287e-02,7.566912161135024018e-02,8.041118773060168534e-02,8.488540344347471345e-02,9.009704918192580625e-02,1.014913402520629115e-01,2.999999999999974909e-01
4.999999999999999237e-03,3.505387728409499470e-02,4.008586551610330423e-02,4.975184713977796880e-02,5.858835855536375509e-02,6.482065041667274541e-02,7.047002826641940443e-02,7.564120905151773544e-02,8.038062832278133896e-02,8.485287819393461106e-02,9.006867183415770417e-02,1.014789373289678720e-01,2.999999999999974909e-01
4.999999999999999237e-03,3.504432897660251373e-02,4.007489532457116782e-02,4.973745853243347059e-02,5.857015996796176294e-02,6.479911457982225065e-02,7.044520729263074876e-02,7.561342867278660063e-02,8.035021857734159223e-02,8.482051899794684768e-02,9.004043072285010385e-02,1.014665336615536151e-01,2.999999999999974909e-01
4.999999999999999237e-03,3.503485926536872852e-02,4.006398626389531814e-02,4.972311717591756941e-02,5.855201418111039696e-02,6.477764791244323972e-02,7.042047726274418273e-02,7.558576106734295197e-02,8.031994228295905036e-02,8.478831418407099807e-02,9.001232450855607692e-02,1.014541464331559645e-01,2.999999999999974909e-01
4.999999999999999237e-03,3.502541640091650504e-02,4.005308155095119171e-02,4.970879919293437477e-02,5.853392608270199110e-02,6.475626727785463443e-02,7.039585860707560372e-02,7.555822580199691996e-02,8.028981656302319747e-02,8.475627736539764756e-02,8.998435942197023640e-02,1.014417688643447363e-01,2.999999999999974909e-01
4.999999999999999237e-03,3.501603761345826321e-02,4.004222165043419546e-02,4.969452548666823677e-02,5.851589913584657326e-02,6.473496825783951747e-02,7.037134379366062620e-02,7.553081477340529981e-02,8.025983373540773735e-02,8.472440187479661489e-02,8.995653276678712562e-02,1.014294105746637170e-01,2.999999999999974909e-01
4.999999999999999237e-03,3.500673502645435670e-02,4.003142495926031302e-02,4.968031543616578671e-02,5.849794951613383753e-02,6.471376329407899086e-02,7.034694244946208819e-02,7.550353540398663243e-02,8.022999949983397605e-02,8.469269171150294040e-02,8.992884610232822207e-02,1.014170714507695581e-01,2.999999999999974909e-01
4.999999999999999237e-03,3.499748840700354219e-02,4.002066325820113207e-02,4.966614503435242550e-02,5.848006191675428345e-02,6.469264360329417263e-02,7.032264966113148386e-02,7.547638522031660524e-02,8.020031297747934329e-02,8.466114720670021854e-02,8.990130188738768013e-02,1.014047586429559639e-01,2.999999999999974909e-01
4.999999999999999237e-03,3.498831124123694819e-02,4.000995160975630294e-02,4.965202611390313187e-02,5.846224441541873762e-02,6.467161474604231353e-02,7.029846952777783764e-02,7.544936750145044002e-02,8.017077695136171078e-02,8.462977061026639991e-02,8.987390160285563256e-02,1.013924732633822157e-01,2.999999999999974909e-01
4.999999999999999237e-03,3.497920125731063951e-02,3.999929000540070750e-02,4.963796064043771161e-02,5.844449938503326614e-02,6.465067879381389271e-02,7.027440363331424744e-02,7.542248330320425187e-02,8.014139199775464906e-02,8.459856204142042480e-02,8.984664549385815158e-02,1.013802183922230399e-01,2.999999999999974909e-01
4.999999999999999237e-03,3.497016271778686375e-02,3.998868267335765891e-02,4.962395168219598668e-02,5.842682903920498605e-02,6.462983747687824077e-02,7.025045332666858544e-02,7.539573368967183997e-02,8.011215894666175175e-02,8.456752204834486197e-02,8.981953420125105003e-02,1.013679971395451823e-01,2.999999999999974909e-01
4.999999999999999237e-03,3.496119712497878368e-02,3.997813169965264840e-02,4.961000132447398320e-02,5.840923517661145148e-02,6.460909227970981772e-02,7.022661978462102494e-02,7.536911957961535402e-02,8.008307849535270528e-02,8.453665106005862906e-02,8.979256823422258893e-02,1.013558119510793026e-01,2.999999999999974909e-01
4.999999999999999237e-03,3.495230635625330012e-02,3.996763942276890941e-02,4.959611170049098988e-02,5.839171955359452604e-02,6.458844461974752593e-02,7.020290410667258396e-02,7.534264181345802502e-02,8.005415126620030186e-02,8.450594943160893990e-02,8.976574799540680549e-02,1.013436650367885300e-01,2.999999999999974909e-01
4.999999999999999237e-03,3.494349280632012833e-02,3.995720868153536387e-02,4.958228547704258277e-02,5.837428445780774161e-02,6.456789636588340653e-02,7.017930774348787870e-02,7.531630146594713027e-02,8.002537799831278831e-02,8.447541750120465820e-02,8.973907364119360075e-02,1.013315583161820688e-01,2.999999999999974909e-01
4.999999999999999237e-03,3.493475421756744859e-02,3.994683797213696708e-02,4.956852186587116377e-02,5.835692933352462641e-02,6.454744704857219573e-02,7.015583024836972992e-02,7.529009810053428897e-02,7.999675823822201270e-02,8.444505478319623559e-02,8.971254535471646918e-02,1.013194946967471560e-01,2.999999999999974909e-01
4.999999999999999237e-03,3.492610279868817169e-02,3.993653874974516932e-02,4.955482608147215862e-02,5.833965482455345797e-02,6.452709533502654082e-02,7.013246936482628313e-02,7.526402919213549814e-02,7.996828949378458062e-02,8.441485900584709545e-02,8.968616228100473320e-02,1.013074780395239183e-01,2.999999999999974909e-01
4.999999999999999237e-03,3.491752438301659600e-02,3.992629900436130141e-02,4.954119635286615558e-02,5.832246631513714891e-02,6.450684908614240376e-02,7.010923346846190118e-02,7.523810259889843199e-02,7.993997873854094549e-02,8.438483574758467998e-02,8.965992667886313328e-02,1.012955042604374856e-01,2.999999999999974909e-01
4.999999999999999237e-03,3.490902802420297463e-02,3.991612725351324081e-02,4.952763523698174714e-02,5.830536184888595458e-02,6.448670460595852527e-02,7.008611830780778207e-02,7.521231415505921780e-02,7.991182210427269506e-02,8.435498158881697683e-02,8.963383694292605119e-02,1.012835769007117276e-01,2.999999999999974909e-01
4.999999999999999237e-03,3.490059914335019026e-02,3.990600968291930367e-02,4.951413748412737681e-02,5.828834278929001522e-02,6.446666587396915338e-02,7.006312855517581040e-02,7.518666820834035702e-02,7.988382321354949023e-02,8.432529908075617198e-02,8.960789389772419455e-02,1.012716960137037964e-01,2.999999999999974909e-01
4.999999999999999237e-03,3.489226808118419537e-02,3.989597660646706373e-02,4.950071710003678405e-02,5.827140993837559568e-02,6.444672791389222111e-02,7.004025697069030110e-02,7.516115727010265479e-02,7.985597520374418390e-02,8.429578258547447411e-02,8.958209551101783963e-02,1.012598666517312423e-01,2.999999999999974909e-01
4.999999999999999237e-03,3.488402159611041914e-02,3.988601561416186408e-02,4.948736924807038001e-02,5.825456402878026463e-02,6.442689351493083305e-02,7.001750687078373003e-02,7.513578440528990987e-02,7.982828058518622039e-02,8.426643378572221121e-02,8.955644219250014082e-02,1.012480886290104132e-01,2.999999999999974909e-01
4.999999999999999237e-03,3.487585641474316711e-02,3.987612412039426985e-02,4.947409310798529108e-02,5.823780544847573237e-02,6.440716350256603384e-02,6.999487906759270517e-02,7.511055018122481108e-02,7.980073959593314559e-02,8.423725250273493559e-02,8.953093356892130594e-02,1.012363628243064945e-01,2.999999999999974909e-01
4.999999999999999237e-03,3.486777586553715252e-02,3.986630576846327684e-02,4.946089083654404972e-02,5.822113499453199920e-02,6.438753797874123552e-02,6.997237328988056837e-02,7.508545415570198889e-02,7.977335170630295291e-02,8.420823808704522295e-02,8.950556913671761650e-02,1.012246899243586795e-01,2.999999999999974909e-01
4.999999999999999237e-03,3.485977918058469349e-02,3.985656019725854898e-02,4.944776254629902612e-02,5.820455293560174159e-02,6.436801711977882534e-02,6.994998951559798506e-02,7.506049609387790977e-02,7.974611647644259949e-02,8.417938985978155875e-02,8.948034832413606643e-02,1.012130708288321024e-01,2.999999999999974909e-01
4.999999999999999237e-03,3.485186655052643218e-02,3.984688819183230396e-02,4.943470908410797088e-02,5.818805982490656697e-02,6.434860113770163315e-02,6.992772764700057320e-02,7.503567566009436418e-02,7.971903338419182583e-02,8.415070709132811688e-02,8.945527050161920790e-02,1.012015061478017952e-01,2.999999999999974909e-01
4.999999999999999237e-03,3.484403652321248213e-02,3.983728829433059310e-02,4.942172963240715200e-02,5.817165565490330092e-02,6.432929065745342234e-02,6.990558861952519965e-02,7.501099382927332859e-02,7.969210326291030488e-02,8.412219023695434450e-02,8.943033549059332954e-02,1.011899954959657039e-01,2.999999999999974909e-01
4.999999999999999237e-03,3.483629159422365479e-02,3.982776373902259526e-02,4.940882590006015485e-02,5.815534016769237369e-02,6.431008392996338807e-02,6.988356964975264707e-02,7.498644724902263359e-02,7.966532251131372422e-02,8.409383580014639925e-02,8.940554235040813758e-02,1.011785428107187662e-01,2.999999999999974909e-01
4.999999999999999237e-03,3.482862982304244653e-02,3.981831300499805160e-02,4.939599792715557158e-02,5.813911475513999783e-02,6.429098318995299377e-02,6.986167342956720039e-02,7.496203873272495877e-02,7.963869383477809039e-02,8.406564595342971846e-02,8.938089290423778532e-02,1.011671462024468365e-01,2.999999999999974909e-01
4.999999999999999237e-03,3.482105133897908655e-02,3.980893614929655738e-02,4.938324482310388341e-02,5.812297774620936441e-02,6.427198631020983322e-02,6.983989745254561010e-02,7.493776551527765728e-02,7.961221429828371776e-02,8.403761778453232301e-02,8.935638560801328900e-02,1.011558086562595604e-01,2.999999999999974909e-01
4.999999999999999237e-03,3.481355659807392616e-02,3.979963464199710171e-02,4.937056828923828966e-02,5.810693038566368263e-02,6.425309398232616209e-02,6.981824199152360244e-02,7.491362759603500954e-02,7.958588372119634879e-02,8.400975088955449366e-02,8.933201979384905456e-02,1.011445294184058208e-01,2.999999999999974909e-01
4.999999999999999237e-03,3.480614556848116853e-02,3.979040881108932698e-02,4.935796852520203670e-02,5.809097260730792384e-02,6.423430593458984150e-02,6.979670656586828281e-02,7.488962430622521371e-02,7.955970126297756684e-02,8.398204423624862358e-02,8.930779453194447048e-02,1.011333088883886733e-01,2.999999999999974909e-01
4.999999999999999237e-03,3.479881781807513813e-02,3.978125861826144888e-02,4.934544558207849124e-02,5.807510433271371314e-02,6.421562192189292362e-02,6.977529073857992314e-02,7.486575502863349052e-02,7.953366613812559716e-02,8.395449684276416746e-02,8.928370888764190771e-02,1.011221472426361984e-01,2.999999999999974909e-01
4.999999999999999237e-03,3.479157290321194945e-02,3.977218401184696994e-02,4.933299948499584447e-02,5.805932544714111077e-02,6.419704165957691722e-02,6.975399403493097450e-02,7.484201911316488987e-02,7.950777753407690940e-02,8.392710770651885810e-02,8.925976190481546557e-02,1.011110445900084281e-01,2.999999999999974909e-01
4.999999999999999237e-03,3.478441026346567461e-02,3.976318478859802719e-02,4.932063012189356888e-02,5.804363574174682683e-02,6.417856481335668106e-02,6.973281596263815330e-02,7.481841591105781175e-02,7.948203464879295688e-02,8.389987583752023248e-02,8.923595262248283644e-02,1.011000009667622768e-01,2.999999999999974909e-01
4.999999999999999237e-03,3.477732852277290454e-02,3.975425969030770001e-02,4.930833657603553993e-02,5.802803460506378297e-02,6.416019094873740003e-02,6.971175610413811452e-02,7.479494492668241346e-02,7.945643685399564338e-02,8.387280040106692702e-02,8.921228014142480733e-02,1.010890162907567419e-01,2.999999999999974909e-01
4.999999999999999237e-03,3.477033129655605209e-02,3.974541435021499564e-02,4.929612401883518014e-02,5.801252513359058532e-02,6.414192099146408255e-02,6.969081375122203326e-02,7.477160439997027064e-02,7.943098179394637859e-02,8.384587878148490325e-02,8.918874244995701750e-02,1.010780907078839275e-01,2.999999999999974909e-01
4.999999999999999237e-03,3.476341592986507967e-02,3.973664475447615668e-02,4.928398783223053581e-02,5.799710365488001257e-02,6.412375287202391749e-02,6.966998809432879691e-02,7.474839431885836605e-02,7.940566983542371449e-02,8.381911134604418112e-02,8.916533958515801550e-02,1.010672243701051798e-01,2.999999999999974909e-01
4.999999999999999237e-03,3.475658091874629652e-02,3.972795017541991269e-02,4.927192830827168551e-02,5.798177063300202772e-02,6.410568664137293593e-02,6.964927869093426316e-02,7.472531382113610510e-02,7.938049980136528683e-02,8.379249666430529930e-02,8.914207020258599345e-02,1.010564169438114557e-01,2.999999999999974909e-01
4.999999999999999237e-03,3.474982530031418132e-02,3.971933006156743579e-02,4.925994516591433725e-02,5.796652580745028510e-02,6.408772195903854330e-02,6.962868505159182375e-02,7.470236224380230605e-02,7.935547084866231837e-02,8.376603367831501890e-02,8.911893322437514087e-02,1.010456682016561830e-01,2.999999999999974909e-01
4.999999999999999237e-03,3.474315110830684256e-02,3.971078693913519808e-02,4.924803964194677391e-02,5.795136897343529381e-02,6.406985776578555392e-02,6.960820565770098334e-02,7.467953789119312347e-02,7.933058124452091464e-02,8.373972069299810694e-02,8.909592748181734134e-02,1.010349787228364549e-01,2.999999999999974909e-01
4.999999999999999237e-03,3.473655285667142517e-02,3.970231525997006128e-02,4.923620850006000388e-02,5.793629901481969074e-02,6.405209404589461142e-02,6.958784088981831428e-02,7.465684111170889370e-02,7.930583110203437425e-02,8.371355741401063921e-02,8.907305209298524429e-02,1.010243471090141038e-01,2.999999999999974909e-01
