# the total concentration (ug/m3) of injected (through initial gas-phase concentration, instantaneous and/or continuous gas-phase influx) components, with component index (relative to all components) in the first row and its cumulative injected concentrations in following rows
1.000000000000000000e+00,1.100000000000000000e+01,9.200000000000000000e+01,8.000000000000000000e+00
5.786493608586098958e+01,0.000000000000000000e+00,4.247559077279314721e+01,2.403852632338457010e-05
5.786493608586098958e+01,0.000000000000000000e+00,4.247559077279314721e+01,2.403852632338457010e-05
5.786493608586098958e+01,0.000000000000000000e+00,4.247559077279314721e+01,2.403852632338457010e-05
5.786493608586098958e+01,0.000000000000000000e+00,4.247559077279314721e+01,2.403852632338457010e-05
5.786493608586098958e+01,0.000000000000000000e+00,4.247559077279314721e+01,2.403852632338457010e-05
5.786493608586098958e+01,0.000000000000000000e+00,4.247559077279314721e+01,2.403852632338457010e-05
5.786493608586098958e+01,0.000000000000000000e+00,4.247559077279314721e+01,2.403852632338457010e-05
5.786493608586098958e+01,0.000000000000000000e+00,4.247559077279314721e+01,2.403852632338457010e-05
5.786493608586098958e+01,0.000000000000000000e+00,4.247559077279314721e+01,2.403852632338457010e-05
5.786493608586098958e+01,0.000000000000000000e+00,4.247559077279314721e+01,2.403852632338457010e-05
5.786493608586098958e+01,0.000000000000000000e+00,4.247559077279314721e+01,2.403852632338457010e-05
5.786493608586098958e+01,0.000000000000000000e+00,4.247559077279314721e+01,2.403852632338457010e-05
5.786493608586098958e+01,0.000000000000000000e+00,4.247559077279314721e+01,2.403852632338457010e-05
1.210773904031050563e+02,3.308733883220843836e+03,9.956278477142713257e+01,2.403852632338457010e-05
1.842898447203491230e+02,6.617467766441690401e+03,1.566499787700611819e+02,2.403852632338457010e-05
2.475022990375931897e+02,9.926201649662538330e+03,2.137371727686953022e+02,2.403852632338457010e-05
3.107147533548370006e+02,1.323493553288338626e+04,2.708243667673294226e+02,2.403852632338457010e-05
3.739272076720807831e+02,1.654366941610423237e+04,3.279115607659635430e+02,2.403852632338457010e-05
4.371396619893245656e+02,1.985240329932508030e+04,3.849987547645976633e+02,2.403852632338457010e-05
5.003521163065683481e+02,2.316113718254592823e+04,4.420859487632317837e+02,2.403852632338457010e-05
5.635645706238121875e+02,2.646987106576677616e+04,4.991731427618659040e+02,2.403852632338457010e-05
6.267770249410559700e+02,2.977860494898762408e+04,5.562603367604999676e+02,2.403852632338457010e-05
6.899894792582997525e+02,3.308733883220847201e+04,6.133475307591340879e+02,2.403852632338457010e-05
7.532019335755435350e+02,3.639607271542931994e+04,6.704347247577682083e+02,2.403852632338457010e-05
8.227356333245116957e+02,4.003567998697225266e+04,7.332306381562657407e+02,2.403852632338457010e-05
